/*--------------------------------*- C++ -*----------------------------------*\
| =========                 |                                                 |
| \\      /  F ield         | OpenFOAM: The Open Source CFD Toolbox           |
|  \\    /   O peration     | Version:  2112                                  |
|   \\  /    A nd           | Website:  www.openfoam.com                      |
|    \\/     M anipulation  |                                                 |
\*---------------------------------------------------------------------------*/
FoamFile
{
    version     2.0;
    format      ascii;
    arch        "LSB;label=32;scalar=64";
    class       volScalarField;
    location    "0.00221";
    object      T;
}
// * * * * * * * * * * * * * * * * * * * * * * * * * * * * * * * * * * * * * //

dimensions      [0 0 0 1 0 0 0];

internalField   nonuniform List<scalar> 
13875
(
1411.83
1535.1
1482.69
1486.72
1481.08
1483.44
1483.5
1483.18
1483.91
1483.89
1484.78
1484.61
1484.12
1483.95
1485.03
1484.41
1484.25
1483.03
1483.06
1483.4
1480.84
1487.58
1480.75
1532.82
1397.83
1306.99
1356.07
1319.15
1322.06
1316.63
1317.08
1317.05
1317.88
1322.58
1323.01
1324.15
1323.64
1323.42
1323.34
1324.4
1323.93
1323.17
1318.74
1316.99
1317.03
1316.18
1322.03
1319.72
1356.38
1304.39
1307.12
1339.73
1314.62
1311.05
1303.92
1304.24
1303.68
1303.79
1305.29
1304.94
1305.43
1306.54
1305.09
1304.78
1306.26
1305.4
1304.29
1303.42
1303.43
1304.11
1303.49
1310.88
1311.57
1336.56
1297.49
1317.25
1344.94
1315.08
1308.71
1305.08
1304.71
1303.86
1303.91
1303.91
1303.23
1304.4
1304.74
1304.44
1303.95
1304.11
1303.4
1303.44
1303.42
1303.61
1304.49
1304.31
1307.62
1314.08
1343.73
1311.29
1329.42
1341.83
1316.1
1311.67
1303.46
1304.07
1303.97
1303.97
1303.72
1303.28
1304.48
1304.87
1304.63
1303.98
1304.12
1303.47
1303.55
1303.45
1303.76
1304.03
1303.16
1311.54
1312.23
1338.45
1315.67
1332.21
1351.4
1319.33
1309.96
1307.02
1306.16
1304.87
1304.56
1304.19
1303.42
1304.69
1305.04
1304.9
1304.35
1304.3
1303.71
1303.96
1303.86
1304.62
1305.92
1306.15
1308.37
1319.1
1349.15
1326.42
1339.12
1360.48
1329.49
1316.94
1307.02
1306.34
1305.45
1304.99
1304.47
1304.11
1305.31
1305.54
1305.7
1304.93
1304.96
1304.12
1304.66
1304.52
1305.24
1306.22
1306.63
1317.28
1326.04
1358.38
1321.95
1361.19
1385.73
1345.48
1321.8
1316.57
1312.2
1309.07
1307.4
1306.36
1305.61
1306.58
1306.82
1307.37
1306.27
1306.29
1305.47
1306.51
1306.78
1308.55
1311.45
1314.92
1320.7
1341.61
1381.26
1351.1
1534.7
1508.94
1388.74
1351.88
1323.7
1316.64
1312.88
1310.29
1309.43
1308.7
1309.36
1309.72
1310.52
1309.25
1309.21
1308.54
1309.44
1309.92
1312.38
1315.79
1322.08
1348.4
1384.34
1508.01
1523.36
1853.21
1584.52
1436.22
1367.17
1345.44
1328.76
1321.77
1317.98
1316.29
1315.34
1315.64
1316.03
1316.91
1315.74
1315.36
1315.18
1316.18
1317.71
1321
1327.28
1339.93
1363.57
1427.7
1568.28
1830.78
2516.35
1806.03
1535.17
1447.19
1365.55
1347.29
1337.89
1333.59
1330.96
1329.54
1329.57
1329.85
1330.66
1329.86
1329.08
1329.44
1330.81
1332.66
1336.25
1345.42
1361.26
1428.9
1515.46
1809.5
2446.36
2892.88
2279.16
1970.61
1520.98
1442.9
1407.19
1381.02
1373.29
1366.4
1364.05
1363.46
1363.2
1363.9
1363.39
1362.54
1363.47
1366.17
1371.44
1377.8
1404.45
1430.33
1490.6
1761.77
2307.84
2848.7
2852.21
2717.34
2607.87
2366.85
1634.25
1539.43
1512.77
1491.07
1478.56
1475.5
1474.96
1472.36
1475.22
1472.72
1472.61
1473.75
1478.76
1489.88
1506.76
1535.83
1647.45
2360.99
2426.94
2715.99
2787.76
2760.85
2701.14
2865.79
2851.29
2198.3
2185.53
2014.2
1920.67
1856.7
1826.62
1835.88
1806.92
1830.18
1814.4
1819.39
1824.98
1847.25
1909.17
2020.02
2178.2
2147.71
2857.42
2867.26
2732.29
2709.92
2665.75
2717.55
2853.88
2845.06
2861.44
3166.51
3412.22
3376.68
3603.27
3484.17
3635.87
3510.51
3623.22
3551.16
3602.15
3540.28
3573.5
3441.3
3434.06
3149.04
2886.95
2860.15
2855.36
2705.57
2672.53
2544.12
2631.01
2860.28
2979.07
2993.82
3328.88
3600.33
3690.03
3691
3680.72
3631.47
3650.22
3613.21
3646.76
3634.45
3667.65
3687.89
3725.28
3644.62
3421.43
3037.18
2973.65
2880.37
2666.74
2582.21
2478.96
2590.77
2723.67
2925.22
3015.28
3343.33
3572.55
3670.53
3670.63
3661.62
3617.24
3628.36
3600.55
3626.19
3614.2
3648.43
3673.46
3710.66
3638.6
3432.07
3075.18
2982.59
2782.53
2608.81
2499.36
2285.34
2540.81
2819.29
2942.22
2938.88
3193.6
3369.06
3464.19
3501.85
3505.33
3500.16
3499.39
3494.76
3501.03
3497.36
3507.94
3501.31
3486.36
3403.23
3230.23
3009.37
3002.08
2842.82
2548.38
2304.55
2194.26
2280.63
2589.78
2756.98
2734.44
2874.84
3116.96
3295.17
3382.8
3403.23
3403.57
3403.31
3403.09
3407.81
3400.78
3402.64
3402.12
3364.72
3184.87
2927.09
2772.97
2805.9
2647.25
2320.33
2235.34
2285.99
2230.58
2355.75
2515.69
2545.31
2627.54
2846.46
3084.36
3242.31
3305.61
3310.3
3314.22
3313.32
3316.31
3308.92
3311.82
3279.62
3145
2882.56
2662.09
2580.97
2560.19
2344.24
2242.27
2337.07
2919.84
2279.48
2176.99
2319.16
2387.76
2469.92
2670.3
2906.6
3089.79
3187.14
3213.01
3215.9
3216.44
3217.48
3212.7
3196.78
3122.73
2943.1
2687.26
2493.15
2416.71
2339.54
2161.86
2229.41
2847.39
2897.39
2050.63
1976.19
2166.89
2260.45
2359.43
2535.04
2760.24
2956.35
3071.71
3101.64
3111.85
3110.43
3112
3099.13
3076.86
2978.69
2778.62
2543.03
2384.22
2281.36
2172.52
1980.66
2035.23
2863.43
2899.32
2058.79
1884.21
2050.73
2159.4
2271.56
2420.79
2626.69
2821.21
2951.49
2995.33
3002.2
3003.71
3001.45
2992.49
2956.98
2842.76
2643.48
2430.94
2295.37
2181.2
2061.68
1866.49
2047.83
2969.35
2832.12
2038.18
1871.23
1995.6
2085.33
2188.49
2329.13
2528.96
2716.23
2841.05
2882.48
2897.65
2895.92
2895.75
2877.74
2844.61
2735.45
2541.37
2333.37
2206.72
2104.08
2005.45
1868.69
2013.57
2795.97
2756.27
2033.76
1900.71
1960.62
2020.72
2107.51
2242.3
2434.82
2611.99
2736.24
2781.96
2790.44
2793.39
2789.21
2778.39
2738.04
2622.68
2437.87
2241.92
2119.96
2047.95
1979.56
1888.75
2034.71
2773.07
2732.05
2056.58
1918.15
1944.96
1974.88
2042.23
2173.72
2358.84
2525.76
2637.85
2677.13
2692.79
2692.42
2691.46
2671.75
2638.62
2538.68
2365.13
2172.54
2053.39
1994.68
1966.71
1906.86
2029.72
2707.12
2703.68
2086.17
1944.09
1938.15
1930.47
1984.88
2111.67
2285.31
2439.95
2546.18
2588.54
2594.3
2597.75
2592.4
2582.95
2545.1
2449.18
2287.66
2110.67
1992.31
1954.32
1964.43
1936.72
2068.39
2692.66
2705.32
2153.16
1987.63
1936.31
1904.82
1945.72
2069.34
2231.64
2372.75
2460.88
2494
2506.59
2506.53
2505.69
2486.67
2458.64
2378.36
2232.54
2060.52
1950.44
1921.4
1957.8
1972.86
2129.58
2693.92
2735.51
2160.81
1983.21
1927.39
1886.96
1912.96
2021.18
2167.54
2295.53
2378.77
2416.43
2418.33
2422.85
2415.81
2411.33
2377.98
2306.61
2174.45
2024.34
1919.85
1908.5
1945.43
1991.81
2120.16
2688.48
2783.37
2177.65
2006.76
1932.38
1874.77
1894.38
1998.72
2130.79
2241.95
2306.94
2332.36
2342.41
2341.96
2340.58
2324.37
2304.16
2248.29
2135.99
1991.2
1898.49
1890.15
1949.64
2004.24
2156.07
2735.68
2747.41
2176.08
1987.38
1926.05
1854.65
1883.47
1971.79
2082.92
2178.61
2233.67
2267.5
2262.57
2269.42
2261.74
2261.17
2232.89
2184.84
2088.02
1969.67
1883.01
1872.08
1942.02
2002.16
2152.17
2731.08
2742.59
2184.6
2024.65
1934.98
1849.17
1868
1951.84
2054.63
2133.4
2174.86
2192.35
2198.79
2199.22
2197.95
2184.56
2173.41
2141.56
2065.16
1949.31
1870.87
1866.18
1942.75
2018.27
2159.48
2702.92
2713.73
2183.62
2036.55
1921.09
1839.98
1859.91
1932.99
2013.47
2079.91
2110.5
2139.72
2128.91
2137.06
2128.67
2132.68
2110.04
2084.03
2024.92
1935.05
1856.32
1854.05
1939.5
2038
2159.31
2696.86
2685.38
2176.99
2087.84
1945.33
1848.24
1847.44
1920.91
1993.98
2044.4
2064.47
2074.97
2075.9
2076.81
2076.13
2066.27
2063.51
2049.98
2002.85
1917.79
1844.92
1856.84
1946.94
2073.9
2161.45
2670.3
2679.26
2185.93
2111.02
1938.43
1855.4
1840.17
1900.73
1956.13
1993.76
2008.28
2032.27
2015.55
2024.26
2015.74
2025.52
2007.73
1998.31
1973.26
1911.19
1835.52
1867.22
1952.69
2125.87
2157.7
2647.9
2654.74
2177.47
2106.55
1964.06
1873.71
1837.48
1887.55
1938.61
1966.87
1973.52
1977.44
1973.46
1973.51
1973.36
1968.47
1972.65
1970.77
1946.36
1894.78
1835.25
1879.78
1973.22
2122.72
2161.75
2620.87
2627.45
2165.69
2106.67
1990.57
1884.91
1844.05
1877.44
1905.95
1920.64
1923.39
1943.96
1920.51
1930.16
1921.63
1937.46
1923.76
1923.17
1919.59
1891.12
1833.09
1887.96
2006.41
2121.29
2149.41
2595.58
2608.22
2148.96
2097.68
2044.93
1911.45
1858.65
1869.38
1888.01
1897.43
1896.43
1896.86
1888.52
1887.84
1888.95
1888.25
1895.88
1901.2
1893.94
1887.59
1859.51
1905.18
2052.33
2110.7
2132.41
2567.51
2589.27
2140.12
2089.04
2044.23
1928.17
1874.27
1868.03
1863.18
1857.24
1850.25
1869.46
1842.58
1852.42
1844.05
1862.48
1851.55
1860.68
1871.06
1886.97
1872.79
1932.02
2056.65
2097.25
2119.59
2555.04
2559.12
2118.55
2057.23
2035.44
1971.8
1893.91
1885.56
1851.82
1841.81
1832.04
1829.21
1817.21
1817.14
1818.86
1820.49
1831.7
1844.29
1859.06
1903.46
1897.66
1968.44
2046.61
2061.59
2110.57
2535.42
2547.16
2114.7
2027.54
2029.8
2033
1927.61
1895.31
1840.22
1811.15
1791.32
1806.99
1777.65
1787.72
1779.11
1800.1
1791.58
1815.5
1846.41
1917.3
1920.98
2035.43
2042.38
2031.55
2093.53
2515.46
2519.87
2101.34
2000.88
2009.27
2031.38
1956.01
1906.35
1854.09
1806.3
1783.35
1772.77
1758.63
1758.27
1759.53
1765.03
1784.27
1809.84
1857.95
1932.03
1967.4
2028.4
2019.48
2007.3
2087.65
2494.33
2501.89
2092.93
1980.97
1979.74
2020.21
2024.56
1924.99
1855.73
1793.41
1748.74
1756.43
1723.69
1734.1
1725.67
1750.26
1749.56
1797.76
1860.95
1951.99
2027.77
2016.08
1990.18
1987.75
2081.67
2479.69
2472.79
2084.34
1966.82
1946.17
2002.39
2041.58
1952.05
1879.18
1806
1761.08
1731.65
1710.63
1709.63
1712.5
1724.48
1765.19
1805.17
1877.2
1993.73
2044.59
1993.95
1957.74
1974.6
2064.51
2449.96
2459.39
2081.77
1955.75
1922.83
1970.41
2030.12
2003.26
1891.71
1802.48
1732.55
1726.91
1683.54
1691.49
1686.24
1721.38
1736.02
1810.18
1894.62
2061.75
2033.71
1959.43
1936.12
1961.58
2064.2
2436.08
2429.37
2059.82
1950.43
1897.94
1931.38
2011.19
2085.7
1955.37
1824.55
1766.88
1722.43
1686.48
1677.73
1687.34
1713.38
1769.54
1824.2
1940.05
2080.53
2006.29
1921.96
1911.08
1958.23
2049.15
2408.86
2416.06
2059.09
1939.06
1887.18
1906.94
1984.46
2065.07
2035.87
1843.09
1741.28
1728.72
1670.57
1674.01
1673.19
1722.54
1742.15
1847.01
2010.47
2063.39
1976.1
1903.83
1899.59
1942.55
2041.35
2398.58
2378.68
2037.07
1937.21
1874.63
1874.12
1942.74
2049.89
2069.79
1894.54
1786.96
1725.97
1687.73
1675.32
1690.46
1718.69
1788.75
1902.87
2059.49
2047.69
1930.27
1871.92
1886.91
1942.6
2025.18
2357.01
2348.23
2025.55
1917.96
1867.94
1872.62
1916.91
2018.02
2051.47
1998.11
1775.91
1742.42
1672.44
1678.58
1675.81
1737.35
1774.76
2007.58
2043.77
2014.93
1902.26
1871.51
1880.66
1923.04
2013.53
2331.56
2209.01
1975.36
1902.91
1856.05
1848.52
1880.09
1980.59
2038.09
2015.99
1872.4
1759.52
1701.06
1686.77
1703.08
1752.17
1865.76
2008.95
2031.52
1981.1
1872.46
1847.57
1867.63
1908.24
1963.06
2192.62
274.03
274.194
274.288
274.397
274.552
274.681
274.725
274.67
274.546
274.41
274.314
274.255
274.221
274.197
274.156
274.107
274.065
274.035
274.017
274.008
274.003
274.001
274
273.999
273.998
274
273.995
274.002
273.994
274.004
274.365
274.771
275.051
275.381
275.81
276.205
276.404
276.301
275.917
275.379
274.926
274.613
274.428
274.311
274.229
274.154
274.093
274.05
274.025
274.011
274.004
274.001
273.999
273.999
273.997
274
273.993
274.003
273.988
274.013
275.072
275.989
276.651
277.403
278.272
279.102
279.628
279.622
278.986
277.738
276.386
275.355
274.774
274.464
274.29
274.184
274.109
274.059
274.029
274.013
274.005
274.001
274
273.999
273.997
274
273.994
274.002
273.992
274.01
276.562
278.453
279.814
281.293
282.946
285.175
286.962
287.496
286.521
283.786
280.668
277.757
275.837
274.887
274.454
274.239
274.129
274.068
274.033
274.015
274.006
274.002
274
273.999
273.997
274
273.995
274.002
273.995
274.007
279.64
283.39
286.579
289.669
292.09
293.937
295.866
297.787
299.558
299.559
293.89
284.844
279.425
276.272
274.92
274.396
274.177
274.081
274.038
274.017
274.007
274.002
274
273.999
273.998
274
273.997
274.001
273.997
274.005
286.548
291.822
292.856
293.695
294.064
294.863
296.462
298.501
301.125
304.249
307.056
305.554
290.953
280.988
276.5
274.861
274.312
274.118
274.047
274.019
274.007
274.002
274
273.999
273.998
274
273.998
274.001
273.998
274.003
291.074
292.989
293.05
293.602
293.972
294.759
296.253
298.324
301.096
304.322
307.916
311.475
313.003
298.075
282.036
276.464
274.736
274.229
274.073
274.025
274.008
274.002
274
273.999
273.999
274
273.998
274
273.999
274.003
291.001
292.552
292.398
293.011
293.287
293.779
294.799
296.874
300.197
304.095
308.038
311.842
315.738
317.829
302.907
282.253
276.195
274.583
274.158
274.043
274.012
274.003
274
273.999
273.999
274
273.999
274
273.999
274.002
290.602
291.014
290.673
291.335
291.516
291.854
292.474
294.204
297.605
302.212
307.362
312.021
316.003
319.974
322.023
304.495
281.586
275.777
274.431
274.103
274.024
274.005
274.001
274
273.999
274
273.999
274
274
274.002
289.352
288.79
288.568
289.101
289.378
289.728
290.043
291.357
294.583
299.122
304.857
310.942
316.155
320.288
324.249
325.87
302.257
280.247
275.33
274.298
274.064
274.012
274.002
274
274
274
274
274
274
274.002
287.506
286.308
286.185
286.594
287.035
287.503
287.741
288.584
291.436
296.033
301.688
308.197
314.945
320.47
324.695
328.581
329.094
296.654
278.614
274.924
274.193
274.037
274.006
274
274
274
274
274
274
274.002
285.637
283.993
283.856
284.221
284.858
285.368
285.701
286.236
288.381
292.932
298.709
305.088
312.302
319.413
324.994
329.255
332.747
330
289.756
277.088
274.593
274.116
274.02
274.003
274
274
274
274
274
274.002
283.591
281.872
281.791
282.289
283.007
283.557
283.972
284.316
285.797
289.731
295.87
302.225
309.322
317.053
324.295
329.669
334.003
336.489
323.393
284.228
275.894
274.353
274.065
274.01
274.001
274
274
274
274
274.002
282.503
280.696
280.649
281.092
281.732
282.227
282.557
282.799
283.652
286.81
292.93
299.531
306.606
314.239
322.392
329.483
334.579
338.836
339.975
309.868
280.211
275.092
274.196
274.033
274.005
274
274
274
274
274.002
282.072
280.311
280.246
280.664
281.073
281.369
281.424
281.612
281.849
284.256
289.846
296.954
304.135
311.68
319.9
328.214
334.925
339.757
343.949
340.943
294.362
277.444
274.588
274.101
274.016
274.002
274
274
274
274.002
281.732
280.536
280.764
281.265
281.307
280.949
280.714
280.421
280.372
281.821
286.977
294.354
301.865
309.482
317.546
326.197
334.257
340.343
345.5
346.384
329.632
284.506
275.772
274.295
274.049
274.007
274.001
274
274.001
274.002
282.161
281.269
282.165
282.715
282.408
281.658
280.95
280.594
280.553
280.962
285.066
291.928
299.9
307.552
315.522
323.997
332.777
340.394
346.349
350.818
349.051
308.865
279.363
274.858
274.138
274.022
274.003
274.001
274.001
274.002
281.837
281.444
283.011
284.981
284.906
284.208
283.301
282.942
282.878
282.818
285.018
291
299.208
306.694
314.581
322.659
331.18
339.895
347.043
353.479
354.28
345.09
289.311
276.486
274.388
274.06
274.009
274.001
274.001
274.003
282.109
282.024
284.494
288.286
290.13
289.993
289.017
288.239
287.61
286.992
287.246
292.158
299.913
307.052
314.721
322.618
330.754
339.428
347.524
354.781
357.379
356.908
321.166
281.105
275.08
274.164
274.025
274.004
274.001
274.002
281.47
282.313
286.848
295.212
301.786
301.259
299.535
297.533
295.577
293.525
291.282
295.316
301.921
308.715
315.893
323.474
331.332
339.507
348.235
355.963
361.615
361.557
355.004
293.456
276.983
274.439
274.065
274.01
274.002
274.002
282.112
283.947
293.978
313.545
324.581
325.395
321.398
317.248
310.965
304.826
299.934
300.666
306.204
312.22
318.674
325.62
333.027
340.638
349.299
357.4
364.822
365.57
365.569
329.887
282.125
275.17
274.167
274.024
274.004
274.003
279.988
288.409
312.337
359.496
383.723
384.118
366.349
352.631
337.969
325.812
316.858
313.093
315.683
319.27
323.489
328.96
335.294
342.738
350.836
359.117
366.926
369.763
370.205
363.763
295.491
277.094
274.427
274.059
274.008
274.002
288.586
301.793
367.425
468.752
512.193
481.22
435.934
406.885
380.319
359.093
342.835
333.554
329.271
328.549
329.238
332.408
337.961
344.935
352.76
361.176
369.297
376.294
375.183
375.084
334.181
282.061
275.084
274.147
274.021
274.006
272.205
353.264
567.086
667.608
686.158
605.282
538.781
483.442
441.541
406.486
378.409
357.258
346.695
343.686
340.597
340.239
342.853
348.462
355.609
363.887
372.017
380.256
380.792
380.741
370.344
293.983
276.734
274.355
274.049
274.01
295.874
483.708
831.371
915.272
852.54
776.628
667.885
583.003
516.001
461.568
418.194
386.966
370.052
362.63
355.466
352.093
351.625
353.996
359.763
367.256
375.304
383.621
387.215
386.445
385.9
331.196
280.812
274.847
274.108
274.016
274.004
273.994
274.002
273.995
274
273.998
273.999
274
274.001
274.003
274.008
274.017
274.035
274.065
274.107
274.156
274.196
274.221
274.254
274.313
274.408
274.543
274.668
274.723
274.679
274.551
274.396
274.287
274.193
274.03
274.014
273.988
274.003
273.993
274
273.997
273.999
273.999
274.001
274.004
274.011
274.025
274.05
274.093
274.154
274.229
274.311
274.427
274.61
274.921
275.372
275.908
276.292
276.396
276.199
275.806
275.378
275.049
274.77
274.364
274.01
273.992
274.002
273.994
274
273.997
273.999
274
274.001
274.005
274.013
274.029
274.059
274.109
274.184
274.29
274.463
274.77
275.346
276.369
277.713
278.96
279.597
279.607
279.086
278.261
277.395
276.645
275.985
275.07
274.007
273.995
274.002
273.995
274
273.997
273.999
274
274.002
274.006
274.015
274.033
274.068
274.129
274.239
274.452
274.881
275.821
277.723
280.614
283.717
286.431
287.418
286.898
285.128
282.916
281.272
279.798
278.443
276.556
274.005
273.997
274.001
273.997
274
273.998
273.999
274
274.002
274.007
274.017
274.038
274.081
274.176
274.394
274.914
276.25
279.371
284.743
293.706
299.426
299.479
297.726
295.813
293.886
292.036
289.616
286.536
283.36
279.626
274.003
273.998
274.001
273.998
274
273.998
273.999
274
274.002
274.007
274.019
274.047
274.118
274.31
274.853
276.472
280.908
290.714
305.351
306.976
304.191
301.073
298.453
296.418
294.82
294.022
293.655
292.819
291.782
286.509
274.003
273.999
274
273.998
274
273.999
273.999
274
274.002
274.008
274.025
274.073
274.227
274.729
276.433
281.933
297.731
312.863
311.403
307.858
304.267
301.046
298.277
296.209
294.715
293.93
293.563
293.016
292.959
291.048
274.002
273.999
274
273.999
274
273.999
273.999
274
274.003
274.012
274.043
274.157
274.577
276.166
282.141
302.524
317.714
315.657
311.771
307.973
304.04
300.15
296.83
294.756
293.734
293.244
292.97
292.364
292.521
290.976
274.002
274
274
273.999
274
273.999
274
274.001
274.005
274.024
274.102
274.426
275.752
281.474
304.047
321.901
319.891
315.931
311.955
307.31
302.171
297.568
294.164
292.432
291.808
291.471
291.291
290.635
290.979
290.569
274.002
274
274
274
274
274
274
274.002
274.012
274.063
274.295
275.312
280.151
301.773
325.726
324.153
320.204
316.085
310.888
304.815
299.08
294.544
291.313
289.995
289.676
289.328
289.053
288.524
288.747
289.316
274.002
274
274
274
274
274
274
274.006
274.037
274.19
274.911
278.541
296.244
328.905
328.466
324.601
320.391
314.886
308.152
301.648
295.992
291.401
288.537
287.688
287.448
286.98
286.539
286.132
286.256
287.458
274.002
274
274
274
274
274
274.003
274.02
274.115
274.585
277.037
289.442
329.632
332.607
329.152
324.904
319.345
312.249
305.037
298.661
292.883
288.336
286.181
285.639
285.306
284.795
284.156
283.791
283.929
285.576
274.002
274
274
274
274
274.001
274.01
274.064
274.348
275.864
284.057
322.815
336.319
333.877
329.561
324.209
316.983
309.257
302.159
295.808
289.667
285.735
284.246
283.896
283.481
282.931
282.211
281.709
281.788
283.505
274.002
274
274
274
274
274.004
274.033
274.193
275.075
280.104
309.224
339.767
338.69
334.455
329.378
322.309
314.166
306.534
299.456
292.863
286.735
283.582
282.723
282.48
282.143
281.641
281.01
280.565
280.6
282.399
274.002
274
274
274
274.002
274.016
274.1
274.579
277.383
293.895
340.625
343.779
339.612
334.799
328.112
319.806
311.589
304.046
296.866
289.775
284.167
281.769
281.538
281.351
281.294
280.997
280.583
280.164
280.216
281.959
274.002
274.001
274
274.001
274.007
274.048
274.291
275.741
284.313
328.94
346.15
345.347
340.194
334.132
326.088
317.438
309.372
301.756
294.25
286.908
281.7
280.294
280.358
280.668
280.926
281.286
281.236
280.73
280.471
281.628
274.002
274.001
274.001
274.003
274.021
274.136
274.843
279.263
308.217
348.738
350.48
346.201
340.244
332.644
323.879
315.402
307.427
299.778
291.822
285.015
280.952
280.551
280.613
281.009
281.697
282.462
282.73
282.168
281.257
282.095
274.003
274.001
274.001
274.009
274.06
274.382
276.439
288.989
344.37
354.001
353.331
346.884
339.741
331.03
322.535
314.467
306.575
299.103
290.924
285.001
282.845
282.921
282.972
283.36
284.273
284.998
285.093
283.114
281.525
281.832
274.002
274.001
274.004
274.025
274.161
275.06
280.963
320.335
356.608
357.135
354.65
347.367
339.277
330.602
322.49
314.622
306.957
299.862
292.128
287.269
287.036
287.639
288.259
289.057
290.086
290.267
288.384
284.639
282.147
282.182
274.002
274.002
274.01
274.064
274.431
276.924
292.986
354.34
361.237
361.246
355.839
348.085
339.371
331.227
323.386
315.861
308.7
302.07
295.289
291.376
293.548
295.553
297.509
299.604
301.321
301.98
295.438
287.121
282.513
281.691
274.003
274.004
274.024
274.164
275.147
281.957
328.978
365.279
365.316
364.717
357.285
349.178
340.534
333.042
325.628
318.682
312.224
306.131
300.758
299.739
304.661
310.773
317.012
321.395
325.452
325.008
314.621
294.532
284.28
282.445
274.002
274.008
274.058
274.418
277.029
294.908
363.093
369.974
369.513
366.821
359.025
350.738
342.662
335.219
328.887
323.493
319.142
315.511
312.935
316.363
325.532
337.535
352.312
366.416
384.111
385.015
361.163
313.225
288.782
280.405
274.005
274.021
274.144
275.061
281.884
333.119
374.832
374.948
376.073
369.218
361.124
352.71
344.917
337.861
332.258
328.999
328.356
328.936
333.177
342.09
358.708
379.647
406.821
436.334
482.1
515.518
473.335
369.842
302.586
289.2
274.01
274.048
274.348
276.674
293.487
369.538
380.554
380.63
380.202
371.971
363.875
355.601
348.394
342.715
339.972
340.204
343.312
345.994
356.757
377.321
405.795
440.218
483.021
539.265
607.663
692.5
675.305
573.962
356.001
273.039
274.016
274.106
274.829
280.656
329.988
385.66
386.316
387.032
383.577
375.269
367.25
359.696
353.849
351.362
351.74
354.954
362.068
368.984
386.525
417.159
461.229
515.21
581.343
671.063
782.188
864.086
919.914
842.637
492.514
298.312
274.002
274.002
274.002
274.002
274.002
274.002
274.002
274.002
274.002
274.002
274.002
274.002
274.002
274.002
274.002
274.002
274.002
274.002
274.002
274.002
274.002
274.002
274.002
274.002
274.002
274.002
274.002
274.002
274.002
274.002
274.002
274.002
274.002
274.002
274.002
274.002
274.002
274.002
274.002
274.002
274.002
274.002
274.002
274.002
274.002
274.002
274.002
274.002
274.002
274.002
274.002
274.002
274.002
274.002
274.002
274.002
274.002
274.002
274.002
274.002
274.002
274.002
274.002
274.002
274.002
274.002
274.002
274.002
274.002
274.002
274.002
274.002
274.002
274.002
274.002
274.002
274.002
274.002
274.002
274.002
274.002
274.002
274.002
274.004
274.011
274.038
274.129
274.427
275.294
277.569
283.294
295.863
319.54
362.612
426.227
480.691
519.543
545.153
561.154
570.067
573.856
573.3
569.272
562.422
553.271
541.827
528.181
512.395
494.402
473.762
450.083
422.314
389.895
352.984
316.161
297.282
286.868
280.674
277.3
275.596
274.741
274.344
274.162
274.076
274.035
274.001
274.001
274.001
274.001
274.001
274.001
274.001
274.001
274.001
274.001
274.001
274.001
274.001
274.001
274.001
274.001
274.001
274.001
274.001
274.001
274.001
274.001
274.001
274.001
274.001
274.001
274.001
274.001
274.001
274.001
274.001
274.001
274.001
274.001
274.001
274.001
274.001
274.001
274.001
274.001
274.001
274.001
274.001
274.001
274.001
274
274
274
274
274
274
274
274
274
274
274
274
274
274
274
274
274
274
274
274
274
274
274
274
274
274
274
274
274
274
274
274
274
274
274
274.001
274.002
274.01
274.045
274.196
274.792
276.872
283.836
303.691
357.23
446.464
533.957
592.358
623.118
630.681
628.263
621.855
614.814
607.509
599.819
591.544
582.935
573.867
564.154
554.088
543.711
533.007
522.193
511.562
501.127
491.212
481.703
472.425
462.168
448.237
423.565
388.876
346.167
304.545
288.458
280.742
276.96
275.299
274.558
274.244
274
274
274
274
274
274
274
274
274
274
274
274
274
274
274
274
274
274
274
274
274
274
274
274
274
274
274
274
274
274
274
274
274
274
274
274
274
274
274
274
274
274
274
274
274
274
274
274
274
274
274
274
274
274
274
274
274
274
274
274
274
274
274
274
274
274
274
274
274
274
274
274
274
274
274
274
274
274
274
274.001
274.007
274.04
274.219
275.083
278.988
294.8
353.442
469.893
586.39
654.164
679.908
681.84
675.965
668.386
660.172
651.598
643.109
634.29
625.125
615.629
605.888
595.873
585.448
574.702
563.851
552.971
541.945
530.769
519.613
508.597
498.184
488.283
479.206
470.669
462.121
453.667
445.524
436.37
421.229
388.543
344.273
300.596
285.508
278.838
276.024
274
274
274
274
274
274
274
274
274
274
274
274
274
274
274
274
274
274
274
274
274
274
274
274
274
274
274
274
274
274
274
274
274
274
274
274
274
274
274
274
274
274
274
274
274
274
274
274
274
274
274
274
274
274
274
274
274
274
274
274
274
274
274
274
274
274
274
274
274
274
274
274
274
274
274
274
274
274
274.003
274.025
274.167
275.027
279.994
305.706
407.379
566.954
675.322
716.486
720.845
715.464
708.547
700.496
692.76
684.89
679.024
674.017
668.024
660.299
650.591
639.718
628.249
616.585
604.923
593.027
581.524
569.917
558.203
546.377
534.603
522.76
511.19
499.635
488.529
477.731
467.587
458.07
449.361
441.415
433.616
426.176
418.02
402.55
366.541
319.409
290.174
274
274
274
274
274
274
274
274
274
274
274
274
274
274
274
274
274
274
274
274
274
274
274
274
274
274
274
274
274
274
274
274
274
274
274
274
274
274
274
274
274
274
274
274
274
274
274
274
274
274
274
274
274
274
274
274
274
274
274
274
274
274
274
274
274
274
274
274
274
274
274
274
274
274
274
274
274.001
274.01
274.084
274.657
278.83
306.973
436.209
625.231
731.006
752.447
750.377
744.253
736.776
729.608
722.621
717.412
712.55
706.534
699.758
691.352
681.929
672.004
661.608
651.002
640.249
629.2
617.702
605.594
593.504
581.778
569.593
557.243
545.083
532.977
520.978
508.851
497.369
486.154
475.665
465.232
455.17
445.285
435.879
427.48
420.034
412.877
406.196
396.659
372.418
274
274
274
274
274
274
274
274
274
274
274
274
274
274
274
274
274
274
274
274
274
274
274
274
274
274
274
274
274
274
274
274
274
274
274
274
274
274
274
274
274
274
274
274
274
274
274
274
274
274
274
274
274
274
274
274
274
274
274
274
274
274
274
274
274
274
274
274
274
274
274
274
274
274
274
274.003
274.029
274.273
276.473
295.905
421.266
641.503
762.097
779.043
775.83
770.534
763.821
756.931
751.875
748.211
743.205
736.549
727.517
716.82
706.348
696.092
685.857
676.197
667.143
658.434
649.516
639.834
629.318
617.956
605.566
593.3
580.66
567.236
553.348
539.459
525.866
512.179
499.446
487.032
475.815
465.48
456.398
447.832
439.172
430.515
421.817
413.399
405.985
399.34
392.507
274
274
274
274
274
274
274
274
274
274
274
274
274
274
274
274
274
274
274
274
274
274
274
274
274
274
274
274
274
274
274
274
274
274
274
274
274
274
274
274
274
274
274
274
274
274
274
274
274
274
274
274
274
274
274
274
274
274
274
274
274
274
274
274
274
274
274
274
274
274
274
274
274
274
274.006
274.073
274.814
283.098
367.711
606.608
775.142
802.046
799.265
793.744
787.949
783.105
778.651
774.686
770.116
764.655
756.055
745.65
735.197
724.399
713.659
703.531
694.444
686.343
679.141
671.933
664.113
655.275
645.572
634.498
622.108
608.75
595.77
581.596
566.433
550.642
534.58
518.482
503.662
489.159
475.727
463.234
452.254
442.572
434.609
428.206
422.143
415.322
407.483
399.886
392.855
274
274
274
274
274
274
274
274
274
274
274
274
274
274
274
274
274
274
274
274
274
274
274
274
274
274
274
274
274
274
274
274
274
274
274
274
274
274
274
274
274
274
274
274
274
274
274
274
274
274
274
274
274
274
274
274
274
274
274
274
274
274
274
274
274
274
274
274
274
274
274
274
274.001
274.013
274.174
276.33
304.56
501.996
750.833
818.844
820.733
816.224
810.699
806.319
803.692
802.161
799.432
793.077
783.318
776.093
767.476
758.106
749.802
741.372
731.367
721.727
713.806
706.52
699.971
693.309
686.251
678.163
668.806
657.904
645.279
631.006
617.243
601.424
584.591
567.053
548.638
530.065
512.805
495.953
480.01
464.72
451.999
440.071
429.569
420.801
413.713
408.412
404.045
399.589
394.743
274
274
274
274
274
274
274
274
274
274
274
274
274
274
274
274
274
274
274
274
274
274
274
274
274
274
274
274
274
274
274
274
274
274
274
274
274
274
274
274
274
274
274
274
274
274
274
274
274
274
274
274
274
274
274
274
274
274
274
274
274
274
274
274
274
274
274
274
274
274
274
274.001
274.023
274.378
280.265
367.579
653.139
820.979
836.496
834.873
832.226
827.86
825.442
825.134
825.635
824.514
820.407
814.722
809.841
799.207
793.143
785.983
780.272
772.517
764.06
756.734
750.875
745.62
740.925
735.832
730.132
723.213
714.422
702.872
688.33
671.471
653.949
634.542
613.73
592.649
570.645
548.796
528.319
508.331
489.292
470.729
455.32
440.986
428.989
418.48
408.865
401.263
395.81
390.811
387.101
274
274
274
274
274
274
274
274
274
274
274
274
274
274
274
274
274
274
274
274
274
274
274
274
274
274
274
274
274
274
274
274
274
274
274
274
274
274
274
274
274
274
274
274
274
274
274
274
274
274
274
274
274
274
274
274
274
274
274
274
274
274
274
274
274
274
274
274
274
274
274.001
274.037
274.737
288.678
462.291
765.423
846.068
849.778
848.01
847.157
845.995
846.27
847.036
848.102
849.441
849.423
848.204
846.41
843.719
841.253
833.44
828.714
825.275
823.909
820.908
819.995
819.019
818.307
817.285
815.913
813.718
809.369
801.487
788.811
771.659
750.041
724.713
696.888
668.138
639.074
609.554
581.384
555.122
529.82
505.802
483.037
464.345
446.331
431.681
418.764
407.682
397.828
389.582
383.764
378.935
274
274
274
274
274
274
274
274
274
274
274
274
274
274
274
274
274
274
274
274
274
274
274
274
274
274
274
274
274
274
274
274
274
274
274
274
274
274
274
274
274
274
274
274
274
274
274
274
274
274
274
274
274
274
274
274
274
274
274
274
274
274
274
274
274
274
274
274
274
274.002
274.053
275.27
303.273
564.976
829.952
860.804
861.113
861.009
861.676
863.273
867.348
871.878
876.638
881.074
885.16
888.244
889.648
895.31
903.845
907.35
908.311
909.251
910.319
916.911
923.05
929.084
934.572
940.027
944.794
948.915
951.17
950.103
943.834
930.567
909.993
881.374
845.673
804.974
762.901
721.185
678.554
639.079
602.713
567.993
535.219
505.261
481.256
458.393
439.955
423.064
408.835
397.4
386.806
377.643
371.522
274
274
274
274
274
274
274
274
274
274
274
274
274
274
274
274
274
274
274
274
274
274
274
274
274
274
274
274
274
274
274
274
274
274
274
274
274
274
274
274
274
274
274
274
274
274
274
274
274
274
274
274
274
274
274
274
274
274
274
274
274
274
274
274
274
274
274
274
274.002
274.068
275.899
323.896
650.269
858.425
871.162
870.577
872.359
875.54
879.866
886.24
895.861
905.573
916.67
929.462
944.22
960.766
977.538
999.525
1017.64
1035.3
1049.01
1063.23
1073.09
1085.87
1097.08
1108.59
1116.37
1123.77
1131.55
1139.33
1144.75
1145.35
1139.95
1125.73
1101.03
1065.76
1019.84
966.563
908.791
850.536
789.852
733.256
681.385
631.956
585.229
543.506
510.306
479.638
455.734
433.263
414.335
399.496
386.822
375.165
365.543
274
274
274
274
274
274
274
274
274
274
274
274
274
274
274
274
274
274
274
274
274
274
274
274
274
274
274
274
274
274
274
274
274
274
274
274
274
274
274
274
274
274
274
274
274
274
274
274
274
274
274
274
274
274
274
274
274
274
274
274
274
274
274
274
274
274
274
274.002
274.075
276.412
344.101
704.8
870.935
878.11
877.922
881.171
887.255
894.89
904.966
917.686
934.532
954.825
982.103
1017.34
1058.57
1104.85
1153.16
1198.26
1230.31
1260.44
1283.31
1302.51
1315.8
1329.12
1338.2
1344.44
1347.02
1349.07
1351.11
1352.94
1352.17
1348.44
1339.78
1323.83
1300.76
1267.93
1221.56
1162.72
1096.27
1025.25
947.319
870.73
798.812
728.919
662.222
603.04
556.189
514.012
481.573
451.483
426.482
406.165
389.107
375.276
363.049
274
274
274
274
274
274
274
274
274
274
274
274
274
274
274
274
274
274
274
274
274
274
274
274
274
274
274
274
274
274
274
274
274
274
274
274
274
274
274
274
274
274
274
274
274
274
274
274
274
274
274
274
274
274
274
274
274
274
274
274
274
274
274
274
274
274
274.002
274.072
276.564
354.491
732.785
879.005
883.852
883.842
887.947
896.439
907.522
922.004
941.048
965.217
997.9
1042.09
1105.04
1186.94
1277.8
1376.54
1467.12
1534
1567.57
1582.54
1583.51
1577.97
1570.82
1562.28
1553.42
1542.01
1528.55
1515.73
1503.52
1486.75
1468.73
1450
1433.69
1416.31
1398.97
1381.83
1361.86
1326.84
1273.53
1211.22
1130.18
1040.6
952.379
860.981
769.278
686.413
620.718
562.89
519.418
479.424
446.834
420.228
396.025
377.683
363.362
274
274
274
274
274
274
274
274
274
274
274
274
274
274
274
274
274
274
274
274
274
274
274
274
274
274
274
274
274
274
274
274
274
274
274
274
274
274
274
274
274
274
274
274
274
274
274
274
274
274
274
274
274
274
274
274
274
274
274
274
274
274
274
274
274
274.001
274.059
276.265
350.101
735.723
884.2
888.544
889.059
894.395
904.648
918.472
937.936
963.932
997.973
1042.85
1108.06
1200.54
1331.03
1495.02
1635.85
1703.34
1723.68
1721.32
1735.18
1733.15
1725.25
1712.4
1690.78
1667.29
1654.48
1633.88
1610
1590.19
1570.9
1545.47
1520.37
1495.7
1474.42
1454.99
1438.32
1425.65
1419.58
1411.96
1387.92
1347.81
1282.02
1199.37
1112.56
1013.53
902.564
794.811
706.767
629.435
572.255
519.526
476.943
441.878
410.319
385.039
366.377
274
274
274
274
274
274
274
274
274
274
274
274
274
274
274
274
274
274
274
274
274
274
274
274
274
274
274
274
274
274
274
274
274
274
274
274
274
274
274
274
274
274
274
274
274
274
274
274
274
274
274
274
274
274
274
274
274
274
274
274
274
274
274
274
274.001
274.041
275.674
333.413
714.61
886.453
891.622
892.596
899.262
911.441
928.978
953.106
986.015
1029.63
1087.4
1168.79
1292.25
1473.36
1694.7
1804.05
1820.58
1800.9
1775.43
1759.19
1767.76
1771.28
1786.13
1795.92
1786.66
1770.19
1758.24
1738.13
1711.81
1684.8
1657.93
1627.46
1600.79
1572.14
1549
1526.59
1505.73
1486.56
1471.75
1462.09
1451.03
1430.09
1382.28
1311.51
1236.46
1146.39
1035.87
915.06
809.101
712.211
639.79
572.202
518.37
472.503
431.408
399.106
373.848
274
274
274
274
274
274
274
274
274
274
274
274
274
274
274
274
274
274
274
274
274
274
274
274
274
274
274
274
274
274
274
274
274
274
274
274
274
274
274
274
274
274
274
274
274
274
274
274
274
274
274
274
274
274
274
274
274
274
274
274
274
274
274
274.001
274.023
275.047
312.023
665.191
885.132
893.632
894.876
902.852
917.047
937.577
965.99
1004.5
1055.54
1124.26
1221.35
1363.92
1574.57
1788.27
1862.78
1868.66
1849.7
1817.96
1794.64
1790.84
1834.51
1887.21
1954.34
2000.78
2023.83
2023.19
1981.41
1941.73
1897.54
1858.73
1832.13
1806.92
1785.74
1765.92
1751.92
1733.67
1710.06
1683.89
1650.26
1615.11
1580.94
1533.08
1471.33
1397.25
1322.82
1237.55
1138.93
1026.85
916.92
806.376
720.457
636.99
570.73
512.107
460.938
420.533
387.267
274
274
274
274
274
274
274
274
274
274
274
274
274
274
274
274
274
274
274
274
274
274
274
274
274
274
274
274
274
274
274
274
274
274
274
274
274
274
274
274
274
274
274
274
274
274
274
274
274
274
274
274
274
274
274
274
274
274
274
274
274
274
274
274.011
274.559
294.267
586.088
876.63
894.483
896.013
904.962
921.084
943.712
974.33
1015.61
1071
1146.82
1255.04
1412.07
1630.16
1812.51
1865.69
1879.1
1883.53
1852.73
1837.33
1824.2
1877.49
1926.76
1966.27
2037.43
2120.75
2162.35
2155.61
2098.36
2051.33
2039.42
2036.83
2034.55
2028.67
2024.82
2023.27
2021.18
2009.96
1989.6
1961.26
1919.95
1867.08
1806.49
1746.29
1669.1
1561.99
1461.49
1352.23
1247.76
1128.6
1019.8
905.071
809.236
709.851
629.723
555.852
491.733
442.884
401.632
274
274
274
274
274
274
274
274
274
274
274
274
274
274
274
274
274
274
274
274
274
274
274
274
274
274
274
274
274
274
274
274
274
274
274
274
274
274
274
274
274
274
274
274
274
274
274
274
274
274
274
274
274
274
274
274
274
274
274
274
274
274
274.005
274.25
283.329
487.682
849.035
893.158
896.751
905.692
922.837
946.648
977.701
1018.61
1073.89
1151.13
1263.28
1427.23
1650.06
1818.56
1853.06
1849.52
1829.04
1832.57
1857.47
1847.25
1831.53
1912.4
1931.05
1968.04
2048.34
2130.12
2152.05
2131.5
2061.19
2043.88
2061.92
2068.07
2074.83
2077.34
2082.34
2086.61
2080.49
2069.73
2054.04
2031.12
2001
1964.84
1921.82
1862.88
1799.12
1729.69
1664.15
1573.94
1463.28
1320.23
1196.38
1042.7
924.554
803.418
707.966
616.907
538.02
476.788
427.692
274
274
274
274
274
274
274
274
274
274
274
274
274
274
274
274
274
274
274
274
274
274
274
274
274
274
274
274
274
274
274
274
274
274
274
274
274
274
274
274
274
274
274
274
274
274
274
274
274
274
274
274
274
274
274
274
274
274
274
274
274
274.002
274.091
277.626
392.194
786.556
888.103
896.817
905.711
922.73
946.79
976.815
1015.13
1066.36
1138.67
1246.63
1409.83
1641.55
1822.49
1856.18
1843.07
1822.63
1817.41
1818.79
1824.79
1807.52
1788.77
1825.06
1813.04
1854.82
1973.9
2074.67
2128.12
2090.64
2008.7
1984.39
1970.38
1964.99
1972.5
1968.4
1979.98
1985.53
1973.92
1969.39
1952.11
1929.08
1898.94
1866.62
1855.12
1815.52
1778.22
1736.06
1714.18
1693.88
1650.14
1550.94
1461.82
1322.58
1173.29
990.139
848.284
725.715
620.317
536.815
471.174
274
274
274
274
274
274
274
274
274
274
274
274
274
274
274
274
274
274
274
274
274
274
274
274
274
274
274
274
274
274
274
274
274
274
274
274
274
274
274
274
274
274
274
274
274
274
274
274
274
274
274
274
274
274
274
274
274
274
274
274
274.001
274.028
275.242
318.221
678.322
877.244
894.532
905.141
921.307
944.292
972.888
1007.36
1051.99
1115.38
1211.69
1361.17
1586.4
1815.78
1878.71
1878.26
1873.42
1880.7
1885.09
1876.69
1845.8
1734.22
1669.04
1587.17
1561.01
1640.95
1777.05
1928.44
2001.9
2023.83
2018.35
1894.48
1639.55
1514.41
1426.25
1410.09
1419.55
1444.39
1471.24
1519.27
1558.33
1599.36
1620.32
1624.06
1597.3
1597.55
1592.95
1615.5
1645.76
1653.17
1658.14
1633.63
1601.36
1522.2
1416.12
1254.31
1069.05
881.841
719.007
613.057
529.662
274
274
274
274
274
274
274
274
274
274
274
274
274
274
274
274
274
274
274
274
274
274
274
274
274
274
274
274
274
274
274
274
274
274
274
274
274
274
274
274
274
274
274
274
274
274
274
274
274
274
274
274
274
274
274
274
274
274
274
274
274.008
274.396
287.838
530.496
852.471
889.049
902.458
918.803
940.366
966.646
997.339
1035.24
1088.35
1170.46
1297.92
1490.57
1749.72
1891.45
1913.64
1916.73
1925.67
1931.87
1935.81
1930.22
1915.68
1787.84
1600.5
1472.93
1433.86
1431.31
1510.4
1578.75
1631.72
1671.77
1535.07
1335.86
1176.01
1176.53
1139.78
1119.51
1156.68
1186.08
1215.74
1261.84
1324.52
1407.73
1486.44
1564.71
1594.39
1582.92
1534.4
1493.73
1476.2
1478.8
1522.87
1542.25
1561.07
1570.25
1535.43
1450.3
1315.09
1120.87
914.459
744.882
614.141
274
274
274
274
274
274
274
274
274
274
274
274
274
274
274
274
274
274
274
274
274
274
274
274
274
274
274
274
274
274
274
274
274
274
274
274
274
274
274
274
274
274
274
274
274
274
274
274
274
274
274
274
274
274
274
274
274
274
274
274.002
274.104
278.028
399.339
784.168
881.673
897.988
914.799
935.739
959.587
986.688
1019.79
1064.82
1132.36
1235.27
1390.24
1614.14
1845.98
1924.18
1937.56
1942.34
1945.95
1944.97
1947.25
1952.32
1959.86
1796.37
1579.33
1390.45
1298.51
1297.02
1336.45
1336.77
1329.4
1323.63
1240.71
1115.15
1042.3
992.751
951.446
945.507
937.439
924.664
924.962
922.127
936.539
967.869
1004.03
1074.4
1186.29
1311.41
1408.7
1446.42
1453.21
1429.51
1421.98
1442.71
1459.11
1462.58
1488.41
1493.08
1458.18
1335.47
1160.66
929.877
724.042
274
274
274
274
274
274
274
274
274
274
274
274
274
274
274
274
274
274
274
274
274
274
274
274
274
274
274
274
274
274
274
274
274
274
274
274
274
274
274
274
274
274
274
274
274
274
274
274
274
274
274
274
274
274
274
274
274
274
274.001
274.022
275.015
309.33
650.182
871.57
894.838
910.51
929.922
951.71
975.488
1004.4
1043.84
1102.35
1187.63
1309.83
1482.68
1711.34
1887.51
1932.27
1940.41
1946.25
1961.25
1962.52
1947.95
1927.05
1837.68
1657.9
1406.36
1310.73
1283.87
1255.12
1220.27
1220.4
1197.15
1172.35
1075.56
968.962
991.692
923.589
875.798
857.503
842.329
830.083
834.598
826.025
830.893
852.15
863.072
897.648
937.221
1006.18
1110.13
1237.91
1310.32
1377.63
1404.09
1413.98
1426.44
1428.61
1423.23
1434.8
1483.23
1446.03
1329.73
1140.81
861.612
274
274
274
274
274
274
274
274
274
274
274
274
274
274
274
274
274
274
274
274
274
274
274
274
274
274
274
274
274
274
274
274
274
274
274
274
274
274
274
274
274
274
274
274
274
274
274
274
274
274
274
274
274
274
274
274
274
274
274.004
274.219
281.927
465.995
830.624
892.567
908.221
924.847
943.014
963.404
989.065
1024.88
1078.08
1155.26
1259.24
1395.23
1571.77
1780.64
1901.93
1931.29
1943.17
1954.66
1962.06
1967.76
1942.52
1781.33
1561.64
1304.19
1198.9
1171.3
1183.47
1173.08
1182.02
1157.41
1119.96
1111.4
1105.83
1037.91
1054.77
984.425
912.667
900.302
898.774
894.54
909.885
902.847
894.736
895.972
889.478
891.232
892.598
910.509
946.353
1019.27
1149.68
1280.85
1361.97
1395.33
1421.78
1429.79
1429.96
1423.16
1427.71
1479.94
1434.71
1296.5
1028.52
274
274
274
274
274
274
274
274
274
274
274
274
274
274
274
274
274
274
274
274
274
274
274
274
274
274
274
274
274
274
274
274
274
274
274
274
274
274
274
274
274
274
274
274
274
274
274
274
274
274
274
274
274
274
274
274
274
274.001
274.034
275.462
325.603
694.763
886.613
907.311
919.329
933.793
951.01
973.993
1007.47
1057.7
1130.14
1223.97
1338.55
1476.81
1644.98
1825.55
1912.69
1936.9
1947.98
1966.12
1976.09
1974.38
1924.44
1651.22
1423.84
1166.84
1091.94
1062.19
1053.03
1054.96
1056.26
1051.9
1070.71
1069.72
1057.96
1074.21
1073.26
1056.18
937.375
893.963
868.363
848.562
844.128
857.531
869.168
877.514
891.414
894.233
900.613
905.32
907.492
924.633
968.291
1046.1
1201.4
1345.6
1404.53
1440.26
1456.4
1452.63
1419.18
1424.62
1416.23
1291.42
1096.72
274
274
274
274
274
274
274
274
274
274
274
274
274
274
274
274
274
274
274
274
274
274
274
274
274
274
274
274
274
274
274
274
274
274
274
274
274
274
274
274
274
274
274
274
274
274
274
274
274
274
274
274
274
274
274
274
274
274.005
274.233
282.184
467.964
838.472
902.822
912.753
923.971
939.123
960.451
992.014
1039.59
1107.35
1196.24
1302.06
1422.44
1560.81
1717.37
1865.16
1930.8
1952.48
1971.54
1986.81
1989.44
1984.58
1838.05
1622.04
1347.81
1232.26
1189.23
1164.6
1152.61
1151.8
1152.65
1131.39
1107.61
1110.3
1112.7
1106.13
1106.17
1109.85
1058.39
1002.7
924.208
918.804
909.128
888.127
897.381
897.285
896.311
904.782
908.612
923.182
936.56
948.18
963.534
986.572
1033.61
1141.51
1298.41
1406.1
1466.79
1492.08
1473.08
1405.75
1441.02
1218.96
1097.8
274
274
274
274
274
274
274
274
274
274
274
274
274
274
274
274
274
274
274
274
274
274
274
274
274
274
274
274
274
274
274
274
274
274
274
274
274
274
274
274
274
274
274
274
274
274
274
274
274
274
274
274
274
274
274
274
274.001
274.028
275.164
313.106
662.134
888.251
907.067
915.301
928.526
948.4
977.976
1022.4
1083.95
1164.57
1262.46
1375.34
1507.53
1658.27
1814.33
1915.01
1951.34
1967.22
1987.35
1994.33
1996.82
1966.83
1662.62
1481.97
1271.16
1199.26
1173.69
1136.37
1113.64
1101.86
1094.49
1101.75
1105.28
1095.22
1088.39
1084.36
1101.87
1107.44
1111.48
1065.41
1047.19
937.583
938.068
925.387
903.94
908.536
908.695
914.685
918.621
919.759
930.662
937.96
948.237
958.111
974.038
1007.97
1089.74
1239.58
1419.48
1526.01
1568.36
1502.03
1444.09
1336.04
970.769
274
274
274
274
274
274
274
274
274
274
274
274
274
274
274
274
274
274
274
274
274
274
274
274
274
274
274
274
274
274
274
274
274
274
274
274
274
274
274
274
274
274
274
274
274
274
274
274
274
274
274
274
274
274
274
274
274.003
274.16
279.663
427.803
812.628
899.049
908.588
918.787
936.251
962.912
1001.19
1051.26
1114.21
1194.16
1296.07
1425.08
1581.4
1755.67
1890.79
1940.97
1957.9
1978.59
1998.44
2000.74
1994.07
1903.83
1621.81
1333.77
1210.65
1162.81
1148.29
1145.32
1144.62
1145.84
1146.75
1142.1
1134.13
1128.46
1131.57
1124.47
1126.08
1128.12
1132.92
1141.27
1112.71
1089.17
948.35
989.315
953.102
944.22
944.404
948.785
950.693
956.786
960.424
972.142
980.238
994.027
1010.48
1020
1037.31
1074.18
1136.39
1247.65
1440.75
1570.21
1580.24
1388.2
1326
274
274
274
274
274
274
274
274
274
274
274
274
274
274
274
274
274
274
274
274
274
274
274
274
274
274
274
274
274
274
274
274
274
274
274
274
274
274
274
274
274
274
274
274
274
274
274
274
274
274
274
274
274
274
274
274.001
274.018
274.766
297.973
594.979
875.171
902.448
912.604
928.89
951.634
984.161
1028.54
1085.76
1156.93
1247.89
1363.38
1500.99
1654.42
1812.39
1914.93
1948.56
1960.67
1979.37
2010.43
2022.06
2023.94
1921.86
1691.41
1444.86
1326.41
1279.32
1251.04
1224.58
1207.4
1193.08
1178
1181.14
1180.52
1185.82
1184.94
1191.16
1200.92
1183.51
1172.6
1168.29
1167.76
1161.21
1127.4
1041.58
1045.18
996.835
997.512
1000.77
996.796
997.66
1001.36
998.883
1002.29
1009.03
1021
1047.45
1070.83
1096.81
1138.68
1179.71
1233.07
1310.16
1480.33
1661.63
1743.65
274
274
274
274
274
274
274
274
274
274
274
274
274
274
274
274
274
274
274
274
274
274
274
274
274
274
274
274
274
274
274
274
274
274
274
274
274
274
274
274
274
274
274
274
274
274
274
274
274
274
274
274
274
274
274
274.002
274.058
276.113
341.283
715.383
885.54
906.36
921.582
941.646
966.118
1001.75
1051.58
1115.62
1194.62
1292.33
1409.27
1540.71
1684.47
1831.9
1919.48
1948.81
1961.09
1987.82
2016.58
2024.49
2027.74
1855.26
1652.04
1400.78
1309.91
1273.36
1251.58
1243.13
1241.37
1228.39
1216.98
1209.42
1206.85
1208.03
1202.25
1228.47
1245.99
1254.88
1259.57
1240.94
1233.19
1229.74
1224.95
1162
1126.61
1106.56
1048.32
1070.98
1075.44
1076.82
1093.51
1094.35
1096.87
1098.05
1098.28
1111.67
1136.1
1175.33
1240.21
1320.96
1442.56
1566.68
1628.69
1725.78
1966.86
274
274
274
274
274
274
274
274
274
274
274
274
274
274
274
274
274
274
274
274
274
274
274
274
274
274
274
274
274
274
274
274
274
274
274
274
274
274
274
274
274
274
274
274
274
274
274
274
274
274
274
274
274
274
274
274.003
274.108
277.748
384.505
769.074
893.355
912.33
926.477
944.772
971.16
1008.54
1062.92
1131.55
1214.01
1312.97
1427.36
1554.21
1693.44
1836.15
1919.01
1948
1961.19
1990.49
2018.47
2025.32
2028.61
1823.45
1653.41
1435.1
1351.44
1314.07
1286.5
1274.07
1272.67
1268.65
1259.11
1251.48
1247.76
1239.86
1230.68
1243.98
1263.1
1275.79
1285.71
1276.78
1270.54
1265.87
1257.37
1227.05
1140.56
1156.5
1092.72
1083.36
1101.24
1091.16
1120.93
1129.74
1141.19
1152.11
1157.39
1161.59
1172.18
1196.63
1249.74
1326.89
1452.97
1602.75
1739.37
1883.77
2012.64
274
274
274
274
274
274
274
274
274
274
274
274
274
274
274
274
274
274
274
274
274
274
274
274
274
274
274
274
274
274
274
274
274
274
274
274
274
274
274
274
274
274
274
274
274
274
274
274
274
274
274
274
274
274
274
274.005
274.235
281.672
452.943
823.999
899.989
913.115
925.863
947.12
980.959
1026.92
1085.71
1157.81
1241.48
1339.7
1450.19
1570.96
1703.94
1839.15
1919.06
1948.9
1963.52
1995.31
2023.13
2031.55
2032.46
1787
1620.44
1430.71
1363.12
1331.23
1301.82
1288.14
1280.59
1273.71
1268.39
1265.92
1264.81
1272.1
1276.63
1269.26
1275.26
1305.43
1324.04
1319.59
1318.84
1328.11
1315.71
1304.56
1230.28
1176.23
1178.23
1131.99
1159.11
1130.31
1149.46
1163.34
1169.36
1191.52
1209.55
1230.56
1254.93
1265.16
1296.43
1325.94
1394.34
1496.84
1649.84
1809.65
2036.92
274
274
274
274
274
274
274
274
274
274
274
274
274
274
274
274
274
274
274
274
274
274
274
274
274
274
274
274
274
274
274
274
274
274
274
274
274
274
274
274
274
274
274
274
274
274
274
274
274
274
274
274
274
274
274
274.011
274.476
288.654
523.632
857.813
904.037
916.634
932.622
956.889
993.45
1043.05
1104.96
1181.96
1271.21
1373.28
1480.28
1591.23
1712.1
1835.58
1923.08
1959.88
1978.45
2011.32
2036.63
2041.43
2015.41
1745.78
1563.72
1435.42
1389.02
1375.3
1369.21
1363.87
1348.86
1333.07
1324.44
1318.58
1308.87
1308.79
1310.31
1307.59
1299.19
1318.17
1329.48
1311.34
1331.42
1358.98
1352.5
1352.68
1352.88
1280.55
1231.06
1218.5
1198.97
1212.18
1190.15
1206.04
1215.06
1222.9
1258.52
1279.51
1324.23
1359.55
1406.31
1460.94
1516.99
1596.75
1683.51
1801.15
1914.79
274
274
274
274
274
274
274
274
274
274
274
274
274
274
274
274
274
274
274
274
274
274
274
274
274
274
274
274
274
274
274
274
274
274
274
274
274
274
274
274
274
274
274
274
274
274
274
274
274
274
274
274
274
274
274.001
274.024
274.941
302.41
611.421
881.81
908.128
916.871
931.902
957.124
996.38
1049.71
1118.02
1204.96
1305.42
1413.01
1516.74
1617.51
1722.39
1831.23
1925.2
1969.51
1989.92
2016.13
2046.1
2054.83
2031.92
1797.37
1609.7
1439.68
1389.61
1367.06
1355.83
1351.99
1350.66
1343.97
1347.74
1360.83
1357.96
1371.99
1389.44
1381.97
1363.17
1382.31
1386.85
1355.75
1381.12
1419.54
1401.83
1398.58
1402.24
1400.22
1347.54
1266.65
1279.91
1240.03
1268.48
1237.04
1260.15
1251.25
1280.81
1308.9
1344.73
1393.37
1439.66
1508.02
1569.07
1655.99
1724.03
1802.59
1850.38
274
274
274
274
274
274
274
274
274
274
274
274
274
274
274
274
274
274
274
274
274
274
274
274
274
274
274
274
274
274
274
274
274
274
274
274
274
274
274
274
274
274
274
274
274
274
274
274
274
274
274
274
274
274
274.001
274.045
275.643
324.684
680.022
888.943
910.035
921.712
940.557
969.373
1010.93
1064.74
1133.6
1222.35
1326.53
1436.96
1541.65
1639.36
1736.41
1835.8
1925.59
1972.56
1993.81
2012.4
2027.39
2028.98
1974.7
1763.87
1579.71
1452.16
1412.31
1393.99
1385.44
1381.28
1372.26
1363.86
1360.37
1358.75
1341.99
1354.32
1383.26
1388.65
1390.91
1408.25
1407.21
1400.07
1425.76
1457.48
1445.98
1452.9
1468.11
1462.31
1449.47
1431.84
1343.86
1354.88
1322.19
1337.05
1315.04
1327.01
1328.79
1364.25
1400.92
1440.99
1505.96
1557.36
1626.35
1669.24
1736.16
1778.4
1833.51
274
274
274
274
274
274
274
274
274
274
274
274
274
274
274
274
274
274
274
274
274
274
274
274
274
274
274
274
274
274
274
274
274
274
274
274
274
274
274
274
274
274
274
274
274
274
274
274
274
274
274
274
274
274
274.002
274.084
276.877
360.128
741.939
897.603
911.276
921.363
940.438
970.349
1012.67
1066.94
1137.54
1229.35
1337.64
1452.17
1560.94
1659.78
1754.5
1847.25
1928.26
1971.35
1990.97
2009
2030.35
2035.13
1971.13
1782.24
1611.02
1490.44
1452.88
1431.52
1413.62
1408.72
1404.78
1403.31
1406.81
1408.75
1399.37
1426.93
1440.07
1434.55
1432.97
1453.96
1455.42
1462.55
1481.86
1498.09
1491.89
1513.63
1539.8
1540.64
1538.31
1515.77
1500.06
1433.73
1434.26
1402.88
1411.93
1394.43
1423.19
1438.11
1492.21
1527.98
1575.54
1617.86
1669.52
1705.87
1766.29
1799.31
1856.2
274
274
274
274
274
274
274
274
274
274
274
274
274
274
274
274
274
274
274
274
274
274
274
274
274
274
274
274
274
274
274
274
274
274
274
274
274
274
274
274
274
274
274
274
274
274
274
274
274
274
274
274
274
274
274.003
274.139
278.561
397.801
780.813
898.345
912.224
926
949.235
981.586
1023.6
1076.54
1147.28
1241.37
1351.72
1466.15
1574.93
1675.02
1769.42
1858.16
1931.7
1974.1
1994.99
2017.12
2034.03
2034.56
1947.88
1725.96
1536.17
1451.37
1428.6
1422.1
1420.39
1415.04
1410.31
1409.64
1411.53
1411.22
1414.71
1444.17
1468.06
1469.91
1475.18
1503.11
1517.79
1524.57
1533.59
1553.6
1557.64
1571.23
1586.47
1608.26
1629.45
1634.02
1620.5
1588.07
1538.36
1520.41
1498.13
1505.21
1487.68
1515.38
1533.51
1583.59
1612.13
1665.37
1707.49
1753.82
1796.45
1831.04
1858.62
274
274
274
274
274
274
274
274
274
274
274
274
274
274
274
274
274
274
274
274
274
274
274
274
274
274
274
274
274
274
274
274
274
274
274
274
274
274
274
274
274
274
274
274
274
274
274
274
274
274
274
274
274
274
274.005
274.223
281.088
440.513
815.63
901.666
912.925
927.306
950.903
982.744
1023.66
1076.53
1149.44
1246.51
1359.57
1476.07
1587.23
1689.7
1783.75
1867.51
1932.36
1965.13
1981.63
2004.03
2021.5
2023.5
1935.22
1737.11
1556
1454.69
1426.65
1415.48
1410.77
1407.78
1406.89
1406.81
1416.46
1427.57
1434.78
1461.66
1491.11
1495.47
1507.23
1530.47
1546.77
1567.11
1588.36
1598.25
1618.61
1635.04
1649.24
1674.2
1701.56
1722.37
1736.45
1751.73
1711.92
1679.54
1632.45
1637.22
1616.4
1627.17
1631.51
1664.2
1697.3
1744.72
1782.73
1830.14
1860.19
1897.3
1931.53
274
274
274
274
274
274
274
274
274
274
274
274
274
274
274
274
274
274
274
274
274
274
274
274
274
274
274
274
274
274
274
274
274
274
274
274
274
274
274
274
274
274
274
274
274
274
274
274
274
274
274
274
274
274
274.008
274.323
283.971
476.268
836.666
901.69
912.753
929.633
955.86
989.269
1030.44
1083.26
1156.96
1255.19
1368.28
1483.35
1593.85
1697.01
1789.97
1868.99
1927.4
1958.69
1976.11
2003.14
2026.52
2031.33
1943.42
1756.07
1571.93
1476.8
1446.72
1432.35
1425.37
1422.29
1419.56
1410.19
1430.83
1453.9
1464.37
1482.01
1510.89
1516.62
1529
1553.79
1575.13
1596.9
1622.81
1643.31
1668.93
1693.27
1716.17
1744.88
1770.65
1800.25
1834.81
1862.81
1876.73
1878.46
1854.1
1798.81
1773.96
1762.87
1774.86
1778.68
1800.96
1828.66
1869.46
1900.23
1926.55
1960.4
2003.3
274
274
274
274
274
274
274
274
274
274
274
274
274
274
274
274
274
274
274
274
274
274
274
274
274
274
274
274
274
274
274
274
274
274
274
274
274
274
274
274
274
274
274
274
274
274
274
274
274
274
274
274
274
274
274.011
274.449
287.622
511.887
855.896
903.773
913.977
932.307
959.792
993.58
1034.63
1088.85
1165.57
1265.9
1379.21
1490.84
1597.82
1698.49
1788.98
1864.76
1921.7
1955.64
1975.77
2008.34
2035.02
2040.15
1943.29
1762.09
1578.16
1482.49
1451.37
1435.75
1428.9
1426.57
1426.2
1422.68
1439.05
1461.55
1472.27
1490.31
1520.66
1527.96
1541.4
1567.57
1587.76
1609.84
1638.95
1664.52
1693.87
1719.73
1747.22
1783.21
1812.68
1840.92
1878.66
1917.86
1957.36
1992.59
2020.93
2020.16
1988.59
1932.56
1913.44
1895.79
1906.45
1908.2
1932.63
1944.02
1971.2
1988.56
2014.87
274
274
274
274
274
274
274
274
274
274
274
274
274
274
274
274
274
274
274
274
274
274
274
274
274
274
274
274
274
274
274
274
274
274
274
274
274
274
274
274
274
274
274
274
274
274
274
274
274
274
274
274
274
274
274.014
274.569
291.06
540.766
867.446
904.74
913.486
932.917
962.311
998.609
1042.97
1102.11
1183.26
1284.48
1395.22
1499.22
1598.24
1694.22
1783.26
1859.54
1916.35
1945.41
1961.21
1990
2013.11
2018.08
1921.29
1743.44
1564.21
1478.8
1452.55
1441.37
1436.29
1433.85
1432.64
1432.87
1451.66
1469.01
1481.32
1498.58
1529.44
1540.42
1558.2
1584.1
1606.24
1632.69
1660.43
1685.41
1714.66
1746.8
1776.49
1808.4
1841.02
1867.8
1897.67
1934.11
1971
2016.5
2065.56
2108.29
2119.35
2139.41
2039.96
2027.62
1975.92
1968.85
1967.26
1968
1977.49
2002.19
1969.96
274
274
274
274
274
274
274
274
274
274
274
274
274
274
274
274
274
274
274
274
274
274
274
274
274
274
274
274
274
274
274
274
274
274
274
274
274
274
274
274
274
274
274
274
274
274
274
274
274
274
274
274
274
274.001
274.017
274.69
294.565
566.633
878.072
908.065
914.857
935.755
968.914
1010.73
1061.45
1126.93
1211.97
1313.09
1416.09
1507.45
1593.18
1681.69
1770.61
1851
1907.66
1933.03
1947.33
1981.82
2013.99
2022.14
1931.88
1763.18
1583.8
1489.85
1459.57
1446.41
1441.69
1440.78
1440.66
1446.68
1452.92
1473.64
1489.28
1504.32
1528.17
1544.23
1570.87
1595.25
1620.87
1648.07
1673.8
1701.29
1732.27
1765.34
1797.68
1832.33
1867.79
1902.63
1937.21
1971.39
2005.83
2045.14
2092.29
2147.05
2181.76
2206.35
2211.05
2220.06
2122.25
2077.41
2042
2017.82
1992.92
1966.94
1832.9
274
274
274
274
274
274
274
274
274
274
274
274
274
274
274
274
274
274
274
274
274
274
274
274
274
274
274
274
274
274
274
274
274
274
274
274
274
274
274
274
274
274
274
274
274
274
274
274
274
274
274
274
274
274.001
274.02
274.766
296.751
580.223
882.375
909.845
916.189
937.521
972.856
1018.84
1074.56
1144.85
1232.97
1334.44
1431.44
1512.67
1587.58
1670.54
1760.4
1845.36
1901.08
1924.04
1938.14
1976.27
2014.51
2024.89
1939.47
1759.37
1571.61
1489.32
1461.53
1450.28
1445.68
1444.27
1443.74
1448.49
1456.72
1475.83
1487.55
1501.27
1524.73
1540.24
1560.83
1584.59
1611.08
1640.1
1669.79
1699.91
1729.05
1760.01
1792.28
1827.34
1867.58
1904.22
1943.16
1982.29
2015.79
2049.6
2084.93
2122.19
2159.62
2201.66
2220.03
2243.01
2234.09
2229.66
2118.79
2098.88
1897.86
1796.69
1702.61
274
274
274
274
274
274
274
274
274
274
274
274
274
274
274
274
274
274
274
274
274
274
274
274
274
274
274
274
274
274
274
274
274
274
274
274
274
274
274
274
274
274
274
274
274
274
274
274
274
274
274
274
274
274.001
274.021
274.802
297.793
586.263
884.175
910.766
917.286
938.849
974.745
1021.99
1079.48
1152.05
1241.63
1342.26
1436.56
1513.33
1584.03
1665.17
1755.92
1842.22
1895.13
1917.03
1931.07
1969.72
2019.62
2035.22
1967.44
1788.98
1592.08
1502.26
1476.09
1465.49
1461.55
1459.89
1459.58
1464.48
1477.18
1489.39
1506.06
1522.25
1545.69
1573.08
1591.59
1614.08
1638.31
1662.33
1688.85
1718.35
1751.46
1784.15
1816.17
1850.95
1887.55
1923.81
1964.31
2008.15
2048.05
2082.91
2111.82
2131.17
2149.85
2180.44
2227.6
2285.46
2311.15
2320.55
2337.92
2100.8
1862.78
1764.28
1708.01
274
274
274
274
274
274
274
274
274
274
274
274
274
274
274
274
274
274
274
274
274
274
274
274
274
274
274
274
274
274
274
274
274
274
274
274
274
274
274
274
274
274
274
274
274
274
274
274
274
274
274
274
274
274.001
274.02
274.768
296.756
579.985
882.341
910.431
916.874
937.693
972.653
1018.91
1074.74
1145.45
1235.02
1334.97
1430.69
1510.2
1583.93
1667.12
1757.92
1843.36
1897.09
1920.24
1935.04
1975.69
2019.08
2030.59
1942.63
1758.9
1574.48
1491.58
1463.78
1451.11
1445.63
1443.31
1442.42
1444.51
1457.24
1470.77
1483.95
1500.79
1522.67
1540.44
1562.21
1584.68
1613.66
1642.65
1670.72
1699.8
1730.22
1760.32
1791.56
1827.2
1866.09
1904.97
1944
1982.16
2015.18
2047.62
2084.63
2120.79
2155.68
2200.09
2221.66
2245.74
2252.96
2211.96
2117.62
2084.61
1900.84
1785.08
1705.56
274
274
274
274
274
274
274
274
274
274
274
274
274
274
274
274
274
274
274
274
274
274
274
274
274
274
274
274
274
274
274
274
274
274
274
274
274
274
274
274
274
274
274
274
274
274
274
274
274
274
274
274
274
274.001
274.018
274.694
294.582
565.888
878.168
909.698
916.365
935.707
968.31
1011.24
1062.35
1127.09
1212.21
1312.16
1413.22
1503.25
1587.71
1675.8
1765.72
1847.37
1900.71
1924.6
1940.12
1978.96
2016.21
2025.61
1939.48
1762.41
1583.32
1490.73
1460.41
1445.7
1439.19
1436.77
1436.17
1438.19
1445.9
1473.53
1484.08
1497.15
1525.61
1540.97
1561.56
1589.91
1617.14
1645.94
1673.93
1701.49
1731.79
1764.41
1795.79
1830.45
1867.85
1903.27
1937.2
1972.16
2006.8
2047.13
2096.43
2151.59
2184.45
2204.25
2226.87
2226.41
2125.91
2063.81
2041.36
2001.63
1980.09
1950.26
1823.23
274
274
274
274
274
274
274
274
274
274
274
274
274
274
274
274
274
274
274
274
274
274
274
274
274
274
274
274
274
274
274
274
274
274
274
274
274
274
274
274
274
274
274
274
274
274
274
274
274
274
274
274
274
274
274.014
274.577
291.177
540.488
867.901
906.97
915.306
932.889
961.565
999.102
1044.11
1101.96
1182.1
1282.97
1391.77
1495.28
1592.9
1687.45
1777.38
1854.6
1909.63
1938.07
1956.03
1990.65
2016.69
2022.25
1931.78
1750.82
1584
1488.74
1458.53
1443.71
1436.56
1433.47
1432.15
1430.29
1444.31
1468.45
1480.21
1494.76
1527.73
1540.1
1556.3
1585.28
1609.97
1636.89
1666.04
1692.17
1722.87
1753.95
1783.66
1816.17
1848.75
1876.35
1905.28
1943.09
1981.26
2026.57
2077.99
2125.33
2137.99
2161.28
2054.06
2036.85
1985.64
1971.02
1970.61
1970.79
1974.47
1996.75
1964.62
274
274
274
274
274
274
274
274
274
274
274
274
274
274
274
274
274
274
274
274
274
274
274
274
274
274
274
274
274
274
274
274
274
274
274
274
274
274
274
274
274
274
274
274
274
274
274
274
274
274
274
274
274
274
274.011
274.461
287.893
513.315
857.144
906.134
915.778
932.516
959.421
994.498
1036.49
1089.99
1165.64
1264.75
1376.5
1487.5
1593.24
1692.32
1782.72
1859.16
1915.58
1948.8
1970.71
2007.28
2037.41
2043.74
1958.45
1767.85
1587.01
1484.27
1452.94
1438.95
1432.48
1427.62
1426.26
1422.85
1437.99
1461.89
1472.19
1490.16
1521.75
1531.32
1543.97
1570.91
1593.97
1615.91
1644.88
1668.43
1697.65
1725.57
1752.45
1785.48
1814.95
1842.63
1879.42
1917.08
1955.92
1997.05
2030.88
2029.25
2012.09
1941.65
1923.73
1897.64
1916.15
1912.09
1933.77
1943.52
1969.33
1985.19
2014.45
274
274
274
274
274
274
274
274
274
274
274
274
274
274
274
274
274
274
274
274
274
274
274
274
274
274
274
274
274
274
274
274
274
274
274
274
274
274
274
274
274
274
274
274
274
274
274
274
274
274
274
274
274
274
274.008
274.336
284.356
480.173
839.607
903.803
914.412
929.913
955.341
989.449
1031.53
1084.3
1157.48
1254.07
1365.65
1480.11
1590.04
1691.7
1783.61
1862.51
1921.34
1953.39
1972.13
2002.35
2026.12
2030.41
1947.96
1757.69
1581.41
1483.47
1452.74
1437.58
1427.04
1421.48
1419.01
1412.13
1433.28
1456.11
1466.03
1483.29
1514.46
1521.7
1533.51
1559.21
1582.4
1603.17
1627.85
1649.73
1674.88
1698.89
1721.54
1749.65
1775.9
1804.94
1840.24
1871.09
1889.74
1901.84
1869.03
1811.67
1791.44
1771.58
1785.44
1787.2
1809.15
1835.97
1873.01
1901.03
1927.3
1957.18
1997.84
274
274
274
274
274
274
274
274
274
274
274
274
274
274
274
274
274
274
274
274
274
274
274
274
274
274
274
274
274
274
274
274
274
274
274
274
274
274
274
274
274
274
274
274
274
274
274
274
274
274
274
274
274
274
274.006
274.236
281.469
446.041
820.254
903.487
914.287
927.674
950.536
982.644
1024.35
1077.49
1150.37
1245.51
1356.32
1471.93
1583.21
1684.99
1777.6
1860.41
1925.4
1960.1
1978.03
2002.76
2019.11
2020.41
1937.73
1743.52
1576.01
1464.14
1431.87
1417.76
1410.92
1405.57
1403.66
1400.29
1419.81
1433.58
1441.14
1467.93
1497.39
1501.64
1510.12
1531.27
1553.15
1571.84
1588.44
1602.32
1622.29
1639.77
1652.92
1683.08
1710.22
1734.07
1755.84
1774.18
1736.08
1696.91
1640.64
1654.04
1627.55
1641.23
1638.77
1675.11
1703.5
1751.77
1787.79
1836.18
1866.45
1899.59
1931.66
274
274
274
274
274
274
274
274
274
274
274
274
274
274
274
274
274
274
274
274
274
274
274
274
274
274
274
274
274
274
274
274
274
274
274
274
274
274
274
274
274
274
274
274
274
274
274
274
274
274
274
274
274
274
274.004
274.148
278.858
403.997
787.425
900.035
913.497
926.73
949.09
981.041
1023.62
1077.19
1148.57
1240.84
1348.31
1461.69
1571
1671.2
1764.14
1850.98
1924.18
1968.64
1990.67
2014.4
2031.15
2031.65
1948.14
1740.57
1555.3
1460.39
1431.91
1420.1
1414.32
1405.69
1403.54
1404.19
1409.52
1410.96
1418.3
1451.06
1470.55
1471.11
1476.7
1506.2
1520.88
1527.75
1542.09
1563.43
1567.38
1584.05
1598.8
1621.99
1641.8
1647.89
1639.42
1613.28
1559.22
1532
1511.75
1515.52
1504.36
1522.74
1544.63
1584.67
1620.61
1668.06
1710.13
1755.54
1800.52
1829.41
1855.59
274
274
274
274
274
274
274
274
274
274
274
274
274
274
274
274
274
274
274
274
274
274
274
274
274
274
274
274
274
274
274
274
274
274
274
274
274
274
274
274
274
274
274
274
274
274
274
274
274
274
274
274
274
274
274.002
274.09
277.088
365.999
750.552
899.45
912.508
922.327
940.79
970.003
1012.29
1067.07
1138.72
1229.42
1334.54
1447.81
1557.45
1656.7
1749.95
1839.82
1920.07
1965.8
1986.67
2007.13
2030.53
2036.1
1977.1
1794.63
1623.42
1492.44
1450.79
1427.2
1410.04
1407.23
1403.87
1402.52
1407.63
1410.31
1402.61
1428.05
1441.05
1436.38
1431.4
1455.45
1466.38
1470.67
1489.82
1504.02
1493.82
1516.21
1543.3
1546.48
1546.09
1532.96
1515.93
1455.32
1442.56
1412.25
1427.38
1404.89
1434.38
1447.91
1498.9
1536.45
1580.73
1623.43
1674.28
1710.09
1771.87
1800.99
1856.95
274
274
274
274
274
274
274
274
274
274
274
274
274
274
274
274
274
274
274
274
274
274
274
274
274
274
274
274
274
274
274
274
274
274
274
274
274
274
274
274
274
274
274
274
274
274
274
274
274
274
274
274
274
274
274.001
274.049
275.772
329.121
690.842
891.298
911.514
923.066
941.2
969.011
1010.18
1064.15
1134.26
1222.16
1323.75
1433.79
1538.58
1637.01
1732.56
1828.56
1917.34
1967.71
1990.37
2009.58
2026.04
2028.25
1974.53
1763.27
1580.13
1451.61
1411.99
1393.7
1384.96
1379.97
1370.26
1364.78
1362.04
1356.2
1338.04
1355.86
1381.65
1387.19
1388.39
1402.72
1408.88
1406.11
1428.51
1459.61
1446.71
1460.55
1479.25
1477.84
1464.19
1445.9
1381.23
1368.95
1343.24
1352.89
1333.64
1344.08
1346.28
1376.05
1418.57
1455.07
1521.18
1568.92
1638.89
1682.52
1751.64
1790.69
1846.42
274
274
274
274
274
274
274
274
274
274
274
274
274
274
274
274
274
274
274
274
274
274
274
274
274
274
274
274
274
274
274
274
274
274
274
274
274
274
274
274
274
274
274
274
274
274
274
274
274
274
274
274
274
274
274.001
274.026
275.02
305.092
624.386
885.19
909.793
918.384
932.839
956.973
995.444
1048.48
1119.18
1205.38
1303.62
1410.14
1513.74
1615.97
1719.55
1824.86
1918.45
1965.57
1987.21
2014.99
2046.67
2055.34
2028.81
1803.72
1611.04
1438.63
1387.54
1365.38
1355.09
1352.78
1351.51
1344.55
1356.11
1361.2
1351.07
1373.18
1390.47
1382.57
1365.01
1383.37
1379.75
1359.09
1392.23
1431.64
1416.05
1415.63
1419.19
1409.84
1362.78
1306.48
1290.51
1264.37
1273.47
1254.27
1268.26
1264.51
1285.9
1319.06
1350.99
1401.02
1443.54
1513.72
1572.89
1659.09
1726.87
1804.31
1852.64
274
274
274
274
274
274
274
274
274
274
274
274
274
274
274
274
274
274
274
274
274
274
274
274
274
274
274
274
274
274
274
274
274
274
274
274
274
274
274
274
274
274
274
274
274
274
274
274
274
274
274
274
274
274
274
274.012
274.52
290.015
536.086
863.495
906.364
918.507
933.857
956.845
992.331
1041.14
1106.2
1183.31
1271.14
1370.68
1476.44
1588.36
1709.49
1830.11
1918.53
1956.82
1976.19
2010.59
2037.42
2042.1
2011.58
1746.65
1558.3
1434
1388.86
1376.72
1372.46
1368.77
1353.44
1336.98
1332.23
1322.76
1303.33
1308.17
1311.76
1309.42
1300.66
1321.51
1327.19
1306.12
1340.38
1370.2
1358.23
1357.16
1359.62
1296.77
1245.91
1232.42
1202.74
1213.98
1200.83
1219.79
1221.12
1231.83
1262.79
1285.53
1326.55
1361.63
1403.62
1459.26
1511.42
1588.73
1675.72
1790.81
1903.2
274
274
274
274
274
274
274
274
274
274
274
274
274
274
274
274
274
274
274
274
274
274
274
274
274
274
274
274
274
274
274
274
274
274
274
274
274
274
274
274
274
274
274
274
274
274
274
274
274
274
274
274
274
274
274
274.006
274.261
282.48
464.032
832.521
902.838
915.194
927.234
947.367
979.334
1025.59
1087.92
1160.68
1242.52
1337.77
1446.55
1567.76
1701.67
1835.32
1915.78
1946.56
1961.88
1994.4
2029.61
2041.72
2037.94
1779.31
1601.45
1426.95
1365.34
1335.39
1306.04
1291.35
1283.82
1276.94
1269.3
1265.8
1263.82
1271.45
1274.93
1268.34
1283.42
1310.64
1326.91
1323.21
1326.34
1338.74
1327.2
1318.43
1258.08
1192.26
1195.78
1145.95
1173.16
1154.18
1157.79
1172.31
1174.21
1193.2
1207.13
1223.94
1247.06
1256.16
1285.48
1317.55
1383.8
1490.61
1639.48
1797.96
2021.75
274
274
274
274
274
274
274
274
274
274
274
274
274
274
274
274
274
274
274
274
274
274
274
274
274
274
274
274
274
274
274
274
274
274
274
274
274
274
274
274
274
274
274
274
274
274
274
274
274
274
274
274
274
274
274
274.003
274.121
278.185
394.554
780.289
896.838
914.905
928.373
945.556
969.165
1008.81
1064.87
1134.35
1216.39
1312.4
1424.23
1551.02
1691.95
1834.59
1916.17
1945.93
1959.78
1987.92
2020.43
2033.69
2038.96
1800.95
1633.69
1429.98
1352.14
1316.39
1290.41
1279.53
1277.75
1271.51
1260.77
1252.46
1246.7
1237.46
1229.98
1258.66
1268.87
1281
1295.28
1284.19
1282.79
1280.71
1273.98
1254.89
1156.86
1172.18
1108.12
1096.34
1116.05
1099.47
1126.78
1136.3
1141.57
1150.47
1154.64
1158.81
1167.26
1189.41
1241.39
1323.69
1445.03
1596.93
1726.04
1873.65
2001.85
274
274
274
274
274
274
274
274
274
274
274
274
274
274
274
274
274
274
274
274
274
274
274
274
274
274
274
274
274
274
274
274
274
274
274
274
274
274
274
274
274
274
274
274
274
274
274
274
274
274
274
274
274
274
274
274.002
274.066
276.371
349.386
729.102
889.089
908.831
923.587
942.911
965.831
1001.92
1052.26
1117.43
1196.67
1291.93
1406.3
1537.62
1683.74
1832.51
1917.11
1947.1
1960.38
1986.98
2019.12
2031.34
2037.2
1838.08
1635.11
1394.09
1309.58
1274.17
1254.1
1247.05
1243.57
1231.3
1218.79
1208.72
1205.8
1207.16
1206.23
1237.33
1250.25
1260.98
1270.41
1250.1
1243.91
1241.25
1239.36
1189.34
1138.14
1127.93
1060.58
1083.08
1087.19
1084.43
1100.94
1099.44
1095.17
1093.39
1092.23
1104.29
1129.08
1168.23
1233.21
1318.02
1434.3
1557.19
1614.49
1715.57
1957
274
274
274
274
274
274
274
274
274
274
274
274
274
274
274
274
274
274
274
274
274
274
274
274
274
274
274
274
274
274
274
274
274
274
274
274
274
274
274
274
274
274
274
274
274
274
274
274
274
274
274
274
274
274
274
274.001
274.021
274.863
301.127
611.655
879.438
905.094
915.553
932.018
955.783
985.978
1030.47
1088.67
1160.1
1249.02
1361.79
1498.16
1653.49
1814.9
1912.82
1946.75
1959.32
1978.23
2011.82
2029.65
2034.02
1911.81
1686.68
1435.45
1324.96
1280.12
1252.47
1227.09
1209.95
1192.54
1179.05
1179.54
1181.78
1186.8
1183.32
1202.24
1206.1
1189.55
1182.75
1176.71
1175.95
1179.35
1152.74
1056.19
1059.28
1005.47
997.76
1001.67
987.118
984.453
983.598
981.936
984.095
993.372
1018.57
1057.1
1082.68
1098.06
1128.27
1172.61
1225.4
1301.27
1467.99
1655.87
1741.73
274
274
274
274
274
274
274
274
274
274
274
274
274
274
274
274
274
274
274
274
274
274
274
274
274
274
274
274
274
274
274
274
274
274
274
274
274
274
274
274
274
274
274
274
274
274
274
274
274
274
274
274
274
274
274
274
274.004
274.186
280.477
440.891
821.487
901.694
912.213
923.133
941.057
967.116
1001.9
1052.97
1116.58
1196.63
1297.52
1425.93
1582.58
1756.9
1891.67
1943.6
1961.83
1983.11
2004.58
2005.84
1996.89
1889.01
1598.06
1314.4
1202.58
1155.96
1141.87
1139.66
1139.42
1144.78
1148.27
1146.86
1137.99
1129.12
1139.02
1140.57
1137.88
1136.8
1142.48
1149.44
1125.83
1102.32
958.143
995.502
953.884
941.539
938.632
938.704
940.809
945.567
947.269
959.783
970.182
985.841
991.518
997.861
1011.76
1056.25
1132.28
1246.14
1449.73
1568.86
1578.04
1381.84
1304.87
274
274
274
274
274
274
274
274
274
274
274
274
274
274
274
274
274
274
274
274
274
274
274
274
274
274
274
274
274
274
274
274
274
274
274
274
274
274
274
274
274
274
274
274
274
274
274
274
274
274
274
274
274
274
274
274
274.001
274.032
275.328
318.637
675.749
891.043
911.293
920.581
933.663
953.433
982.519
1023.05
1084.74
1166.56
1263.59
1376.63
1509.39
1660.57
1816.84
1917.58
1954.24
1969.58
1995.39
2009.07
2011.92
1963.4
1661.66
1444.93
1261.05
1199.36
1176.38
1147.29
1127.12
1110.25
1104.73
1112.23
1112.8
1107.02
1102.4
1087.68
1112.67
1117.52
1121.13
1074.4
1054.37
938.891
936.393
922.679
900.326
909.247
906.761
911.895
915.348
922.693
943.27
955.466
969.819
984.386
993.546
1011.99
1084.46
1244.2
1421.39
1511.34
1545.89
1479.94
1437.39
1325.2
957.903
274
274
274
274
274
274
274
274
274
274
274
274
274
274
274
274
274
274
274
274
274
274
274
274
274
274
274
274
274
274
274
274
274
274
274
274
274
274
274
274
274
274
274
274
274
274
274
274
274
274
274
274
274
274
274
274
274
274.006
274.27
283.318
480.536
845.614
907.594
918.627
929.695
944.401
964.281
994.335
1044.18
1114.56
1204.45
1311.76
1434.76
1573.88
1729.19
1873.26
1933.36
1951.82
1981.85
2004.41
2005.3
2000.26
1803.66
1592.64
1328.89
1227.84
1187.64
1165.14
1152.75
1155.37
1157.17
1137.7
1116.57
1113.41
1112.98
1112.7
1114.46
1116.21
1064.57
1002.67
917.24
913.478
900.275
882.534
906.678
896.557
896.482
904.838
907.637
923.155
939.61
955.601
976.488
1002
1047.52
1169.16
1333.88
1414.68
1470.89
1495.59
1477.37
1412.2
1433.24
1213.8
1092.17
274
274
274
274
274
274
274
274
274
274
274
274
274
274
274
274
274
274
274
274
274
274
274
274
274
274
274
274
274
274
274
274
274
274
274
274
274
274
274
274
274
274
274
274
274
274
274
274
274
274
274
274
274
274
274
274
274
274.001
274.041
275.678
332.427
709.222
893.086
913.24
925.506
938.932
955.041
976.297
1011.79
1064.68
1140.24
1237.95
1357.64
1500.41
1669.06
1836.37
1907.34
1931.39
1953.36
1983.64
1992.83
1990.26
1918.67
1642.21
1374.8
1148.42
1088.32
1064.55
1058.35
1058.79
1055.63
1054.45
1067.88
1070.11
1060.79
1075.75
1072.23
1060.14
935.382
887.897
864.399
842.774
841.778
862.963
870.304
875.173
890.729
894.965
901.716
904.148
906.429
919.708
954.237
1011.23
1132.4
1285.7
1382.48
1423.46
1443.47
1442.07
1421.27
1430.95
1415.94
1284.07
1088.24
274
274
274
274
274
274
274
274
274
274
274
274
274
274
274
274
274
274
274
274
274
274
274
274
274
274
274
274
274
274
274
274
274
274
274
274
274
274
274
274
274
274
274
274
274
274
274
274
274
274
274
274
274
274
274
274
274
274
274.005
274.262
283.257
482.063
843.669
901.199
915.855
931.034
947.842
967.513
993.12
1029.87
1085.37
1165.48
1273.2
1415.2
1596.68
1799.26
1894.48
1919.92
1937.5
1961.03
1977.76
1977.45
1955.38
1722.91
1521.9
1275.56
1197.14
1194.67
1199.02
1174.59
1200.32
1182.05
1137.91
1123.75
1118.16
1049.93
1054.07
977.908
911.833
894.225
891.021
888.219
905.275
899.144
892.702
891.629
884.004
888.35
889.702
908.26
937.735
1005.25
1129.36
1254.73
1357.47
1398.08
1408.46
1417.81
1403.24
1394.56
1416.18
1468.81
1427.36
1284.98
1014.69
274
274
274
274
274
274
274
274
274
274
274
274
274
274
274
274
274
274
274
274
274
274
274
274
274
274
274
274
274
274
274
274
274
274
274
274
274
274
274
274
274
274
274
274
274
274
274
274
274
274
274
274
274
274
274
274
274
274
274.001
274.028
275.215
316.441
672.172
880.911
902.901
917.732
935.641
956.308
979.753
1009.07
1050.15
1110.59
1199.3
1326.99
1507.71
1738.87
1886.93
1918.8
1925.84
1940.38
1960.01
1963.62
1955.82
1925.47
1779.33
1608.14
1387.45
1318.9
1296.23
1263.82
1242.51
1237.9
1208.97
1184.37
1103.69
974.906
996.107
938.987
882.369
857.798
845.547
836.825
844.819
833.436
835.095
854.114
863.465
899.764
936.153
1004.53
1102.72
1234.36
1312.98
1369.6
1400.64
1410.24
1414.52
1415.09
1404.99
1404.6
1462.28
1431.51
1323.51
1140.57
861.074
274
274
274
274
274
274
274
274
274
274
274
274
274
274
274
274
274
274
274
274
274
274
274
274
274
274
274
274
274
274
274
274
274
274
274
274
274
274
274
274
274
274
274
274
274
274
274
274
274
274
274
274
274
274
274
274
274
274
274
274.003
274.13
278.944
418.147
801.727
889.755
904.831
920.326
940.139
964.418
991.861
1025.2
1071.32
1141.72
1249.88
1413.37
1645.51
1854.37
1912.37
1920.38
1924.36
1928.77
1938.88
1950
1947.39
1962.61
1726.02
1540.29
1370.12
1294.49
1295
1332.03
1344.28
1340.28
1340.89
1271.39
1171.57
1059.73
1010.73
961.304
950.459
945.411
933.099
930.726
922.76
932.12
960.812
990.144
1054.95
1152.68
1300.72
1401.54
1446.37
1456.22
1429.1
1420.01
1435.5
1445.12
1448.23
1475.72
1478.03
1446.83
1324.62
1156.68
933.502
729.204
274
274
274
274
274
274
274
274
274
274
274
274
274
274
274
274
274
274
274
274
274
274
274
274
274
274
274
274
274
274
274
274
274
274
274
274
274
274
274
274
274
274
274
274
274
274
274
274
274
274
274
274
274
274
274
274
274
274
274
274
274.01
274.5
291.333
560.728
864.902
895.775
907.063
922.762
944.73
972.053
1003.86
1043.19
1097.83
1182.03
1315.29
1519.09
1776.47
1885.69
1898.27
1898.42
1909.03
1920.36
1925.56
1923.47
1905.86
1714.69
1549.51
1456.02
1438.2
1460.7
1563.09
1611.4
1655.83
1700.6
1603.23
1392.95
1201.37
1175.41
1152.9
1124.06
1150.7
1191.41
1209.83
1267.13
1307.48
1398.38
1460.6
1549.38
1586.73
1582.64
1534.29
1492.9
1473.66
1474.66
1511.95
1525.35
1535.95
1557.86
1524.19
1444.79
1311.06
1121.7
917.041
746.467
614.028
274
274
274
274
274
274
274
274
274
274
274
274
274
274
274
274
274
274
274
274
274
274
274
274
274
274
274
274
274
274
274
274
274
274
274
274
274
274
274
274
274
274
274
274
274
274
274
274
274
274
274
274
274
274
274
274
274
274
274
274
274.001
274.037
275.608
331.916
710.94
885.85
899.112
908.321
924.803
948.857
978.859
1016.03
1062.95
1128.12
1228.55
1387.65
1626.53
1825.77
1863.64
1858.62
1856.65
1866.61
1875.02
1874.9
1840.98
1711.11
1643.51
1574.95
1574.84
1676.3
1815.96
1963.47
2014.15
2033.09
2035.5
1958.87
1723.59
1565.15
1456.59
1434.34
1429.28
1447.86
1481.81
1516.1
1550.56
1595.26
1621.05
1630.22
1598.24
1584.6
1587.43
1612.33
1639.2
1647.4
1639.84
1624.17
1596.94
1520.06
1415.79
1260.43
1080.19
888.498
721.068
613.13
530.22
274
274
274
274
274
274
274
274
274
274
274
274
274
274
274
274
274
274
274
274
274
274
274
274
274
274
274
274
274
274
274
274
274
274
274
274
274
274
274
274
274
274
274
274
274
274
274
274
274
274
274
274
274
274
274
274
274
274
274
274
274
274.002
274.123
278.815
419.485
812.361
894.492
900.296
909.185
926.491
951.38
983.49
1024.59
1078.05
1153
1267.07
1442.25
1683.3
1824.47
1840.62
1822.99
1807.55
1805.28
1818.87
1824.11
1808.9
1802.19
1811.93
1801.12
1868.45
1985.19
2069.53
2123.04
2100.74
2033.58
1998.47
1988.84
1987.44
1987.14
1991.52
1988.17
1996.28
1984.08
1975.78
1957.73
1929.19
1896.47
1861.56
1848.67
1816.88
1777.91
1732.97
1707.87
1685.93
1641.75
1547.91
1460.58
1330.71
1184.14
1000.25
853.627
727.47
622.276
538.399
472.387
274
274
274
274
274
274
274
274
274
274
274
274
274
274
274
274
274
274
274
274
274
274
274
274
274
274
274
274
274
274
274
274
274
274
274
274
274
274
274
274
274
274
274
274
274
274
274
274
274
274
274
274
274
274
274
274
274
274
274
274
274
274
274.006
274.334
286.372
522.902
866.555
898.331
900.886
909.783
926.803
951.41
984.786
1028.06
1085.59
1166.8
1286.54
1463.2
1692.79
1824.48
1844.16
1836.47
1821.91
1839.18
1856.37
1840.17
1860.03
1900.84
1918.87
1976.3
2065.76
2141.54
2167.73
2160.97
2100.36
2053.63
2054.9
2071.56
2079.94
2084.89
2086.01
2089.34
2083.77
2072.13
2056.36
2032.11
2002.24
1963.93
1925.41
1865.32
1801.95
1733.48
1661.38
1573.56
1471.89
1329.97
1206.47
1050.88
931.951
809.517
712.799
620.044
539.912
477.825
428.273
274
274
274
274
274
274
274
274
274
274
274
274
274
274
274
274
274
274
274
274
274
274
274
274
274
274
274
274
274
274
274
274
274
274
274
274
274
274
274
274
274
274
274
274
274
274
274
274
274
274
274
274
274
274
274
274
274
274
274
274
274
274
274
274.015
274.744
301.179
626.207
886.704
899.37
900.866
909.301
925.213
948.935
981.381
1024.87
1083.06
1163.88
1280.39
1449.38
1678.76
1824.36
1862.2
1875.25
1878.56
1842.74
1833.51
1829.01
1883.9
1914.49
1968.42
2049.11
2128.4
2162.02
2159.07
2121.08
2061.13
2035.06
2032.3
2030.73
2028.27
2024.59
2024.15
2023.04
2010.48
1989.66
1960.76
1921.78
1870.77
1810.29
1750.93
1674.81
1573.44
1467.41
1355.13
1252.92
1133.04
1023.2
908.057
812.875
713.012
632.654
558.397
494.19
444.813
403.174
274
274
274
274
274
274
274
274
274
274
274
274
274
274
274
274
274
274
274
274
274
274
274
274
274
274
274
274
274
274
274
274
274
274
274
274
274
274
274
274
274
274
274
274
274
274
274
274
274
274
274
274
274
274
274
274
274
274
274
274
274
274
274
274.001
274.032
275.409
325.795
704.133
892.574
898.452
899.672
907.288
921.671
943.024
973.095
1013.32
1067.51
1141.06
1246.43
1401.97
1624.84
1807.12
1860.64
1863.4
1834.36
1808.56
1785.21
1798.47
1837.71
1892.94
1944.65
1974.05
1984.76
1983.54
1966.27
1933.49
1882.49
1837.22
1812.48
1791.11
1773.37
1759.04
1746.35
1730.42
1707.92
1682.14
1651.69
1620.87
1586.17
1540.58
1474.93
1398.85
1324.57
1237.33
1138.94
1027.57
918.892
809.076
723.12
639.316
572.675
513.668
462.343
421.734
388.133
274
274
274
274
274
274
274
274
274
274
274
274
274
274
274
274
274
274
274
274
274
274
274
274
274
274
274
274
274
274
274
274
274
274
274
274
274
274
274
274
274
274
274
274
274
274
274
274
274
274
274
274
274
274
274
274
274
274
274
274
274
274
274
274
274.001
274.056
276.291
354.673
750.292
892.753
896.074
897.025
903.754
916.279
934.445
959.385
994.719
1041.33
1103.25
1191.04
1324.02
1512.57
1716.8
1799.45
1806.16
1785.93
1764.18
1762.29
1776.68
1772.34
1775.57
1776.15
1754.1
1741.98
1734.37
1720.77
1699.3
1671.21
1642.2
1611.76
1586.6
1565.82
1544.78
1523.09
1503.91
1485.25
1471.72
1462.13
1449.79
1426.77
1380.13
1308.86
1234.61
1144.56
1035.19
915.894
810.909
714.7
642.143
574.285
519.896
473.778
432.492
399.987
374.533
274
274
274
274
274
274
274
274
274
274
274
274
274
274
274
274
274
274
274
274
274
274
274
274
274
274
274
274
274
274
274
274
274
274
274
274
274
274
274
274
274
274
274
274
274
274
274
274
274
274
274
274
274
274
274
274
274
274
274
274
274
274
274
274
274
274.002
274.082
277.144
376.346
769.724
889.74
892.193
892.657
898.186
908.784
922.822
943.355
971.304
1008.17
1057.02
1126.09
1221.66
1353.3
1503.39
1626.2
1682.39
1701.22
1711.6
1723.29
1716.38
1701.52
1688.37
1666.19
1652.5
1638.87
1620.41
1602.31
1582.51
1560.77
1534.07
1509.64
1490.55
1470.72
1451.59
1435.83
1423.61
1417.16
1407.48
1381.17
1341.22
1277.85
1195.11
1109.8
1011.76
901.827
795.18
707.729
630.859
573.499
520.605
477.886
442.655
410.975
385.577
366.816
274
274
274
274
274
274
274
274
274
274
274
274
274
274
274
274
274
274
274
274
274
274
274
274
274
274
274
274
274
274
274
274
274
274
274
274
274
274
274
274
274
274
274
274
274
274
274
274
274
274
274
274
274
274
274
274
274
274
274
274
274
274
274
274
274
274
274.002
274.099
277.579
382.046
766.575
884.748
887.306
887.43
891.818
900.116
910.8
925.778
946.452
973.704
1009.59
1055.3
1117.36
1193.81
1276.91
1360.47
1436.78
1488.28
1513.94
1535.26
1536.74
1535.43
1535.5
1533.85
1528.92
1518.54
1509.75
1500.94
1489.42
1473.22
1456.68
1442.46
1427.24
1410.28
1393.1
1375.47
1353.12
1315.32
1263.87
1203.95
1125.67
1036.77
949.948
859.448
768.46
686.449
621.148
563.599
520.107
480.081
447.453
420.757
396.47
378.024
363.66
274
274
274
274
274
274
274
274
274
274
274
274
274
274
274
274
274
274
274
274
274
274
274
274
274
274
274
274
274
274
274
274
274
274
274
274
274
274
274
274
274
274
274
274
274
274
274
274
274
274
274
274
274
274
274
274
274
274
274
274
274
274
274
274
274
274
274
274.003
274.103
277.363
369.537
742.251
878.244
882.207
881.712
884.909
889.819
896.991
906.946
921.79
941.306
961.934
989.913
1021.79
1059.84
1099.39
1141.12
1174.81
1203.56
1230.52
1250.17
1267.11
1283.5
1296.98
1308.94
1314.01
1317.91
1324.16
1330.12
1335.26
1336.42
1333.52
1325.76
1310.13
1286.54
1253.29
1206.48
1150.89
1087.69
1019.13
943.552
867.955
797.311
727.945
661.608
602.895
556.291
514.312
481.91
451.867
426.891
406.551
389.375
375.516
363.281
274
274
274
274
274
274
274
274
274
274
274
274
274
274
274
274
274
274
274
274
274
274
274
274
274
274
274
274
274
274
274
274
274
274
274
274
274
274
274
274
274
274
274
274
274
274
274
274
274
274
274
274
274
274
274
274
274
274
274
274
274
274
274
274
274
274
274
274
274.003
274.091
276.615
343.027
690.015
867.382
875.679
874.093
874.907
877.036
880.875
887.566
897.933
907.85
919.804
931.238
945.516
960.499
974.991
991.064
1009.48
1021.89
1031.19
1042.11
1054.92
1065.73
1077.42
1087.3
1096.71
1106.27
1115.06
1123.8
1129.1
1129.21
1123.63
1109.75
1086.16
1052.1
1007.74
957.47
902.314
846.223
787.449
731.687
680.688
631.424
584.907
543.438
510.356
479.804
455.962
433.559
414.633
399.749
387.035
375.359
365.654
274
274
274
274
274
274
274
274
274
274
274
274
274
274
274
274
274
274
274
274
274
274
274
274
274
274
274
274
274
274
274
274
274
274
274
274
274
274
274
274
274
274
274
274
274
274
274
274
274
274
274
274
274
274
274
274
274
274
274
274
274
274
274
274
274
274
274
274
274
274.003
274.071
275.713
313.655
602.902
843.988
865.685
864.289
863.234
862.852
863.736
867.197
871.532
876.724
881.207
884.509
888.454
892.226
896.212
900.741
901.324
899.506
899.386
902.084
905.78
910.956
916.491
922.708
928.557
933.212
937.281
939.245
937.482
930.982
918.217
898.55
871.255
837.235
799.061
758.8
718.649
677.33
638.406
602.556
567.828
535.141
505.303
481.351
458.563
440.177
423.297
409.053
397.596
386.99
377.752
371.566
274
274
274
274
274
274
274
274
274
274
274
274
274
274
274
274
274
274
274
274
274
274
274
274
274
274
274
274
274
274
274
274
274
274
274
274
274
274
274
274
274
274
274
274
274
274
274
274
274
274
274
274
274
274
274
274
274
274
274
274
274
274
274
274
274
274
274
274
274
274
274.002
274.049
274.972
293.322
494.409
788.095
852.574
853.819
850.95
848.38
845.74
845.327
845.849
847.521
848.381
846.532
847.107
845.41
842.191
837.67
827.618
821.902
821.275
818.494
814.685
812.867
812.172
811.476
809.877
808.346
805.838
801.218
793.332
781.11
764.419
743.818
719.78
693.606
665.983
637.809
609.116
581.267
555.256
529.86
505.857
483.154
464.501
446.521
431.881
418.948
407.843
397.985
389.682
383.819
378.946
274
274
274
274
274
274
274
274
274
274
274
274
274
274
274
274
274
274
274
274
274
274
274
274
274
274
274
274
274
274
274
274
274
274
274
274
274
274
274
274
274
274
274
274
274
274
274
274
274
274
274
274
274
274
274
274
274
274
274
274
274
274
274
274
274
274
274
274
274
274
274
274.001
274.03
274.49
282.21
390.554
686.067
831.894
841.788
838.288
833.927
827.878
824.83
824.436
824.862
822.999
817.892
811.995
807.128
797.41
790.856
785.228
778.712
768.989
760.481
753.147
747.297
742.145
736.974
731.54
725.624
718.802
710.116
698.739
684.484
668.218
651.386
632.982
612.758
592.182
570.67
548.948
528.544
508.425
489.373
470.852
455.454
441.134
429.149
418.627
408.989
401.346
395.861
390.86
387.113
274
274
274
274
274
274
274
274
274
274
274
274
274
274
274
274
274
274
274
274
274
274
274
274
274
274
274
274
274
274
274
274
274
274
274
274
274
274
274
274
274
274
274
274
274
274
274
274
274
274
274
274
274
274
274
274
274
274
274
274
274
274
274
274
274
274
274
274
274
274
274
274
274.001
274.016
274.223
277.025
314.426
535.036
770.591
824.819
824.522
818.487
811.452
806.021
803.043
801.21
797.442
790.702
780.573
774.463
767.319
758.927
748.741
739.894
729.951
720.569
712.453
705.267
698.506
691.354
684.115
676.161
666.862
656.019
643.463
629.515
616.111
600.807
584.277
566.981
548.777
530.224
512.971
496.014
480.069
464.766
452.064
440.174
429.672
420.88
413.771
408.424
404.07
399.612
394.821
274
274
274
274
274
274
274
274
274
274
274
274
274
274
274
274
274
274
274
274
274
274
274
274
274
274
274
274
274
274
274
274
274
274
274
274
274
274
274
274
274
274
274
274
274
274
274
274
274
274
274
274
274
274
274
274
274
274
274
274
274
274
274
274
274
274
274
274
274
274
274
274
274
274
274.008
274.092
275.027
285.588
386.749
630.709
785.155
806.094
801.866
795.183
788.253
782.62
777.61
773.904
768.604
762.822
754.148
744.117
733.367
723.178
713.131
703.028
693.833
685.669
678.545
671.001
663.047
654.288
644.65
633.665
621.353
608.137
595.315
581.37
566.278
550.564
534.614
518.527
503.712
489.152
475.676
463.191
452.25
442.563
434.589
428.166
422.111
415.337
407.554
399.97
392.956
274
274
274
274
274
274
274
274
274
274
274
274
274
274
274
274
274
274
274
274
274
274
274
274
274
274
274
274
274
274
274
274
274
274
274
274
274
274
274
274
274
274
274
274
274
274
274
274
274
274
274
274
274
274
274
274
274
274
274
274
274
274
274
274
274
274
274
274
274
274
274
274
274
274
274
274.003
274.035
274.339
277.072
300.67
438.496
656.238
767.773
781.766
777.29
771.013
763.108
756.244
751.149
747.076
741.48
735.05
725.484
715.801
705.952
695.624
685.423
675.577
666.419
657.676
648.769
639.201
628.771
617.511
605.185
592.949
580.34
566.956
553.102
539.228
525.695
512.018
499.295
486.863
475.618
465.298
456.229
447.692
439.074
430.467
421.814
413.42
406.018
399.388
392.606
274
274
274
274
274
274
274
274
274
274
274
274
274
274
274
274
274
274
274
274
274
274
274
274
274
274
274
274
274
274
274
274
274
274
274
274
274
274
274
274
274
274
274
274
274
274
274
274
274
274
274
274
274
274
274
274
274
274
274
274
274
274
274
274
274
274
274
274
274
274
274
274
274
274
274
274
274.001
274.013
274.102
274.784
279.686
312.357
448.47
633.594
734.175
753.473
750.229
743.445
735.907
728.699
721.384
716.319
711.073
705.831
699.133
690.827
681.412
671.4
660.755
650.275
639.623
628.652
617.168
605.056
593.013
581.279
569.084
556.713
544.553
532.479
520.515
508.403
496.946
485.761
475.341
464.96
454.944
445.106
435.744
427.379
419.964
412.841
406.192
396.883
373.336
274
274
274
274
274
274
274
274
274
274
274
274
274
274
274
274
274
274
274
274
274
274
274
274
274
274
274
274
274
274
274
274
274
274
274
274
274
274
274
274
274
274
274
274
274
274
274
274
274
274
274
274
274
274
274
274
274
274
274
274
274
274
274
274
274
274
274
274
274
274
274
274
274
274
274
274
274
274
274.004
274.029
274.195
275.17
280.698
308.726
413.482
571.998
677.743
716.351
719.881
714.344
707.411
699.399
690.969
683.614
677.853
673.047
667.01
659.357
649.369
638.654
627.266
615.671
604.046
592.17
580.717
569.123
557.412
545.58
533.818
521.966
510.413
498.91
487.883
477.182
467.158
457.732
449.09
441.19
433.438
426.031
417.966
402.897
367.448
320.559
290.539
274
274
274
274
274
274
274
274
274
274
274
274
274
274
274
274
274
274
274
274
274
274
274
274
274
274
274
274
274
274
274
274
274
274
274
274
274
274
274
274
274
274
274
274
274
274
274
274
274
274
274
274
274
274
274
274
274
274
274
274
274
274
274
274
274
274
274
274
274
274
274
274
274
274
274
274
274
274
274
274.001
274.008
274.045
274.244
275.179
279.339
295.916
356.617
473.809
587.889
653.835
678.7
680.538
674.372
666.667
658.613
650.161
641.68
632.977
623.753
614.298
604.593
594.635
584.274
573.581
562.79
551.95
540.973
529.84
518.753
507.809
497.478
487.653
478.642
470.177
461.711
453.325
445.233
436.149
421.228
388.927
345.028
301.128
285.722
278.945
276.07
274.001
274.001
274.001
274.001
274.001
274.001
274.001
274.001
274.001
274.001
274.001
274.001
274.001
274.001
274.001
274.001
274.001
274.001
274.001
274.001
274.001
274.001
274.001
274.001
274.001
274.001
274.001
274.001
274.001
274.001
274.001
274.001
274.001
274.001
274.001
274.001
274.001
274.001
274.001
274.001
274.001
274.001
274.001
274.001
274.001
274
274
274
274
274
274
274
274
274
274
274
274
274
274
274
274
274
274
274
274
274
274
274
274
274
274
274
274
274
274
274
274
274
274
274
274.001
274.002
274.011
274.049
274.21
274.838
277.013
284.21
304.388
358.133
447.426
534.189
592.231
621.937
629.189
626.679
620.334
613.377
606.181
598.481
590.206
581.608
572.542
562.865
552.867
542.563
531.958
521.236
510.696
500.34
490.513
481.077
471.865
461.665
447.781
423.206
388.748
346.353
304.818
288.606
280.841
277.011
275.325
274.57
274.249
274.002
274.002
274.002
274.002
274.002
274.002
274.002
274.002
274.002
274.002
274.002
274.002
274.002
274.002
274.002
274.002
274.002
274.002
274.002
274.002
274.002
274.002
274.002
274.002
274.002
274.002
274.002
274.002
274.002
274.002
274.002
274.002
274.002
274.002
274.002
274.002
274.002
274.002
274.002
274.002
274.002
274.002
274.002
274.002
274.002
274.002
274.002
274.002
274.002
274.002
274.002
274.002
274.002
274.002
274.002
274.002
274.002
274.002
274.002
274.002
274.002
274.002
274.002
274.002
274.002
274.002
274.002
274.002
274.002
274.002
274.002
274.002
274.002
274.002
274.002
274.002
274.002
274.002
274.002
274.002
274.002
274.002
274.002
274.004
274.012
274.04
274.136
274.444
275.33
277.636
283.423
296.077
319.874
362.68
425.6
479.33
517.722
542.938
558.888
567.754
571.569
571.07
567.098
560.304
551.22
539.845
526.286
510.569
492.704
472.183
448.657
421.08
388.908
352.309
315.854
297.224
286.883
280.709
277.329
275.616
274.752
274.35
274.165
274.078
274.036
)
;

boundaryField
{
    wall
    {
        type            zeroGradient;
    }
    inlet
    {
        type            fixedValue;
        value           uniform 3673;
    }
    outlet-1
    {
        type            inletOutlet;
        inletValue      uniform 274;
        value           uniform 274;
    }
    outlet-2
    {
        type            inletOutlet;
        inletValue      uniform 274;
        value           nonuniform List<scalar> 
89
(
274.002
274.001
274
274
274
274
274
274
274
274
274
274
274
274
274
274
274
274
274
274
274
274
274
274
274
274
274
274
274
274
274
274
274
274
274
274
274
274
274
274
274
274
274
274
274
274
274
274
274
274
274
274
274
274
274
274
274
274
274
274
274
274
274
274
274
274
274
274
274
274
274
274
274
274
274
274
274
274
274
274
274
274
274
274
274
274
274
274.001
274.002
)
;
    }
    frontAndBackPlanes
    {
        type            empty;
    }
}


// ************************************************************************* //
