/*--------------------------------*- C++ -*----------------------------------*\
| =========                 |                                                 |
| \\      /  F ield         | OpenFOAM: The Open Source CFD Toolbox           |
|  \\    /   O peration     | Version:  2112                                  |
|   \\  /    A nd           | Website:  www.openfoam.com                      |
|    \\/     M anipulation  |                                                 |
\*---------------------------------------------------------------------------*/
FoamFile
{
    version     2.0;
    format      ascii;
    arch        "LSB;label=32;scalar=64";
    class       volScalarField;
    location    "0.00129";
    object      T;
}
// * * * * * * * * * * * * * * * * * * * * * * * * * * * * * * * * * * * * * //

dimensions      [0 0 0 1 0 0 0];

internalField   nonuniform List<scalar> 
13875
(
1411.72
1534.89
1482.69
1486.73
1481.06
1483.49
1483.4
1483.11
1484.13
1484.39
1484.6
1484.46
1484.08
1483.77
1484.19
1483.88
1483.83
1483.24
1483.29
1483.43
1480.95
1487.42
1480.75
1533.12
1398.44
1306.97
1356.03
1319.16
1322.08
1316.6
1317.14
1316.98
1317.7
1322.59
1323.57
1324
1323.17
1319.89
1320.28
1323.3
1323.09
1321.92
1317.85
1317.26
1317.3
1316.44
1321.99
1319.7
1356.37
1303.19
1307.06
1339.64
1314.68
1311.15
1303.96
1304.32
1303.68
1303.67
1305.39
1306.13
1305.62
1305.62
1305.13
1305.53
1306.65
1306.25
1304.32
1303.29
1303.19
1304.14
1303.72
1310.87
1311.67
1336.34
1297.03
1317.19
1345.02
1315.12
1308.76
1305.12
1304.78
1303.88
1303.83
1303.98
1304.65
1305.02
1305.17
1305.17
1305.65
1305.57
1305.09
1304.19
1303.34
1303.43
1304.7
1304.64
1307.84
1314.17
1343.75
1311.74
1329.36
1341.71
1316.16
1311.72
1303.52
1304.13
1303.96
1303.92
1303.98
1304.64
1305.3
1305.39
1305.27
1305.88
1305.68
1304.98
1304.26
1303.52
1303.5
1303.97
1303.41
1311.55
1312.26
1338.61
1316.24
1332.2
1351.56
1319.44
1310.07
1307.09
1306.22
1304.93
1304.57
1304.32
1304.66
1305.58
1305.77
1305.69
1306.47
1305.74
1305.4
1304.32
1304.41
1304.49
1305.97
1306.5
1308.64
1319.26
1349.27
1326.72
1339.22
1360.54
1329.74
1317.09
1307.2
1306.5
1305.59
1305.09
1304.93
1305.56
1306.15
1306.59
1306.91
1307.43
1306.18
1305.63
1305.03
1305.18
1305.08
1306.09
1306.91
1317.33
1326.11
1358.53
1322.14
1361.81
1386.34
1345.91
1322.13
1316.91
1312.56
1309.42
1307.75
1306.96
1306.43
1307.33
1307.93
1308.54
1308.99
1307.34
1306.92
1307.05
1307.85
1308.5
1311.52
1315.52
1321.1
1342.17
1381.74
1351.5
1535.4
1509.11
1389.82
1352.45
1324.43
1317.36
1313.5
1311.19
1310.04
1309.62
1310.04
1310.83
1311.78
1312.18
1310.19
1309.89
1310.06
1311.19
1312.42
1316.11
1322.59
1348.78
1384.7
1508.95
1525.81
1862.91
1590.58
1439.18
1369.07
1346.6
1330.63
1323.04
1319.31
1317.16
1316.84
1316.65
1317.39
1318.42
1318.74
1316.65
1316.67
1317.03
1319.07
1321.46
1328.36
1342.21
1365.68
1430.34
1571.95
1836.91
2522.63
1803.46
1543.42
1446.24
1369.55
1350.29
1340.46
1335.78
1332.95
1332.52
1331.88
1332.24
1333.25
1333.4
1331.53
1331.79
1332.45
1334.9
1338.25
1347.94
1364.05
1437.62
1520.1
1804.89
2478.66
2891.06
2313.27
2135.47
1539.03
1450
1414.75
1386.41
1378.18
1372.31
1370.79
1369.61
1368.97
1370.4
1369.68
1368.67
1369.39
1370.95
1375.73
1382.09
1410.56
1435.93
1503.36
1815.5
2314.08
2808.1
2851.61
2778.39
2658.61
2393.19
1656.22
1556.15
1529.23
1509.21
1499.35
1497.15
1495.98
1492.78
1497.78
1493.5
1493.53
1494.88
1498.22
1506.59
1522.17
1551.25
1665.28
2376.44
2494.55
2716.83
2784.8
2770.61
2756.7
2867.17
2860.46
2231.56
2259.59
2062.78
1970.46
1936.14
1895.07
1919.1
1876.5
1919.66
1889.92
1898.54
1900.68
1916.63
1957.6
2059.6
2209.74
2175.83
2862.74
2885.9
2745.75
2729.57
2654.3
2747.87
2872.27
2860.06
2889.76
3200.36
3448.52
3478.26
3708.64
3622.84
3705.67
3651.68
3691.4
3666.16
3686.28
3670.79
3682.08
3566.31
3466.63
3207.51
2909.71
2871.08
2871.66
2710.97
2692.43
2540.31
2685.32
2898.39
2990.12
3001.38
3350.74
3596.15
3685.95
3697.66
3670.53
3630.17
3644.61
3602.69
3637.41
3634.48
3661.26
3677.43
3713.89
3638.96
3440.61
3047
2978.3
2906.72
2700.68
2598.29
2490.73
2619.66
2759.82
2963.71
3048.49
3351.48
3572.71
3670.27
3669.86
3651.97
3620.1
3626.93
3600.5
3622.75
3620.9
3640.1
3661.89
3704.06
3626.38
3445.14
3102.94
3009.53
2813.01
2612.24
2503.2
2316.67
2616.02
2863.4
2958.41
2961.15
3206.31
3367.37
3461.64
3498.61
3510.68
3509.87
3504.5
3507.09
3507.81
3510.68
3513.82
3504.68
3480.28
3377.89
3209.6
3007.07
3008.69
2873.55
2583.84
2322.79
2236.36
2329.77
2629.07
2776.78
2744.19
2876.82
3122.74
3297.71
3378.75
3407.8
3413.22
3412
3415.35
3415.77
3412.08
3413.66
3405.67
3351.75
3163.33
2910.57
2771.65
2817.83
2665.24
2337.36
2256.22
2322.43
2264.9
2370.07
2550.47
2564.92
2631.79
2842.45
3088.79
3242.41
3305.34
3319.85
3320.74
3324.76
3324.25
3321.83
3318.05
3273.75
3126.32
2863.4
2653.31
2584.52
2568.44
2353.06
2248.93
2353.49
2872.81
2247.46
2191.96
2349.11
2409.51
2480.2
2665.51
2909.58
3094.9
3190.92
3222.84
3229.33
3230.79
3229.55
3222.5
3200.32
3113.81
2922.3
2669.3
2496.83
2419.44
2345.23
2170.97
2224.43
2796.16
2829.54
2045.16
2000.42
2189.64
2279.44
2370.41
2530.39
2763.09
2953.56
3072.76
3114.76
3122.86
3123.03
3121.47
3110.92
3073.87
2958.81
2760.45
2531.69
2387.48
2286.15
2180.35
1996.66
2039.87
2843.23
2852.49
2050.94
1895.73
2071.85
2182.38
2284.03
2418.86
2627.32
2826.17
2954.41
3001.41
3016.3
3017.33
3013.48
2997.12
2956.16
2831.01
2628.22
2424.16
2303.41
2189.96
2069.34
1881.7
2052.02
2965.45
2803.28
2031.83
1885.23
2014.9
2100.94
2198.57
2327.86
2532.32
2716.25
2846.83
2897.53
2909.92
2910.53
2906.26
2892
2848.74
2725.05
2527.17
2326.14
2211.07
2114.17
2014.6
1873.27
2024.08
2811.54
2725.93
2032.85
1912.47
1982.91
2038.29
2121.21
2242.24
2434.47
2612.9
2738.41
2789.59
2802.56
2804.42
2799.78
2786.89
2741.58
2616.63
2429.42
2238.53
2131.38
2055.29
1991.06
1899.13
2036.62
2772.71
2704.06
2045.07
1927.9
1965.61
1986.15
2049.48
2169.23
2362.38
2529.76
2641.28
2685.6
2703.39
2703.8
2700.22
2682.99
2648.52
2542.81
2357.29
2164.76
2053.88
2003.91
1975.35
1919.26
2036.82
2720.82
2677.51
2082.97
1952.99
1962.27
1947.18
1996.66
2110.88
2285.83
2439.26
2553.08
2597.99
2603.43
2606.35
2601.25
2594.01
2556.66
2453.97
2291.99
2108.84
1998.7
1954.27
1968.95
1942.17
2078.35
2734.76
2679.32
2127.62
1985.24
1955.74
1915.05
1948.58
2059.51
2231.79
2375.98
2462.95
2495.83
2512.36
2515.46
2510.04
2493.24
2466.08
2385.15
2227.29
2055.27
1946.28
1927.14
1962.22
1977.43
2138.88
2754.15
2716.31
2170.59
2008.33
1941.75
1899.47
1919.99
2020.27
2172.26
2296.23
2386.45
2423.31
2427.19
2429.47
2425.06
2418.07
2387.34
2314.98
2186.26
2025.95
1920.02
1900.27
1941.42
1994.72
2137.25
2751.25
2740.52
2169.01
2003.7
1948.54
1883.1
1895.7
1987.35
2127.27
2244.92
2309.55
2332.85
2346.6
2350.69
2343.33
2330.46
2305.3
2243.7
2124.03
1988.31
1895.19
1887.46
1947.35
1991.15
2145.79
2783.32
2727.84
2178.27
2013.02
1941.36
1862.88
1885.42
1970.77
2094.56
2181.04
2241.11
2270.41
2272.38
2277.28
2270.97
2260
2236.57
2186.51
2092.03
1965.36
1877.59
1859.12
1921.55
2001.25
2161.31
2775.23
2714.39
2171.57
2034.79
1938.25
1858.88
1866.85
1941.89
2049.96
2133.98
2181.65
2196.53
2208.74
2209.76
2204.76
2197.54
2171.19
2124.91
2040.37
1940.01
1866.41
1859.08
1933.3
1998.95
2173.24
2738.55
2675.64
2163.58
2043.55
1931.77
1843.81
1857.27
1934.68
2031.2
2090.3
2121.59
2139.07
2140.81
2148.96
2139.98
2127.58
2115.77
2083.83
2015.59
1919.59
1841.54
1832.39
1916.79
2019.9
2165.65
2721.44
2643.69
2171.39
2083.16
1946.61
1855.12
1846.52
1918.05
1990.46
2041.09
2072.49
2085.56
2090.67
2090.35
2087.49
2085.41
2059.75
2029.26
1973.7
1900.06
1837.35
1848.29
1929.41
2057.71
2178.11
2696.26
2654.75
2176.66
2127.39
1943.26
1858
1835.71
1899.67
1975.05
2013.2
2024.52
2026.08
2032.88
2040.69
2032.99
2022.27
2019.28
2000.98
1956.8
1885.5
1814.29
1846.22
1939.08
2125.52
2163.53
2679.08
2643.56
2178.06
2117.64
1970.02
1883.03
1840.75
1894.75
1941.39
1963.82
1980.9
1995.88
1990.73
1991.19
1990.06
1994.77
1971.4
1955.76
1922.87
1871.32
1829.74
1878.31
1962.13
2114.11
2194.25
2673.45
2624.32
2161.2
2119.63
1991.28
1886.15
1844.82
1881.74
1925.41
1943.62
1945.67
1937.49
1943.46
1949.51
1944.44
1940.18
1944.8
1935.76
1908.04
1868.06
1813.93
1864.3
1988.8
2123.93
2174.25
2654.46
2610.26
2158.62
2107.56
2048.89
1921.7
1862.99
1885.4
1895.99
1895.65
1899.81
1913.64
1908.55
1909.2
1910.64
1917.31
1899.93
1896.76
1887.59
1879.47
1862.69
1912.05
2053.08
2107.01
2163.24
2629.82
2591.76
2151.7
2108.37
2041.36
1934.58
1877.53
1872.09
1872.9
1881.06
1877.76
1864.47
1867.06
1872.86
1870.11
1870.2
1881.22
1881.65
1868.73
1863.91
1859.36
1930.35
2055.48
2102.59
2150.97
2635.59
2570.56
2133.37
2065.24
2050.13
1986.53
1894.65
1898.49
1879.02
1844.35
1832
1849.08
1840.09
1839.17
1842.41
1855.22
1839.29
1851.33
1867.35
1911.15
1910.12
1986.63
2052.59
2060.34
2145.37
2624.89
2545.7
2124.7
2046.59
2028.07
2034.56
1938.33
1904.96
1847.72
1839.1
1826.03
1802.28
1802.21
1807.17
1805.83
1810.37
1832.01
1842.87
1862.97
1901.24
1932.06
2061.42
2039.19
2039.93
2127.68
2600.09
2519.54
2127.61
2019.28
2025.71
2031.74
1955.57
1916.49
1886.61
1811.44
1782.46
1796.68
1781.34
1778.34
1780.56
1801.29
1794.28
1833.58
1886.26
1946.36
1999.58
2054.67
2022.57
2007.94
2132.74
2556.91
2510.06
2110.95
2009.72
1985.82
2024.39
2038.23
1941.53
1853.38
1820.86
1797.55
1755.31
1749.28
1752.5
1757.06
1760.65
1795.78
1825.52
1881.98
1965.19
2080.66
2038.21
1981.6
1996.87
2118.07
2532.53
2498.28
2110.07
1987.31
1967.18
2008.71
2045.47
1987.29
1908.12
1826.43
1757.98
1761.51
1736.98
1731.66
1728.29
1764.49
1778.78
1840.62
1906.94
2026.75
2066.54
2017.26
1958.43
1969.12
2121.42
2508.87
2493.39
2109.73
1988.19
1941.29
1985.39
2043.42
2065.61
1902.69
1815.96
1797.8
1730.67
1709.64
1709.72
1726.53
1734.01
1789
1844.19
1934.13
2112.19
2061.93
1976.96
1927.57
1976.19
2121.03
2503.05
2473.33
2103.07
1974.5
1921.84
1946.74
2017.17
2080.76
1971.88
1864.28
1764.67
1756.76
1718.5
1707.05
1702.79
1755.22
1776.9
1868.59
2002.73
2093.38
2015.83
1924.89
1900.42
1961.2
2116.9
2482.88
2459.65
2104.29
1982.57
1917.07
1930.77
1988.39
2068.17
2074.3
1870.14
1810.11
1732.67
1707.56
1703.69
1713.25
1730.55
1807.69
1889.4
2097.67
2082.01
1978.51
1901.85
1887.33
1967.85
2114.26
2474.04
2419.13
2089.75
1971.85
1905.47
1896.9
1945.17
2042.78
2074.47
1973.8
1823.09
1762.55
1706.97
1705.08
1698.22
1754.66
1821.63
2007.09
2091.28
2052.05
1928.39
1869.06
1877.53
1956.59
2107.91
2442.96
2388.42
2080.64
1954.4
1892.34
1891.46
1919.95
2017.37
2071.37
2060.55
1884.3
1776.07
1728.61
1711.54
1725.91
1780.4
1895.13
2079.15
2083.98
2011.92
1894.28
1862.59
1859.43
1941.69
2097.82
2417.35
2247.98
2030.71
1935.73
1897.14
1871.09
1897.17
1987.61
2045.56
2066.02
2018.68
1836.4
1714.53
1728.91
1724.23
1816.98
2037.68
2077.23
2053.43
1981.87
1873.53
1843
1862.81
1921.98
2044.17
2269.26
274.019
274.073
274.023
274.078
274.178
274.279
274.359
274.325
274.235
274.139
274.071
274.033
274.014
274.006
274.002
274.001
274
274
274
274
274
273.999
273.999
273.999
273.999
274.001
273.996
274.003
273.988
274.013
274.339
274.351
274.278
274.291
274.376
274.461
274.521
274.445
274.317
274.187
274.095
274.044
274.019
274.007
274.003
274.001
274
274
274
274
274
273.999
273.999
273.999
273.999
274
273.995
274.004
273.987
274.017
274.464
274.455
274.343
274.32
274.392
274.493
274.573
274.489
274.351
274.207
274.105
274.049
274.021
274.008
274.003
274.001
274
274
274
274
273.999
273.999
273.999
273.999
273.999
274
273.996
274.003
273.993
274.011
274.477
274.467
274.334
274.299
274.38
274.505
274.616
274.524
274.377
274.222
274.113
274.052
274.022
274.008
274.003
274.001
274
274
274
274
273.999
273.999
273.999
273.999
273.999
274
273.997
274.002
273.996
274.007
274.46
274.45
274.308
274.278
274.369
274.539
274.655
274.548
274.394
274.231
274.117
274.053
274.022
274.008
274.003
274.001
274
274
274
274
273.999
273.999
273.999
273.999
274
274
273.999
274.002
273.998
274.005
274.443
274.407
274.281
274.267
274.363
274.575
274.686
274.561
274.402
274.234
274.118
274.053
274.022
274.008
274.003
274.001
274
274
274
274
273.999
273.999
273.999
274
274
274
273.999
274.001
273.999
274.004
274.436
274.364
274.266
274.265
274.383
274.612
274.707
274.561
274.401
274.232
274.117
274.053
274.022
274.008
274.003
274.001
274
274
274
274
273.999
273.999
273.999
274
274
274
274
274.001
274
274.003
274.428
274.327
274.267
274.263
274.421
274.638
274.712
274.555
274.397
274.229
274.116
274.052
274.021
274.008
274.002
274.001
274
274
274
274
274
273.999
273.999
274
274
274
274
274.001
274
274.002
274.433
274.296
274.272
274.302
274.446
274.659
274.711
274.544
274.389
274.223
274.113
274.051
274.02
274.007
274.002
274
274
274
274
274
274
273.999
273.999
274
274
274
274.001
274.001
274
274.002
274.428
274.273
274.296
274.361
274.466
274.671
274.705
274.522
274.375
274.214
274.108
274.048
274.018
274.006
274.002
274
274
274
274
274
274
274
273.999
273.999
274
274
274.001
274.001
274.001
274.001
274.437
274.276
274.327
274.424
274.489
274.678
274.69
274.495
274.355
274.2
274.1
274.043
274.017
274.005
274.002
274
274
274
274
274
274
274
273.999
273.999
274
274
274
274.001
274.001
274.002
274.47
274.322
274.442
274.555
274.556
274.699
274.658
274.463
274.331
274.185
274.092
274.04
274.015
274.005
274.001
274
274
274
274
274
274
274
274
274
274
274
274.001
274.001
274.001
274.001
274.593
274.544
274.781
274.887
274.77
274.769
274.644
274.428
274.305
274.169
274.084
274.037
274.014
274.005
274.001
274
274
274
274
274
274
274
274
274
274
274
274
274.001
274.001
274.002
274.95
275.234
275.669
275.88
275.494
275.099
274.755
274.431
274.284
274.155
274.077
274.034
274.013
274.004
274.001
274
274
274
274
274
274
274
274
274
274
274
274
274
274.001
274.003
275.859
277.005
278.388
279.33
278.383
276.598
275.268
274.573
274.309
274.147
274.071
274.031
274.012
274.004
274.001
274
274
274
274
274
274
274
274
274
274
274
274
274
274
274.002
278.471
281.093
285.636
290.645
288.484
283.022
277.837
275.237
274.461
274.176
274.071
274.028
274.01
274.003
274.001
274
274
274
274
274
274
274
274
274
274
274
274
274
274
274.001
285.238
291.003
296.552
305.978
313.584
310.116
288.774
278.559
275.155
274.314
274.096
274.03
274.01
274.003
274.001
274
274
274
274
274
274
274
274
274
274
274
274
274
274
274.001
296.365
294.903
297.336
306.322
316.819
326.254
327.703
293.691
278.469
274.907
274.203
274.047
274.011
274.003
274.001
274
274
274
274
274
274
274
274
274
274
274
274
274
274
274.001
296.901
294.266
295.555
302.498
316.972
327.476
336.163
337.574
293.476
277.485
274.623
274.117
274.021
274.004
274.001
274
274
274
274
274
274
274
274
274
274
274
274
274
274
274.001
294.372
290.89
291.112
295.444
313.91
328.361
337.792
345.429
336.798
287.679
276.248
274.363
274.059
274.008
274.001
274
274
274
274
274
274
274
274
274
274
274
274
274
274
274.001
283.826
282.945
287.776
294.313
313.09
329.478
340.989
348.122
353.141
326.789
282.233
275.224
274.181
274.026
274.003
274
274
274
274
274
274
274
274
274
274
274
274
274
274
274.001
275.654
281.773
293.899
304.646
324.358
343.027
349.603
353.803
359.866
358.513
305.453
278.078
274.56
274.078
274.009
274.001
274
274
274
274
274
274
274
274
274
274
274
274
274
274.001
277.806
290.586
317.417
353.805
385.996
392.909
376.271
365.601
366.821
366.407
349.677
286.466
275.705
274.218
274.028
274.003
274
274
274
274
274
274
274
274
274
274
274
274
274
274.001
241.654
309.762
409.111
527.742
586.263
504.228
437.166
397.47
382.281
377.101
373.642
316.709
278.781
274.584
274.073
274.008
274.001
274
274
274
274
274
274
274
274
274
274
274
274
274.001
315.943
506.011
839.257
1028.59
990.316
717.951
554.834
457.393
411.613
394.093
384.825
358.365
285.878
275.49
274.176
274.02
274.002
274
274
274
274
274
274
274
274
274
274
274
274
274.001
274.013
273.988
274.003
273.996
274.001
273.999
273.999
273.999
273.999
274
274
274
274
274
274.001
274.002
274.006
274.014
274.033
274.071
274.139
274.235
274.325
274.359
274.279
274.178
274.078
274.022
274.073
274.019
274.017
273.987
274.004
273.995
274
273.999
273.999
273.999
273.999
274
274
274
274
274
274.001
274.003
274.007
274.019
274.044
274.095
274.187
274.317
274.445
274.521
274.461
274.375
274.291
274.279
274.351
274.339
274.011
273.993
274.003
273.996
274
273.999
273.999
273.999
273.999
273.999
274
274
274
274
274.001
274.003
274.008
274.021
274.049
274.105
274.207
274.351
274.489
274.573
274.493
274.392
274.32
274.343
274.455
274.464
274.007
273.996
274.002
273.997
274
273.999
273.999
273.999
273.999
273.999
274
274
274
274
274.001
274.003
274.008
274.022
274.052
274.113
274.222
274.377
274.524
274.616
274.505
274.379
274.299
274.334
274.467
274.477
274.005
273.998
274.002
273.999
274
274
273.999
273.999
273.999
273.999
274
274
274
274
274.001
274.003
274.008
274.022
274.053
274.117
274.231
274.394
274.548
274.655
274.539
274.369
274.278
274.308
274.45
274.46
274.004
273.999
274.001
273.999
274
274
274
273.999
273.999
273.999
274
274
274
274
274.001
274.003
274.008
274.022
274.053
274.118
274.234
274.402
274.561
274.686
274.575
274.363
274.267
274.281
274.406
274.443
274.003
274
274.001
274
274
274
274
273.999
273.999
273.999
274
274
274
274
274.001
274.003
274.008
274.022
274.053
274.117
274.232
274.401
274.561
274.707
274.612
274.383
274.265
274.266
274.364
274.436
274.002
274
274.001
274
274
274
274
273.999
273.999
274
274
274
274
274
274.001
274.002
274.008
274.021
274.052
274.116
274.229
274.397
274.555
274.712
274.638
274.421
274.263
274.267
274.327
274.428
274.002
274
274.001
274.001
274
274
274
273.999
273.999
274
274
274
274
274
274
274.002
274.007
274.02
274.05
274.113
274.223
274.389
274.544
274.711
274.659
274.446
274.302
274.272
274.296
274.433
274.001
274.001
274.001
274.001
274
274
273.999
273.999
274
274
274
274
274
274
274
274.002
274.006
274.018
274.048
274.108
274.214
274.375
274.522
274.704
274.671
274.466
274.361
274.296
274.273
274.428
274.002
274.001
274.001
274
274
274
273.999
273.999
274
274
274
274
274
274
274
274.002
274.005
274.017
274.043
274.1
274.2
274.355
274.495
274.69
274.678
274.489
274.424
274.327
274.276
274.436
274.001
274.001
274.001
274.001
274
274
274
274
274
274
274
274
274
274
274
274.001
274.005
274.015
274.04
274.092
274.185
274.331
274.462
274.658
274.699
274.557
274.556
274.442
274.321
274.471
274.002
274.001
274.001
274
274
274
274
274
274
274
274
274
274
274
274
274.001
274.005
274.014
274.037
274.084
274.169
274.305
274.429
274.644
274.769
274.77
274.887
274.782
274.544
274.593
274.003
274.001
274
274
274
274
274
274
274
274
274
274
274
274
274
274.001
274.004
274.013
274.034
274.077
274.155
274.284
274.432
274.755
275.099
275.495
275.881
275.669
275.234
274.949
274.002
274
274
274
274
274
274
274
274
274
274
274
274
274
274
274.001
274.004
274.012
274.031
274.071
274.147
274.309
274.574
275.268
276.598
278.383
279.33
278.389
277.004
275.858
274.001
274
274
274
274
274
274
274
274
274
274
274
274
274
274
274.001
274.003
274.01
274.028
274.071
274.176
274.461
275.237
277.834
283.014
288.474
290.635
285.635
281.088
278.466
274.001
274
274
274
274
274
274
274
274
274
274
274
274
274
274
274.001
274.003
274.01
274.03
274.096
274.314
275.155
278.555
288.748
310.05
313.52
305.945
296.528
290.979
285.213
274.001
274
274
274
274
274
274
274
274
274
274
274
274
274
274
274.001
274.003
274.011
274.047
274.203
274.906
278.462
293.644
327.585
326.158
316.745
306.289
297.308
294.875
296.319
274.001
274
274
274
274
274
274
274
274
274
274
274
274
274
274
274.001
274.004
274.021
274.117
274.623
277.48
293.42
337.432
336.043
327.372
316.892
302.467
295.518
294.237
296.859
274.001
274
274
274
274
274
274
274
274
274
274
274
274
274
274
274.001
274.008
274.059
274.363
276.245
287.648
336.656
345.269
337.658
328.231
313.832
295.415
291.074
290.86
294.344
274.001
274
274
274
274
274
274
274
274
274
274
274
274
274
274
274.003
274.026
274.181
275.223
282.213
326.623
352.976
347.937
340.809
329.283
313.029
294.29
287.762
282.924
283.719
274.001
274
274
274
274
274
274
274
274
274
274
274
274
274
274.001
274.009
274.078
274.56
278.072
305.327
358.3
359.644
353.549
349.26
342.506
324.172
304.544
293.838
281.747
275.529
274.001
274
274
274
274
274
274
274
274
274
274
274
274
274
274.003
274.028
274.218
275.705
286.453
349.503
366.163
366.514
365.142
375.646
391.641
385.25
353.468
317.355
290.543
277.917
274.001
274
274
274
274
274
274
274
274
274
274
274
274
274.001
274.008
274.073
274.584
278.781
316.63
373.399
376.803
381.828
396.712
435.678
500.607
583.228
525.517
409.105
309.592
241.409
274.001
274
274
274
274
274
274
274
274
274
274
274
274
274.002
274.021
274.177
275.494
285.891
358.271
384.523
393.676
410.89
455.982
551.476
709.743
981.86
1023.22
836.863
505.922
314.785
274.002
274.002
274.002
274.002
274.002
274.002
274.002
274.002
274.002
274.002
274.002
274.002
274.002
274.002
274.002
274.002
274.002
274.002
274.002
274.002
274.002
274.002
274.002
274.002
274.002
274.002
274.002
274.002
274.002
274.002
274.002
274.002
274.002
274.001
274.001
274.001
274.001
274.001
274.001
274.001
274.001
274.001
274.001
274.001
274.001
274.001
274.001
274.001
274.001
274.001
274.001
274.001
274.001
274.001
274.001
274.001
274.001
274.001
274.001
274.001
274.001
274.001
274.001
274.001
274.001
274.001
274.001
274.001
274.001
274.001
274.001
274.001
274.001
274.001
274.001
274.001
274.001
274.001
274.001
274.001
274.001
274.001
274.001
274.001
274.001
274.001
274.001
274.001
274.001
274.001
274.001
274.001
274.001
274.001
274.001
274.001
274.001
274.001
274.001
274.001
274.001
274.001
274.001
274.001
274.001
274.001
274.001
274.001
274.001
274.001
274.001
274.001
274.001
274.001
274.001
274.001
274.001
274.001
274.001
274.001
274.001
274.001
274.001
274.001
274.001
274
274
274
274
274
274
274
274
274
274
274
274
274
274
274
274
274
274
274
274
274
274
274
274
274
274
274
274
274
274
274
274
274
274
274
274
274
274
274
274
274
274
274
274
274
274
274
274
274
274
274
274
274
274
274
274
274
274
274
274
274
274
274
274
274
274
274
274
274
274
274
274
274
274
274
274
274
274
274
274
274
274
274
274
274
274
274
274
274
274
274
274
274
274
274
274
274
274
274
274
274
274
274
274
274
274
274
274
274
274
274
274
274
274
274
274
274
274
274
274
274
274
274
274
274
274
274
274
274
274
274
274
274
274
274
274
274
274
274
274
274
274
274
274
274
274
274
274
274
274
274
274
274
274
274
274
274
274
274
274
274
274
274
274
274
274
274
274
274
274
274
274
274
274
274
274
274
274
274
274
274
274
274
274
274
274
274
274
274
274
274
274
274
274
274
274
274
274
274
274
274
274
274
274
274
274
274
274
274
274
274
274
274
274
274
274
274
274
274
274
274
274
274
274
274
274
274
274
274
274
274
274
274
274
274
274
274
274
274
274
274
274
274
274
274
274
274
274
274
274
274
274
274
274
274
274
274
274
274
274
274
274
274
274
274
274
274
274
274
274
274
274
274
274
274
274
274
274
274
274
274
274
274
274
274
274
274
274
274
274
274
274
274
274
274
274
274
274
274
274
274
274
274
274
274
274
274
274
274
274
274
274
274
274
274
274
274
274
274
274
274
274
274
274
274
274
274
274
274
274
274
274
274
274
274
274
274
274
274
274
274
274
274
274
274
274
274
274
274
274
274
274
274
274
274
274
274
274
274
274
274
274
274
274
274
274
274
274
274
274
274
274
274
274
274
274
274
274
274
274
274
274
274
274
274
274
274
274
274
274
274
274
274
274
274
274
274
274
274
274
274
274
274
274
274
274
274
274
274
274
274
274
274
274
274
274
274
274
274
274
274
274
274
274
274
274
274
274
274
274
274
274
274
274
274
274
274
274
274
274
274
274
274
274
274
274
274
274
274
274
274
274
274
274
274
274
274
274
274
274
274
274
274
274
274
274
274
274
274
274
274
274
274
274
274
274
274
274
274
274
274
274
274
274
274
274
274
274
274
274
274
274
274
274
274
274
274
274
274
274
274
274
274
274
274
274
274
274
274
274
274
274
274
274
274
274
274
274
274
274
274
274
274
274
274
274
274
274
274
274
274
274
274
274
274
274
274
274
274
274
274
274
274
274
274
274
274
274
274
274
274
274
274
274
274
274
274
274
274
274
274
274
274
274
274
274
274
274
274
274
274
274
274
274
274
274
274
274
274
274
274
274
274
274
274
274
274
274
274
274
274
274
274
274
274
274
274
274
274
274
274
274
274
274
274
274
274
274
274
274
274
274
274
274
274
274
274
274
274
274
274
274
274
274
274
274
274
274
274
274
274
274
274
274
274
274
274
274
274
274
274
274
274
274
274
274
274
274
274
274
274
274
274
274
274
274
274
274
274
274
274
274
274
274
274
274
274
274
274
274
274
274
274
274
274
274
274
274
274
274
274
274
274
274
274
274
274
274
274
274
274
274
274
274
274
274
274
274
274
274
274
274
274
274
274
274
274
274
274
274
274
274
274
274
274
274
274
274
274
274
274
274
274
274
274
274
274
274
274
274
274
274
274
274
274
274
274
274
274
274
274
274
274
274
274
274
274
274
274
274
274
274
274
274
274
274
274
274
274
274
274
274
274
274
274
274
274
274
274
274
274
274
274
274
274
274
274
274
274
274
274
274
274
274
274
274
274
274
274
274
274
274
274
274
274
274
274
274
274
274
274
274
274
274
274
274
274
274
274
274
274
274
274
274
274
274
274
274
274
274
274
274
274
274
274
274
274
274
274
274
274
274
274
274
274
274
274
274
274
274
274
274
274
274
274
274
274
274
274
274
274
274
274
274
274
274
274
274
274
274
274
274
274
274
274
274
274
274
274
274
274
274
274
274
274
274
274
274
274
274
274
274
274
274
274
274
274
274
274
274
274
274
274
274
274
274
274
274
274
274
274
274
274
274
274
274
274
274
274
274
274
274
274
274
274
274
274
274
274
274
274
274
274
274
274
274
274
274
274
274
274
274
274
274
274
274
274
274
274
274
274
274
274
274
274
274
274
274
274
274
274
274
274
274
274
274
274
274
274
274
274
274
274
274
274
274
274
274
274
274
274
274
274
274
274
274
274
274
274
274
274
274
274
274
274
274
274
274
274
274
274
274
274
274
274
274
274
274
274
274
274
274
274
274
274
274
274
274
274
274
274
274
274
274
274
274
274
274
274
274
274
274
274
274
274
274
274
274
274
274
274
274
274
274
274
274
274
274
274
274
274
274
274
274
274
274
274
274
274
274
274
274
274
274
274
274
274
274
274
274
274
274
274
274
274
274
274
274
274
274
274
274
274
274
274
274
274
274
274
274
274
274
274
274
274
274
274
274
274
274
274
274
274
274
274
274
274
274
274
274
274
274
274
274
274
274
274
274
274
274
274
274
274
274
274
274
274
274
274
274
274
274
274
274
274
274
274
274
274
274
274
274
274
274
274
274
274
274
274
274
274
274
274
274
274
274
274
274
274
274
274
274
274
274
274
274
274
274
274
274
274
274
274
274
274
274
274
274
274
274
274
274
274
274
274
274
274
274
274
274
274
274
274
274
274
274
274
274
274
274
274
274
274
274
274
274
274
274
274
274
274
274
274
274
274
274
274
274
274
274
274
274
274
274
274
274
274
274
274
274
274
274
274
274
274
274
274
274
274
274
274
274
274
274
274
274
274
274
274
274
274
274
274
274
274
274
274
274
274
274
274
274
274
274
274
274
274
274
274
274
274
274
274
274
274
274
274
274
274
274
274
274
274
274
274
274
274
274
274
274
274
274
274
274
274
274
274
274
274
274
274
274
274
274
274
274
274
274
274
274
274
274
274
274
274
274
274
274
274
274
274
274
274
274
274
274
274
274
274
274
274
274
274
274
274
274
274
274
274
274
274
274
274
274
274
274
274
274
274
274
274
274
274
274
274
274
274
274
274
274
274
274
274
274
274
274
274
274
274
274
274
274
274
274
274
274
274
274
274
274
274
274
274
274
274
274
274
274
274
274
274
274
274
274
274
274
274
274
274
274
274
274
274
274
274
274
274
274
274
274
274
274
274
274
274
274
274
274
274
274
274
274
274
274
274
274
274
274
274
274
274
274
274
274
274
274
274
274
274
274
274
274
274
274
274
274
274
274
274
274
274
274
274
274
274
274
274
274
274
274
274
274
274
274
274
274
274
274
274
274
274
274
274
274
274
274
274
274
274
274
274
274
274
274
274
274
274
274
274
274
274
274
274
274
274
274
274
274
274
274
274.001
274.001
274.002
274.002
274.002
274.002
274.001
274.001
274
274
274
274
274
274
274
274
274
274
274
274
274
274
274
274
274
274
274
274
274
274
274
274
274
274
274
274
274
274
274
274
274
274
274
274
274
274
274
274
274
274
274
274
274
274
274
274
274
274
274
274
274
274
274
274
274
274
274
274
274
274
274
274
274
274
274
274
274
274
274
274
274
274
274
274
274
274
274
274
274
274
274
274
274
274
274
274
274
274
274
274
274
274
274
274
274
274
274
274
274
274
274
274
274
274
274
274
274
274
274
274
274
274.001
274.002
274.005
274.012
274.02
274.027
274.032
274.034
274.032
274.028
274.021
274.014
274.008
274.004
274
274
274
274
274
274
274
274
274
274
274
274
274
274
274
274
274
274
274
274
274
274
274
274
274
274
274
274
274
274
274
274
274
274
274
274
274
274
274
274
274
274
274
274
274
274
274
274
274
274
274
274
274
274
274
274
274
274
274
274
274
274
274
274
274
274
274
274
274
274
274
274
274
274
274
274
274
274
274
274
274
274
274
274
274
274
274
274
274
274
274
274
274
274
274
274
274
274
274
274
274
274
274
274
274
274
274
274
274
274.001
274.005
274.018
274.046
274.099
274.176
274.259
274.334
274.369
274.368
274.329
274.277
274.204
274.144
274.087
274.046
274
274
274
274
274
274
274
274
274
274
274
274
274
274
274
274
274
274
274
274
274
274
274
274
274
274
274
274
274
274
274
274
274
274
274
274
274
274
274
274
274
274
274
274
274
274
274
274
274
274
274
274
274
274
274
274
274
274
274
274
274
274
274
274
274
274
274
274
274
274
274
274
274
274
274
274
274
274
274
274
274
274
274
274
274
274
274
274
274
274
274
274
274
274
274
274
274
274
274
274
274
274
274
274
274
274
274
274.001
274.008
274.035
274.113
274.306
274.749
275.58
276.676
277.733
278.541
278.697
278.43
277.663
276.902
276.015
275.333
274.758
274.388
274
274
274
274
274
274
274
274
274
274
274
274
274
274
274
274
274
274
274
274
274
274
274
274
274
274
274
274
274
274
274
274
274
274
274
274
274
274
274
274
274
274
274
274
274
274
274
274
274
274
274
274
274
274
274
274
274
274
274
274
274
274
274
274
274
274
274
274
274
274
274
274
274
274
274
274
274
274
274
274
274
274
274
274
274
274
274
274
274
274
274
274
274
274
274
274
274
274
274
274
274
274
274
274
274
274.001
274.006
274.042
274.192
274.736
276.315
280.269
288.854
301.282
313.587
326.477
338.946
337.437
329.71
313.924
302.001
292.684
286.373
281.06
277.462
274
274
274
274
274
274
274
274
274
274
274
274
274
274
274
274
274
274
274
274
274
274
274
274
274
274
274
274
274
274
274
274
274
274
274
274
274
274
274
274
274
274
274
274
274
274
274
274
274
274
274
274
274
274
274
274
274
274
274
274
274
274
274
274
274
274
274
274
274
274
274
274
274
274
274
274
274
274
274
274
274
274
274
274
274
274
274
274
274
274
274
274
274
274
274
274
274
274
274
274
274
274
274
274
274.002
274.028
274.196
275.082
279.031
293.19
327.421
401.008
477.21
518.383
531.038
526.605
513.204
493.995
475.358
453.032
431.969
404.157
376.402
343.31
306.434
274
274
274
274
274
274
274
274
274
274
274
274
274
274
274
274
274
274
274
274
274
274
274
274
274
274
274
274
274
274
274
274
274
274
274
274
274
274
274
274
274
274
274
274
274
274
274
274
274
274
274
274
274
274
274
274
274
274
274
274
274
274
274
274
274
274
274
274
274
274
274
274
274
274
274
274
274
274
274
274
274
274
274
274
274
274
274
274
274
274
274
274
274
274
274
274
274
274
274
274
274
274
274
274.009
274.1
274.816
280.073
308.761
408.069
543.514
629.798
654.369
648.396
631.786
609.695
586.019
562.267
537.961
515.337
490.852
469.047
445.124
425.024
406.58
388.382
274
274
274
274
274
274
274
274
274
274
274
274
274
274
274
274
274
274
274
274
274
274
274
274
274
274
274
274
274
274
274
274
274
274
274
274
274
274
274
274
274
274
274
274
274
274
274
274
274
274
274
274
274
274
274
274
274
274
274
274
274
274
274
274
274
274
274
274
274
274
274
274
274
274
274
274
274
274
274
274
274
274
274
274
274
274
274
274
274
274
274
274
274
274
274
274
274
274
274
274
274
274.001
274.027
274.322
277.414
305.937
451.37
642.645
739.023
751.45
748.423
737.24
721.046
696.863
669.086
644.288
619.451
592.5
566.989
537.123
509.238
477.164
449.287
421.153
399.68
274
274
274
274
274
274
274
274
274
274
274
274
274
274
274
274
274
274
274
274
274
274
274
274
274
274
274
274
274
274
274
274
274
274
274
274
274
274
274
274
274
274
274
274
274
274
274
274
274
274
274
274
274
274
274
274
274
274
274
274
274
274
274
274
274
274
274
274
274
274
274
274
274
274
274
274
274
274
274
274
274
274
274
274
274
274
274
274
274
274
274
274
274
274
274
274
274
274
274
274
274.003
274.065
274.945
287.427
412.116
666.046
805.68
819.982
826.659
834.458
841.738
845.502
837.936
816.284
782.808
751.824
719.785
684.285
649.231
612.515
576.685
533.452
494.912
450.813
418.746
274
274
274
274
274
274
274
274
274
274
274
274
274
274
274
274
274
274
274
274
274
274
274
274
274
274
274
274
274
274
274
274
274
274
274
274
274
274
274
274
274
274
274
274
274
274
274
274
274
274
274
274
274
274
274
274
274
274
274
274
274
274
274
274
274
274
274
274
274
274
274
274
274
274
274
274
274
274
274
274
274
274
274
274
274
274
274
274
274
274
274
274
274
274
274
274
274
274
274
274.006
274.141
276.711
323.094
579.779
826.191
865.485
866.483
890.721
931.197
975.506
1019.6
1038.55
1029.1
1000.77
961.669
932.258
897.247
856.877
812.379
765.165
706.028
641.702
581.629
503.628
454.821
274
274
274
274
274
274
274
274
274
274
274
274
274
274
274
274
274
274
274
274
274
274
274
274
274
274
274
274
274
274
274
274
274
274
274
274
274
274
274
274
274
274
274
274
274
274
274
274
274
274
274
274
274
274
274
274
274
274
274
274
274
274
274
274
274
274
274
274
274
274
274
274
274
274
274
274
274
274
274
274
274
274
274
274
274
274
274
274
274
274
274
274
274
274
274
274
274
274
274.01
274.274
281.004
406.23
754.698
908.908
904.65
908.99
953.02
1041.34
1135.95
1214.89
1278.49
1303.84
1293.41
1259.15
1220.72
1197.02
1165.97
1135.82
1101.31
1059.38
970.127
867.546
749.991
606.096
531.813
274
274
274
274
274
274
274
274
274
274
274
274
274
274
274
274
274
274
274
274
274
274
274
274
274
274
274
274
274
274
274
274
274
274
274
274
274
274
274
274
274
274
274
274
274
274
274
274
274
274
274
274
274
274
274
274
274
274
274
274
274
274
274
274
274
274
274
274
274
274
274
274
274
274
274
274
274
274
274
274
274
274
274
274
274
274
274
274
274
274
274
274
274
274
274
274
274
274.013
274.478
289.23
513.945
880.535
952.27
940.51
956.832
1020.21
1136.15
1283.29
1418.5
1468.73
1482.85
1486.48
1495.5
1487.98
1482.66
1475.16
1492.14
1536.02
1586.05
1608.07
1477.17
1334.23
1088.27
812.676
689.878
274
274
274
274
274
274
274
274
274
274
274
274
274
274
274
274
274
274
274
274
274
274
274
274
274
274
274
274
274
274
274
274
274
274
274
274
274
274
274
274
274
274
274
274
274
274
274
274
274
274
274
274
274
274
274
274
274
274
274
274
274
274
274
274
274
274
274
274
274
274
274
274
274
274
274
274
274
274
274
274
274
274
274
274
274
274
274
274
274
274
274
274
274
274
274
274
274.014
274.712
301.741
617.247
968.875
991.409
979.964
1007.15
1084.22
1213.66
1383.72
1544.08
1589.43
1586.31
1570
1585.55
1675.86
1744.82
1714.39
1726.25
1810.14
1881.22
1915.06
1932.82
1853.9
1735.47
1569.77
1261.91
974.871
274
274
274
274
274
274
274
274
274
274
274
274
274
274
274
274
274
274
274
274
274
274
274
274
274
274
274
274
274
274
274
274
274
274
274
274
274
274
274
274
274
274
274
274
274
274
274
274
274
274
274
274
274
274
274
274
274
274
274
274
274
274
274
274
274
274
274
274
274
274
274
274
274
274
274
274
274
274
274
274
274
274
274
274
274
274
274
274
274
274
274
274
274
274
274
274.013
274.871
314.739
704.685
1031.28
1030.44
1026.43
1055.6
1136.34
1265.88
1438.57
1611.99
1668.88
1682.2
1667.99
1662.35
1729.4
1928.12
2085.2
1978.57
1911.02
1933.49
1956.15
1944.25
1924.14
1889.54
1753.01
1636.31
1579.7
1291.21
274
274
274
274
274
274
274
274
274
274
274
274
274
274
274
274
274
274
274
274
274
274
274
274
274
274
274
274
274
274
274
274
274
274
274
274
274
274
274
274
274
274
274
274
274
274
274
274
274
274
274
274
274
274
274
274
274
274
274
274
274
274
274
274
274
274
274
274
274
274
274
274
274
274
274
274
274
274
274
274
274
274
274
274
274
274
274
274
274
274
274
274
274
274
274.01
274.853
318.929
748.816
1074.88
1069.33
1070.36
1105.95
1182.17
1306.76
1470.67
1638.8
1741.51
1783.36
1778.36
1734.59
1719.22
1747.82
1827.11
1539.36
1394.59
1362.01
1375.34
1405.07
1438.21
1490.4
1607.16
1659.48
1632.38
1458.55
1456.46
274
274
274
274
274
274
274
274
274
274
274
274
274
274
274
274
274
274
274
274
274
274
274
274
274
274
274
274
274
274
274
274
274
274
274
274
274
274
274
274
274
274
274
274
274
274
274
274
274
274
274
274
274
274
274
274
274
274
274
274
274
274
274
274
274
274
274
274
274
274
274
274
274
274
274
274
274
274
274
274
274
274
274
274
274
274
274
274
274
274
274
274
274
274.007
274.655
310.252
726.287
1102.02
1108.5
1110.13
1151.52
1227.58
1353.82
1511.02
1659.74
1779.23
1849.24
1856.47
1783.25
1724.62
1675.47
1528.06
1473.14
1313.2
1249.86
1227.57
1260.94
1300.83
1347.12
1369.62
1472.83
1508.78
1495.53
1350.2
1347.61
274
274
274
274
274
274
274
274
274
274
274
274
274
274
274
274
274
274
274
274
274
274
274
274
274
274
274
274
274
274
274
274
274
274
274
274
274
274
274
274
274
274
274
274
274
274
274
274
274
274
274
274
274
274
274
274
274
274
274
274
274
274
274
274
274
274
274
274
274
274
274
274
274
274
274
274
274
274
274
274
274
274
274
274
274
274
274
274
274
274
274
274
274.003
274.355
295.604
656.644
1100.7
1141
1149.97
1188
1266.91
1387.09
1533.97
1670.07
1799.27
1884.06
1897.84
1839.04
1739.69
1630.47
1553.92
1395.98
1321.66
1261.56
1199.32
1190.98
1226.43
1290.74
1330.17
1354.5
1456.62
1561.05
1608.59
1425.81
1334.13
274
274
274
274
274
274
274
274
274
274
274
274
274
274
274
274
274
274
274
274
274
274
274
274
274
274
274
274
274
274
274
274
274
274
274
274
274
274
274
274
274
274
274
274
274
274
274
274
274
274
274
274
274
274
274
274
274
274
274
274
274
274
274
274
274
274
274
274
274
274
274
274
274
274
274
274
274
274
274
274
274
274
274
274
274
274
274
274
274
274
274
274.002
274.189
284.721
574.069
1096.59
1169.41
1159.31
1166.09
1220.24
1321.35
1458.99
1604.43
1746.2
1881.43
1917.9
1888.23
1799.13
1725.95
1637.85
1528.55
1313.63
1210.79
1181.39
1115.54
1117.29
1142.43
1185.36
1203.57
1235.97
1309.82
1399.11
1512.28
1698.21
1629.34
274
274
274
274
274
274
274
274
274
274
274
274
274
274
274
274
274
274
274
274
274
274
274
274
274
274
274
274
274
274
274
274
274
274
274
274
274
274
274
274
274
274
274
274
274
274
274
274
274
274
274
274
274
274
274
274
274
274
274
274
274
274
274
274
274
274
274
274
274
274
274
274
274
274
274
274
274
274
274
274
274
274
274
274
274
274
274
274
274
274
274.001
274.027
275.614
359.558
884.857
1179.06
1192.95
1200.33
1235.94
1297.87
1395.75
1529.94
1682.48
1837.56
1910.35
1915.63
1854.69
1778.2
1742.66
1677.07
1626.15
1518.99
1388.74
1334.07
1272.66
1233.05
1291.25
1359.77
1370.47
1394.39
1481.9
1578.01
1656.03
1767.16
1999.3
274
274
274
274
274
274
274
274
274
274
274
274
274
274
274
274
274
274
274
274
274
274
274
274
274
274
274
274
274
274
274
274
274
274
274
274
274
274
274
274
274
274
274
274
274
274
274
274
274
274
274
274
274
274
274
274
274
274
274
274
274
274
274
274
274
274
274
274
274
274
274
274
274
274
274
274
274
274
274
274
274
274
274
274
274
274
274
274
274
274
274.001
274.065
277.634
431.408
992.958
1195.56
1207.75
1217.81
1248.23
1306.29
1406.78
1548.51
1703.66
1848.23
1909.87
1909.66
1843.29
1776.24
1745.03
1691.9
1641.55
1565.03
1429.39
1353.17
1316.84
1259.55
1308.94
1384.76
1389.55
1414.2
1507.25
1607.7
1735.24
1912.62
2046.95
274
274
274
274
274
274
274
274
274
274
274
274
274
274
274
274
274
274
274
274
274
274
274
274
274
274
274
274
274
274
274
274
274
274
274
274
274
274
274
274
274
274
274
274
274
274
274
274
274
274
274
274
274
274
274
274
274
274
274
274
274
274
274
274
274
274
274
274
274
274
274
274
274
274
274
274
274
274
274
274
274
274
274
274
274
274
274
274
274
274
274.003
274.231
285.894
581.266
1125.33
1219.86
1227.18
1242.35
1276.92
1339.9
1440.61
1578.08
1732.32
1862.26
1902.79
1885.08
1833.36
1775.49
1746.61
1700.57
1671.16
1650.68
1536.2
1420.24
1402.29
1352.49
1345.81
1424.78
1434.25
1434.35
1482.44
1584.86
1703.33
1856.34
2078.14
274
274
274
274
274
274
274
274
274
274
274
274
274
274
274
274
274
274
274
274
274
274
274
274
274
274
274
274
274
274
274
274
274
274
274
274
274
274
274
274
274
274
274
274
274
274
274
274
274
274
274
274
274
274
274
274
274
274
274
274
274
274
274
274
274
274
274
274
274
274
274
274
274
274
274
274
274
274
274
274
274
274
274
274
274
274
274
274
274
274
274.014
274.898
323.429
791.538
1200.12
1237.81
1251.2
1279.59
1321.66
1385.66
1478.42
1611.56
1769.62
1871.01
1894.42
1869.99
1816.46
1764.89
1743.21
1717.21
1685.22
1658.63
1619.31
1532.89
1462.95
1438.62
1414.81
1436.03
1466.39
1466.18
1553.27
1643.45
1727.28
1849.32
1976.58
274
274
274
274
274
274
274
274
274
274
274
274
274
274
274
274
274
274
274
274
274
274
274
274
274
274
274
274
274
274
274
274
274
274
274
274
274
274
274
274
274
274
274
274
274
274
274
274
274
274
274
274
274
274
274
274
274
274
274
274
274
274
274
274
274
274
274
274
274
274
274
274
274
274
274
274
274
274
274
274
274
274
274
274
274
274
274
274
274
274.001
274.059
277.283
418.443
992.302
1238.02
1259.15
1280.78
1316.02
1356.71
1415.4
1507.82
1651.29
1811.41
1870.78
1870.29
1861.52
1812.63
1794
1778.22
1743.42
1723.8
1723.32
1723.25
1657.06
1562.02
1545.96
1512.08
1490.92
1524.14
1513.7
1574.81
1681.29
1769.07
1832.94
1879.67
274
274
274
274
274
274
274
274
274
274
274
274
274
274
274
274
274
274
274
274
274
274
274
274
274
274
274
274
274
274
274
274
274
274
274
274
274
274
274
274
274
274
274
274
274
274
274
274
274
274
274
274
274
274
274
274
274
274
274
274
274
274
274
274
274
274
274
274
274
274
274
274
274
274
274
274
274
274
274
274
274
274
274
274
274
274
274
274
274
274.003
274.209
284.329
554.551
1122.02
1257.98
1278.75
1306.54
1338.26
1373.69
1428.63
1525.78
1684.14
1831
1874.04
1870.94
1850.4
1822.16
1811.87
1791.66
1762.64
1751.29
1750.07
1751.89
1748.91
1669.96
1596.61
1593.96
1566.34
1560.57
1607.54
1625.12
1722.02
1747.53
1825.04
1857.66
274
274
274
274
274
274
274
274
274
274
274
274
274
274
274
274
274
274
274
274
274
274
274
274
274
274
274
274
274
274
274
274
274
274
274
274
274
274
274
274
274
274
274
274
274
274
274
274
274
274
274
274
274
274
274
274
274
274
274
274
274
274
274
274
274
274
274
274
274
274
274
274
274
274
274
274
274
274
274
274
274
274
274
274
274
274
274
274
274
274.01
274.603
304.52
706.163
1200.06
1276.01
1300.45
1332.95
1359.99
1390.09
1441.59
1544.43
1712.02
1838.7
1870.18
1873.67
1848.76
1837.84
1834.72
1826.1
1809.82
1798.12
1803
1821.45
1823.14
1816.82
1737.16
1673.71
1688.7
1633.02
1674.77
1704.25
1729.11
1793.27
1823.84
1875.94
274
274
274
274
274
274
274
274
274
274
274
274
274
274
274
274
274
274
274
274
274
274
274
274
274
274
274
274
274
274
274
274
274
274
274
274
274
274
274
274
274
274
274
274
274
274
274
274
274
274
274
274
274
274
274
274
274
274
274
274
274
274
274
274
274
274
274
274
274
274
274
274
274
274
274
274
274
274
274
274
274
274
274
274
274
274
274
274
274.001
274.027
275.553
352.702
862.485
1239.98
1294.31
1323.3
1359.09
1376.84
1405.51
1462.56
1565.71
1725.47
1838.83
1865.87
1858.41
1847
1845.67
1844.86
1837.25
1827.82
1818.14
1826.48
1895.48
1914.9
1919.49
1918.77
1838.12
1731.65
1790.22
1745.5
1761
1806.64
1827.22
1863.28
1878.62
274
274
274
274
274
274
274
274
274
274
274
274
274
274
274
274
274
274
274
274
274
274
274
274
274
274
274
274
274
274
274
274
274
274
274
274
274
274
274
274
274
274
274
274
274
274
274
274
274
274
274
274
274
274
274
274
274
274
274
274
274
274
274
274
274
274
274
274
274
274
274
274
274
274
274
274
274
274
274
274
274
274
274
274
274
274
274
274
274.001
274.07
277.666
423.168
992.237
1270.94
1319.72
1357.28
1391.79
1401.24
1429.8
1487.35
1579.81
1723.22
1834.8
1863.67
1858.92
1854
1864.85
1865.89
1861.25
1860.4
1871.28
1912.21
1957.13
2025.31
2053.98
2057.93
2055.61
1952.11
1876.05
1865.32
1871.97
1874.74
1899.71
1918.82
1936.22
274
274
274
274
274
274
274
274
274
274
274
274
274
274
274
274
274
274
274
274
274
274
274
274
274
274
274
274
274
274
274
274
274
274
274
274
274
274
274
274
274
274
274
274
274
274
274
274
274
274
274
274
274
274
274
274
274
274
274
274
274
274
274
274
274
274
274
274
274
274
274
274
274
274
274
274
274
274
274
274
274
274
274
274
274
274
274
274
274.003
274.153
281.389
501.222
1081.96
1289.97
1334.13
1372.54
1403.67
1415.25
1443.65
1496.82
1584.39
1725.04
1832.04
1859.13
1854.48
1861.1
1883.41
1886.68
1886.57
1885.66
1920.43
1974.41
2009.27
2096.67
2175.5
2196.67
2200.75
2190.39
2069.6
2023.36
1943.83
1971.49
1968.2
1985.52
2029
274
274
274
274
274
274
274
274
274
274
274
274
274
274
274
274
274
274
274
274
274
274
274
274
274
274
274
274
274
274
274
274
274
274
274
274
274
274
274
274
274
274
274
274
274
274
274
274
274
274
274
274
274
274
274
274
274
274
274
274
274
274
274
274
274
274
274
274
274
274
274
274
274
274
274
274
274
274
274
274
274
274
274
274
274
274
274
274
274.005
274.284
287.194
577.341
1145.41
1302.32
1340.36
1375.4
1405.62
1420.17
1448.77
1497.61
1582.81
1722.25
1834.88
1856.38
1853.27
1868.83
1896.18
1900.95
1900.33
1919.16
1967.19
2006.28
2058.36
2145.6
2244.59
2305.65
2331.71
2340.47
2319.66
2164.48
2092.92
1999.62
2027.46
2034.36
2050.75
274
274
274
274
274
274
274
274
274
274
274
274
274
274
274
274
274
274
274
274
274
274
274
274
274
274
274
274
274
274
274
274
274
274
274
274
274
274
274
274
274
274
274
274
274
274
274
274
274
274
274
274
274
274
274
274
274
274
274
274
274
274
274
274
274
274
274
274
274
274
274
274
274
274
274
274
274
274
274
274
274
274
274
274
274
274
274
274
274.007
274.44
294.372
635.765
1180.28
1307.12
1345.46
1382.58
1414.32
1429.15
1447.22
1486.41
1572.21
1717.85
1835.5
1856.28
1856.25
1874
1905.74
1914.35
1915.57
1944.16
1983.46
2033.11
2098.98
2180.52
2268.32
2345.39
2381.25
2406.93
2414.68
2369.51
2176.44
2108.5
2065.61
2069.34
2039.47
274
274
274
274
274
274
274
274
274
274
274
274
274
274
274
274
274
274
274
274
274
274
274
274
274
274
274
274
274
274
274
274
274
274
274
274
274
274
274
274
274
274
274
274
274
274
274
274
274
274
274
274
274
274
274
274
274
274
274
274
274
274
274
274
274
274
274
274
274
274
274
274
274
274
274
274
274
274
274
274
274
274
274
274
274
274
274
274
274.01
274.625
303.602
688.348
1205.91
1313.14
1351.18
1391.51
1422.13
1432.22
1442.52
1478.87
1567.19
1713.82
1834.32
1856.59
1858.9
1874.35
1906.9
1925.03
1932.04
1952.71
1988.05
2046.1
2118.42
2199.55
2283.21
2362.84
2423.37
2447.94
2456.5
2461.23
2410.99
2256.6
2112.72
1997.23
2002.48
274
274
274
274
274
274
274
274
274
274
274
274
274
274
274
274
274
274
274
274
274
274
274
274
274
274
274
274
274
274
274
274
274
274
274
274
274
274
274
274
274
274
274
274
274
274
274
274
274
274
274
274
274
274
274
274
274
274
274
274
274
274
274
274
274
274
274
274
274
274
274
274
274
274
274
274
274
274
274
274
274
274
274
274
274
274
274
274
274.014
274.797
312.566
727.526
1224.66
1323.63
1362.16
1408.19
1433.41
1438.11
1443.62
1475.81
1564.98
1710.64
1832.72
1856.65
1860.72
1874.5
1905.21
1927.73
1937.9
1954.33
1986.8
2045.7
2117.46
2196.2
2281.5
2374.88
2448.64
2480.87
2493.18
2492.17
2470.15
2362.02
2222.86
1848.53
1836.25
274
274
274
274
274
274
274
274
274
274
274
274
274
274
274
274
274
274
274
274
274
274
274
274
274
274
274
274
274
274
274
274
274
274
274
274
274
274
274
274
274
274
274
274
274
274
274
274
274
274
274
274
274
274
274
274
274
274
274
274
274
274
274
274
274
274
274
274
274
274
274
274
274
274
274
274
274
274
274
274
274
274
274
274
274
274
274
274
274.015
274.881
316.998
744.61
1232.68
1327.03
1364.93
1414.97
1438.44
1441.71
1445.58
1476.01
1565.08
1709.8
1831.79
1856.05
1860.43
1873.26
1902.75
1925.73
1935.33
1949.73
1980.12
2038.73
2109.66
2187.57
2273.32
2365.61
2458.13
2537.07
2575.54
2588.43
2583.33
2566.3
2226.76
1933.7
1783.62
274
274
274
274
274
274
274
274
274
274
274
274
274
274
274
274
274
274
274
274
274
274
274
274
274
274
274
274
274
274
274
274
274
274
274
274
274
274
274
274
274
274
274
274
274
274
274
274
274
274
274
274
274
274
274
274
274
274
274
274
274
274
274
274
274
274
274
274
274
274
274
274
274
274
274
274
274
274
274
274
274
274
274
274
274
274
274
274
274.014
274.8
312.754
728.247
1225.08
1323.87
1362.44
1408.8
1433.74
1438.27
1443.56
1475.53
1564.67
1710.53
1832.86
1856.73
1860.53
1874.5
1904.94
1926.59
1936.34
1953.1
1986.32
2045.33
2116.63
2194.36
2279.92
2376.15
2449.52
2499.73
2522.04
2526.56
2510.2
2437.66
2272.37
1855.76
1822.85
274
274
274
274
274
274
274
274
274
274
274
274
274
274
274
274
274
274
274
274
274
274
274
274
274
274
274
274
274
274
274
274
274
274
274
274
274
274
274
274
274
274
274
274
274
274
274
274
274
274
274
274
274
274
274
274
274
274
274
274
274
274
274
274
274
274
274
274
274
274
274
274
274
274
274
274
274
274
274
274
274
274
274
274
274
274
274
274
274.011
274.629
303.815
689.337
1206.44
1313.59
1351.72
1392.48
1422.75
1432.35
1442.33
1478.45
1566.89
1713.89
1834.43
1856.65
1858.59
1874.42
1906.29
1922.75
1929.37
1950.48
1986.56
2044.8
2117.61
2201.26
2290.22
2371.4
2422.65
2446.76
2450.97
2441.31
2408.64
2267.7
2133.4
1989.67
2000.14
274
274
274
274
274
274
274
274
274
274
274
274
274
274
274
274
274
274
274
274
274
274
274
274
274
274
274
274
274
274
274
274
274
274
274
274
274
274
274
274
274
274
274
274
274
274
274
274
274
274
274
274
274
274
274
274
274
274
274
274
274
274
274
274
274
274
274
274
274
274
274
274
274
274
274
274
274
274
274
274
274
274
274
274
274
274
274
274
274.007
274.443
294.511
636.651
1180.71
1307.33
1345.84
1383.28
1415.21
1429.57
1446.95
1485.98
1572.12
1718.46
1835.98
1856.4
1855.83
1874.37
1903.78
1910.38
1911.97
1941.21
1981.78
2031.71
2099.09
2183.45
2274.07
2355.81
2394.86
2414.53
2417.74
2371.58
2188.63
2119.97
2070.2
2071.28
2047.33
274
274
274
274
274
274
274
274
274
274
274
274
274
274
274
274
274
274
274
274
274
274
274
274
274
274
274
274
274
274
274
274
274
274
274
274
274
274
274
274
274
274
274
274
274
274
274
274
274
274
274
274
274
274
274
274
274
274
274
274
274
274
274
274
274
274
274
274
274
274
274
274
274
274
274
274
274
274
274
274
274
274
274
274
274
274
274
274
274.005
274.286
287.313
578.565
1146.4
1302.78
1340.82
1375.92
1406.09
1420.27
1449.11
1497.45
1582.93
1723.76
1835.47
1856.65
1853.15
1868.91
1894.37
1897.79
1897.34
1916.74
1964.05
2004.54
2058.06
2146.65
2252.47
2316.86
2340.43
2348.4
2329.95
2177.27
2110.06
2022.68
2032.33
2049
2058.45
274
274
274
274
274
274
274
274
274
274
274
274
274
274
274
274
274
274
274
274
274
274
274
274
274
274
274
274
274
274
274
274
274
274
274
274
274
274
274
274
274
274
274
274
274
274
274
274
274
274
274
274
274
274
274
274
274
274
274
274
274
274
274
274
274
274
274
274
274
274
274
274
274
274
274
274
274
274
274
274
274
274
274
274
274
274
274
274
274.003
274.155
281.473
502.639
1083.5
1290.78
1334.83
1373.09
1404.29
1415.57
1444.93
1498.02
1586.12
1727.82
1833.19
1859.53
1854.83
1861.4
1882.08
1884.13
1883.33
1884.51
1914.12
1973.05
2012.31
2102.97
2185.72
2206.38
2211.33
2204.26
2069.88
2032.35
1961.03
1986.47
1989.3
1993.52
2037.36
274
274
274
274
274
274
274
274
274
274
274
274
274
274
274
274
274
274
274
274
274
274
274
274
274
274
274
274
274
274
274
274
274
274
274
274
274
274
274
274
274
274
274
274
274
274
274
274
274
274
274
274
274
274
274
274
274
274
274
274
274
274
274
274
274
274
274
274
274
274
274
274
274
274
274
274
274
274
274
274
274
274
274
274
274
274
274
274
274.001
274.071
277.723
424.717
994.614
1272.18
1321.07
1358.71
1393.37
1402.87
1432.03
1489.53
1582.74
1727.08
1836.41
1864.31
1859.44
1854.09
1863.3
1863.18
1856.47
1855.85
1869.86
1915.32
1963.7
2026.33
2053.52
2056.28
2045.88
1946.27
1867.8
1872.45
1870.39
1889.48
1918.82
1930.45
1940.19
274
274
274
274
274
274
274
274
274
274
274
274
274
274
274
274
274
274
274
274
274
274
274
274
274
274
274
274
274
274
274
274
274
274
274
274
274
274
274
274
274
274
274
274
274
274
274
274
274
274
274
274
274
274
274
274
274
274
274
274
274
274
274
274
274
274
274
274
274
274
274
274
274
274
274
274
274
274
274
274
274
274
274
274
274
274
274
274
274.001
274.027
275.581
353.946
865.536
1241.49
1295.88
1325.18
1361.29
1379.38
1407.39
1465.45
1569.62
1730.1
1841.16
1867.35
1860.55
1848.11
1845.57
1842.74
1831.99
1821.9
1815.09
1825.06
1893.59
1908.22
1909.78
1903.51
1807.82
1700.83
1760.76
1724.06
1745.37
1791.81
1813.32
1844.65
1856.71
274
274
274
274
274
274
274
274
274
274
274
274
274
274
274
274
274
274
274
274
274
274
274
274
274
274
274
274
274
274
274
274
274
274
274
274
274
274
274
274
274
274
274
274
274
274
274
274
274
274
274
274
274
274
274
274
274
274
274
274
274
274
274
274
274
274
274
274
274
274
274
274
274
274
274
274
274
274
274
274
274
274
274
274
274
274
274
274
274
274.01
274.615
305.201
709.602
1202.09
1277.55
1302.13
1334.74
1361.89
1391.55
1443.83
1548.33
1717.8
1842.74
1873.58
1877.13
1850.51
1836.98
1832.12
1819.56
1799.17
1789.64
1791.4
1810.07
1809.28
1796.64
1706.81
1650.06
1648.52
1592.91
1649.65
1666.97
1697.58
1763.48
1801.91
1833.4
274
274
274
274
274
274
274
274
274
274
274
274
274
274
274
274
274
274
274
274
274
274
274
274
274
274
274
274
274
274
274
274
274
274
274
274
274
274
274
274
274
274
274
274
274
274
274
274
274
274
274
274
274
274
274
274
274
274
274
274
274
274
274
274
274
274
274
274
274
274
274
274
274
274
274
274
274
274
274
274
274
274
274
274
274
274
274
274
274
274.003
274.213
284.552
557.604
1124.95
1259.64
1280.54
1308.45
1339.96
1374.9
1430.3
1529.42
1690.72
1836.83
1879.16
1873.73
1853.19
1821
1808.62
1784.59
1751.82
1738.27
1734.68
1733.95
1721.82
1628
1555.7
1550.55
1513.96
1521.25
1562.51
1578.31
1670.49
1708.59
1788.73
1816.51
274
274
274
274
274
274
274
274
274
274
274
274
274
274
274
274
274
274
274
274
274
274
274
274
274
274
274
274
274
274
274
274
274
274
274
274
274
274
274
274
274
274
274
274
274
274
274
274
274
274
274
274
274
274
274
274
274
274
274
274
274
274
274
274
274
274
274
274
274
274
274
274
274
274
274
274
274
274
274
274
274
274
274
274
274
274
274
274
274
274.001
274.061
277.357
420.878
996.307
1239.86
1261.03
1282.81
1317.79
1358.01
1416.82
1511.04
1657.67
1819.03
1877.6
1874.83
1865.39
1812.26
1790.06
1771.73
1734.69
1712.85
1709.46
1705.54
1616.47
1525.35
1516.81
1477.45
1460.16
1501.6
1494.85
1555.46
1663.86
1760.59
1824.02
1867.96
274
274
274
274
274
274
274
274
274
274
274
274
274
274
274
274
274
274
274
274
274
274
274
274
274
274
274
274
274
274
274
274
274
274
274
274
274
274
274
274
274
274
274
274
274
274
274
274
274
274
274
274
274
274
274
274
274
274
274
274
274
274
274
274
274
274
274
274
274
274
274
274
274
274
274
274
274
274
274
274
274
274
274
274
274
274
274
274
274
274
274.014
274.918
324.698
796.233
1202.4
1239.83
1253.57
1281.92
1323.4
1387.23
1481.15
1617.23
1778.64
1879.41
1902.45
1872.54
1816.46
1759.19
1733.47
1704.46
1671.82
1646.13
1602.15
1498.21
1443.5
1414.44
1376.27
1417.5
1453.68
1456.08
1534.81
1635.39
1734.71
1864.87
1983.48
274
274
274
274
274
274
274
274
274
274
274
274
274
274
274
274
274
274
274
274
274
274
274
274
274
274
274
274
274
274
274
274
274
274
274
274
274
274
274
274
274
274
274
274
274
274
274
274
274
274
274
274
274
274
274
274
274
274
274
274
274
274
274
274
274
274
274
274
274
274
274
274
274
274
274
274
274
274
274
274
274
274
274
274
274
274
274
274
274
274
274.004
274.237
286.199
585.053
1128.63
1221.98
1229.81
1245.05
1278.97
1341.52
1442.64
1582.65
1740.95
1870.9
1910.27
1890.43
1832.43
1768.7
1737.22
1690.15
1656.29
1628.4
1498.97
1386.19
1385.48
1331.81
1330.22
1409.29
1431.83
1440.75
1495.86
1590.7
1703
1872.64
2093.57
274
274
274
274
274
274
274
274
274
274
274
274
274
274
274
274
274
274
274
274
274
274
274
274
274
274
274
274
274
274
274
274
274
274
274
274
274
274
274
274
274
274
274
274
274
274
274
274
274
274
274
274
274
274
274
274
274
274
274
274
274
274
274
274
274
274
274
274
274
274
274
274
274
274
274
274
274
274
274
274
274
274
274
274
274
274
274
274
274
274
274.001
274.067
277.724
434.301
997.172
1197.71
1210.01
1219.95
1249.81
1307.44
1408.42
1552.45
1711.64
1857.53
1917.59
1916.45
1842.95
1769.52
1735.18
1678.42
1628.29
1531.94
1394.5
1348.94
1297.66
1253.96
1306.48
1369.71
1377.36
1420.39
1495.91
1591.46
1731.71
1915.93
2052.8
274
274
274
274
274
274
274
274
274
274
274
274
274
274
274
274
274
274
274
274
274
274
274
274
274
274
274
274
274
274
274
274
274
274
274
274
274
274
274
274
274
274
274
274
274
274
274
274
274
274
274
274
274
274
274
274
274
274
274
274
274
274
274
274
274
274
274
274
274
274
274
274
274
274
274
274
274
274
274
274
274
274
274
274
274
274
274
274
274
274
274.001
274.027
275.653
361.437
889.609
1182.01
1195.55
1202.36
1236.99
1298.71
1397.09
1533.74
1690.31
1847.06
1917.66
1920.69
1854.03
1771.76
1733
1666.03
1609.53
1483.28
1356.2
1326.3
1252.37
1230.04
1286.56
1347.51
1361.13
1396.88
1468.04
1557.92
1662.51
1772.55
2000.72
274
274
274
274
274
274
274
274
274
274
274
274
274
274
274
274
274
274
274
274
274
274
274
274
274
274
274
274
274
274
274
274
274
274
274
274
274
274
274
274
274
274
274
274
274
274
274
274
274
274
274
274
274
274
274
274
274
274
274
274
274
274
274
274
274
274
274
274
274
274
274
274
274
274
274
274
274
274
274
274
274
274
274
274
274
274
274
274
274
274
274
274.002
274.193
284.985
577.761
1100.04
1172.03
1161.68
1167.73
1220.68
1321.49
1460.64
1609.93
1755.43
1889.2
1923.03
1889.49
1794.49
1714.11
1618.01
1499.19
1292.46
1193.35
1158.66
1100.88
1114.29
1133.2
1177.78
1198.21
1233.93
1307.17
1388.17
1507.69
1692.02
1638.41
274
274
274
274
274
274
274
274
274
274
274
274
274
274
274
274
274
274
274
274
274
274
274
274
274
274
274
274
274
274
274
274
274
274
274
274
274
274
274
274
274
274
274
274
274
274
274
274
274
274
274
274
274
274
274
274
274
274
274
274
274
274
274
274
274
274
274
274
274
274
274
274
274
274
274
274
274
274
274
274
274
274
274
274
274
274
274
274
274
274
274
274
274.003
274.364
296.248
661.424
1104.6
1143.79
1151.96
1188.99
1268.52
1389.7
1538.49
1677.17
1806.75
1889.15
1901.39
1840.13
1730.32
1613.94
1523.32
1379.38
1327.81
1248.06
1199.65
1191.81
1238.23
1293.53
1321.52
1351.86
1454.61
1548.24
1592.98
1422.6
1341.2
274
274
274
274
274
274
274
274
274
274
274
274
274
274
274
274
274
274
274
274
274
274
274
274
274
274
274
274
274
274
274
274
274
274
274
274
274
274
274
274
274
274
274
274
274
274
274
274
274
274
274
274
274
274
274
274
274
274
274
274
274
274
274
274
274
274
274
274
274
274
274
274
274
274
274
274
274
274
274
274
274
274
274
274
274
274
274
274
274
274
274
274
274
274.007
274.674
311.519
732.487
1106.07
1111.45
1112.59
1153.83
1230.72
1357.64
1515.94
1665.94
1785.65
1852.42
1857.38
1778.39
1711.83
1657.06
1513.27
1446.74
1293.32
1244.68
1227.03
1275.14
1309.07
1345.15
1370.8
1466.96
1497.75
1483.74
1346.03
1347.08
274
274
274
274
274
274
274
274
274
274
274
274
274
274
274
274
274
274
274
274
274
274
274
274
274
274
274
274
274
274
274
274
274
274
274
274
274
274
274
274
274
274
274
274
274
274
274
274
274
274
274
274
274
274
274
274
274
274
274
274
274
274
274
274
274
274
274
274
274
274
274
274
274
274
274
274
274
274
274
274
274
274
274
274
274
274
274
274
274
274
274
274
274
274
274.01
274.882
320.708
756.132
1079.52
1072.42
1072.65
1107.98
1184.98
1310.59
1475.67
1645.22
1745.4
1783.16
1772.67
1724.65
1708.44
1728.12
1807.24
1507.5
1374.16
1343.03
1360.65
1399.29
1422.52
1475.74
1585.52
1633.03
1619.83
1450.98
1459.04
274
274
274
274
274
274
274
274
274
274
274
274
274
274
274
274
274
274
274
274
274
274
274
274
274
274
274
274
274
274
274
274
274
274
274
274
274
274
274
274
274
274
274
274
274
274
274
274
274
274
274
274
274
274
274
274
274
274
274
274
274
274
274
274
274
274
274
274
274
274
274
274
274
274
274
274
274
274
274
274
274
274
274
274
274
274
274
274
274
274
274
274
274
274
274
274.014
274.901
316.493
712.202
1036.32
1033.69
1028.85
1056.99
1138.12
1268.96
1442.81
1613.75
1667.49
1680.01
1657.89
1650.73
1716.2
1916.97
2068.1
1950.22
1877.89
1883.17
1925.74
1902.41
1891.55
1878.79
1742.11
1633.99
1590.61
1299.61
274
274
274
274
274
274
274
274
274
274
274
274
274
274
274
274
274
274
274
274
274
274
274
274
274
274
274
274
274
274
274
274
274
274
274
274
274
274
274
274
274
274
274
274
274
274
274
274
274
274
274
274
274
274
274
274
274
274
274
274
274
274
274
274
274
274
274
274
274
274
274
274
274
274
274
274
274
274
274
274
274
274
274
274
274
274
274
274
274
274
274
274
274
274
274
274
274.015
274.736
302.907
623.735
974.753
994.899
982.127
1007.74
1084.36
1215.56
1385.19
1541.86
1586.87
1582.64
1563.48
1576.25
1667.75
1733.64
1699.06
1704.11
1771.63
1854.36
1890.96
1904.66
1846.84
1725.44
1571.27
1280.64
988.698
274
274
274
274
274
274
274
274
274
274
274
274
274
274
274
274
274
274
274
274
274
274
274
274
274
274
274
274
274
274
274
274
274
274
274
274
274
274
274
274
274
274
274
274
274
274
274
274
274
274
274
274
274
274
274
274
274
274
274
274
274
274
274
274
274
274
274
274
274
274
274
274
274
274
274
274
274
274
274
274
274
274
274
274
274
274
274
274
274
274
274
274
274
274
274
274
274
274.013
274.493
289.798
519.383
886.778
956.096
942.615
957.21
1019.5
1135.43
1281.87
1416.05
1467.34
1480.04
1482.03
1489.7
1481.71
1480.19
1474.62
1489.79
1533.86
1588.63
1611.19
1489.22
1346.03
1097.95
819.988
695.828
274
274
274
274
274
274
274
274
274
274
274
274
274
274
274
274
274
274
274
274
274
274
274
274
274
274
274
274
274
274
274
274
274
274
274
274
274
274
274
274
274
274
274
274
274
274
274
274
274
274
274
274
274
274
274
274
274
274
274
274
274
274
274
274
274
274
274
274
274
274
274
274
274
274
274
274
274
274
274
274
274
274
274
274
274
274
274
274
274
274
274
274
274
274
274
274
274
274
274.01
274.282
281.251
410.189
761.176
913.25
907.265
909.841
951.873
1038.29
1133.36
1214.26
1276.13
1301.43
1290.77
1256.41
1220.01
1198.5
1166.63
1137.9
1104.94
1063.15
973.845
871.747
753.796
608.904
534.109
274
274
274
274
274
274
274
274
274
274
274
274
274
274
274
274
274
274
274
274
274
274
274
274
274
274
274
274
274
274
274
274
274
274
274
274
274
274
274
274
274
274
274
274
274
274
274
274
274
274
274
274
274
274
274
274
274
274
274
274
274
274
274
274
274
274
274
274
274
274
274
274
274
274
274
274
274
274
274
274
274
274
274
274
274
274
274
274
274
274
274
274
274
274
274
274
274
274
274
274.006
274.144
276.798
324.927
584.857
830.721
868.507
867.877
889.464
929.008
973.409
1017.4
1037.62
1028.71
1001.03
962.597
933.683
898.572
858.268
813.379
766.217
707.513
643.378
582.779
504.6
455.772
274
274
274
274
274
274
274
274
274
274
274
274
274
274
274
274
274
274
274
274
274
274
274
274
274
274
274
274
274
274
274
274
274
274
274
274
274
274
274
274
274
274
274
274
274
274
274
274
274
274
274
274
274
274
274
274
274
274
274
274
274
274
274
274
274
274
274
274
274
274
274
274
274
274
274
274
274
274
274
274
274
274
274
274
274
274
274
274
274
274
274
274
274
274
274
274
274
274
274
274
274.003
274.067
274.969
287.769
414.389
668.85
808.793
821.998
827.067
833.869
840.201
844.259
837.83
816.567
783.81
752.669
720.675
685.074
650.069
613.238
577.212
534.294
495.513
451.361
419.285
274
274
274
274
274
274
274
274
274
274
274
274
274
274
274
274
274
274
274
274
274
274
274
274
274
274
274
274
274
274
274
274
274
274
274
274
274
274
274
274
274
274
274
274
274
274
274
274
274
274
274
274
274
274
274
274
274
274
274
274
274
274
274
274
274
274
274
274
274
274
274
274
274
274
274
274
274
274
274
274
274
274
274
274
274
274
274
274
274
274
274
274
274
274
274
274
274
274
274
274
274
274.001
274.027
274.328
277.465
306.37
452.718
645.522
741.635
753.126
749.227
737.633
721.137
696.642
669.556
644.772
620.013
592.989
567.419
537.619
509.627
477.673
449.722
421.555
400.055
274
274
274
274
274
274
274
274
274
274
274
274
274
274
274
274
274
274
274
274
274
274
274
274
274
274
274
274
274
274
274
274
274
274
274
274
274
274
274
274
274
274
274
274
274
274
274
274
274
274
274
274
274
274
274
274
274
274
274
274
274
274
274
274
274
274
274
274
274
274
274
274
274
274
274
274
274
274
274
274
274
274
274
274
274
274
274
274
274
274
274
274
274
274
274
274
274
274
274
274
274
274
274
274.01
274.101
274.82
280.102
309.131
409.24
544.904
631.813
656.162
649.636
632.359
610.328
586.675
562.853
538.447
515.718
491.325
469.453
445.568
425.417
406.932
388.621
274
274
274
274
274
274
274
274
274
274
274
274
274
274
274
274
274
274
274
274
274
274
274
274
274
274
274
274
274
274
274
274
274
274
274
274
274
274
274
274
274
274
274
274
274
274
274
274
274
274
274
274
274
274
274
274
274
274
274
274
274
274
274
274
274
274
274
274
274
274
274
274
274
274
274
274
274
274
274
274
274
274
274
274
274
274
274
274
274
274
274
274
274
274
274
274
274
274
274
274
274
274
274
274
274.002
274.028
274.196
275.082
279.033
293.172
327.948
401.517
477.545
519.049
531.495
527.116
513.776
494.548
475.809
453.415
432.165
404.303
376.476
343.239
306.282
274
274
274
274
274
274
274
274
274
274
274
274
274
274
274
274
274
274
274
274
274
274
274
274
274
274
274
274
274
274
274
274
274
274
274
274
274
274
274
274
274
274
274
274
274
274
274
274
274
274
274
274
274
274
274
274
274
274
274
274
274
274
274
274
274
274
274
274
274
274
274
274
274
274
274
274
274
274
274
274
274
274
274
274
274
274
274
274
274
274
274
274
274
274
274
274
274
274
274
274
274
274
274
274
274
274.001
274.006
274.042
274.191
274.73
276.306
280.231
288.717
301.072
313.266
325.713
338.296
337.069
329.476
313.704
301.87
292.638
286.335
281.031
277.448
274
274
274
274
274
274
274
274
274
274
274
274
274
274
274
274
274
274
274
274
274
274
274
274
274
274
274
274
274
274
274
274
274
274
274
274
274
274
274
274
274
274
274
274
274
274
274
274
274
274
274
274
274
274
274
274
274
274
274
274
274
274
274
274
274
274
274
274
274
274
274
274
274
274
274
274
274
274
274
274
274
274
274
274
274
274
274
274
274
274
274
274
274
274
274
274
274
274
274
274
274
274
274
274
274
274
274
274.001
274.008
274.035
274.111
274.301
274.737
275.554
276.629
277.673
278.483
278.651
278.394
277.639
276.884
276.004
275.325
274.753
274.386
274
274
274
274
274
274
274
274
274
274
274
274
274
274
274
274
274
274
274
274
274
274
274
274
274
274
274
274
274
274
274
274
274
274
274
274
274
274
274
274
274
274
274
274
274
274
274
274
274
274
274
274
274
274
274
274
274
274
274
274
274
274
274
274
274
274
274
274
274
274
274
274
274
274
274
274
274
274
274
274
274
274
274
274
274
274
274
274
274
274
274
274
274
274
274
274
274
274
274
274
274
274
274
274
274
274
274
274
274
274.001
274.005
274.018
274.045
274.097
274.172
274.254
274.328
274.364
274.364
274.326
274.274
274.203
274.143
274.086
274.046
274
274
274
274
274
274
274
274
274
274
274
274
274
274
274
274
274
274
274
274
274
274
274
274
274
274
274
274
274
274
274
274
274
274
274
274
274
274
274
274
274
274
274
274
274
274
274
274
274
274
274
274
274
274
274
274
274
274
274
274
274
274
274
274
274
274
274
274
274
274
274
274
274
274
274
274
274
274
274
274
274
274
274
274
274
274
274
274
274
274
274
274
274
274
274
274
274
274
274
274
274
274
274
274
274
274
274
274
274
274
274
274
274.002
274.005
274.011
274.019
274.027
274.032
274.033
274.031
274.027
274.02
274.014
274.008
274.004
274
274
274
274
274
274
274
274
274
274
274
274
274
274
274
274
274
274
274
274
274
274
274
274
274
274
274
274
274
274
274
274
274
274
274
274
274
274
274
274
274
274
274
274
274
274
274
274
274
274
274
274
274
274
274
274
274
274
274
274
274
274
274
274
274
274
274
274
274
274
274
274
274
274
274
274
274
274
274
274
274
274
274
274
274
274
274
274
274
274
274
274
274
274
274
274
274
274
274
274
274
274
274
274
274
274
274
274
274
274
274
274
274
274
274
274.001
274.001
274.002
274.002
274.002
274.002
274.001
274.001
274
274
274
274
274
274
274
274
274
274
274
274
274
274
274
274
274
274
274
274
274
274
274
274
274
274
274
274
274
274
274
274
274
274
274
274
274
274
274
274
274
274
274
274
274
274
274
274
274
274
274
274
274
274
274
274
274
274
274
274
274
274
274
274
274
274
274
274
274
274
274
274
274
274
274
274
274
274
274
274
274
274
274
274
274
274
274
274
274
274
274
274
274
274
274
274
274
274
274
274
274
274
274
274
274
274
274
274
274
274
274
274
274
274
274
274
274
274
274
274
274
274
274
274
274
274
274
274
274
274
274
274
274
274
274
274
274
274
274
274
274
274
274
274
274
274
274
274
274
274
274
274
274
274
274
274
274
274
274
274
274
274
274
274
274
274
274
274
274
274
274
274
274
274
274
274
274
274
274
274
274
274
274
274
274
274
274
274
274
274
274
274
274
274
274
274
274
274
274
274
274
274
274
274
274
274
274
274
274
274
274
274
274
274
274
274
274
274
274
274
274
274
274
274
274
274
274
274
274
274
274
274
274
274
274
274
274
274
274
274
274
274
274
274
274
274
274
274
274
274
274
274
274
274
274
274
274
274
274
274
274
274
274
274
274
274
274
274
274
274
274
274
274
274
274
274
274
274
274
274
274
274
274
274
274
274
274
274
274
274
274
274
274
274
274
274
274
274
274
274
274
274
274
274
274
274
274
274
274
274
274
274
274
274
274
274
274
274
274
274
274
274
274
274
274
274
274
274
274
274
274
274
274
274
274
274
274
274
274
274
274
274
274
274
274
274
274
274
274
274
274
274
274
274
274
274
274
274
274
274
274
274
274
274
274
274
274
274
274
274
274
274
274
274
274
274
274
274
274
274
274
274
274
274
274
274
274
274
274
274
274
274
274
274
274
274
274
274
274
274
274
274
274
274
274
274
274
274
274
274
274
274
274
274
274
274
274
274
274
274
274
274
274
274
274
274
274
274
274
274
274
274
274
274
274
274
274
274
274
274
274
274
274
274
274
274
274
274
274
274
274
274
274
274
274
274
274
274
274
274
274
274
274
274
274
274
274
274
274
274
274
274
274
274
274
274
274
274
274
274
274
274
274
274
274
274
274
274
274
274
274
274
274
274
274
274
274
274
274
274
274
274
274
274
274
274
274
274
274
274
274
274
274
274
274
274
274
274
274
274
274
274
274
274
274
274
274
274
274
274
274
274
274
274
274
274
274
274
274
274
274
274
274
274
274
274
274
274
274
274
274
274
274
274
274
274
274
274
274
274
274
274
274
274
274
274
274
274
274
274
274
274
274
274
274
274
274
274
274
274
274
274
274
274
274
274
274
274
274
274
274
274
274
274
274
274
274
274
274
274
274
274
274
274
274
274
274
274
274
274
274
274
274
274
274
274
274
274
274
274
274
274
274
274
274
274
274
274
274
274
274
274
274
274
274
274
274
274
274
274
274
274
274
274
274
274
274
274
274
274
274
274
274
274
274
274
274
274
274
274
274
274
274
274
274
274
274
274
274
274
274
274
274
274
274
274
274
274
274
274
274
274
274
274
274
274
274
274
274
274
274
274
274
274
274
274
274
274
274
274
274
274
274
274
274
274
274
274
274
274
274
274
274
274
274
274
274
274
274
274
274
274
274
274
274
274
274
274
274
274
274
274
274
274
274
274
274
274
274
274
274
274
274
274
274
274
274
274
274
274
274
274
274
274
274
274
274
274
274
274
274
274
274
274
274
274
274
274
274
274
274
274
274
274
274
274
274
274
274
274
274
274
274
274
274
274
274
274
274
274
274
274
274
274
274
274
274
274
274
274
274
274
274
274
274
274
274
274
274
274
274
274
274
274
274
274
274
274
274
274
274
274
274
274
274
274
274
274
274
274
274
274
274
274
274
274
274
274
274
274
274
274
274
274
274
274
274
274
274
274
274
274
274
274
274
274
274
274
274
274
274
274
274
274
274
274
274
274
274
274
274
274
274
274
274
274
274
274
274
274
274
274
274
274
274
274
274
274
274
274
274
274
274
274
274
274
274
274
274
274
274
274
274
274
274
274
274
274
274
274
274
274
274
274
274
274
274
274
274
274
274
274
274
274
274
274
274
274
274
274
274
274
274
274
274
274
274
274
274
274
274
274
274
274
274
274
274
274
274
274
274
274
274
274
274
274
274
274
274
274
274
274
274
274
274
274
274
274
274
274
274
274
274
274
274
274
274
274
274
274
274
274
274
274
274
274
274
274
274
274
274
274
274
274
274
274
274
274
274
274
274
274
274
274
274
274
274
274
274
274
274
274
274
274
274
274
274
274
274
274
274
274
274
274
274
274
274
274
274
274
274
274
274
274
274
274
274
274
274
274
274
274
274
274
274
274
274
274
274
274
274
274
274
274
274
274
274
274
274
274
274
274
274
274
274
274
274
274
274
274
274
274
274
274
274
274
274
274
274
274
274
274
274
274
274
274
274
274
274
274
274
274
274
274
274
274
274
274
274
274
274
274
274
274
274
274
274
274
274
274
274
274
274
274
274
274
274
274
274
274
274
274
274
274
274
274
274
274
274
274
274
274
274
274
274
274
274
274
274
274
274
274
274
274
274
274
274
274
274
274
274
274
274
274
274
274
274
274
274
274
274
274
274
274
274
274
274
274
274
274
274
274
274
274
274
274
274
274
274
274
274
274
274
274
274
274
274
274
274
274
274
274
274
274
274
274
274
274
274
274
274
274
274
274
274
274
274
274
274
274
274
274
274
274
274
274
274
274
274
274
274
274
274
274
274
274
274
274
274
274
274
274
274
274
274
274
274
274
274
274
274
274
274
274
274
274
274
274
274
274
274
274
274
274
274
274
274
274
274
274
274
274
274
274
274
274
274
274
274
274
274
274
274
274
274
274
274
274
274
274
274
274
274
274
274
274
274
274
274
274
274
274
274
274
274
274
274
274
274
274
274
274
274
274
274
274
274
274
274
274
274
274
274
274
274
274
274
274
274
274
274
274
274
274
274
274
274
274
274
274
274
274
274
274
274
274
274
274
274
274
274
274
274
274
274
274
274
274
274
274
274
274
274
274
274
274
274
274
274
274
274
274
274
274
274
274
274
274
274
274
274
274
274
274
274
274
274
274.002
274.002
274.002
274.002
274.002
274.002
274.002
274.002
274.002
274.002
274.002
274.002
274.002
274.002
274.002
274.002
274.002
274.002
274.002
274.002
274.002
274.002
274.002
274.002
274.002
274.002
274.002
274.002
274.002
274.002
274.002
274.002
274.002
274.001
274.001
274.001
274.001
274.001
274.001
274.001
274.001
274.001
274.001
274.001
274.001
274.001
274.001
274.001
274.001
274.001
274.001
274.001
274.001
274.001
274.001
274.001
274.001
274.001
274.001
274.001
274.001
274.001
274.001
274.001
274.001
274.001
274.001
274.001
274.001
274.001
274.001
274.001
274.001
274.001
274.001
274.001
274.001
274.001
274.001
274.001
274.001
274.001
274.001
274.001
274.001
274.001
274.001
274.001
274.001
274.001
274.001
274.001
274.001
274.001
274.001
274.001
274.001
274.001
274.001
274.001
274.001
274.001
274.001
274.001
274.001
274.001
274.001
274.001
274.001
274.001
274.001
274.001
274.001
274.001
274.001
274.001
274.001
274.001
274.001
274.001
274.001
274.001
274.001
274.001
274.001
)
;

boundaryField
{
    wall
    {
        type            zeroGradient;
    }
    inlet
    {
        type            fixedValue;
        value           uniform 3673;
    }
    outlet-1
    {
        type            inletOutlet;
        inletValue      uniform 274;
        value           uniform 274;
    }
    outlet-2
    {
        type            inletOutlet;
        inletValue      uniform 274;
        value           nonuniform List<scalar> 
89
(
274.002
274
274
274
274
274
274
274
274
274
274
274
274
274
274
274
274
274
274
274
274
274
274
274
274
274
274
274
274
274
274
274
274
274
274
274
274
274
274
274
274
274
274
274
274
274
274
274
274
274
274
274
274
274
274
274
274
274
274
274
274
274
274
274
274
274
274
274
274
274
274
274
274
274
274
274
274
274
274
274
274
274
274
274
274
274
274
274
274.002
)
;
    }
    frontAndBackPlanes
    {
        type            empty;
    }
}


// ************************************************************************* //
