/*--------------------------------*- C++ -*----------------------------------*\
| =========                 |                                                 |
| \\      /  F ield         | OpenFOAM: The Open Source CFD Toolbox           |
|  \\    /   O peration     | Version:  2112                                  |
|   \\  /    A nd           | Website:  www.openfoam.com                      |
|    \\/     M anipulation  |                                                 |
\*---------------------------------------------------------------------------*/
FoamFile
{
    version     2.0;
    format      ascii;
    arch        "LSB;label=32;scalar=64";
    class       volScalarField;
    location    "0.00159";
    object      T;
}
// * * * * * * * * * * * * * * * * * * * * * * * * * * * * * * * * * * * * * //

dimensions      [0 0 0 1 0 0 0];

internalField   nonuniform List<scalar> 
13875
(
1411.73
1534.9
1482.69
1486.69
1481.09
1483.52
1483.59
1482.91
1484.19
1483.16
1484.2
1483.62
1483.74
1483.75
1483.68
1483.98
1482.67
1483.47
1482.35
1483.36
1481.09
1487.25
1480.7
1532.82
1397.34
1306.97
1356.02
1319.13
1322.02
1316.61
1317.11
1317.09
1317.69
1322.53
1322.41
1322.86
1317.89
1317.51
1317.63
1318.08
1322.01
1321.74
1321.04
1317.11
1317.02
1316.11
1321.84
1319.64
1356.21
1303.74
1307.06
1339.63
1314.69
1311.08
1303.97
1304.3
1303.74
1303.61
1304.7
1303.21
1305.12
1303.78
1303.63
1303.72
1303.68
1304.55
1302.45
1303.3
1303.29
1304.47
1303.86
1310.69
1311.55
1336.42
1297.71
1317.19
1345.04
1315.14
1308.76
1305.14
1304.77
1303.95
1303.85
1303.37
1302.04
1303.46
1303.84
1303.69
1303.79
1303.7
1303.46
1302.1
1303.39
1303.6
1304.84
1304.56
1307.64
1314.03
1343.79
1311.67
1329.37
1341.74
1316.17
1311.72
1303.53
1304.14
1304.04
1303.7
1303.59
1302.17
1303.72
1303.98
1303.9
1303.93
1303.9
1303.5
1302.28
1303.22
1303.38
1304.51
1303.61
1311.4
1312.17
1338.48
1315.88
1332.21
1351.56
1319.44
1310.03
1307.11
1306.26
1305.03
1304.58
1303.8
1302.51
1303.82
1304.33
1304.34
1304.32
1304.08
1303.73
1302.75
1303.7
1304.55
1306.36
1306.5
1308.48
1319.07
1349.1
1326.2
1339.23
1360.55
1329.74
1317.09
1307.16
1306.46
1305.56
1304.79
1304
1303.35
1304.51
1304.98
1305.15
1305.08
1304.85
1304.37
1303.55
1304.31
1304.92
1306.72
1307.1
1317.11
1326.02
1358.4
1321.72
1361.82
1386.34
1345.89
1322.09
1316.86
1312.45
1309.26
1307.4
1306.1
1305.32
1305.59
1306.33
1306.79
1306.66
1306.26
1305.86
1305.27
1306.78
1308.36
1311.94
1315.43
1320.85
1341.72
1381.32
1350.99
1535.47
1509.25
1389.79
1352.49
1324.2
1317.05
1312.99
1310.37
1309.51
1308.55
1308.8
1309.33
1310.13
1309.98
1309.51
1308.87
1308.59
1310.63
1311.86
1316.23
1322.47
1348.26
1384.53
1508.5
1523.97
1863.03
1590.37
1438.91
1368.6
1346.28
1329.89
1322.24
1318.48
1316.68
1315.52
1315.8
1315.9
1317.08
1316.88
1316.37
1315.66
1315.89
1318.42
1320.38
1327.77
1341.22
1363.96
1428.35
1569.2
1832.28
2523.29
1803.47
1542.16
1446.29
1368.31
1348.94
1339.62
1335.09
1332.01
1330.77
1331.05
1330.73
1332.02
1331.81
1331.3
1330.87
1331.37
1334.02
1337.2
1346.83
1362.37
1428.6
1516.28
1810.72
2449.61
2891.91
2309.62
2121.87
1535.8
1448.33
1412.55
1385.09
1376.66
1369.74
1368.02
1367.83
1366.68
1368.09
1367.5
1367.34
1367.54
1369.11
1374.1
1380.5
1407.64
1432.34
1491.7
1764.17
2312.27
2851.88
2852.02
2772.68
2648.3
2393.75
1652.91
1552.31
1524.78
1504
1492.6
1489.36
1488.72
1484.8
1488.58
1485.25
1485.75
1486.96
1490.87
1499.75
1516.33
1546.16
1661
2377.91
2433.35
2716.09
2790.92
2770.54
2750.82
2860.43
2855.34
2231.32
2256.39
2050.59
1956.95
1917.7
1866.67
1891.66
1842.93
1881.13
1853.26
1863.23
1867.59
1888
1939.04
2045.51
2201.43
2158.68
2865.94
2874.85
2738.55
2713.64
2652.84
2744.51
2866.09
2852.67
2884.72
3186.14
3440.53
3428.7
3697.26
3555.82
3684.1
3591.08
3663.81
3629.64
3659.03
3632.69
3657.4
3543.1
3458.76
3195.59
2913.33
2872.64
2862.21
2695.02
2677.53
2537.55
2670.87
2883.25
2984.86
2997.15
3330.59
3594.55
3679.56
3690.03
3670.08
3618.32
3639.26
3592.19
3630.4
3629.01
3653.47
3679.29
3720.6
3647.55
3451.57
3054.46
2979.01
2894.83
2700.92
2592.55
2483.33
2613.26
2746.43
2947.98
3037.5
3345.33
3569.79
3664.21
3663.72
3651.95
3609.29
3619.92
3589.4
3614.18
3611.06
3635.47
3663.04
3709.29
3635.13
3457.02
3111.8
3010.43
2805.63
2606.58
2510.81
2302.08
2592.51
2848.08
2949.11
2953.88
3200.31
3364.98
3458.89
3498.76
3495.01
3502.59
3496.58
3496.66
3498.9
3497.2
3498.34
3496.84
3485.03
3407.5
3243.34
3027.21
3025.02
2858.42
2603.69
2336.56
2221.92
2315.39
2618.45
2769.11
2740.84
2873.68
3118.76
3291.66
3386.16
3403.43
3403.7
3399.07
3401.09
3402.74
3399.77
3406.33
3411.05
3378.62
3201.15
2933.17
2785.4
2836.06
2673.7
2357.26
2267.72
2311.38
2252.91
2366.82
2539.06
2559.42
2630.66
2844.11
3083.72
3239.91
3299.97
3318.53
3317.17
3319.46
3321.25
3318.52
3315.74
3289.53
3162.36
2892.62
2673.83
2599.32
2584.13
2362.9
2267.05
2365.86
2889.63
2253.05
2188.43
2339.77
2402.99
2477.12
2663.98
2904.92
3096.12
3186.67
3213.35
3220.78
3224.2
3225.14
3216.9
3205.43
3138.53
2953.88
2691.32
2505.89
2429.58
2355.69
2172.74
2221.77
2793.04
2835.28
2045.35
1992.85
2183
2276.07
2369.57
2533.03
2757.27
2952.94
3070.2
3113.58
3120.99
3123.66
3122.39
3114.86
3083.76
2984.31
2785.25
2548.78
2397.24
2294.15
2185.13
1997.04
2037.68
2836.03
2858.27
2050.54
1890.78
2065.79
2175.24
2281.06
2419.26
2627.71
2827.75
2950.89
2996.58
3011.55
3014.44
3014.26
3000.02
2963.58
2852.31
2647.12
2434.81
2308.29
2195.12
2073.1
1877.4
2045.77
2939.37
2808.65
2033.73
1880.23
2010.79
2100.46
2199.02
2329.35
2527.99
2715.4
2843.66
2893.81
2905.2
2908.34
2904.59
2892.85
2852.2
2738.18
2542.82
2337.32
2218.69
2118.13
2017.35
1870.88
2014.4
2782.17
2746.24
2031.82
1908.16
1978.46
2034.62
2116.99
2241.48
2436.67
2617.89
2738.25
2787.11
2799.89
2801.89
2800.83
2787.21
2745.09
2630.69
2439.2
2244.12
2135.04
2061.17
1992.84
1891.98
2031.76
2764.56
2710.51
2050.8
1924.41
1960.47
1987.59
2051.93
2174.31
2360.29
2528.02
2640.32
2683.93
2698.06
2703.15
2698.65
2682.63
2644.04
2540.5
2365.67
2176.59
2066.76
2010.38
1981.52
1914.78
2028.98
2699.08
2680.18
2074.96
1948.25
1956.83
1943.69
1992.73
2110.18
2288.17
2444.33
2551.29
2597.56
2604.1
2605.98
2603
2591.74
2552.14
2454.09
2288.61
2108.78
2006.7
1968.09
1978.3
1939.57
2057.88
2674.18
2681.86
2138.48
1994.84
1950.22
1915.53
1952.74
2069.23
2235.57
2377.02
2463.04
2497.6
2511.87
2517.69
2512.14
2493.53
2460.32
2377.27
2229.18
2062.42
1962.2
1937.46
1973.67
1975.71
2114.63
2671.92
2712.65
2152.35
1989.33
1937.39
1897.72
1917.4
2019.9
2171.78
2298.75
2386.05
2428.31
2429.12
2432.52
2427.54
2420.58
2385.06
2307.2
2172.2
2015.36
1927.27
1920.1
1955.5
1993.76
2109.68
2665.89
2764.5
2175.79
2014.06
1945.28
1883.77
1897.98
1997.75
2135.32
2245.71
2311.39
2337.9
2349.44
2354.24
2347.87
2330.68
2305.61
2245.67
2130.8
1987.03
1902.38
1897.35
1957.78
1999.67
2145.55
2723.38
2732.91
2174.94
2002.56
1938.89
1863.03
1885.16
1969.54
2088.36
2182.05
2242.14
2279.85
2275.69
2279.86
2275.1
2270.62
2240.34
2184.04
2082.46
1955.6
1883.1
1881.14
1950.66
2010.27
2143.03
2727.08
2724.2
2179
2027
1943.41
1854.56
1869.67
1951.73
2059.65
2137.28
2181.02
2199.98
2207
2212.46
2206.2
2192.67
2177.48
2141.32
2061.43
1940.98
1866.73
1864.41
1947.06
2005.64
2154.16
2704.01
2702.78
2179.66
2047.15
1931.64
1847.73
1859.33
1931.2
2018.13
2083.11
2121.11
2153.26
2144.21
2147.74
2142.81
2143.15
2120.01
2084.83
2018.34
1921.59
1852.51
1859.91
1944.87
2038.59
2150.35
2696.03
2666.69
2173.2
2088.11
1949.51
1848.49
1845.44
1920.85
1998.65
2049.65
2071.92
2081.82
2083.42
2089.88
2085.51
2074.37
2070.21
2053.67
2002.31
1906.84
1838.94
1850.97
1947.92
2067.52
2154.86
2663.45
2660.58
2178.93
2117.17
1944.06
1859.84
1839.66
1899.3
1959.84
1997.32
2019.31
2045.71
2031.2
2035.12
2029.77
2037.26
2018.8
2000.45
1968.92
1898.84
1830.74
1866.1
1955.32
2117.69
2148.09
2644.19
2634.23
2172.49
2113.44
1966.8
1867.01
1832.73
1888.57
1942.96
1973.39
1982.77
1983.73
1980.24
1985.68
1984.48
1977.76
1982.15
1977.33
1949.09
1879.89
1830.72
1866.63
1973.31
2122.39
2160.37
2621.58
2610.06
2162.01
2108.92
1986.07
1888.18
1842.99
1876.53
1909.74
1925.9
1932.19
1954.77
1935.52
1940.73
1933.26
1948.24
1933.67
1927.64
1920.76
1876.98
1829.32
1890.23
1998.4
2118.1
2155.5
2601.67
2594.6
2146.24
2115.15
2048.88
1902.41
1851.55
1867.85
1892.19
1904.61
1906.37
1901.51
1895.51
1899.06
1900.43
1896.98
1907.08
1908.84
1894.82
1870.5
1849.12
1893.39
2052.41
2122.59
2141.99
2582.54
2579.65
2136.68
2091.95
2039.16
1928.59
1873.12
1868.17
1866.89
1862.22
1858.29
1877.24
1856.11
1862.38
1855.25
1873.05
1860.7
1864.88
1880.91
1868.63
1867.08
1928.56
2052.41
2105.1
2127.67
2571.26
2553.93
2117.04
2072.47
2046.6
1962.74
1888.25
1885.85
1857.89
1849.8
1843.45
1833.76
1826.19
1827.29
1828.13
1828.01
1842.61
1851.78
1856.94
1881.71
1880.26
1962.36
2054.8
2087.63
2119.09
2555.43
2539.95
2115.51
2034.67
2027.02
2027.95
1916.28
1894.13
1843.92
1816.68
1798.26
1812.19
1788.46
1796.92
1791.38
1809.36
1798.63
1817.78
1853.55
1893.26
1900.2
2027.83
2037.3
2041.95
2099.07
2531.55
2511.14
2100.12
2013.44
2018.51
2021.03
1948.91
1909.85
1855.67
1815.27
1795.71
1776.89
1769.32
1767.77
1767.84
1772.23
1795.48
1814.63
1858.06
1906.07
1941.67
2021.91
2030.16
2017.8
2093.03
2510.58
2489.43
2092.01
1987.7
1979.68
2017.32
2006.44
1929.95
1863.18
1798.87
1755.53
1763.03
1734.89
1743.03
1737.05
1758.46
1753.59
1795.89
1865.26
1922.52
1982.68
2013.75
1993.11
1992.08
2084.4
2496.78
2459.09
2082.1
1976.57
1956.35
1996.45
2042.13
1951.19
1879.25
1813.87
1773.81
1734.95
1722.12
1718.84
1722.01
1731.95
1774.54
1807.39
1871.53
1953.79
2038.6
1994.66
1970.31
1978.22
2070.98
2471.19
2450.47
2081.23
1964.99
1923.42
1971.16
2024.98
2002.32
1894.5
1808.37
1738.78
1734.71
1696.33
1700.4
1697.08
1728.7
1735.05
1807
1893.74
2015.22
2022.61
1969.72
1937.72
1969.75
2072.89
2462.22
2421.75
2059.83
1956.33
1911.34
1935.39
2014.19
2085.15
1944.69
1826.25
1777.47
1719.69
1693.76
1686.98
1694.7
1714.32
1776.25
1824.16
1925.34
2071.38
2003.53
1933.59
1924.2
1961.64
2062.54
2443.11
2410.35
2057.65
1951.23
1888.01
1904.73
1983.84
2061.56
2021.64
1851.74
1748.59
1739.95
1688.4
1682.56
1685.63
1734.39
1742.73
1847.48
2005.98
2048.57
1973.23
1902.66
1901.15
1962.22
2055.57
2437.28
2377.62
2037.71
1938.7
1890.1
1888.7
1947.49
2049.37
2073.61
1891.93
1794.26
1721.55
1691.06
1683.6
1693.74
1716.19
1794.19
1906.96
2072.16
2040.84
1935.93
1885.72
1901.22
1946.62
2045.6
2404.82
2348.84
2029.39
1936.92
1873.06
1865.73
1915.28
2020.56
2051.32
1992.86
1783.75
1754.81
1695.36
1686.92
1690.08
1751.57
1778.3
2016.46
2055.32
2013.59
1904.64
1863.01
1885.18
1943.47
2036.4
2379.44
2218.31
1983.71
1909.43
1863.01
1860.34
1887.46
1980.29
2042.99
2030.9
1877.22
1756.03
1701.88
1696.24
1706.83
1752.58
1878.04
2034.85
2047.17
1983.33
1882.95
1860.42
1873.93
1915.99
1990.46
2238.47
273.905
274.004
274.067
274.077
274.03
274.06
274.155
274.237
274.286
274.266
274.2
274.125
274.068
274.033
274.015
274.006
274.002
274.001
274
274
273.999
274
274
274
273.999
274.001
273.995
274.003
273.99
274.01
274.129
274.23
274.288
274.287
274.231
274.23
274.32
274.388
274.419
274.372
274.276
274.172
274.093
274.045
274.02
274.009
274.003
274.001
274
273.999
273.999
273.999
273.999
273.999
273.998
274
273.993
274.004
273.987
274.017
274.26
274.359
274.402
274.362
274.271
274.253
274.339
274.414
274.46
274.412
274.308
274.194
274.105
274.051
274.023
274.01
274.004
274.001
274
273.999
273.999
273.999
273.999
273.999
273.999
274
273.995
274.003
273.992
274.012
274.264
274.394
274.434
274.37
274.251
274.232
274.333
274.423
274.495
274.445
274.334
274.21
274.114
274.056
274.025
274.01
274.004
274.001
274
273.999
273.999
273.999
273.999
273.999
273.999
274
273.996
274.002
273.995
274.008
274.241
274.398
274.438
274.353
274.219
274.216
274.323
274.445
274.527
274.472
274.354
274.222
274.121
274.059
274.026
274.011
274.004
274.001
274
273.999
273.999
274
274
274
273.999
274
273.997
274.002
273.997
274.005
274.219
274.417
274.451
274.325
274.202
274.217
274.319
274.472
274.557
274.49
274.365
274.228
274.124
274.06
274.027
274.011
274.004
274.001
274
273.999
273.999
274
274
274
274
274
273.998
274.001
273.999
274.004
274.219
274.459
274.482
274.346
274.226
274.24
274.346
274.503
274.581
274.498
274.368
274.229
274.124
274.06
274.027
274.011
274.004
274.001
274
273.999
273.999
274
274
274
274
274
273.999
274.001
273.999
274.003
274.247
274.53
274.549
274.43
274.325
274.33
274.428
274.551
274.602
274.499
274.367
274.228
274.124
274.06
274.026
274.01
274.004
274.001
274
273.999
273.999
274
274
274
274
274
273.999
274
274
274.003
274.327
274.722
274.782
274.74
274.67
274.624
274.643
274.669
274.645
274.505
274.365
274.225
274.122
274.059
274.026
274.01
274.003
274.001
274
273.999
273.999
274
274
274
274
274
274
274
274
274.003
274.583
275.201
275.433
275.656
275.738
275.622
275.302
275.009
274.776
274.543
274.369
274.221
274.12
274.058
274.025
274.01
274.003
274.001
274
273.999
273.999
274
274
274
274
274
274
274
274
274.002
275.343
276.455
277.269
278.333
278.941
278.779
277.627
276.199
275.243
274.69
274.41
274.223
274.116
274.055
274.024
274.009
274.003
274.001
274
274
273.999
274
274
274
274
274
274
274
274
274.002
277.555
279.713
281.431
284.7
287.707
287.802
284.943
280.716
277.124
275.266
274.566
274.26
274.12
274.053
274.022
274.008
274.003
274.001
274
274
273.999
273.999
274
274
274
274
274
274
274
274.002
282.643
287.349
291.04
295.615
300.712
305.508
306.987
298.214
284.386
277.751
275.195
274.41
274.152
274.057
274.021
274.007
274.002
274.001
274
274
274
273.999
274
274
274
274.001
274
274
274
274.002
293.392
295.465
295.401
296.813
301.579
307.328
313.765
319.028
313.131
287.536
277.919
275
274.28
274.081
274.025
274.008
274.002
274.001
274
274
274
274
274
274
274
274
274.001
274
274.001
274.001
295.247
295.661
295.342
296.486
300.631
307.059
313.899
320.426
326.193
322.92
288.825
277.469
274.761
274.179
274.042
274.01
274.002
274.001
274
274
274
274
274
274
274
274
274
274.001
274.001
274.002
294.137
294.368
293.911
294.046
296.328
303.615
312.629
320.486
327.138
332.82
326.996
287.177
276.638
274.52
274.105
274.02
274.004
274.001
274
274
274
274
274
274
274
274
274.001
274
274
274.001
290.571
291.147
290.605
290.711
291.435
297.464
307.992
318.632
327.432
334.124
339.183
323.314
283.783
275.738
274.318
274.056
274.009
274.001
274
274
274
274
274
274
274
274
274.001
274.001
274
274.001
286.999
287.522
286.94
286.825
287.115
290.978
302.265
313.835
325.985
334.772
341.64
344.967
312.348
280.191
275.023
274.174
274.027
274.004
274
274
274
274
274
274
274
274
274
274.001
274.001
274.003
279.214
281.747
283.179
283.938
285.516
286.983
297.096
309.246
322.304
334.471
342.557
349.646
347.302
296.116
277.404
274.534
274.085
274.012
274.001
274
274
274
274
274
274
274
274
274
274.001
274.002
275.92
280.271
282.456
284.507
287.331
287.453
295.077
308.115
320.429
332.945
343.511
351.266
353.27
336.234
284.82
275.658
274.248
274.037
274.004
274
274
274
274
274
274
274
274
274
274
274.001
278.033
283.083
285.293
290.839
297.313
296.543
297.216
310.219
321.356
332.528
344.012
353.012
358.797
357.845
311.837
279.059
274.72
274.104
274.014
274.001
274
274
274
274
274
274
274
274
274
274.001
271.604
285.084
293.129
315.516
333.614
327.005
320.116
323.872
331.185
337.45
345.442
355.149
363.195
363.975
351.034
288.262
276.056
274.279
274.039
274.004
274
274
274
274
274
274
274
274
274
274.002
284.494
298.878
333.003
396.977
429.505
403.588
375.663
359.764
353.539
350.485
352.033
358.183
366.948
369.013
369.243
320.156
279.607
274.731
274.097
274.013
274.001
274
274
274
274
274
274
274
274
274.002
250.234
334.996
482.171
622.191
655.257
559.781
472.616
412.657
390.754
371.835
366.396
367.289
372.335
375.658
375.927
359.292
288.006
275.866
274.235
274.03
274.003
274
274
274
274
274
274
274
274
274.002
282.577
467.655
800.458
965.84
963.367
759.977
583.471
487.974
444.759
406.575
388.421
381.563
381.596
384.382
382.759
380.744
313.766
278.432
274.537
274.068
274.008
274.001
274
274
274
274
274
274
274
274.002
274.01
273.99
274.003
273.995
274.001
273.999
274
274
274
273.999
274
274
274.001
274.002
274.006
274.015
274.033
274.068
274.125
274.2
274.266
274.286
274.237
274.155
274.06
274.029
274.077
274.067
274.004
273.905
274.017
273.987
274.004
273.993
274
273.998
273.999
273.999
273.999
273.999
273.999
274
274.001
274.003
274.009
274.02
274.045
274.093
274.172
274.276
274.372
274.418
274.387
274.32
274.23
274.231
274.287
274.288
274.23
274.129
274.012
273.992
274.003
273.995
274
273.999
273.999
273.999
273.999
273.999
273.999
274
274.001
274.004
274.01
274.023
274.051
274.105
274.194
274.308
274.412
274.46
274.414
274.338
274.253
274.271
274.362
274.403
274.359
274.261
274.008
273.995
274.002
273.996
274
273.999
273.999
273.999
273.999
273.999
273.999
274
274.001
274.004
274.01
274.025
274.056
274.114
274.21
274.334
274.445
274.495
274.422
274.333
274.232
274.251
274.37
274.434
274.394
274.264
274.005
273.997
274.002
273.997
274
273.999
274
274
274
273.999
273.999
274
274.001
274.004
274.011
274.026
274.059
274.121
274.222
274.354
274.472
274.527
274.445
274.323
274.216
274.219
274.353
274.438
274.398
274.241
274.004
273.999
274.001
273.998
274
274
274
274
274
273.999
273.999
274
274.001
274.004
274.011
274.027
274.06
274.124
274.228
274.365
274.489
274.556
274.471
274.319
274.217
274.202
274.324
274.451
274.417
274.218
274.003
273.999
274.001
273.999
274
274
274
274
274
273.999
273.999
274
274.001
274.004
274.011
274.027
274.06
274.124
274.229
274.368
274.498
274.581
274.503
274.346
274.24
274.226
274.346
274.482
274.459
274.219
274.003
274
274
273.999
274
274
274
274
274
273.999
273.999
274
274.001
274.004
274.01
274.026
274.06
274.124
274.228
274.367
274.499
274.602
274.551
274.428
274.33
274.325
274.43
274.549
274.529
274.246
274.003
274
274
274
274
274
274
274
274
273.999
273.999
274
274.001
274.003
274.01
274.026
274.059
274.122
274.225
274.365
274.505
274.645
274.668
274.643
274.624
274.669
274.74
274.782
274.722
274.327
274.002
274
274
274
274
274
274
274
274
273.999
273.999
274
274.001
274.003
274.01
274.025
274.058
274.12
274.221
274.369
274.543
274.776
275.008
275.3
275.621
275.736
275.655
275.433
275.2
274.583
274.002
274
274
274
274
274
274
274
274
273.999
274
274
274.001
274.003
274.009
274.024
274.055
274.116
274.223
274.409
274.689
275.241
276.193
277.618
278.77
278.934
278.33
277.266
276.452
275.342
274.002
274
274
274
274
274
274
274
273.999
273.999
274
274
274.001
274.003
274.008
274.022
274.053
274.12
274.26
274.565
275.264
277.113
280.692
284.908
287.76
287.675
284.687
281.423
279.706
277.549
274.002
274
274
274
274.001
274
274
274
273.999
274
274
274
274.001
274.002
274.007
274.021
274.057
274.151
274.409
275.192
277.734
284.338
298.094
306.89
305.444
300.667
295.582
291.008
287.321
282.622
274.001
274.001
274
274.001
274
274
274
274
274
274
274
274
274.001
274.002
274.008
274.025
274.081
274.28
274.996
277.896
287.452
312.94
318.927
313.693
307.271
301.537
296.778
295.365
295.432
293.351
274.002
274.001
274.001
274
274
274
274
274
274
274
274
274
274.001
274.002
274.01
274.042
274.178
274.758
277.446
288.708
322.683
326.075
320.334
313.827
307
300.593
296.446
295.306
295.63
295.218
274.001
274
274
274.001
274
274
274
274
274
274
274
274
274.001
274.004
274.02
274.105
274.517
276.62
287.069
326.701
332.684
327.027
320.393
312.559
303.557
296.293
294.001
293.871
294.334
294.11
274.001
274
274.001
274.001
274
274
274
274
274
274
274
274
274.001
274.009
274.056
274.316
275.727
283.708
322.987
339.03
333.997
327.32
318.544
307.93
297.41
291.398
290.662
290.562
291.11
290.539
274.003
274.001
274.001
274
274
274
274
274
274
274
274
274
274.004
274.027
274.173
275.017
280.144
312.005
344.798
341.503
334.648
325.894
313.772
302.223
290.925
287.055
286.776
286.892
287.479
286.972
274.002
274.001
274
274
274
274
274
274
274
274
274
274.001
274.012
274.085
274.531
277.381
295.893
347.082
349.481
342.421
334.36
322.226
309.141
297.024
286.873
285.408
283.847
283.078
281.657
279.167
274.001
274
274
274
274
274
274
274
274
274
274
274.004
274.037
274.247
275.648
284.745
335.9
353.091
351.105
343.37
332.815
320.3
307.952
294.952
287.272
287.158
284.344
282.27
280.138
275.846
274.001
274
274
274
274
274
274
274
274
274
274.001
274.014
274.103
274.716
279.025
311.546
357.641
358.618
352.846
343.863
332.349
321.118
309.886
296.946
296.145
297.001
290.59
284.998
282.876
277.946
274.002
274
274
274
274
274
274
274
274
274
274.004
274.039
274.278
276.045
288.164
350.669
363.763
362.979
354.957
345.216
337.081
330.634
323.114
319.265
325.837
332.567
315.011
292.87
284.799
271.571
274.002
274
274
274
274
274
274
274
274
274.001
274.012
274.097
274.727
279.576
319.85
368.981
368.771
366.708
357.934
351.624
349.918
352.697
358.452
373.85
400.449
427.441
395.515
332.754
298.492
284.291
274.002
274
274
274
274
274
274
274
274
274.003
274.03
274.234
275.857
287.917
358.9
375.662
375.378
372.048
366.868
365.82
370.895
389.343
410.341
468.688
553.446
652.182
618.765
482.529
334.933
250.658
274.002
274
274
274
274
274
274
274
274.001
274.008
274.068
274.536
278.409
313.459
380.427
382.459
384.063
381.201
381.043
387.569
405.146
442.599
484.399
578.509
751.812
956.248
957.633
804.972
467.888
282.743
274.002
274.002
274.002
274.002
274.002
274.002
274.002
274.002
274.002
274.002
274.002
274.002
274.002
274.002
274.002
274.002
274.002
274.002
274.002
274.002
274.002
274.002
274.002
274.002
274.002
274.002
274.002
274.002
274.002
274.002
274.002
274.002
274.002
274.002
274.002
274.002
274.002
274.002
274.002
274.002
274.002
274.002
274.002
274.002
274.002
274.002
274.002
274.002
274.002
274.002
274.002
274.002
274.002
274.002
274.002
274.002
274.002
274.002
274.002
274.002
274.002
274.002
274.002
274.002
274.002
274.002
274.002
274.002
274.002
274.002
274.002
274.002
274.002
274.002
274.002
274.002
274.002
274.002
274.002
274.002
274.002
274.002
274.002
274.002
274.002
274.002
274.002
274.002
274.002
274.002
274.002
274.002
274.002
274.002
274.002
274.002
274.002
274.002
274.002
274.002
274.002
274.002
274.002
274.002
274.002
274.002
274.002
274.002
274.002
274.002
274.002
274.002
274.002
274.002
274.002
274.002
274.002
274.002
274.002
274.002
274.002
274.002
274.002
274.002
274.002
274
274
274
274
274
274
274
274
274
274
274
274
274
274
274
274
274
274
274
274
274
274
274
274
274
274
274
274
274
274
274
274
274
274
274
274
274
274
274
274
274
274
274
274
274
274
274
274
274
274
274
274
274
274
274
274
274
274
274
274
274
274
274
274
274
274
274
274
274
274
274
274
274
274
274
274
274
274
274
274
274
274
274
274
274
274
274
274
274
274
274
274
274
274
274
274
274
274
274
274
274
274
274
274
274
274
274
274
274
274
274
274
274
274
274
274
274
274
274
274
274
274
274
274
274
274
274
274
274
274
274
274
274
274
274
274
274
274
274
274
274
274
274
274
274
274
274
274
274
274
274
274
274
274
274
274
274
274
274
274
274
274
274
274
274
274
274
274
274
274
274
274
274
274
274
274
274
274
274
274
274
274
274
274
274
274
274
274
274
274
274
274
274
274
274
274
274
274
274
274
274
274
274
274
274
274
274
274
274
274
274
274
274
274
274
274
274
274
274
274
274
274
274
274
274
274
274
274
274
274
274
274
274
274
274
274
274
274
274
274
274
274
274
274
274
274
274
274
274
274
274
274
274
274
274
274
274
274
274
274
274
274
274
274
274
274
274
274
274
274
274
274
274
274
274
274
274
274
274
274
274
274
274
274
274
274
274
274
274
274
274
274
274
274
274
274
274
274
274
274
274
274
274
274
274
274
274
274
274
274
274
274
274
274
274
274
274
274
274
274
274
274
274
274
274
274
274
274
274
274
274
274
274
274
274
274
274
274
274
274
274
274
274
274
274
274
274
274
274
274
274
274
274
274
274
274
274
274
274
274
274
274
274
274
274
274
274
274
274
274
274
274
274
274
274
274
274
274
274
274
274
274
274
274
274
274
274
274
274
274
274
274
274
274
274
274
274
274
274
274
274
274
274
274
274
274
274
274
274
274
274
274
274
274
274
274
274
274
274
274
274
274
274
274
274
274
274
274
274
274
274
274
274
274
274
274
274
274
274
274
274
274
274
274
274
274
274
274
274
274
274
274
274
274
274
274
274
274
274
274
274
274
274
274
274
274
274
274
274
274
274
274
274
274
274
274
274
274
274
274
274
274
274
274
274
274
274
274
274
274
274
274
274
274
274
274
274
274
274
274
274
274
274
274
274
274
274
274
274
274
274
274
274
274
274
274
274
274
274
274
274
274
274
274
274
274
274
274
274
274
274
274
274
274
274
274
274
274
274
274
274
274
274
274
274
274
274
274
274
274
274
274
274
274
274
274
274
274
274
274
274
274
274
274
274
274
274
274
274
274
274
274
274
274
274
274
274
274
274
274
274
274
274
274
274
274
274
274
274
274
274
274
274
274
274
274
274
274
274
274
274
274
274
274
274
274
274
274
274
274
274
274
274
274
274
274
274
274
274
274
274
274
274
274
274
274
274
274
274
274
274
274
274
274
274
274
274
274
274
274
274
274
274
274
274
274
274
274
274
274
274
274
274
274
274
274
274
274
274
274
274
274
274
274
274
274
274
274
274
274
274
274
274
274
274
274
274
274
274
274
274
274
274
274
274
274
274
274
274
274
274
274
274
274
274
274
274
274
274
274
274
274
274
274
274
274
274
274
274
274
274
274
274
274
274
274
274
274
274
274
274
274
274
274
274
274
274
274
274
274
274
274
274
274
274
274
274
274
274
274
274
274
274
274
274
274
274
274
274
274
274
274
274
274
274
274
274
274
274
274
274
274
274
274
274
274
274
274
274
274
274
274
274
274
274
274
274
274
274
274
274
274
274
274
274
274
274
274
274
274
274
274
274
274
274
274
274
274
274
274
274
274
274
274
274
274
274
274
274
274
274
274
274
274
274
274
274
274
274
274
274
274
274
274
274
274
274
274
274
274
274
274
274
274
274
274
274
274
274
274
274
274
274
274
274
274
274
274
274
274
274
274
274
274
274
274
274
274.001
274.001
274.002
274.003
274.003
274.004
274.004
274.005
274.004
274.004
274.003
274.003
274.002
274.001
274.001
274.001
274
274
274
274
274
274
274
274
274
274
274
274
274
274
274
274
274
274
274
274
274
274
274
274
274
274
274
274
274
274
274
274
274
274
274
274
274
274
274
274
274
274
274
274
274
274
274
274
274
274
274
274
274
274
274
274
274
274
274
274
274
274
274
274
274
274
274
274
274
274
274
274
274
274
274
274
274
274
274
274
274
274
274
274
274
274
274
274
274
274
274
274
274
274
274
274
274
274
274
274
274
274
274
274
274
274
274.001
274.003
274.008
274.015
274.025
274.036
274.047
274.057
274.063
274.065
274.063
274.057
274.051
274.042
274.034
274.025
274.017
274.011
274.006
274.003
274.002
274
274
274
274
274
274
274
274
274
274
274
274
274
274
274
274
274
274
274
274
274
274
274
274
274
274
274
274
274
274
274
274
274
274
274
274
274
274
274
274
274
274
274
274
274
274
274
274
274
274
274
274
274
274
274
274
274
274
274
274
274
274
274
274
274
274
274
274
274
274
274
274
274
274
274
274
274
274
274
274
274
274
274
274
274
274
274
274
274
274
274
274
274
274
274
274
274
274
274
274
274
274.001
274.003
274.011
274.03
274.068
274.138
274.248
274.395
274.553
274.692
274.788
274.828
274.804
274.734
274.632
274.528
274.419
274.324
274.234
274.16
274.103
274.062
274.034
274.018
274
274
274
274
274
274
274
274
274
274
274
274
274
274
274
274
274
274
274
274
274
274
274
274
274
274
274
274
274
274
274
274
274
274
274
274
274
274
274
274
274
274
274
274
274
274
274
274
274
274
274
274
274
274
274
274
274
274
274
274
274
274
274
274
274
274
274
274
274
274
274
274
274
274
274
274
274
274
274
274
274
274
274
274
274
274
274
274
274
274
274
274
274
274
274
274
274
274
274
274.001
274.005
274.021
274.072
274.222
274.601
275.39
276.806
278.939
281.609
284.221
286.114
286.916
286.776
285.651
283.975
282.041
280.287
278.662
277.405
276.344
275.523
274.918
274.52
274.283
274.146
274
274
274
274
274
274
274
274
274
274
274
274
274
274
274
274
274
274
274
274
274
274
274
274
274
274
274
274
274
274
274
274
274
274
274
274
274
274
274
274
274
274
274
274
274
274
274
274
274
274
274
274
274
274
274
274
274
274
274
274
274
274
274
274
274
274
274
274
274
274
274
274
274
274
274
274
274
274
274
274
274
274
274
274
274
274
274
274
274
274
274
274
274
274
274
274
274
274.001
274.005
274.027
274.122
274.496
275.735
279.477
288.781
307.333
341.423
379.831
417.665
441.014
449.852
447.418
438.462
422.196
402.065
378.719
355.42
330.865
309.825
296.468
288.455
282.746
278.783
276.452
275.196
274
274
274
274
274
274
274
274
274
274
274
274
274
274
274
274
274
274
274
274
274
274
274
274
274
274
274
274
274
274
274
274
274
274
274
274
274
274
274
274
274
274
274
274
274
274
274
274
274
274
274
274
274
274
274
274
274
274
274
274
274
274
274
274
274
274
274
274
274
274
274
274
274
274
274
274
274
274
274
274
274
274
274
274
274
274
274
274
274
274
274
274
274
274
274
274
274.003
274.024
274.139
274.713
277.353
288.112
328.639
414.149
523.941
603.635
643.421
652.131
641.094
622.69
601.302
578.759
556.043
533.754
512.8
492.552
473.84
455.123
437.249
415.623
389.484
358.505
322.714
293.919
283.943
274
274
274
274
274
274
274
274
274
274
274
274
274
274
274
274
274
274
274
274
274
274
274
274
274
274
274
274
274
274
274
274
274
274
274
274
274
274
274
274
274
274
274
274
274
274
274
274
274
274
274
274
274
274
274
274
274
274
274
274
274
274
274
274
274
274
274
274
274
274
274
274
274
274
274
274
274
274
274
274
274
274
274
274
274
274
274
274
274
274
274
274
274
274
274.001
274.013
274.1
274.666
278.164
297.547
387.055
544.514
683.579
750.848
758.616
742.719
720.377
695.312
670.601
645.85
621.43
597.004
572.852
549.773
528.2
507.718
489.105
470.869
454.965
440.102
427.638
416.529
404.685
385.017
353.646
274
274
274
274
274
274
274
274
274
274
274
274
274
274
274
274
274
274
274
274
274
274
274
274
274
274
274
274
274
274
274
274
274
274
274
274
274
274
274
274
274
274
274
274
274
274
274
274
274
274
274
274
274
274
274
274
274
274
274
274
274
274
274
274
274
274
274
274
274
274
274
274
274
274
274
274
274
274
274
274
274
274
274
274
274
274
274
274
274
274
274
274
274
274.004
274.045
274.395
277.193
298.506
417.471
624.449
778.917
827.957
820.258
801.037
780.072
755.707
732.139
711.048
690.123
668.91
646.636
623.1
599.429
575.718
552.54
530.061
508.76
487.027
467.836
449.491
434.655
421.079
409.579
399.178
390.165
274
274
274
274
274
274
274
274
274
274
274
274
274
274
274
274
274
274
274
274
274
274
274
274
274
274
274
274
274
274
274
274
274
274
274
274
274
274
274
274
274
274
274
274
274
274
274
274
274
274
274
274
274
274
274
274
274
274
274
274
274
274
274
274
274
274
274
274
274
274
274
274
274
274
274
274
274
274
274
274
274
274
274
274
274
274
274
274
274
274
274
274
274.012
274.143
275.459
288.991
401.17
643.56
828.22
873.078
863.953
845.264
825.618
808.138
794.597
782.496
769.617
754.424
735.557
714.756
691.724
667.106
640.029
613.61
587.346
562.184
537.606
512.056
489.203
466.35
448.317
430.522
415.776
402.793
391.521
274
274
274
274
274
274
274
274
274
274
274
274
274
274
274
274
274
274
274
274
274
274
274
274
274
274
274
274
274
274
274
274
274
274
274
274
274
274
274
274
274
274
274
274
274
274
274
274
274
274
274
274
274
274
274
274
274
274
274
274
274
274
274
274
274
274
274
274
274
274
274
274
274
274
274
274
274
274
274
274
274
274
274
274
274
274
274
274
274
274
274.001
274.029
274.402
279.393
342.925
590.618
836.893
904.645
899.108
882.188
865.174
848.756
842.8
846.26
853.778
856.782
852.082
843.235
827.943
808.698
783.686
755.263
719.88
681.922
644.938
612.318
580.055
547.042
517.43
487.385
464.228
440.735
422.673
407.624
394.453
274
274
274
274
274
274
274
274
274
274
274
274
274
274
274
274
274
274
274
274
274
274
274
274
274
274
274
274
274
274
274
274
274
274
274
274
274
274
274
274
274
274
274
274
274
274
274
274
274
274
274
274
274
274
274
274
274
274
274
274
274
274
274
274
274
274
274
274
274
274
274
274
274
274
274
274
274
274
274
274
274
274
274
274
274
274
274
274
274
274.003
274.063
275.052
291.858
465.255
783.745
922.58
927.844
914.566
899.898
886.334
882.056
888.835
912.862
950.897
997.398
1025.28
1032.39
1029.04
1013.71
991.017
956.496
915.041
860.2
796.361
739.694
695.135
651.956
607.91
566.717
525.871
494.762
461.516
437.04
414.166
395.117
274
274
274
274
274
274
274
274
274
274
274
274
274
274
274
274
274
274
274
274
274
274
274
274
274
274
274
274
274
274
274
274
274
274
274
274
274
274
274
274
274
274
274
274
274
274
274
274
274
274
274
274
274
274
274
274
274
274
274
274
274
274
274
274
274
274
274
274
274
274
274
274
274
274
274
274
274
274
274
274
274
274
274
274
274
274
274
274
274.004
274.119
276.574
327.865
624.623
905.095
949.245
942.448
930.385
918.998
914.089
923.335
951.241
1007.09
1089.39
1189.4
1297.13
1336.67
1332.79
1310.12
1280.07
1247.23
1195.12
1129.74
1046.24
954.93
881.121
823.968
766.459
707.123
648.461
591.43
546.419
498.644
466.464
432.087
402.279
274
274
274
274
274
274
274
274
274
274
274
274
274
274
274
274
274
274
274
274
274
274
274
274
274
274
274
274
274
274
274
274
274
274
274
274
274
274
274
274
274
274
274
274
274
274
274
274
274
274
274
274
274
274
274
274
274
274
274
274
274
274
274
274
274
274
274
274
274
274
274
274
274
274
274
274
274
274
274
274
274
274
274
274
274
274
274
274.006
274.2
279.506
394.474
769.656
956.641
964.517
956.171
948.617
942.883
947.173
970.728
1029.55
1128.2
1266.3
1429.04
1562.32
1594.22
1578.9
1556.53
1534.13
1515.37
1474.64
1406.25
1333.48
1246.93
1165.19
1091.2
1017.95
948.314
869.956
786.298
703.989
633.772
562.028
517.753
464.711
420.113
274
274
274
274
274
274
274
274
274
274
274
274
274
274
274
274
274
274
274
274
274
274
274
274
274
274
274
274
274
274
274
274
274
274
274
274
274
274
274
274
274
274
274
274
274
274
274
274
274
274
274
274
274
274
274
274
274
274
274
274
274
274
274
274
274
274
274
274
274
274
274
274
274
274
274
274
274
274
274
274
274
274
274
274
274
274
274.007
274.293
283.729
469.292
866.819
978.306
977.394
972.03
969.517
970.329
983.585
1024.15
1110.84
1263.14
1478.93
1671.87
1724.06
1715.42
1673.68
1641.87
1633.47
1634.05
1624.16
1578.5
1540.5
1517.76
1476.67
1424.97
1368.14
1303.12
1245.05
1147.52
1032.75
914.455
797.433
679.031
606.449
519.68
452.67
274
274
274
274
274
274
274
274
274
274
274
274
274
274
274
274
274
274
274
274
274
274
274
274
274
274
274
274
274
274
274
274
274
274
274
274
274
274
274
274
274
274
274
274
274
274
274
274
274
274
274
274
274
274
274
274
274
274
274
274
274
274
274
274
274
274
274
274
274
274
274
274
274
274
274
274
274
274
274
274
274
274
274
274
274
274.007
274.361
287.802
529.393
924.894
992.753
990.407
991.001
993.86
1001.44
1024.21
1079.97
1191.84
1384.68
1654.28
1804.29
1820.88
1796.78
1743.48
1692.79
1694.85
1736.39
1781.22
1786.05
1767.23
1774.19
1790.12
1827.11
1837.18
1806.44
1757.1
1736.74
1649.67
1530.81
1335.55
1125.16
901.718
763.664
613.702
510.898
274
274
274
274
274
274
274
274
274
274
274
274
274
274
274
274
274
274
274
274
274
274
274
274
274
274
274
274
274
274
274
274
274
274
274
274
274
274
274
274
274
274
274
274
274
274
274
274
274
274
274
274
274
274
274
274
274
274
274
274
274
274
274
274
274
274
274
274
274
274
274
274
274
274
274
274
274
274
274
274
274
274
274
274
274.006
274.364
289.452
560.908
959.295
1007.03
1005.63
1011.26
1019.88
1035.13
1067.06
1136.17
1268.77
1485.89
1750.72
1858.49
1869.81
1849.96
1829.92
1789.24
1786.59
1840.92
1985.16
2100.35
2104.16
2088.75
2091.12
2108.71
2117.04
2093.45
2062.32
2024.37
2005.97
1902.92
1826.07
1658.68
1530.44
1245.09
1020.45
744.812
579.1
274
274
274
274
274
274
274
274
274
274
274
274
274
274
274
274
274
274
274
274
274
274
274
274
274
274
274
274
274
274
274
274
274
274
274
274
274
274
274
274
274
274
274
274
274
274
274
274
274
274
274
274
274
274
274
274
274
274
274
274
274
274
274
274
274
274
274
274
274
274
274
274
274
274
274
274
274
274
274
274
274
274
274
274.004
274.292
287.374
555.136
974.305
1022.76
1021.25
1030
1044.03
1067.42
1109.22
1188.85
1333.02
1566.05
1807.56
1880.11
1878.74
1879.5
1871.82
1867.71
1879.97
1917.25
2094.34
2230.49
2253.21
2260.92
2166.57
2156.47
2073.44
1959.77
1920.99
1903.9
1847.51
1767.51
1675.38
1639.98
1592.34
1581.18
1487.56
1367.41
1054.8
730.568
274
274
274
274
274
274
274
274
274
274
274
274
274
274
274
274
274
274
274
274
274
274
274
274
274
274
274
274
274
274
274
274
274
274
274
274
274
274
274
274
274
274
274
274
274
274
274
274
274
274
274
274
274
274
274
274
274
274
274
274
274
274
274
274
274
274
274
274
274
274
274
274
274
274
274
274
274
274
274
274
274
274
274.002
274.183
282.819
509.952
964.237
1036.62
1034.66
1043.51
1063.2
1093.97
1146.63
1235.12
1382.27
1613.89
1837.89
1897.68
1893.9
1872.48
1856.87
1874.88
1892.77
1888.63
1975.13
2184.48
2204.64
2103.18
2059.19
1922.89
1675.82
1613.56
1601.09
1647.1
1706.82
1720.55
1695.93
1637.67
1536.78
1479.07
1451.43
1529.93
1444.27
1244.83
980.906
274
274
274
274
274
274
274
274
274
274
274
274
274
274
274
274
274
274
274
274
274
274
274
274
274
274
274
274
274
274
274
274
274
274
274
274
274
274
274
274
274
274
274
274
274
274
274
274
274
274
274
274
274
274
274
274
274
274
274
274
274
274
274
274
274
274
274
274
274
274
274
274
274
274
274
274
274
274
274
274
274
274.001
274.086
278.46
435.324
919.031
1043.59
1042.89
1050.88
1075.37
1112.76
1172.1
1266.77
1408.73
1619.37
1839.01
1903.5
1904.46
1876.27
1822.66
1743.8
1688
1702.41
1616.93
1599.51
1657.14
1723.32
1359.37
1229.38
1248.66
1175.77
1129.88
1093.98
1079.96
1131.94
1220.55
1290.07
1361.73
1417.75
1433.55
1418.15
1352.88
1396.14
1417.27
1170.41
274
274
274
274
274
274
274
274
274
274
274
274
274
274
274
274
274
274
274
274
274
274
274
274
274
274
274
274
274
274
274
274
274
274
274
274
274
274
274
274
274
274
274
274
274
274
274
274
274
274
274
274
274
274
274
274
274
274
274
274
274
274
274
274
274
274
274
274
274
274
274
274
274
274
274
274
274
274
274
274
274.001
274.031
275.757
353.157
818.629
1041.1
1045.85
1053.32
1079.71
1122.67
1180.42
1265.4
1391.44
1577.11
1804.28
1895.53
1904.36
1885.46
1840.98
1764.05
1596.33
1532.03
1423.28
1405.68
1410.43
1365.58
1235.64
1154.11
1038.01
1018.38
976.126
999.631
1064.26
1058.44
1091.34
1119.55
1173.32
1259.65
1333.71
1395.64
1422.75
1384.09
1295.03
1374.34
1255.9
274
274
274
274
274
274
274
274
274
274
274
274
274
274
274
274
274
274
274
274
274
274
274
274
274
274
274
274
274
274
274
274
274
274
274
274
274
274
274
274
274
274
274
274
274
274
274
274
274
274
274
274
274
274
274
274
274
274
274
274
274
274
274
274
274
274
274
274
274
274
274
274
274
274
274
274
274
274
274
274
274.009
274.561
298.648
648.879
1017.85
1046.3
1054.72
1081.9
1123
1174.13
1230.68
1312.99
1465.57
1699.21
1868.86
1901.2
1897.17
1862.96
1810.51
1654.32
1540.37
1381.41
1324.27
1306.2
1289.76
1265.56
1168.91
1084.03
1025.71
1003.34
998.992
998.652
1013.48
1033.72
1064.44
1098.82
1150.73
1219.64
1306.14
1382.04
1457.27
1488.46
1410.93
1275.05
1182.95
274
274
274
274
274
274
274
274
274
274
274
274
274
274
274
274
274
274
274
274
274
274
274
274
274
274
274
274
274
274
274
274
274
274
274
274
274
274
274
274
274
274
274
274
274
274
274
274
274
274
274
274
274
274
274
274
274
274
274
274
274
274
274
274
274
274
274
274
274
274
274
274
274
274
274
274
274
274
274
274.002
274.149
280.969
479.733
939.956
1042.96
1061.1
1096.42
1140.85
1173.63
1211.57
1264.69
1367.42
1549.18
1780.13
1881.48
1893.58
1874.68
1829.39
1716.56
1602.75
1501.17
1407.31
1366.43
1330.33
1292.29
1292.72
1265.11
1129.69
1050.89
977.988
960.118
969.098
971.606
982.852
989.213
1021.59
1058.34
1122.98
1228.76
1321.79
1426.32
1526.97
1557.48
1355.95
1262.51
274
274
274
274
274
274
274
274
274
274
274
274
274
274
274
274
274
274
274
274
274
274
274
274
274
274
274
274
274
274
274
274
274
274
274
274
274
274
274
274
274
274
274
274
274
274
274
274
274
274
274
274
274
274
274
274
274
274
274
274
274
274
274
274
274
274
274
274
274
274
274
274
274
274
274
274
274
274
274.001
274.038
275.951
357.461
816.351
1037.2
1059.6
1086.8
1130.02
1182.26
1241.98
1299.77
1374.32
1500.64
1690.33
1843.46
1877.98
1873.35
1847.36
1799.89
1637.22
1520.79
1444.45
1437.51
1446.23
1431.82
1429.11
1411.46
1362.15
1243.8
1196.47
1134.59
1061.31
1058.88
1047.67
1041.84
1041.62
1057.08
1072.27
1106.51
1139.67
1180.82
1240.38
1317.82
1465.38
1638.32
1699.46
274
274
274
274
274
274
274
274
274
274
274
274
274
274
274
274
274
274
274
274
274
274
274
274
274
274
274
274
274
274
274
274
274
274
274
274
274
274
274
274
274
274
274
274
274
274
274
274
274
274
274
274
274
274
274
274
274
274
274
274
274
274
274
274
274
274
274
274
274
274
274
274
274
274
274
274
274
274
274.004
274.237
283.642
511.76
960.113
1054.91
1088.46
1127.79
1168.81
1214.97
1273.66
1342.6
1438.24
1575.49
1745.98
1860.73
1885.43
1883.02
1863.1
1748.11
1687.14
1565.82
1502.41
1487.63
1469.2
1458.4
1451.07
1431.31
1410.6
1337.5
1272.69
1245.53
1182
1152.97
1163.85
1165.43
1141.95
1139.11
1158.58
1195.84
1251.05
1323.92
1427.44
1556.25
1646.11
1714.95
1961.38
274
274
274
274
274
274
274
274
274
274
274
274
274
274
274
274
274
274
274
274
274
274
274
274
274
274
274
274
274
274
274
274
274
274
274
274
274
274
274
274
274
274
274
274
274
274
274
274
274
274
274
274
274
274
274
274
274
274
274
274
274
274
274
274
274
274
274
274
274
274
274
274
274
274
274
274
274
274
274.009
274.481
293.097
602.849
1004.58
1070.94
1098.09
1131.95
1174.39
1225.53
1289.79
1359.09
1453.97
1592.72
1759.6
1864.77
1885.58
1882.64
1857.67
1731.8
1693.54
1565.46
1520.88
1512.72
1504.25
1501.45
1497.77
1491.5
1460.61
1400.17
1303.42
1264.11
1244.51
1201.65
1190.98
1216.45
1193.33
1190.21
1195.64
1218.98
1260.65
1334.81
1439.59
1592
1746.85
1884.98
2007.72
274
274
274
274
274
274
274
274
274
274
274
274
274
274
274
274
274
274
274
274
274
274
274
274
274
274
274
274
274
274
274
274
274
274
274
274
274
274
274
274
274
274
274
274
274
274
274
274
274
274
274
274
274
274
274
274
274
274
274
274
274
274
274
274
274
274
274
274
274
274
274
274
274
274
274
274
274
274.001
274.025
275.242
327.294
748.937
1045.74
1077.63
1096.42
1132.95
1185.47
1249.73
1313.27
1380.93
1478.38
1623.63
1788.76
1870.14
1885.58
1883.41
1851.57
1726.61
1655.18
1583.58
1560.19
1547.46
1526.58
1504.55
1497.86
1496.16
1503.48
1506.73
1398.65
1298.94
1297.06
1270.94
1253.37
1263.66
1262.71
1255.34
1281.21
1289.19
1298.4
1334.54
1388.26
1489.35
1642.63
1810.94
2029.05
274
274
274
274
274
274
274
274
274
274
274
274
274
274
274
274
274
274
274
274
274
274
274
274
274
274
274
274
274
274
274
274
274
274
274
274
274
274
274
274
274
274
274
274
274
274
274
274
274
274
274
274
274
274
274
274
274
274
274
274
274
274
274
274
274
274
274
274
274
274
274
274
274
274
274
274
274
274.002
274.078
277.48
401.011
876.443
1060.85
1088.76
1122.36
1170.98
1220.32
1277.13
1331.03
1397.75
1502.24
1660.23
1813.08
1870.79
1880.74
1874.54
1816.94
1739.87
1685.26
1616.98
1602.67
1597.72
1585.16
1574.22
1558.15
1559.07
1532.95
1507.17
1503.45
1410.93
1338.59
1322.84
1313.87
1293.96
1313.95
1305
1349.2
1396.11
1410.92
1461.35
1523.77
1596.75
1697.72
1798.84
1923.66
274
274
274
274
274
274
274
274
274
274
274
274
274
274
274
274
274
274
274
274
274
274
274
274
274
274
274
274
274
274
274
274
274
274
274
274
274
274
274
274
274
274
274
274
274
274
274
274
274
274
274
274
274
274
274
274
274
274
274
274
274
274
274
274
274
274
274
274
274
274
274
274
274
274
274
274
274
274.004
274.234
283.471
509.692
975.195
1078.58
1100.43
1135.23
1182.15
1231.57
1290.11
1349.04
1418.81
1527.22
1687.43
1823.73
1868.5
1873.81
1862.32
1779.56
1734.1
1684.61
1660.87
1667.78
1671.63
1660.83
1638.17
1602.48
1629.32
1624.21
1577.28
1559.76
1541.29
1438.42
1382.21
1372.41
1339.81
1329.35
1354.79
1366.92
1429.89
1445.95
1499.08
1578.11
1659.04
1747.46
1795.16
1870.35
274
274
274
274
274
274
274
274
274
274
274
274
274
274
274
274
274
274
274
274
274
274
274
274
274
274
274
274
274
274
274
274
274
274
274
274
274
274
274
274
274
274
274
274
274
274
274
274
274
274
274
274
274
274
274
274
274
274
274
274
274
274
274
274
274
274
274
274
274
274
274
274
274
274
274
274
274
274.011
274.556
295.721
617.548
1026.12
1087.79
1113.69
1159.1
1217.98
1271.92
1332.63
1387.38
1449.46
1548.97
1700.64
1827.04
1863.39
1866.09
1849.73
1769.02
1731.23
1678.04
1667.07
1670.24
1673.14
1671.7
1671.4
1645.94
1664.48
1682.7
1681.24
1656.73
1636.89
1582.11
1481.98
1462.51
1432.19
1401.52
1420.43
1419.37
1466
1524.88
1557.79
1624.82
1678.85
1757.95
1779.94
1844.35
274
274
274
274
274
274
274
274
274
274
274
274
274
274
274
274
274
274
274
274
274
274
274
274
274
274
274
274
274
274
274
274
274
274
274
274
274
274
274
274
274
274
274
274
274
274
274
274
274
274
274
274
274
274
274
274
274
274
274
274
274
274
274
274
274
274
274
274
274
274
274
274
274
274
274
274
274.001
274.025
275.225
324.864
737.19
1058.54
1101.29
1131.86
1185.26
1250.84
1305.16
1359.78
1410.51
1471.41
1572.22
1717.75
1826.72
1856.38
1858.57
1830.34
1770.42
1725.16
1684.37
1685.67
1706.9
1725
1729.06
1731.57
1727.66
1729.43
1719.24
1749.92
1749.19
1723.44
1696.97
1618.06
1535.62
1546.83
1509.58
1490.32
1530.33
1548.34
1617.59
1619.43
1677.31
1726.97
1765.66
1816.35
1839.81
274
274
274
274
274
274
274
274
274
274
274
274
274
274
274
274
274
274
274
274
274
274
274
274
274
274
274
274
274
274
274
274
274
274
274
274
274
274
274
274
274
274
274
274
274
274
274
274
274
274
274
274
274
274
274
274
274
274
274
274
274
274
274
274
274
274
274
274
274
274
274
274
274
274
274
274
274.001
274.053
276.422
368.296
830.158
1073.51
1109.86
1147.31
1206.75
1274.23
1330.88
1382.67
1434.81
1494.96
1591.51
1730.21
1824.02
1851.1
1853.58
1811.73
1768.84
1714.75
1690.15
1695.85
1721
1748.08
1764.76
1780.71
1788.39
1791.76
1793.3
1795.85
1836.07
1838.5
1822.7
1782.22
1704.55
1597.98
1621.95
1596.73
1579.12
1626.63
1630.39
1694.96
1702.19
1763.73
1803.56
1836.53
1853.66
274
274
274
274
274
274
274
274
274
274
274
274
274
274
274
274
274
274
274
274
274
274
274
274
274
274
274
274
274
274
274
274
274
274
274
274
274
274
274
274
274
274
274
274
274
274
274
274
274
274
274
274
274
274
274
274
274
274
274
274
274
274
274
274
274
274
274
274
274
274
274
274
274
274
274
274
274.002
274.105
278.46
421.925
903.533
1085.56
1116.94
1155.56
1214.38
1280.54
1338.69
1393.61
1451
1516.03
1611.23
1738.26
1823.72
1849.74
1852.28
1798.58
1777.21
1728.62
1721.43
1743.4
1778.44
1797.82
1807.69
1824.02
1831.53
1845.1
1859.61
1876.88
1883.01
1918.97
1940.2
1945.21
1904.5
1857.7
1727.17
1723.59
1725.39
1697.38
1762.21
1747.89
1798.7
1822.23
1871.58
1893.02
1936.78
274
274
274
274
274
274
274
274
274
274
274
274
274
274
274
274
274
274
274
274
274
274
274
274
274
274
274
274
274
274
274
274
274
274
274
274
274
274
274
274
274
274
274
274
274
274
274
274
274
274
274
274
274
274
274
274
274
274
274
274
274
274
274
274
274
274
274
274
274
274
274
274
274
274
274
274
274.004
274.18
281.288
474.292
950.948
1091.16
1121.39
1163.47
1225.14
1292.06
1349.37
1402.92
1459.54
1525.42
1626.57
1750.2
1826.96
1847.11
1837.7
1801.97
1761.92
1720.52
1719.13
1735.82
1763.37
1785.39
1811.9
1842.5
1857.83
1882.51
1915.05
1943.79
1959.9
1990.85
2027.1
2054.63
2065.8
2045.28
2024.99
1871.28
1843.25
1858.33
1831.59
1876.86
1871.53
1915.81
1932.83
1976.77
2005.89
274
274
274
274
274
274
274
274
274
274
274
274
274
274
274
274
274
274
274
274
274
274
274
274
274
274
274
274
274
274
274
274
274
274
274
274
274
274
274
274
274
274
274
274
274
274
274
274
274
274
274
274
274
274
274
274
274
274
274
274
274
274
274
274
274
274
274
274
274
274
274
274
274
274
274
274
274.005
274.283
285.053
523.605
986.474
1096.39
1125.15
1168.28
1230.52
1297.02
1354.64
1408.92
1464.3
1531.04
1634.46
1759.19
1826.66
1842.22
1825.65
1800.73
1752.96
1721.7
1723.71
1745.43
1775.57
1800.2
1835.96
1855.5
1871.01
1900.64
1938.44
1976.96
1996.09
2025.54
2064.6
2102.39
2141.61
2164.49
2170.91
2177.3
2032.26
1957.39
1969.16
1925.34
1967.44
1952.8
1990.14
2002.88
2024.87
274
274
274
274
274
274
274
274
274
274
274
274
274
274
274
274
274
274
274
274
274
274
274
274
274
274
274
274
274
274
274
274
274
274
274
274
274
274
274
274
274
274
274
274
274
274
274
274
274
274
274
274
274
274
274
274
274
274
274
274
274
274
274
274
274
274
274
274
274
274
274
274
274
274
274
274
274.008
274.396
289.132
561.915
1007.25
1098.22
1127.62
1172.96
1237.06
1304.46
1362.11
1415.1
1467.3
1533.88
1638.6
1766.66
1828.28
1842.93
1816.94
1793.3
1738.14
1719.81
1723.6
1746.07
1777.57
1805.77
1849.77
1877.39
1894.57
1922.29
1956.83
1989.79
2016.69
2052.1
2089.27
2123.65
2165.35
2205.71
2241.61
2257.23
2266.52
2143.86
2024.45
2047.14
1979.14
1999.27
1995.73
2016.18
1988.43
274
274
274
274
274
274
274
274
274
274
274
274
274
274
274
274
274
274
274
274
274
274
274
274
274
274
274
274
274
274
274
274
274
274
274
274
274
274
274
274
274
274
274
274
274
274
274
274
274
274
274
274
274
274
274
274
274
274
274
274
274
274
274
274
274
274
274
274
274
274
274
274
274
274
274
274
274.01
274.52
293.599
594.187
1023.9
1105.46
1137.38
1185.92
1253.06
1320.89
1375.7
1423.01
1467.28
1531.85
1638.11
1770.64
1830.91
1846.02
1807.85
1780.16
1725.89
1715.08
1719.16
1741.17
1773.98
1807.45
1853.66
1890.73
1918.26
1943.97
1969.38
1993.31
2018.64
2059.92
2109.21
2145.91
2180.62
2218.3
2273.83
2298.88
2312.66
2318.01
2250.58
2119.03
2094.44
2030.9
2017.06
1976.49
1846.13
274
274
274
274
274
274
274
274
274
274
274
274
274
274
274
274
274
274
274
274
274
274
274
274
274
274
274
274
274
274
274
274
274
274
274
274
274
274
274
274
274
274
274
274
274
274
274
274
274
274
274
274
274
274
274
274
274
274
274
274
274
274
274
274
274
274
274
274
274
274
274
274
274
274
274
274
274.012
274.615
296.925
613.282
1033.3
1113.61
1147.88
1199.59
1271.73
1340.7
1391.34
1429.43
1459.65
1525.53
1639.02
1775.79
1833.29
1845.27
1804.25
1768.17
1716
1708.39
1711.04
1730.19
1762.53
1800.02
1851.19
1895.28
1929.02
1955.86
1971.23
1982.52
1997.6
2029.1
2076.35
2126.64
2182.42
2215.7
2255.98
2306.2
2346.29
2353
2347.23
2331.17
2203.58
2143.48
1923.61
1805.71
1724.03
274
274
274
274
274
274
274
274
274
274
274
274
274
274
274
274
274
274
274
274
274
274
274
274
274
274
274
274
274
274
274
274
274
274
274
274
274
274
274
274
274
274
274
274
274
274
274
274
274
274
274
274
274
274
274
274
274
274
274
274
274
274
274
274
274
274
274
274
274
274
274
274
274
274
274
274
274.014
274.66
298.538
622.051
1038.59
1117.46
1151.21
1203.26
1277.33
1347.52
1395.5
1427.27
1458.67
1524.28
1639.33
1776.15
1833.32
1843.93
1804.44
1762.82
1712.08
1705.63
1708.19
1727.2
1760.41
1800.83
1856.59
1908.31
1954.55
1998.65
2030.84
2047.73
2057.04
2075.61
2112.71
2156.5
2195.84
2225.65
2248.39
2275.51
2330.5
2388.09
2414.36
2426.27
2434.09
2171.21
1900.56
1789.34
1722.13
274
274
274
274
274
274
274
274
274
274
274
274
274
274
274
274
274
274
274
274
274
274
274
274
274
274
274
274
274
274
274
274
274
274
274
274
274
274
274
274
274
274
274
274
274
274
274
274
274
274
274
274
274
274
274
274
274
274
274
274
274
274
274
274
274
274
274
274
274
274
274
274
274
274
274
274
274.013
274.618
297.072
614.208
1033.94
1113.92
1147.99
1199.64
1271.95
1341.02
1391.62
1429.19
1459.04
1525.23
1639.26
1775.61
1832.92
1845.18
1803.93
1767.45
1715.55
1708.04
1711.02
1731.01
1764.24
1802.54
1856.47
1907.08
1949.44
1981.19
1999.96
2007.86
2015.91
2038.8
2078.98
2124.87
2172.43
2217.42
2270.48
2319.98
2350.07
2355.52
2352.73
2307.61
2194.46
2135.13
1931.66
1819.31
1725
274
274
274
274
274
274
274
274
274
274
274
274
274
274
274
274
274
274
274
274
274
274
274
274
274
274
274
274
274
274
274
274
274
274
274
274
274
274
274
274
274
274
274
274
274
274
274
274
274
274
274
274
274
274
274
274
274
274
274
274
274
274
274
274
274
274
274
274
274
274
274
274
274
274
274
274
274.01
274.526
293.841
595.848
1024.9
1106.14
1138.12
1186.79
1254.11
1321.81
1376.37
1423.35
1467.35
1532.06
1638.64
1770.5
1830.18
1845.31
1808.3
1778.31
1723.34
1712.13
1715.41
1736.25
1767.98
1800.73
1846.58
1885.69
1917.86
1948.33
1976.87
1997.18
2021.63
2060.53
2108.9
2159.73
2198.81
2248.46
2299.12
2320.27
2327.84
2329.21
2225.48
2107.03
2093.19
2030.75
2018.51
1979.38
1853.5
274
274
274
274
274
274
274
274
274
274
274
274
274
274
274
274
274
274
274
274
274
274
274
274
274
274
274
274
274
274
274
274
274
274
274
274
274
274
274
274
274
274
274
274
274
274
274
274
274
274
274
274
274
274
274
274
274
274
274
274
274
274
274
274
274
274
274
274
274
274
274
274
274
274
274
274
274.008
274.403
289.4
564.233
1008.87
1098.75
1127.97
1173.36
1237.69
1305.04
1362.58
1415.63
1467.89
1534.66
1639.51
1767.3
1826.47
1841.47
1817.2
1790.74
1734.79
1716.41
1719.73
1742.15
1773.85
1802.66
1840.16
1871.06
1892.38
1920.36
1953.18
1982.53
2015.84
2058.83
2100.68
2137.72
2185.45
2234.18
2255.11
2263.25
2268.09
2133.11
2029.81
2040.79
1981.58
2005.04
2001.07
2022.34
1995.76
274
274
274
274
274
274
274
274
274
274
274
274
274
274
274
274
274
274
274
274
274
274
274
274
274
274
274
274
274
274
274
274
274
274
274
274
274
274
274
274
274
274
274
274
274
274
274
274
274
274
274
274
274
274
274
274
274
274
274
274
274
274
274
274
274
274
274
274
274
274
274
274
274
274
274
274
274.006
274.29
285.311
526.628
988.896
1097.05
1125.46
1168.57
1230.99
1297.43
1355.07
1409.48
1465.63
1533.13
1634.58
1760.6
1825.16
1840.49
1825.35
1798.21
1748.48
1717.74
1719.38
1741.4
1772.52
1798.97
1828.64
1852.29
1866.4
1894.58
1934.51
1971.13
1995.34
2037.53
2084.14
2116.42
2160.23
2175.78
2173.5
2170.98
2031.3
1950.7
1956.99
1919.74
1964.04
1954.99
1996.96
2012.46
2030.13
274
274
274
274
274
274
274
274
274
274
274
274
274
274
274
274
274
274
274
274
274
274
274
274
274
274
274
274
274
274
274
274
274
274
274
274
274
274
274
274
274
274
274
274
274
274
274
274
274
274
274
274
274
274
274
274
274
274
274
274
274
274
274
274
274
274
274
274
274
274
274
274
274
274
274
274
274.004
274.186
281.498
477.755
954.331
1092.03
1121.71
1163.65
1225.35
1291.9
1348.7
1403.16
1461.49
1528.25
1627.38
1751.45
1826.47
1845.77
1837.33
1799.73
1757.16
1716.13
1714.73
1732.54
1762.47
1785.92
1806.24
1833.75
1846.83
1872.38
1912.71
1942.76
1964.72
2007.22
2045.05
2066.84
2075.99
2042.08
2023.46
1884.29
1836.28
1858.35
1824.81
1870.84
1871.4
1921.64
1942.37
1991.24
2013.58
274
274
274
274
274
274
274
274
274
274
274
274
274
274
274
274
274
274
274
274
274
274
274
274
274
274
274
274
274
274
274
274
274
274
274
274
274
274
274
274
274
274
274
274
274
274
274
274
274
274
274
274
274
274
274
274
274
274
274
274
274
274
274
274
274
274
274
274
274
274
274
274
274
274
274
274
274.002
274.109
278.618
425.641
908.264
1086.75
1117.29
1155.63
1214.37
1279.74
1336.72
1395.34
1454.1
1518.39
1614.07
1740.21
1823.7
1849.08
1851.55
1795.43
1771.79
1723.86
1716.58
1737.95
1774.04
1795.05
1805.47
1823.15
1833.45
1848.91
1874.29
1897.36
1906.2
1938.74
1949.56
1942.21
1893.95
1856.05
1738.57
1715.4
1730.11
1692.38
1755.21
1747.35
1805.64
1833.1
1882.39
1910.78
1944.47
274
274
274
274
274
274
274
274
274
274
274
274
274
274
274
274
274
274
274
274
274
274
274
274
274
274
274
274
274
274
274
274
274
274
274
274
274
274
274
274
274
274
274
274
274
274
274
274
274
274
274
274
274
274
274
274
274
274
274
274
274
274
274
274
274
274
274
274
274
274
274
274
274
274
274
274
274.001
274.056
276.523
371.605
836.769
1075.12
1110.35
1147.55
1206.9
1273
1329.15
1387.82
1439.65
1499.81
1596.51
1732.65
1825.21
1851.11
1853.31
1808
1763.11
1710.72
1687.19
1694.17
1722.45
1752.33
1771.09
1780.47
1786.76
1793.85
1805.1
1813.46
1847.2
1851.1
1820.91
1776.06
1701.38
1598.48
1617.64
1603.61
1576.11
1632.26
1623.96
1693.71
1710.41
1760.39
1812.73
1841.84
1857.78
274
274
274
274
274
274
274
274
274
274
274
274
274
274
274
274
274
274
274
274
274
274
274
274
274
274
274
274
274
274
274
274
274
274
274
274
274
274
274
274
274
274
274
274
274
274
274
274
274
274
274
274
274
274
274
274
274
274
274
274
274
274
274
274
274
274
274
274
274
274
274
274
274
274
274
274
274.001
274.026
275.285
327.733
746.435
1060.79
1101.49
1131.81
1185.3
1247.89
1307.89
1366.82
1415.96
1476.24
1578.99
1723.45
1829.41
1857.64
1858.61
1827.3
1764.43
1720.72
1682.24
1684.47
1709.15
1727.96
1731.57
1732.66
1731.45
1736.27
1734.36
1767.11
1758.39
1713.68
1689.58
1608.43
1524.77
1537.25
1509.86
1482.57
1520.38
1537.77
1611.58
1618.38
1670.08
1731.13
1765.24
1816.93
1839.04
274
274
274
274
274
274
274
274
274
274
274
274
274
274
274
274
274
274
274
274
274
274
274
274
274
274
274
274
274
274
274
274
274
274
274
274
274
274
274
274
274
274
274
274
274
274
274
274
274
274
274
274
274
274
274
274
274
274
274
274
274
274
274
274
274
274
274
274
274
274
274
274
274
274
274
274
274
274.011
274.589
297.206
628.785
1030.19
1087.48
1112.57
1158.22
1216.62
1275.52
1335.18
1387.82
1451.42
1556.23
1709.66
1832.23
1865.11
1866.83
1845.58
1764.72
1727.65
1675.56
1664.36
1668.9
1671.45
1670.14
1670.93
1646.74
1669.65
1688.05
1680.4
1645.35
1619.91
1567.75
1476.51
1449.42
1436.02
1400.46
1422.28
1428.13
1466.76
1529.9
1560.64
1625.38
1681.71
1762.97
1789.07
1852.72
274
274
274
274
274
274
274
274
274
274
274
274
274
274
274
274
274
274
274
274
274
274
274
274
274
274
274
274
274
274
274
274
274
274
274
274
274
274
274
274
274
274
274
274
274
274
274
274
274
274
274
274
274
274
274
274
274
274
274
274
274
274
274
274
274
274
274
274
274
274
274
274
274
274
274
274
274
274.005
274.253
284.271
521.07
983.46
1077.1
1097.62
1133.34
1183.09
1234.38
1291.67
1350.26
1422.61
1534.13
1697.45
1829.86
1871.06
1874.78
1859.51
1770.2
1728.42
1680.24
1658.26
1666.58
1669.35
1655.52
1631.74
1597.17
1621.35
1611.96
1555.37
1531.09
1523.07
1430.72
1375.48
1368.48
1344.24
1329.07
1353.24
1353.95
1421.87
1447.02
1487.18
1573.17
1645.1
1741.42
1794.58
1869.55
274
274
274
274
274
274
274
274
274
274
274
274
274
274
274
274
274
274
274
274
274
274
274
274
274
274
274
274
274
274
274
274
274
274
274
274
274
274
274
274
274
274
274
274
274
274
274
274
274
274
274
274
274
274
274
274
274
274
274
274
274
274
274
274
274
274
274
274
274
274
274
274
274
274
274
274
274
274.002
274.086
277.827
410.958
888.792
1059.6
1084.97
1119.78
1170.1
1225.25
1280.95
1335.87
1405.22
1511.19
1671.36
1820.89
1874.31
1882.66
1873.34
1806.87
1733.18
1678.48
1609.14
1593.8
1588.39
1572.48
1558.28
1542.11
1541.37
1514.23
1486.58
1480.47
1397.73
1347.31
1325.48
1312.42
1282.99
1313.37
1304.7
1337.06
1389.19
1406.83
1455.29
1519.81
1592.15
1692.1
1803.85
1925.36
274
274
274
274
274
274
274
274
274
274
274
274
274
274
274
274
274
274
274
274
274
274
274
274
274
274
274
274
274
274
274
274
274
274
274
274
274
274
274
274
274
274
274
274
274
274
274
274
274
274
274
274
274
274
274
274
274
274
274
274
274
274
274
274
274
274
274
274
274
274
274
274
274
274
274
274
274
274.001
274.027
275.36
332.758
763.501
1045.94
1075.07
1094.67
1132
1188.54
1254.23
1317.37
1387.83
1488.07
1635.28
1800.03
1874.55
1887.97
1883.05
1841.09
1716.16
1644.25
1575.68
1551.34
1536.6
1509.6
1482.63
1469.9
1462.4
1465.41
1470.8
1412.4
1307.98
1297.54
1274.04
1241.67
1250.94
1258.92
1245.46
1272.69
1283.3
1292.84
1339.59
1389.26
1507.12
1661.81
1824.46
2054.6
274
274
274
274
274
274
274
274
274
274
274
274
274
274
274
274
274
274
274
274
274
274
274
274
274
274
274
274
274
274
274
274
274
274
274
274
274
274
274
274
274
274
274
274
274
274
274
274
274
274
274
274
274
274
274
274
274
274
274
274
274
274
274
274
274
274
274
274
274
274
274
274
274
274
274
274
274
274
274.01
274.523
294.905
616.556
1007.51
1069.77
1096.77
1131.98
1176.76
1231.04
1293.82
1365.41
1462.85
1603.49
1771.8
1870.7
1888.58
1882.97
1849.86
1719.53
1677
1547.79
1505.83
1497.87
1482.5
1469.26
1465.29
1458.82
1430.86
1382.23
1296.92
1261.16
1241.58
1205.64
1175.43
1206.06
1199.13
1193.14
1194.48
1223.48
1264.36
1338.65
1438.03
1606.03
1745.49
1909.76
2034.49
274
274
274
274
274
274
274
274
274
274
274
274
274
274
274
274
274
274
274
274
274
274
274
274
274
274
274
274
274
274
274
274
274
274
274
274
274
274
274
274
274
274
274
274
274
274
274
274
274
274
274
274
274
274
274
274
274
274
274
274
274
274
274
274
274
274
274
274
274
274
274
274
274
274
274
274
274
274
274.005
274.258
284.459
521.756
965.233
1054.44
1088.01
1128.65
1171.42
1221.97
1278.05
1349.55
1446.32
1585.73
1758.19
1867.8
1888.99
1884.03
1856.16
1724.95
1672.99
1545.4
1485.16
1469.19
1446.09
1430
1422.17
1402.4
1381.77
1326.19
1268.86
1248.2
1183.35
1148.7
1148.25
1161.11
1146.52
1143.01
1161.91
1198.68
1256.38
1327.05
1426.83
1565.87
1657.25
1738.34
1987.08
274
274
274
274
274
274
274
274
274
274
274
274
274
274
274
274
274
274
274
274
274
274
274
274
274
274
274
274
274
274
274
274
274
274
274
274
274
274
274
274
274
274
274
274
274
274
274
274
274
274
274
274
274
274
274
274
274
274
274
274
274
274
274
274
274
274
274
274
274
274
274
274
274
274
274
274
274
274
274.001
274.042
276.095
362.606
824.008
1037.56
1060.71
1088.72
1132.32
1189.09
1248.03
1305.46
1381.87
1510.41
1702.41
1852.61
1882.38
1874.2
1840.01
1774.93
1611.17
1492.21
1420.38
1416.2
1419.32
1392.91
1386.95
1374.33
1327.03
1260.38
1203.08
1145.63
1060.89
1052.67
1044.86
1041.87
1042.87
1059.02
1076.34
1114.01
1149.84
1185.75
1245.31
1323.87
1462.83
1650.08
1703.56
274
274
274
274
274
274
274
274
274
274
274
274
274
274
274
274
274
274
274
274
274
274
274
274
274
274
274
274
274
274
274
274
274
274
274
274
274
274
274
274
274
274
274
274
274
274
274
274
274
274
274
274
274
274
274
274
274
274
274
274
274
274
274
274
274
274
274
274
274
274
274
274
274
274
274
274
274
274
274
274.002
274.162
281.545
489.291
947.688
1044.85
1062.78
1098.42
1143.82
1180.56
1216.06
1270.86
1374.27
1558.77
1794.89
1888.12
1897.58
1869.26
1810.33
1666.99
1564.63
1444.89
1361.03
1328.97
1294.94
1260.26
1268.54
1262.31
1136.31
1048.02
979.327
957.119
969.158
973.837
989.271
1002.24
1039.27
1074.36
1132.19
1238.31
1320.73
1427.32
1531.91
1566.93
1358.15
1265.48
274
274
274
274
274
274
274
274
274
274
274
274
274
274
274
274
274
274
274
274
274
274
274
274
274
274
274
274
274
274
274
274
274
274
274
274
274
274
274
274
274
274
274
274
274
274
274
274
274
274
274
274
274
274
274
274
274
274
274
274
274
274
274
274
274
274
274
274
274
274
274
274
274
274
274
274
274
274
274
274
274.01
274.607
300.951
661.758
1021.68
1049.44
1059.73
1088.94
1123.99
1172.62
1232.33
1318.73
1472.47
1714.61
1877.33
1905.47
1899.07
1853.57
1787.84
1602.16
1500.64
1349.67
1301
1283.16
1269.59
1272.46
1167.88
1090.91
1034.3
1012.43
1009.83
1003.97
1022.07
1046.12
1081.21
1111.64
1156.66
1226.37
1308.5
1385.16
1463.04
1494.69
1420.73
1265.39
1180.74
274
274
274
274
274
274
274
274
274
274
274
274
274
274
274
274
274
274
274
274
274
274
274
274
274
274
274
274
274
274
274
274
274
274
274
274
274
274
274
274
274
274
274
274
274
274
274
274
274
274
274
274
274
274
274
274
274
274
274
274
274
274
274
274
274
274
274
274
274
274
274
274
274
274
274
274
274
274
274
274
274.001
274.034
275.91
359.361
831.247
1045.3
1049.69
1057.15
1083.02
1124.98
1182.58
1269.24
1397.92
1592.09
1818.38
1901.58
1906.7
1880
1823.2
1728.33
1579.82
1511.83
1408.02
1395.45
1406.51
1385.64
1237.96
1165
1055.22
1038
999.226
1020.19
1081.06
1074.88
1106.9
1129.23
1179.04
1264.34
1335.3
1398.15
1426.9
1391.27
1296.07
1368.17
1261.04
274
274
274
274
274
274
274
274
274
274
274
274
274
274
274
274
274
274
274
274
274
274
274
274
274
274
274
274
274
274
274
274
274
274
274
274
274
274
274
274
274
274
274
274
274
274
274
274
274
274
274
274
274
274
274
274
274
274
274
274
274
274
274
274
274
274
274
274
274
274
274
274
274
274
274
274
274
274
274
274
274
274.001
274.095
278.88
445.482
930.011
1047.01
1045.86
1053.94
1078.06
1115.49
1175.24
1272.14
1419.53
1638.1
1850.72
1904.92
1900.77
1866.78
1806.21
1714.05
1679.62
1692.47
1621.28
1601.55
1692.66
1733.41
1372.24
1251.83
1261.29
1187.01
1148.17
1096.99
1091.74
1145.98
1219.2
1283.4
1360.92
1413.68
1431.74
1417.57
1351.43
1384.25
1422.15
1181.61
274
274
274
274
274
274
274
274
274
274
274
274
274
274
274
274
274
274
274
274
274
274
274
274
274
274
274
274
274
274
274
274
274
274
274
274
274
274
274
274
274
274
274
274
274
274
274
274
274
274
274
274
274
274
274
274
274
274
274
274
274
274
274
274
274
274
274
274
274
274
274
274
274
274
274
274
274
274
274
274
274
274
274.003
274.201
283.672
521.76
972.593
1039.45
1037.45
1046.58
1065.9
1096.82
1150.73
1241.69
1393.36
1631.59
1846.85
1896.3
1888.85
1860.27
1840.36
1860.12
1876.05
1874.93
1993.9
2181.85
2201.78
2110.23
2066.2
1938.44
1690.55
1630.73
1607.35
1645.11
1696.43
1708.45
1698.01
1658.79
1544.1
1476.01
1448.48
1508.96
1440.89
1253.45
986.189
274
274
274
274
274
274
274
274
274
274
274
274
274
274
274
274
274
274
274
274
274
274
274
274
274
274
274
274
274
274
274
274
274
274
274
274
274
274
274
274
274
274
274
274
274
274
274
274
274
274
274
274
274
274
274
274
274
274
274
274
274
274
274
274
274
274
274
274
274
274
274
274
274
274
274
274
274
274
274
274
274
274
274
274.004
274.323
288.725
568.06
981.583
1025.64
1024.07
1032.76
1046.74
1070.56
1113.75
1195.44
1343.63
1581.91
1815.04
1876.44
1874.33
1865.27
1854.42
1850.41
1864.44
1923.14
2081.42
2210.02
2236.25
2248.59
2153.39
2140.73
2058.88
1964.71
1933.45
1915.97
1857.75
1770.86
1674.56
1623.8
1592.85
1579.8
1480.46
1363.26
1061.57
738.606
274
274
274
274
274
274
274
274
274
274
274
274
274
274
274
274
274
274
274
274
274
274
274
274
274
274
274
274
274
274
274
274
274
274
274
274
274
274
274
274
274
274
274
274
274
274
274
274
274
274
274
274
274
274
274
274
274
274
274
274
274
274
274
274
274
274
274
274
274
274
274
274
274
274
274
274
274
274
274
274
274
274
274
274
274.006
274.404
291.12
574.915
967.15
1009.73
1008.09
1013.93
1022.78
1038.32
1071.05
1141.91
1277.55
1499
1756.07
1853.12
1856.89
1833.07
1810.43
1770.92
1766.63
1820.77
1954.25
2072.16
2079.76
2070.75
2077.25
2097.18
2107.25
2076.68
2047.05
2019.4
2000.11
1888.72
1807.28
1658.76
1534.92
1264.38
1040.21
754.362
584.611
274
274
274
274
274
274
274
274
274
274
274
274
274
274
274
274
274
274
274
274
274
274
274
274
274
274
274
274
274
274
274
274
274
274
274
274
274
274
274
274
274
274
274
274
274
274
274
274
274
274
274
274
274
274
274
274
274
274
274
274
274
274
274
274
274
274
274
274
274
274
274
274
274
274
274
274
274
274
274
274
274
274
274
274
274
274.008
274.404
289.415
544.065
934.894
995.325
992.5
993.535
996.323
1004.35
1027.46
1085.03
1198.47
1391.12
1653.65
1793.17
1805.76
1778.77
1720.85
1675.26
1675.76
1711.88
1755.9
1761.84
1749.08
1767.07
1787.81
1823.4
1830.61
1796.26
1754.12
1742.37
1661.72
1537.76
1345.54
1140.98
913.803
771.945
618.5
514.095
274
274
274
274
274
274
274
274
274
274
274
274
274
274
274
274
274
274
274
274
274
274
274
274
274
274
274
274
274
274
274
274
274
274
274
274
274
274
274
274
274
274
274
274
274
274
274
274
274
274
274
274
274
274
274
274
274
274
274
274
274
274
274
274
274
274
274
274
274
274
274
274
274
274
274
274
274
274
274
274
274
274
274
274
274
274
274.008
274.329
284.961
484.039
879.955
981.162
979.109
973.884
971.528
972.481
986.496
1027.43
1115.01
1262.48
1469.17
1655.32
1706.22
1696.69
1654.78
1624.78
1613.87
1614.1
1606.06
1565.98
1533.44
1512.06
1475.59
1422.96
1365.54
1303.32
1250.02
1155.82
1039.8
920.607
804.689
684.289
610.411
522.267
454.594
274
274
274
274
274
274
274
274
274
274
274
274
274
274
274
274
274
274
274
274
274
274
274
274
274
274
274
274
274
274
274
274
274
274
274
274
274
274
274
274
274
274
274
274
274
274
274
274
274
274
274
274
274
274
274
274
274
274
274
274
274
274
274
274
274
274
274
274
274
274
274
274
274
274
274
274
274
274
274
274
274
274
274
274
274
274
274
274.007
274.224
280.247
406.773
786.085
960.207
966.064
957.396
949.724
944.524
949.37
972.871
1029.81
1124.16
1255.82
1412.15
1544.69
1575.16
1558.1
1535.12
1515.7
1499.56
1462.16
1397.47
1326.79
1245.65
1164.77
1093.45
1018.88
951.015
873.535
790.017
707.664
637.044
564.688
519.774
466.113
421.188
274
274
274
274
274
274
274
274
274
274
274
274
274
274
274
274
274
274
274
274
274
274
274
274
274
274
274
274
274
274
274
274
274
274
274
274
274
274
274
274
274
274
274
274
274
274
274
274
274
274
274
274
274
274
274
274
274
274
274
274
274
274
274
274
274
274
274
274
274
274
274
274
274
274
274
274
274
274
274
274
274
274
274
274
274
274
274
274
274.005
274.133
276.923
335.05
641.455
913.168
951.042
943.266
931.167
920.203
915.158
923.984
950.164
1003.14
1081.14
1176.63
1275.55
1313.15
1312.79
1293.44
1266.29
1235.4
1186.37
1123.33
1042.42
952.9
881.326
823.85
767.417
708.614
650.283
593.456
548.063
500.123
467.645
432.966
402.942
274
274
274
274
274
274
274
274
274
274
274
274
274
274
274
274
274
274
274
274
274
274
274
274
274
274
274
274
274
274
274
274
274
274
274
274
274
274
274
274
274
274
274
274
274
274
274
274
274
274
274
274
274
274
274
274
274
274
274
274
274
274
274
274
274
274
274
274
274
274
274
274
274
274
274
274
274
274
274
274
274
274
274
274
274
274
274
274
274
274.003
274.07
275.183
294.148
478.555
797.322
925.432
928.749
915.046
900.456
886.852
881.868
887.886
910.155
945.137
987.136
1014.54
1021.85
1019.22
1005.25
983.874
950.598
910.279
857.048
793.955
738.921
694.753
652.115
608.562
567.638
527.022
495.705
462.428
437.809
414.75
395.569
274
274
274
274
274
274
274
274
274
274
274
274
274
274
274
274
274
274
274
274
274
274
274
274
274
274
274
274
274
274
274
274
274
274
274
274
274
274
274
274
274
274
274
274
274
274
274
274
274
274
274
274
274
274
274
274
274
274
274
274
274
274
274
274
274
274
274
274
274
274
274
274
274
274
274
274
274
274
274
274
274
274
274
274
274
274
274
274
274
274
274.001
274.033
274.447
280.05
350.923
605.392
844.239
905.974
899.826
882.776
865.003
848.407
842.099
844.536
849.807
851.638
846.866
838.864
824.189
805.382
781.312
753.196
718.164
680.402
644.271
611.985
580.131
547.505
518.075
488.192
464.919
441.389
423.234
408.076
394.83
274
274
274
274
274
274
274
274
274
274
274
274
274
274
274
274
274
274
274
274
274
274
274
274
274
274
274
274
274
274
274
274
274
274
274
274
274
274
274
274
274
274
274
274
274
274
274
274
274
274
274
274
274
274
274
274
274
274
274
274
274
274
274
274
274
274
274
274
274
274
274
274
274
274
274
274
274
274
274
274
274
274
274
274
274
274
274
274
274
274
274
274.001
274.013
274.158
275.628
290.69
410.129
654.321
833.443
874.532
864.565
845.478
825.329
807.475
793.404
781.178
767.999
752.745
734.06
713.279
690.835
666.471
639.734
613.325
587.318
562.28
537.924
512.621
489.862
467.049
448.909
431.053
416.236
403.181
391.851
274
274
274
274
274
274
274
274
274
274
274
274
274
274
274
274
274
274
274
274
274
274
274
274
274
274
274
274
274
274
274
274
274
274
274
274
274
274
274
274
274
274
274
274
274
274
274
274
274
274
274
274
274
274
274
274
274
274
274
274
274
274
274
274
274
274
274
274
274
274
274
274
274
274
274
274
274
274
274
274
274
274
274
274
274
274
274
274
274
274
274
274
274
274.004
274.05
274.435
277.517
300.934
424.666
632.725
783.296
829.069
820.467
801.032
779.508
755.079
731.495
710.721
689.899
668.66
646.815
623.407
599.873
576.158
553.043
530.581
509.347
487.7
468.492
450.094
435.163
421.525
409.975
399.529
390.485
274
274
274
274
274
274
274
274
274
274
274
274
274
274
274
274
274
274
274
274
274
274
274
274
274
274
274
274
274
274
274
274
274
274
274
274
274
274
274
274
274
274
274
274
274
274
274
274
274
274
274
274
274
274
274
274
274
274
274
274
274
274
274
274
274
274
274
274
274
274
274
274
274
274
274
274
274
274
274
274
274
274
274
274
274
274
274
274
274
274
274
274
274
274
274.001
274.015
274.11
274.723
278.493
299.27
391.76
550.221
686.944
752.253
758.835
742.538
720.046
695.058
670.445
645.691
621.515
597.24
573.34
550.288
528.764
508.278
489.683
471.479
455.543
440.622
428.096
416.941
405.075
385.459
354.084
274
274
274
274
274
274
274
274
274
274
274
274
274
274
274
274
274
274
274
274
274
274
274
274
274
274
274
274
274
274
274
274
274
274
274
274
274
274
274
274
274
274
274
274
274
274
274
274
274
274
274
274
274
274
274
274
274
274
274
274
274
274
274
274
274
274
274
274
274
274
274
274
274
274
274
274
274
274
274
274
274
274
274
274
274
274
274
274
274
274
274
274
274
274
274
274
274.003
274.026
274.149
274.759
277.546
288.778
330.861
417.015
526.904
605.254
644.224
652.294
641.098
622.702
601.383
578.941
556.382
534.126
513.259
493.084
474.437
455.749
437.857
416.201
390.02
358.974
323.077
294.061
284.001
274
274
274
274
274
274
274
274
274
274
274
274
274
274
274
274
274
274
274
274
274
274
274
274
274
274
274
274
274
274
274
274
274
274
274
274
274
274
274
274
274
274
274
274
274
274
274
274
274
274
274
274
274
274
274
274
274
274
274
274
274
274
274
274
274
274
274
274
274
274
274
274
274
274
274
274
274
274
274
274
274
274
274
274
274
274
274
274
274
274
274
274
274
274
274
274
274
274.001
274.005
274.029
274.129
274.519
275.804
279.649
289.154
308.007
342.448
381.024
418.934
442.409
451.245
448.768
439.651
423.331
403.211
379.837
356.395
331.581
310.217
296.615
288.542
282.794
278.808
276.464
275.201
274
274
274
274
274
274
274
274
274
274
274
274
274
274
274
274
274
274
274
274
274
274
274
274
274
274
274
274
274
274
274
274
274
274
274
274
274
274
274
274
274
274
274
274
274
274
274
274
274
274
274
274
274
274
274
274
274
274
274
274
274
274
274
274
274
274
274
274
274
274
274
274
274
274
274
274
274
274
274
274
274
274
274
274
274
274
274
274
274
274
274
274
274
274
274
274
274
274
274
274.001
274.005
274.022
274.075
274.229
274.617
275.417
276.852
279.004
281.705
284.363
286.284
287.09
286.929
285.786
284.095
282.136
280.353
278.7
277.425
276.355
275.529
274.922
274.521
274.284
274.146
274
274
274
274
274
274
274
274
274
274
274
274
274
274
274
274
274
274
274
274
274
274
274
274
274
274
274
274
274
274
274
274
274
274
274
274
274
274
274
274
274
274
274
274
274
274
274
274
274
274
274
274
274
274
274
274
274
274
274
274
274
274
274
274
274
274
274
274
274
274
274
274
274
274
274
274
274
274
274
274
274
274
274
274
274
274
274
274
274
274
274
274
274
274
274
274
274
274
274
274
274
274.001
274.003
274.011
274.03
274.069
274.14
274.251
274.399
274.56
274.701
274.798
274.837
274.813
274.741
274.638
274.532
274.421
274.325
274.234
274.16
274.103
274.062
274.034
274.018
274
274
274
274
274
274
274
274
274
274
274
274
274
274
274
274
274
274
274
274
274
274
274
274
274
274
274
274
274
274
274
274
274
274
274
274
274
274
274
274
274
274
274
274
274
274
274
274
274
274
274
274
274
274
274
274
274
274
274
274
274
274
274
274
274
274
274
274
274
274
274
274
274
274
274
274
274
274
274
274
274
274
274
274
274
274
274
274
274
274
274
274
274
274
274
274
274
274
274
274
274
274
274
274
274.001
274.003
274.008
274.015
274.025
274.037
274.048
274.057
274.063
274.065
274.063
274.058
274.051
274.042
274.034
274.025
274.017
274.011
274.006
274.003
274.002
274
274
274
274
274
274
274
274
274
274
274
274
274
274
274
274
274
274
274
274
274
274
274
274
274
274
274
274
274
274
274
274
274
274
274
274
274
274
274
274
274
274
274
274
274
274
274
274
274
274
274
274
274
274
274
274
274
274
274
274
274
274
274
274
274
274
274
274
274
274
274
274
274
274
274
274
274
274
274
274
274
274
274
274
274
274
274
274
274
274
274
274
274
274
274
274
274
274
274
274
274
274
274
274
274
274
274
274.001
274.001
274.002
274.003
274.003
274.004
274.004
274.005
274.004
274.004
274.003
274.003
274.002
274.001
274.001
274.001
274
274
274
274
274
274
274
274
274
274
274
274
274
274
274
274
274
274
274
274
274
274
274
274
274
274
274
274
274
274
274
274
274
274
274
274
274
274
274
274
274
274
274
274
274
274
274
274
274
274
274
274
274
274
274
274
274
274
274
274
274
274
274
274
274
274
274
274
274
274
274
274
274
274
274
274
274
274
274
274
274
274
274
274
274
274
274
274
274
274
274
274
274
274
274
274
274
274
274
274
274
274
274
274
274
274
274
274
274
274
274
274
274
274
274
274
274
274
274
274
274
274
274
274
274
274
274
274
274
274
274
274
274
274
274
274
274
274
274
274
274
274
274
274
274
274
274
274
274
274
274
274
274
274
274
274
274
274
274
274
274
274
274
274
274
274
274
274
274
274
274
274
274
274
274
274
274
274
274
274
274
274
274
274
274
274
274
274
274
274
274
274
274
274
274
274
274
274
274
274
274
274
274
274
274
274
274
274
274
274
274
274
274
274
274
274
274
274
274
274
274
274
274
274
274
274
274
274
274
274
274
274
274
274
274
274
274
274
274
274
274
274
274
274
274
274
274
274
274
274
274
274
274
274
274
274
274
274
274
274
274
274
274
274
274
274
274
274
274
274
274
274
274
274
274
274
274
274
274
274
274
274
274
274
274
274
274
274
274
274
274
274
274
274
274
274
274
274
274
274
274
274
274
274
274
274
274
274
274
274
274
274
274
274
274
274
274
274
274
274
274
274
274
274
274
274
274
274
274
274
274
274
274
274
274
274
274
274
274
274
274
274
274
274
274
274
274
274
274
274
274
274
274
274
274
274
274
274
274
274
274
274
274
274
274
274
274
274
274
274
274
274
274
274
274
274
274
274
274
274
274
274
274
274
274
274
274
274
274
274
274
274
274
274
274
274
274
274
274
274
274
274
274
274
274
274
274
274
274
274
274
274
274
274
274
274
274
274
274
274
274
274
274
274
274
274
274
274
274
274
274
274
274
274
274
274
274
274
274
274
274
274
274
274
274
274
274
274
274
274
274
274
274
274
274
274
274
274
274
274
274
274
274
274
274
274
274
274
274
274
274
274
274
274
274
274
274
274
274
274
274
274
274
274
274
274
274
274
274
274
274
274
274
274
274
274
274
274
274
274
274
274
274
274
274
274
274
274
274
274
274
274
274
274
274
274
274
274
274
274
274
274
274
274
274
274
274
274
274
274
274
274
274
274
274
274
274
274
274
274
274
274
274
274
274
274
274
274
274
274
274
274
274
274
274
274
274
274
274
274
274
274
274
274
274
274
274
274
274
274
274
274
274
274
274
274
274
274
274
274
274
274
274
274
274
274
274
274
274
274
274
274
274
274
274
274
274
274
274
274
274
274
274
274
274
274
274
274
274
274
274
274
274
274
274
274
274
274
274
274
274
274
274
274
274
274
274
274
274
274
274
274
274
274
274
274
274
274
274
274
274
274
274
274
274
274
274
274
274
274
274
274
274
274
274
274
274
274
274
274
274
274
274
274
274
274
274
274
274
274
274
274
274
274
274
274
274
274
274
274
274
274
274
274
274
274
274
274
274
274
274
274
274
274
274
274
274
274
274
274
274
274
274
274
274
274
274
274
274
274
274
274
274
274
274
274
274
274
274
274
274
274
274
274
274
274
274
274
274
274
274
274
274
274
274
274
274
274
274
274
274
274
274
274
274
274
274
274
274
274
274
274
274.002
274.002
274.002
274.002
274.002
274.002
274.002
274.002
274.002
274.002
274.002
274.002
274.002
274.002
274.002
274.002
274.002
274.002
274.002
274.002
274.002
274.002
274.002
274.002
274.002
274.002
274.002
274.002
274.002
274.002
274.002
274.002
274.002
274.002
274.002
274.002
274.002
274.002
274.002
274.002
274.002
274.002
274.002
274.002
274.002
274.002
274.002
274.002
274.002
274.002
274.002
274.002
274.002
274.002
274.002
274.002
274.002
274.002
274.002
274.002
274.002
274.002
274.002
274.002
274.002
274.002
274.002
274.002
274.002
274.002
274.002
274.002
274.002
274.002
274.002
274.002
274.002
274.002
274.002
274.002
274.002
274.002
274.002
274.002
274.002
274.002
274.002
274.002
274.002
274.002
274.002
274.002
274.002
274.002
274.002
274.002
274.002
274.002
274.002
274.002
274.002
274.002
274.002
274.002
274.002
274.002
274.002
274.002
274.002
274.002
274.002
274.002
274.002
274.002
274.002
274.002
274.002
274.002
274.002
274.002
274.002
274.002
274.002
274.002
274.002
)
;

boundaryField
{
    wall
    {
        type            zeroGradient;
    }
    inlet
    {
        type            fixedValue;
        value           uniform 3673;
    }
    outlet-1
    {
        type            inletOutlet;
        inletValue      uniform 274;
        value           uniform 274;
    }
    outlet-2
    {
        type            inletOutlet;
        inletValue      uniform 274;
        value           nonuniform List<scalar> 
89
(
274.002
274
274
274
274
274
274
274
274
274
274
274
274
274
274
274
274
274
274
274
274
274
274
274
274
274
274
274
274
274
274
274
274
274
274
274
274
274
274
274
274
274
274
274
274
274
274
274
274
274
274
274
274
274
274
274
274
274
274
274
274
274
274
274
274
274
274
274
274
274
274
274
274
274
274
274
274
274
274
274
274
274
274
274
274
274
274
274
274.002
)
;
    }
    frontAndBackPlanes
    {
        type            empty;
    }
}


// ************************************************************************* //
