/*--------------------------------*- C++ -*----------------------------------*\
| =========                 |                                                 |
| \\      /  F ield         | OpenFOAM: The Open Source CFD Toolbox           |
|  \\    /   O peration     | Version:  2112                                  |
|   \\  /    A nd           | Website:  www.openfoam.com                      |
|    \\/     M anipulation  |                                                 |
\*---------------------------------------------------------------------------*/
FoamFile
{
    version     2.0;
    format      ascii;
    arch        "LSB;label=32;scalar=64";
    class       volScalarField;
    location    "0.00091";
    object      T;
}
// * * * * * * * * * * * * * * * * * * * * * * * * * * * * * * * * * * * * * //

dimensions      [0 0 0 1 0 0 0];

internalField   nonuniform List<scalar> 
13875
(
1411.63
1534.99
1482.72
1487.13
1481.28
1483.1
1482.29
1482.57
1482.74
1484.02
1484.11
1484.02
1484.09
1484.7
1483.69
1483.98
1483.39
1482.93
1482
1482.97
1481.02
1488.27
1481.16
1533.49
1399.8
1306.8
1356.04
1319.21
1322.16
1316.96
1316.9
1316.24
1316.87
1317.21
1320.21
1319.2
1321.58
1323.49
1324.28
1323.29
1322.41
1318.28
1317.06
1316.1
1317.08
1316.67
1322.6
1319.69
1356.94
1303.57
1306.94
1339.54
1314.73
1311.2
1304.06
1303.75
1302.36
1302.19
1302.34
1303.12
1303.65
1303.78
1304.26
1305.9
1303.85
1303.84
1303.46
1303.01
1302.56
1304.25
1303.92
1312.67
1312.77
1337.76
1299.71
1317.32
1344.95
1315.11
1308.94
1305.24
1304.34
1302.72
1302.27
1302.39
1302.67
1303.68
1303.44
1303.51
1303.9
1302.78
1302.9
1303.46
1303.1
1302.8
1304.77
1304.86
1308.7
1314.79
1345.15
1315.03
1329.45
1341.83
1316.28
1311.89
1303.52
1303.43
1302.26
1302.26
1302.63
1303.06
1303.7
1303.58
1303.66
1304.02
1302.93
1303.04
1303.41
1303.23
1302.57
1303.84
1303.42
1313.33
1313.84
1340.95
1319.72
1332.22
1351.55
1319.57
1309.64
1307.1
1305.85
1303.68
1302.88
1303.03
1303.22
1303.98
1303.77
1303.95
1304.12
1303.3
1303.48
1303.98
1303.86
1303.85
1306.12
1306.72
1309.49
1320.37
1351.39
1330.51
1339.14
1360.48
1329.98
1316.45
1307.09
1305.71
1304.07
1303.56
1303.86
1303.97
1304.78
1304.3
1304.64
1304.69
1304.14
1304.36
1304.75
1304.63
1304.37
1306.03
1307.39
1319.59
1327.97
1361.48
1326.57
1361.65
1386.27
1346.1
1321.59
1316.65
1311.95
1308.04
1306.26
1305.93
1305.57
1306.41
1305.66
1306.13
1306.19
1305.91
1306.18
1306.71
1307.4
1308.26
1312.19
1315.88
1322.97
1344.4
1386.08
1357.41
1535.19
1509.51
1390.1
1351.77
1323.8
1316.25
1312.06
1310.12
1309.61
1308.92
1309.6
1309.01
1309.38
1309.57
1309.07
1309.47
1310.1
1311.13
1312.33
1316.56
1324.67
1352.8
1389.29
1513.75
1533.76
1862.94
1590.75
1439.43
1367.77
1344.85
1328.9
1321.57
1318.53
1317.14
1316.24
1316.53
1316.37
1316.38
1316.67
1316.11
1316.67
1317.76
1319.78
1322.06
1330.6
1342.37
1369.83
1440.34
1589.78
1856.05
2520.88
1804.06
1542.68
1435.5
1368.7
1349.5
1339.67
1335.49
1333.18
1331.83
1331.76
1332.26
1331.82
1331.91
1331.55
1332.09
1333.56
1336.6
1340.23
1351.1
1371.08
1426.86
1540.93
1801.17
2467.54
2885.33
2312.35
2171.58
1540.21
1449.68
1414.3
1385.95
1378.06
1372.21
1369.83
1369.29
1370.28
1369.55
1369.32
1369.64
1370.56
1373.16
1379.88
1387.53
1419.61
1449.87
1538.1
2233.74
2375.05
2865.15
2844.83
2798.5
2673.25
2385.4
1657.66
1552.43
1525.25
1506.49
1496.92
1494.63
1495.33
1496.97
1497.15
1496.74
1498.33
1499.84
1503.17
1513.85
1531.87
1567.24
1716.06
2288.91
2667.08
2839.2
2817.47
2769.84
2760.4
2862.57
2854.87
2233.96
2247.7
2052.24
1966.67
1910.4
1892.67
1900.4
1900.39
1907.33
1906.79
1917.63
1919.6
1938.33
1985.16
2100.34
2228.2
2376.74
2802.45
2858.72
2817.93
2739.2
2640.83
2755.46
2863
2845.93
2875.01
3167.57
3410.83
3481.05
3665.02
3660.7
3705.94
3704.8
3709.93
3697.22
3703.76
3671.6
3662.61
3504.28
3383.67
3239.64
2900.05
2824.36
2848.58
2788
2652.86
2527.28
2680.93
2888.9
2989.83
2993.01
3339.97
3598.19
3699.62
3707.86
3687.68
3667.54
3663.18
3655.95
3663.32
3669.81
3687.42
3706.66
3707.97
3601.58
3386.22
3024.55
2941.44
2879.98
2756.99
2531.93
2476.28
2620.41
2744.02
2940.24
3044.96
3353.01
3570.32
3681.47
3686.54
3663.67
3639.57
3638.43
3633.53
3643.12
3649.11
3668.81
3691.66
3706.64
3602.52
3352.13
3017.61
2865.93
2768.46
2643.28
2424.38
2295.94
2598.26
2857.07
2950.52
2964.16
3222.92
3363.49
3469.1
3501.67
3512.2
3500.82
3501.16
3498.57
3507.62
3519.25
3532.96
3525.2
3477.36
3354.71
3151.69
2933.09
2864.53
2824.88
2591.38
2241.19
2226.39
2323.62
2622.45
2776.65
2753.22
2897.33
3113.48
3291.36
3381.81
3405.68
3400.23
3393.6
3385.83
3386.52
3393.74
3404.17
3401.12
3317.24
3103.49
2837.47
2679.83
2663.52
2628.02
2338.65
2243.5
2320.17
2263.81
2387.96
2532.17
2558.8
2643.81
2850.85
3078.33
3230.38
3295.84
3302.07
3295.33
3282.91
3282.37
3289.91
3292.76
3251.05
3085.58
2806.46
2571.83
2482.57
2467.59
2422.45
2286.02
2367.04
2903.79
2253.63
2195.15
2342.1
2405.21
2485.48
2681.03
2903.21
3074.29
3173.23
3196.41
3191.39
3176.98
3176.57
3181.02
3169.07
3089.46
2888.13
2612.99
2406.47
2337.45
2301.2
2209.64
2191.25
2832.86
2824.73
2059.12
2004.89
2184.31
2277.18
2378.43
2543.85
2748.91
2939.81
3055.44
3083.18
3078.71
3066.02
3066.21
3071.04
3053.07
2949.41
2727.67
2474.74
2298.21
2226.09
2158.82
2053.66
2073.51
2824.27
2849.79
2058.42
1895.6
2075.75
2179.36
2289.31
2427.45
2632.6
2810
2935.14
2970.47
2967.46
2957.2
2954.47
2957.14
2932.79
2825.41
2623.16
2371.66
2212.22
2119.13
2056.77
1934.74
2094.93
2833.92
2834.42
2051.63
1902.65
2014.96
2095.16
2197.26
2340.51
2520.87
2698.11
2815.68
2855.08
2856.86
2850.62
2845.49
2842.03
2814
2710.45
2511.53
2293.42
2119.71
2038.56
1986.13
1948.26
2070.41
2789.66
2799.59
2055.28
1920.29
1975.18
2033.82
2119.44
2254.56
2437.47
2596.26
2707.48
2747.5
2752.95
2751.03
2742.64
2733.72
2700.04
2600.73
2424.27
2211.79
2044.01
1972.45
1954.88
1959.85
2091.85
2788.85
2712.69
2064.62
1938.46
1966.29
1983.61
2056.63
2182.78
2351.8
2496.35
2609.7
2649.81
2658.8
2658.11
2649.25
2635.45
2601.61
2499.44
2342.05
2149.46
1981.08
1921.69
1921.51
1976.54
2114.09
2751.45
2725.33
2123.75
1969.92
1962.12
1947.35
1995.34
2123.15
2269.12
2417.7
2509.83
2554.09
2566.91
2568
2557.72
2538.87
2499.52
2413.88
2254.49
2095.99
1930.93
1878.69
1909.47
1993.18
2165.54
2783.31
2745.05
2175.06
1995.31
1943.25
1913.94
1951.41
2067.69
2210.93
2324.14
2427.09
2468.31
2481.48
2485.87
2474.08
2455.1
2416.21
2319.12
2189.14
2045.77
1894.7
1842
1892.07
2007.52
2221.88
2792.48
2832.99
2229.21
2020.67
1942.59
1893.92
1918.86
2025.91
2140.79
2263.62
2349.23
2391.42
2408.5
2411.4
2402.06
2380.29
2342.8
2266.43
2127.94
2011.45
1879.13
1832.16
1887.68
2012.78
2216.63
2846.9
2882.95
2240.19
2037.61
1946.09
1877.71
1903.52
2001.93
2092.07
2200.03
2277.81
2318.86
2333.02
2338.66
2328.86
2310.44
2272.89
2203.4
2075.54
1985.42
1863.21
1826.22
1894.4
2003.8
2239.57
2872.81
2900.09
2237.27
2014.93
1956.49
1871.62
1903.14
1964.72
2061.83
2137.18
2219.72
2248.28
2267.18
2272.36
2264.4
2243.64
2216.66
2146.15
2050.53
1951.42
1876.22
1822.92
1898.24
2012.27
2249.91
2903.7
2929.79
2252.31
2095.31
1980.07
1878.53
1891.94
1962.36
2005.41
2105.51
2147.95
2190.85
2205.59
2210.83
2204.73
2191.46
2153.66
2118.04
2009.75
1942.86
1861.74
1850.81
1934.9
2066.34
2255.19
2925.46
2920.74
2285.44
2151.64
1971.43
1908.54
1891.87
1931.37
1991.96
2046.27
2114.16
2130.93
2147.15
2151.76
2147.49
2133.05
2118.55
2058.9
1994.85
1921.7
1862.42
1881.1
1944.68
2132.19
2277.55
2939.86
2904.47
2278.57
2161.8
2023.12
1947.31
1895.56
1916.74
1956.93
2013.36
2043.66
2078.19
2094.04
2097.63
2095.29
2084.2
2055.16
2027.15
1967.9
1899.51
1862.57
1912.65
1980.11
2119.75
2284.64
2927.67
2881.91
2284.35
2141.31
2089.98
1955.55
1880.19
1910.22
1917.51
1982.39
2008.58
2031.43
2038.98
2043.05
2041.13
2037.46
2020.89
1996.83
1927.09
1902.01
1865.27
1929.5
2020.45
2106.08
2280.73
2885.85
2839.67
2285.26
2141.69
2099.81
1960.62
1904.73
1861.13
1921.01
1922.81
1970.49
1976.49
1994.04
1994.31
1996.96
1983.11
1984.64
1939.77
1936.32
1861.22
1880.45
1943.5
2052.46
2111.75
2299.98
2838.4
2797.06
2287.73
2124.51
2100.14
1991.66
1898.02
1891.96
1863.42
1923.14
1915.37
1945.9
1944.5
1947.24
1946.78
1951.01
1924.6
1935.05
1875.26
1874.86
1877.52
1967.84
2063.6
2096.76
2312.57
2812.4
2807.45
2307.91
2085.08
2100.43
2038.44
1909.52
1880.91
1874.93
1862.39
1905.03
1891.6
1902.51
1900.93
1904.56
1897.16
1916.65
1877.41
1882.24
1877.33
1881.97
2003.6
2053.55
2072.42
2302.84
2790.27
2797.21
2321.26
2083.54
2076.94
2041.12
1923.31
1852.67
1875.24
1864.72
1852.99
1874.53
1864.95
1866.66
1867.97
1876.53
1860.61
1862.1
1883.71
1837.29
1916.9
2031.37
2032.08
2048.79
2324.81
2762.9
2770.97
2338.63
2090.62
2050.7
2031.36
1960.35
1896.25
1832.34
1868.8
1845.9
1829.94
1841.44
1833.7
1839.78
1831.36
1841.78
1867.7
1832.12
1890.96
1931.67
2026.99
2034.13
2066.42
2339.61
2734.78
2713.09
2341.07
2101.68
2023.91
2024.48
1998.74
1874.56
1890.09
1821.86
1851.34
1814.48
1798.09
1801.3
1802.14
1816.55
1846.62
1823.38
1880.9
1856.04
1971.97
2021.6
2035.07
2084.95
2334.45
2676.03
2650.51
2357.09
2109.96
2029
2010.37
2000.27
1927.15
1848.72
1860.79
1811.88
1822.37
1798.78
1790.83
1798.06
1821.13
1813.12
1859.52
1847.74
1922.77
1989.74
2009.29
2034.73
2102.15
2341.65
2620.41
2579.69
2356.38
2122.35
2048.81
2009.52
1998.03
2006.64
1910.74
1838.08
1838.41
1787.03
1795.79
1777.69
1797.7
1787.96
1833.21
1835.48
1877.33
1991.97
1999.2
2004.76
2045.56
2120.21
2355.4
2574.38
2566.21
2370.83
2145.95
2058.7
2014.1
1995.62
2016.19
1995.76
1869.6
1826.61
1814.56
1767.6
1771.88
1764.91
1812.95
1833.52
1850.96
1993.2
2009.67
2000.27
2012.02
2050.49
2138.75
2357.16
2545.47
2556.36
2370.98
2150.78
2070.98
2022.33
2002.69
2013.94
2023.68
1979.5
1844.12
1800.59
1789.36
1777
1786.69
1797.75
1842.31
1967.12
2023.24
2006.4
2003.42
2019.7
2058.5
2154.31
2365.99
2550.41
2545.92
2387.2
2163.28
2081.25
2028
2011.55
2009.02
2024.35
2030.46
1968.13
1845.33
1782.37
1795.93
1777.75
1845.55
1953.89
2032.44
2022.1
2003.38
2009.83
2022.66
2072.52
2164.86
2387.14
2548.76
2555.04
2436.13
2206.08
2097.26
2046.65
2015.81
2008.78
2016.79
2033.45
2038.79
1980.26
1852.24
1845.55
1853.35
1976.79
2040.43
2034.77
2012.25
2004.71
2012.09
2040.24
2089.57
2199.92
2431.97
2548.38
2464.66
2436.52
2282.69
2134.38
2084.12
2039.08
2013.2
2007.09
2019.64
2034.11
2004.43
1898.66
1953.88
1907.16
2006.64
2035.7
2021.48
2002.35
2011.39
2038.41
2077.58
2131.35
2282.13
2433.17
2451.34
2263.06
2414.5
2322.48
2214.39
2134.84
2076.94
2047.88
2033.95
2030.57
2050.95
2049.23
2120.08
2269.04
2120.81
2050.14
2050.48
2030.9
2026.98
2048.35
2075.47
2137.89
2212.8
2319.21
2409.57
2253.31
1895.39
2326.65
2314.91
2245.51
2177.3
2124.37
2067.92
2047.82
2050.97
2078.47
2170.7
2275.72
2439.55
2268.14
2167.72
2076.8
2047.59
2043.74
2069.75
2124.94
2180.72
2245.16
2312.92
2320.49
1893.28
273.992
274.157
274.307
274.417
274.493
274.362
274.216
274.107
274.048
274.019
274.007
274.002
274.001
274
274
274
274
274
274
274
274
274
274
273.999
273.999
273.999
273.996
274.004
273.987
274.015
274.392
274.44
274.553
274.633
274.676
274.473
274.28
274.138
274.061
274.024
274.008
274.003
274.001
274
274
274
274
274
274
274
274
274
274
273.999
273.999
273.999
273.996
274.005
273.989
274.016
274.474
274.466
274.573
274.686
274.743
274.511
274.304
274.148
274.065
274.025
274.009
274.002
274.001
274
274
274
274
274
274
274
274
274
274
273.999
273.999
273.999
273.997
274.004
273.995
274.009
274.472
274.441
274.563
274.74
274.796
274.536
274.321
274.155
274.067
274.025
274.009
274.002
274.001
274
274
274
274
274
274
274
274
274
274
273.999
273.999
273.999
273.998
274.003
273.998
274.006
274.451
274.423
274.557
274.794
274.834
274.547
274.33
274.157
274.067
274.025
274.008
274.002
274.001
274
274
274
274
274
274
274
274
274
274
273.999
273.999
273.999
273.999
274.003
273.999
274.004
274.434
274.422
274.58
274.839
274.85
274.544
274.328
274.155
274.066
274.025
274.008
274.002
274
274
274
274
274
274
274
274
274
274
274
273.999
273.999
273.999
274
274.002
274
274.003
274.437
274.485
274.609
274.86
274.849
274.532
274.323
274.152
274.064
274.024
274.007
274.002
274
274
274
274
274
274
274
274
274
274
274
273.999
273.999
273.999
274
274.001
274
274.003
274.443
274.583
274.627
274.87
274.841
274.512
274.314
274.147
274.061
274.021
274.006
274.001
274
274
274
274
274
274
274
274
274
274
274
274
273.999
273.999
274
274
274
274.003
274.448
274.661
274.637
274.873
274.823
274.48
274.299
274.138
274.055
274.019
274.005
274.001
274
274
274
274
274
274
274
274
274
274
274
274
274
273.999
274
274
274
274.003
274.44
274.715
274.645
274.856
274.788
274.443
274.276
274.125
274.05
274.017
274.005
274.001
274
274
274
274
274
274
274
274
274
274
274
274
274
274
274
274
274
274.002
274.43
274.744
274.651
274.787
274.74
274.402
274.254
274.115
274.046
274.016
274.004
274.001
274
274
274
274
274
274
274
274
274
274
274
274
274
274
273.999
274
274
274.001
274.476
274.76
274.658
274.708
274.683
274.366
274.234
274.106
274.042
274.014
274.004
274.001
274
274
274
274
274
274
274
274
274
274
274
274
274
274
274
274
274
274.001
274.478
274.723
274.644
274.635
274.624
274.335
274.215
274.097
274.039
274.013
274.004
274.001
274
274
274
274
274
274
274
274
274
274
274
274
274
274
274
274
274
274.001
274.467
274.612
274.569
274.574
274.567
274.305
274.196
274.089
274.036
274.012
274.003
274.001
274
274
274
274
274
274
274
274
274
274
274
274
274
274
274
274
274
274.001
274.462
274.538
274.509
274.519
274.511
274.277
274.178
274.081
274.032
274.011
274.003
274.001
274
274
274
274
274
274
274
274
274
274
274
274
274
274
274
274
274
274.001
274.445
274.471
274.449
274.463
274.455
274.248
274.16
274.073
274.029
274.01
274.003
274.001
274
274
274
274
274
274
274
274
274
274
274
274
274
274
274
274
274
274.001
274.367
274.419
274.393
274.404
274.4
274.218
274.142
274.065
274.026
274.008
274.002
274
274
274
274
274
274
274
274
274
274
274
274
274
274
274
274
274
274
274.001
274.419
274.495
274.394
274.355
274.346
274.188
274.123
274.056
274.022
274.007
274.002
274
274
274
274
274
274
274
274
274
274
274
274
274
274
274
274
274
274
274.001
274.646
274.975
274.68
274.409
274.309
274.159
274.104
274.047
274.019
274.006
274.002
274
274
274
274
274
274
274
274
274
274
274
274
274
274
274
274
274
274
274.001
275.575
277.289
276.324
274.943
274.404
274.148
274.086
274.038
274.015
274.005
274.001
274
274
274
274
274
274
274
274
274
274
274
274
274
274
274
274
274
274
274.001
278.165
286.852
284.409
278.451
275.115
274.258
274.086
274.031
274.012
274.004
274.001
274
274
274
274
274
274
274
274
274
274
274
274
274
274
274
274
274
274
274.001
285.898
305.94
322.673
299.793
279.778
274.93
274.178
274.034
274.009
274.002
274.001
274
274
274
274
274
274
274
274
274
274
274
274
274
274
274
274
274
274
274.001
289.345
313.499
351.105
359.617
309.119
279.01
274.666
274.088
274.012
274.002
274
274
274
274
274
274
274
274
274
274
274
274
274
274
274
274
274
274
274
274.001
275.785
342.868
409.241
403.022
373.579
303.946
277.073
274.34
274.037
274.003
274
274
274
274
274
274
274
274
274
274
274
274
274
274
274
274
274
274
274
274.001
382.622
546.143
733.435
559.964
434.802
374.605
286.587
275.372
274.129
274.011
274
274
274
274
274
274
274
274
274
274
274
274
274
274
274
274
274
274
274
274.001
274.015
273.987
274.004
273.996
273.999
273.999
273.999
274
274
274
274
274
274
274
274
274
274
274.001
274.002
274.007
274.019
274.048
274.107
274.216
274.362
274.493
274.417
274.307
274.157
273.992
274.016
273.989
274.005
273.996
273.999
273.999
273.999
274
274
274
274
274
274
274
274
274
274
274.001
274.003
274.008
274.024
274.061
274.138
274.28
274.473
274.676
274.633
274.553
274.44
274.392
274.009
273.995
274.004
273.997
273.999
273.999
273.999
274
274
274
274
274
274
274
274
274
274
274.001
274.002
274.009
274.025
274.065
274.148
274.304
274.51
274.743
274.686
274.573
274.466
274.474
274.006
273.998
274.003
273.998
273.999
273.999
273.999
274
274
274
274
274
274
274
274
274
274
274.001
274.002
274.009
274.025
274.067
274.155
274.321
274.536
274.796
274.74
274.563
274.441
274.472
274.004
273.999
274.003
273.999
273.999
273.999
273.999
274
274
274
274
274
274
274
274
274
274
274.001
274.002
274.008
274.025
274.067
274.157
274.33
274.547
274.834
274.794
274.557
274.423
274.451
274.003
274
274.002
274
273.999
273.999
273.999
274
274
274
274
274
274
274
274
274
274
274
274.002
274.008
274.025
274.066
274.155
274.328
274.543
274.85
274.839
274.58
274.422
274.434
274.003
274
274.001
274
273.999
273.999
273.999
274
274
274
274
274
274
274
274
274
274
274
274.002
274.007
274.024
274.064
274.152
274.323
274.532
274.849
274.86
274.609
274.485
274.437
274.003
274
274
274
273.999
273.999
274
274
274
274
274
274
274
274
274
274
274
274
274.001
274.006
274.021
274.061
274.147
274.314
274.512
274.841
274.87
274.627
274.583
274.443
274.003
274
274
274
273.999
274
274
274
274
274
274
274
274
274
274
274
274
274
274.001
274.005
274.019
274.055
274.138
274.299
274.48
274.823
274.872
274.637
274.661
274.449
274.002
274
274
274
274
274
274
274
274
274
274
274
274
274
274
274
274
274
274.001
274.005
274.017
274.05
274.125
274.276
274.443
274.788
274.856
274.646
274.715
274.44
274.001
274
274
273.999
274
274
274
274
274
274
274
274
274
274
274
274
274
274
274.001
274.004
274.016
274.046
274.115
274.254
274.402
274.74
274.787
274.651
274.744
274.43
274.001
274
274
274
274
274
274
274
274
274
274
274
274
274
274
274
274
274
274.001
274.004
274.014
274.042
274.106
274.234
274.366
274.683
274.708
274.658
274.76
274.476
274.001
274
274
274
274
274
274
274
274
274
274
274
274
274
274
274
274
274
274.001
274.004
274.013
274.039
274.097
274.215
274.335
274.624
274.635
274.644
274.723
274.478
274.001
274
274
274
274
274
274
274
274
274
274
274
274
274
274
274
274
274
274.001
274.003
274.012
274.036
274.089
274.196
274.305
274.567
274.574
274.569
274.612
274.468
274.001
274
274
274
274
274
274
274
274
274
274
274
274
274
274
274
274
274
274.001
274.003
274.011
274.032
274.081
274.178
274.277
274.511
274.519
274.509
274.538
274.462
274.001
274
274
274
274
274
274
274
274
274
274
274
274
274
274
274
274
274
274.001
274.003
274.01
274.029
274.073
274.16
274.248
274.455
274.463
274.449
274.471
274.445
274.001
274
274
274
274
274
274
274
274
274
274
274
274
274
274
274
274
274
274
274.002
274.008
274.026
274.065
274.142
274.218
274.4
274.405
274.393
274.419
274.367
274.001
274
274
274
274
274
274
274
274
274
274
274
274
274
274
274
274
274
274
274.002
274.007
274.022
274.056
274.123
274.188
274.346
274.355
274.394
274.496
274.419
274.001
274
274
274
274
274
274
274
274
274
274
274
274
274
274
274
274
274
274
274.002
274.006
274.019
274.047
274.104
274.159
274.309
274.409
274.681
274.976
274.647
274.001
274
274
274
274
274
274
274
274
274
274
274
274
274
274
274
274
274
274
274.001
274.005
274.015
274.038
274.086
274.148
274.404
274.945
276.329
277.294
275.576
274.001
274
274
274
274
274
274
274
274
274
274
274
274
274
274
274
274
274
274
274.001
274.004
274.012
274.031
274.087
274.259
275.119
278.466
284.427
286.874
278.163
274.001
274
274
274
274
274
274
274
274
274
274
274
274
274
274
274
274
274
274
274.001
274.002
274.009
274.034
274.178
274.933
279.798
299.926
322.698
305.896
285.902
274.001
274
274
274
274
274
274
274
274
274
274
274
274
274
274
274
274
274
274
274
274.002
274.012
274.089
274.669
279.031
309.259
359.609
351.058
313.397
289.257
274.001
274
274
274
274
274
274
274
274
274
274
274
274
274
274
274
274
274
274
274
274.003
274.037
274.341
277.085
304.081
373.581
402.867
409.023
342.64
275.812
274.001
274
274
274
274
274
274
274
274
274
274
274
274
274
274
274
274
274
274
274
274.011
274.129
275.377
286.633
374.651
434.639
559.224
732.225
545.57
382.745
274.001
274.001
274.001
274.001
274.001
274.001
274.001
274.001
274.001
274.001
274.001
274.001
274.001
274.001
274.001
274.001
274.001
274.001
274.001
274.001
274.001
274.001
274.001
274.001
274.001
274.001
274.001
274.001
274.001
274.001
274.001
274.001
274.001
274.001
274.001
274.001
274.001
274.001
274.001
274.001
274.001
274.001
274.001
274.001
274.001
274.001
274.001
274.001
274.001
274.001
274.001
274.001
274.001
274.001
274.001
274.001
274.001
274.001
274.001
274.001
274.001
274.001
274.001
274.001
274.001
274.001
274.001
274.001
274.001
274.001
274.001
274.001
274.001
274.001
274.001
274.001
274.001
274.001
274.001
274.001
274.001
274.001
274.001
274.001
274.001
274.001
274.001
274.001
274.001
274.001
274.001
274.001
274.001
274.001
274.001
274.001
274.001
274.001
274.001
274.001
274.001
274.001
274.001
274.001
274.001
274.001
274.001
274.001
274.001
274.001
274.001
274.001
274.001
274.001
274.001
274.001
274.001
274.001
274.001
274.001
274.001
274.001
274.001
274.001
274.001
274
274
274
274
274
274
274
274
274
274
274
274
274
274
274
274
274
274
274
274
274
274
274
274
274
274
274
274
274
274
274
274
274
274
274
274
274
274
274
274
274
274
274
274
274
274
274
274
274
274
274
274
274
274
274
274
274
274
274
274
274
274
274
274
274
274
274
274
274
274
274
274
274
274
274
274
274
274
274
274
274
274
274
274
274
274
274
274
274
274
274
274
274
274
274
274
274
274
274
274
274
274
274
274
274
274
274
274
274
274
274
274
274
274
274
274
274
274
274
274
274
274
274
274
274
274
274
274
274
274
274
274
274
274
274
274
274
274
274
274
274
274
274
274
274
274
274
274
274
274
274
274
274
274
274
274
274
274
274
274
274
274
274
274
274
274
274
274
274
274
274
274
274
274
274
274
274
274
274
274
274
274
274
274
274
274
274
274
274
274
274
274
274
274
274
274
274
274
274
274
274
274
274
274
274
274
274
274
274
274
274
274
274
274
274
274
274
274
274
274
274
274
274
274
274
274
274
274
274
274
274
274
274
274
274
274
274
274
274
274
274
274
274
274
274
274
274
274
274
274
274
274
274
274
274
274
274
274
274
274
274
274
274
274
274
274
274
274
274
274
274
274
274
274
274
274
274
274
274
274
274
274
274
274
274
274
274
274
274
274
274
274
274
274
274
274
274
274
274
274
274
274
274
274
274
274
274
274
274
274
274
274
274
274
274
274
274
274
274
274
274
274
274
274
274
274
274
274
274
274
274
274
274
274
274
274
274
274
274
274
274
274
274
274
274
274
274
274
274
274
274
274
274
274
274
274
274
274
274
274
274
274
274
274
274
274
274
274
274
274
274
274
274
274
274
274
274
274
274
274
274
274
274
274
274
274
274
274
274
274
274
274
274
274
274
274
274
274
274
274
274
274
274
274
274
274
274
274
274
274
274
274
274
274
274
274
274
274
274
274
274
274
274
274
274
274
274
274
274
274
274
274
274
274
274
274
274
274
274
274
274
274
274
274
274
274
274
274
274
274
274
274
274
274
274
274
274
274
274
274
274
274
274
274
274
274
274
274
274
274
274
274
274
274
274
274
274
274
274
274
274
274
274
274
274
274
274
274
274
274
274
274
274
274
274
274
274
274
274
274
274
274
274
274
274
274
274
274
274
274
274
274
274
274
274
274
274
274
274
274
274
274
274
274
274
274
274
274
274
274
274
274
274
274
274
274
274
274
274
274
274
274
274
274
274
274
274
274
274
274
274
274
274
274
274
274
274
274
274
274
274
274
274
274
274
274
274
274
274
274
274
274
274
274
274
274
274
274
274
274
274
274
274
274
274
274
274
274
274
274
274
274
274
274
274
274
274
274
274
274
274
274
274
274
274
274
274
274
274
274
274
274
274
274
274
274
274
274
274
274
274
274
274
274
274
274
274
274
274
274
274
274
274
274
274
274
274
274
274
274
274
274
274
274
274
274
274
274
274
274
274
274
274
274
274
274
274
274
274
274
274
274
274
274
274
274
274
274
274
274
274
274
274
274
274
274
274
274
274
274
274
274
274
274
274
274
274
274
274
274
274
274
274
274
274
274
274
274
274
274
274
274
274
274
274
274
274
274
274
274
274
274
274
274
274
274
274
274
274
274
274
274
274
274
274
274
274
274
274
274
274
274
274
274
274
274
274
274
274
274
274
274
274
274
274
274
274
274
274
274
274
274
274
274
274
274
274
274
274
274
274
274
274
274
274
274
274
274
274
274
274
274
274
274
274
274
274
274
274
274
274
274
274
274
274
274
274
274
274
274
274
274
274
274
274
274
274
274
274
274
274
274
274
274
274
274
274
274
274
274
274
274
274
274
274
274
274
274
274
274
274
274
274
274
274
274
274
274
274
274
274
274
274
274
274
274
274
274
274
274
274
274
274
274
274
274
274
274
274
274
274
274
274
274
274
274
274
274
274
274
274
274
274
274
274
274
274
274
274
274
274
274
274
274
274
274
274
274
274
274
274
274
274
274
274
274
274
274
274
274
274
274
274
274
274
274
274
274
274
274
274
274
274
274
274
274
274
274
274
274
274
274
274
274
274
274
274
274
274
274
274
274
274
274
274
274
274
274
274
274
274
274
274
274
274
274
274
274
274
274
274
274
274
274
274
274
274
274
274
274
274
274
274
274
274
274
274
274
274
274
274
274
274
274
274
274
274
274
274
274
274
274
274
274
274
274
274
274
274
274
274
274
274
274
274
274
274
274
274
274
274
274
274
274
274
274
274
274
274
274
274
274
274
274
274
274
274
274
274
274
274
274
274
274
274
274
274
274
274
274
274
274
274
274
274
274
274
274
274
274
274
274
274
274
274
274
274
274
274
274
274
274
274
274
274
274
274
274
274
274
274
274
274
274
274
274
274
274
274
274
274
274
274
274
274
274
274
274
274
274
274
274
274
274
274
274
274
274
274
274
274
274
274
274
274
274
274
274
274
274
274
274
274
274
274
274
274
274
274
274
274
274
274
274
274
274
274
274
274
274
274
274
274
274
274
274
274
274
274
274
274
274
274
274
274
274
274
274
274
274
274
274
274
274
274
274
274
274
274
274
274
274
274
274
274
274
274
274
274
274
274
274
274
274
274
274
274
274
274
274
274
274
274
274
274
274
274
274
274
274
274
274
274
274
274
274
274
274
274
274
274
274
274
274
274
274
274
274
274
274
274
274
274
274
274
274
274
274
274
274
274
274
274
274
274
274
274
274
274
274
274
274
274
274
274
274
274
274
274
274
274
274
274
274
274
274
274
274
274
274
274
274
274
274
274
274
274
274
274
274
274
274
274
274
274
274
274
274
274
274
274
274
274
274
274
274
274
274
274
274
274
274
274
274
274
274
274
274
274
274
274
274
274
274
274
274
274
274
274
274
274
274
274
274
274
274
274
274
274
274
274
274
274
274
274
274
274
274
274
274
274
274
274
274
274
274
274
274
274
274
274
274
274
274
274
274
274
274
274
274
274
274
274
274
274
274
274
274
274
274
274
274
274
274
274
274
274
274
274
274
274
274
274
274
274
274
274
274
274
274
274
274
274
274
274
274
274
274
274
274
274
274
274
274
274
274
274
274
274
274
274
274
274
274
274
274
274
274
274
274
274
274
274
274
274
274
274
274
274
274
274
274
274
274
274
274
274
274
274
274
274
274
274
274
274
274
274
274
274
274
274
274
274
274
274
274
274
274
274
274
274
274
274
274
274
274
274
274
274
274
274
274
274
274
274
274
274
274
274
274
274
274
274
274
274
274
274
274
274
274
274
274
274
274
274
274
274
274
274
274
274
274
274
274
274
274
274
274
274
274
274
274
274
274
274
274
274
274
274
274
274
274
274
274
274
274
274
274
274
274
274
274
274
274
274
274
274
274
274
274
274
274
274
274
274
274
274
274
274
274
274
274
274
274
274
274
274
274
274
274
274
274
274
274
274
274
274
274
274
274
274
274
274
274
274
274
274
274
274
274
274
274
274
274
274
274
274
274
274
274
274
274
274
274
274
274
274
274
274
274
274
274
274
274
274
274
274
274
274
274
274
274
274
274
274
274
274
274
274
274
274
274
274
274
274
274
274
274
274
274
274
274
274
274
274
274
274
274
274
274
274
274
274
274
274
274
274
274
274
274
274
274
274
274
274
274
274
274
274
274
274
274
274
274
274
274
274
274
274
274
274
274
274
274
274
274
274
274
274
274
274
274
274
274
274
274
274
274
274
274
274
274
274
274
274
274
274
274
274
274
274
274
274
274
274
274
274
274
274
274
274
274
274
274
274
274
274
274
274
274
274
274
274
274
274
274
274
274
274
274
274
274
274
274
274
274
274
274
274
274
274
274
274
274
274
274
274
274
274
274
274
274
274
274
274
274
274
274
274
274
274
274
274
274
274
274
274
274
274
274
274
274
274
274
274
274
274
274
274
274
274
274
274
274
274
274
274
274
274
274
274
274
274
274
274
274
274
274
274
274
274
274
274
274
274
274
274
274
274
274
274
274
274
274
274
274
274
274
274
274
274
274
274
274
274
274
274
274
274
274
274
274
274
274
274
274
274
274
274
274
274
274
274
274
274
274
274
274
274
274
274
274
274
274
274
274
274
274
274
274
274
274
274
274
274
274
274
274
274
274
274
274
274
274
274
274
274
274
274
274
274
274
274
274
274
274
274
274
274
274
274
274
274
274
274
274
274
274
274
274
274
274
274
274
274
274
274
274
274
274
274
274
274
274
274
274
274
274
274
274
274
274
274
274
274
274
274
274
274
274
274
274
274
274
274
274
274
274
274
274
274
274
274
274
274
274
274
274
274
274
274
274
274
274
274
274
274
274
274
274
274
274
274
274
274
274
274
274
274
274
274
274
274
274
274
274
274
274
274
274
274
274
274
274
274
274
274
274
274
274
274
274
274
274
274
274
274
274
274
274
274
274
274
274
274
274
274
274
274
274
274
274
274
274
274
274
274
274
274
274
274
274
274
274
274
274
274
274
274
274
274
274
274
274
274
274
274
274
274
274
274
274
274
274
274
274
274
274
274
274
274
274
274
274
274
274
274
274
274
274
274
274
274
274
274
274
274
274
274
274
274
274
274
274
274
274
274
274
274
274
274
274
274
274
274
274
274
274
274
274
274
274
274
274
274
274
274
274
274
274
274
274
274
274
274
274
274
274
274
274
274
274
274
274
274
274
274
274
274
274
274
274
274
274
274
274
274
274
274
274
274
274
274
274
274
274
274
274
274
274
274
274
274
274
274
274
274
274
274
274
274
274
274
274
274
274
274
274
274
274
274
274
274
274
274
274
274
274
274
274
274
274
274
274
274
274
274
274
274
274
274
274
274
274
274
274
274
274
274
274
274
274
274
274
274
274
274
274
274
274
274
274
274
274
274
274
274
274
274
274
274
274
274
274
274
274
274
274
274
274
274
274
274
274
274
274
274
274
274
274
274
274
274
274
274
274
274
274
274
274
274
274
274
274
274
274
274
274
274
274
274
274
274
274
274
274
274
274
274
274
274
274
274
274
274
274
274
274
274
274
274
274
274
274
274
274
274
274
274
274
274
274
274
274
274
274
274
274
274
274
274
274
274
274
274
274
274
274
274
274
274
274
274
274
274
274
274
274
274
274
274
274
274
274
274
274
274
274
274
274
274
274
274
274
274
274
274
274
274
274
274
274
274
274
274
274
274
274
274
274
274
274
274
274
274
274
274
274
274
274
274
274
274
274
274
274
274
274
274
274
274
274
274
274
274
274
274
274
274
274
274
274
274
274
274
274
274
274
274
274
274
274
274
274
274
274
274
274
274
274
274
274
274
274
274
274
274
274
274
274
274
274
274
274
274
274
274
274
274
274
274.001
274.002
274.002
274.002
274.001
274
274
274
274
274
274
274
274
274
274
274
274
274
274
274
274
274
274
274
274
274
274
274
274
274
274
274
274
274
274
274
274
274
274
274
274
274
274
274
274
274
274
274
274
274
274
274
274
274
274
274
274
274
274
274
274
274
274
274
274
274
274
274
274
274
274
274
274
274
274
274
274
274
274
274
274
274
274
274
274
274
274
274
274
274
274
274
274
274
274
274
274
274
274
274
274
274
274
274
274
274
274
274
274
274
274
274
274
274
274
274
274
274
274
274
274
274
274
274.003
274.014
274.031
274.05
274.057
274.049
274.034
274
274
274
274
274
274
274
274
274
274
274
274
274
274
274
274
274
274
274
274
274
274
274
274
274
274
274
274
274
274
274
274
274
274
274
274
274
274
274
274
274
274
274
274
274
274
274
274
274
274
274
274
274
274
274
274
274
274
274
274
274
274
274
274
274
274
274
274
274
274
274
274
274
274
274
274
274
274
274
274
274
274
274
274
274
274
274
274
274
274
274
274
274
274
274
274
274
274
274
274
274
274
274
274
274
274
274
274
274
274
274
274
274
274
274
274
274.003
274.025
274.101
274.277
274.546
274.775
274.812
274.612
274.397
274
274
274
274
274
274
274
274
274
274
274
274
274
274
274
274
274
274
274
274
274
274
274
274
274
274
274
274
274
274
274
274
274
274
274
274
274
274
274
274
274
274
274
274
274
274
274
274
274
274
274
274
274
274
274
274
274
274
274
274
274
274
274
274
274
274
274
274
274
274
274
274
274
274
274
274
274
274
274
274
274
274
274
274
274
274
274
274
274
274
274
274
274
274
274
274
274
274
274
274
274
274
274
274
274
274
274
274
274
274
274
274
274
274
274
274.013
274.115
274.668
276.428
280.047
284.445
286.687
285.812
281.69
278.77
274
274
274
274
274
274
274
274
274
274
274
274
274
274
274
274
274
274
274
274
274
274
274
274
274
274
274
274
274
274
274
274
274
274
274
274
274
274
274
274
274
274
274
274
274
274
274
274
274
274
274
274
274
274
274
274
274
274
274
274
274
274
274
274
274
274
274
274
274
274
274
274
274
274
274
274
274
274
274
274
274
274
274
274
274
274
274
274
274
274
274
274
274
274
274
274
274
274
274
274
274
274
274
274
274
274
274
274
274
274
274
274
274
274.001
274.035
274.444
277.64
293.464
337.313
403.688
440.521
442.022
419.702
370.457
335.979
274
274
274
274
274
274
274
274
274
274
274
274
274
274
274
274
274
274
274
274
274
274
274
274
274
274
274
274
274
274
274
274
274
274
274
274
274
274
274
274
274
274
274
274
274
274
274
274
274
274
274
274
274
274
274
274
274
274
274
274
274
274
274
274
274
274
274
274
274
274
274
274
274
274
274
274
274
274
274
274
274
274
274
274
274
274
274
274
274
274
274
274
274
274
274
274
274
274
274
274
274
274
274
274
274
274
274
274
274
274
274
274
274.002
274.069
275.388
292.043
400.936
575.01
664.373
677.556
659.77
622.18
570.826
498.748
444.679
274
274
274
274
274
274
274
274
274
274
274
274
274
274
274
274
274
274
274
274
274
274
274
274
274
274
274
274
274
274
274
274
274
274
274
274
274
274
274
274
274
274
274
274
274
274
274
274
274
274
274
274
274
274
274
274
274
274
274
274
274
274
274
274
274
274
274
274
274
274
274
274
274
274
274
274
274
274
274
274
274
274
274
274
274
274
274
274
274
274
274
274
274
274
274
274
274
274
274
274
274
274
274
274
274
274
274
274
274
274
274
274.002
274.104
277.378
349.547
618.116
811.206
860.54
870.132
871.189
855.601
822.554
758.373
666.828
579.847
274
274
274
274
274
274
274
274
274
274
274
274
274
274
274
274
274
274
274
274
274
274
274
274
274
274
274
274
274
274
274
274
274
274
274
274
274
274
274
274
274
274
274
274
274
274
274
274
274
274
274
274
274
274
274
274
274
274
274
274
274
274
274
274
274
274
274
274
274
274
274
274
274
274
274
274
274
274
274
274
274
274
274
274
274
274
274
274
274
274
274
274
274
274
274
274
274
274
274
274
274
274
274
274
274
274
274
274
274
274
274.001
274.129
280.117
430.668
823.346
966.514
1019.69
1068.21
1105.9
1111.43
1126.89
1133.42
1105.28
1045.4
931.327
274
274
274
274
274
274
274
274
274
274
274
274
274
274
274
274
274
274
274
274
274
274
274
274
274
274
274
274
274
274
274
274
274
274
274
274
274
274
274
274
274
274
274
274
274
274
274
274
274
274
274
274
274
274
274
274
274
274
274
274
274
274
274
274
274
274
274
274
274
274
274
274
274
274
274
274
274
274
274
274
274
274
274
274
274
274
274
274
274
274
274
274
274
274
274
274
274
274
274
274
274
274
274
274
274
274
274
274
274
274.001
274.141
281.637
480.335
921.565
1068.43
1150.24
1171.84
1197.11
1210.19
1186.23
1219.36
1234.22
1257.45
1299.84
1401.36
274
274
274
274
274
274
274
274
274
274
274
274
274
274
274
274
274
274
274
274
274
274
274
274
274
274
274
274
274
274
274
274
274
274
274
274
274
274
274
274
274
274
274
274
274
274
274
274
274
274
274
274
274
274
274
274
274
274
274
274
274
274
274
274
274
274
274
274
274
274
274
274
274
274
274
274
274
274
274
274
274
274
274
274
274
274
274
274
274
274
274
274
274
274
274
274
274
274
274
274
274
274
274
274
274
274
274
274
274.001
274.094
279.905
466.153
940.077
1111.86
1219.1
1245.73
1232.13
1181.97
1087.04
1031.81
1028.81
1022.74
1054.29
1175.37
1272.67
274
274
274
274
274
274
274
274
274
274
274
274
274
274
274
274
274
274
274
274
274
274
274
274
274
274
274
274
274
274
274
274
274
274
274
274
274
274
274
274
274
274
274
274
274
274
274
274
274
274
274
274
274
274
274
274
274
274
274
274
274
274
274
274
274
274
274
274
274
274
274
274
274
274
274
274
274
274
274
274
274
274
274
274
274
274
274
274
274
274
274
274
274
274
274
274
274
274
274
274
274
274
274
274
274
274
274
274.001
274.058
277.174
406.242
912.43
1129.78
1224.86
1265.14
1234.78
1139.53
1052.11
1014.51
989.375
973.795
955.242
908.618
944.889
1111.25
274
274
274
274
274
274
274
274
274
274
274
274
274
274
274
274
274
274
274
274
274
274
274
274
274
274
274
274
274
274
274
274
274
274
274
274
274
274
274
274
274
274
274
274
274
274
274
274
274
274
274
274
274
274
274
274
274
274
274
274
274
274
274
274
274
274
274
274
274
274
274
274
274
274
274
274
274
274
274
274
274
274
274
274
274
274
274
274
274
274
274
274
274
274
274
274
274
274
274
274
274
274
274
274
274
274
274
274.007
274.392
290.912
602.959
1046.53
1197.41
1298.99
1321.69
1293.59
1249.29
1219.69
1237.19
1246.53
1226.96
1159.61
1137.33
1176.16
1325.05
274
274
274
274
274
274
274
274
274
274
274
274
274
274
274
274
274
274
274
274
274
274
274
274
274
274
274
274
274
274
274
274
274
274
274
274
274
274
274
274
274
274
274
274
274
274
274
274
274
274
274
274
274
274
274
274
274
274
274
274
274
274
274
274
274
274
274
274
274
274
274
274
274
274
274
274
274
274
274
274
274
274
274
274
274
274
274
274
274
274
274
274
274
274
274
274
274
274
274
274
274
274
274
274
274
274
274
274.011
274.615
302.52
681.867
1092.76
1231.44
1314.73
1328.96
1300.84
1270.24
1250.71
1288.09
1303.42
1287.22
1220.89
1201.93
1271.6
1499.3
274
274
274
274
274
274
274
274
274
274
274
274
274
274
274
274
274
274
274
274
274
274
274
274
274
274
274
274
274
274
274
274
274
274
274
274
274
274
274
274
274
274
274
274
274
274
274
274
274
274
274
274
274
274
274
274
274
274
274
274
274
274
274
274
274
274
274
274
274
274
274
274
274
274
274
274
274
274
274
274
274
274
274
274
274
274
274
274
274
274
274
274
274
274
274
274
274
274
274
274
274
274
274
274
274
274
274.001
274.026
275.507
349.145
838.644
1187.76
1290.13
1349.81
1344.85
1330.08
1322.04
1340.1
1421.31
1468.1
1457.12
1352.74
1331.72
1364.73
1586.56
274
274
274
274
274
274
274
274
274
274
274
274
274
274
274
274
274
274
274
274
274
274
274
274
274
274
274
274
274
274
274
274
274
274
274
274
274
274
274
274
274
274
274
274
274
274
274
274
274
274
274
274
274
274
274
274
274
274
274
274
274
274
274
274
274
274
274
274
274
274
274
274
274
274
274
274
274
274
274
274
274
274
274
274
274
274
274
274
274
274
274
274
274
274
274
274
274
274
274
274
274
274
274
274
274
274
274.002
274.088
278.463
441.387
1006.95
1259.31
1335.02
1379.16
1352.96
1347.45
1345.07
1390.76
1501.18
1587.12
1613.52
1600.49
1670.6
1802.04
2039.57
274
274
274
274
274
274
274
274
274
274
274
274
274
274
274
274
274
274
274
274
274
274
274
274
274
274
274
274
274
274
274
274
274
274
274
274
274
274
274
274
274
274
274
274
274
274
274
274
274
274
274
274
274
274
274
274
274
274
274
274
274
274
274
274
274
274
274
274
274
274
274
274
274
274
274
274
274
274
274
274
274
274
274
274
274
274
274
274
274
274
274
274
274
274
274
274
274
274
274
274
274
274
274
274
274
274
274.003
274.205
283.755
540.562
1129.58
1302.88
1343.9
1370.03
1358.7
1361.47
1386.19
1490.77
1653.6
1764.12
1800.37
1805.32
1845.14
2042.51
2248.88
274
274
274
274
274
274
274
274
274
274
274
274
274
274
274
274
274
274
274
274
274
274
274
274
274
274
274
274
274
274
274
274
274
274
274
274
274
274
274
274
274
274
274
274
274
274
274
274
274
274
274
274
274
274
274
274
274
274
274
274
274
274
274
274
274
274
274
274
274
274
274
274
274
274
274
274
274
274
274
274
274
274
274
274
274
274
274
274
274
274
274
274
274
274
274
274
274
274
274
274
274
274
274
274
274
274
274.005
274.33
290.117
615.415
1201.42
1341.84
1384.04
1413.05
1411.71
1435.37
1503.14
1649.94
1810.35
1889.7
1922.18
1965.27
2014.36
2152.69
2235.68
274
274
274
274
274
274
274
274
274
274
274
274
274
274
274
274
274
274
274
274
274
274
274
274
274
274
274
274
274
274
274
274
274
274
274
274
274
274
274
274
274
274
274
274
274
274
274
274
274
274
274
274
274
274
274
274
274
274
274
274
274
274
274
274
274
274
274
274
274
274
274
274
274
274
274
274
274
274
274
274
274
274
274
274
274
274
274
274
274
274
274
274
274
274
274
274
274
274
274
274
274
274
274
274
274
274
274.008
274.526
302.297
707.556
1292.07
1397.63
1419.89
1441.02
1451.94
1488.42
1597.5
1787.66
1926.61
1986.21
2019.99
2067.72
2108.8
2168.49
2194.65
274
274
274
274
274
274
274
274
274
274
274
274
274
274
274
274
274
274
274
274
274
274
274
274
274
274
274
274
274
274
274
274
274
274
274
274
274
274
274
274
274
274
274
274
274
274
274
274
274
274
274
274
274
274
274
274
274
274
274
274
274
274
274
274
274
274
274
274
274
274
274
274
274
274
274
274
274
274
274
274
274
274
274
274
274
274
274
274
274
274
274
274
274
274
274
274
274
274
274
274
274
274
274
274
274
274
274.01
274.662
311.149
749.29
1341.72
1446.83
1464.74
1472.44
1494.47
1573.3
1749.63
1946.81
2000.76
2058.52
2115.89
2139.19
2133.92
2156.83
2155.68
274
274
274
274
274
274
274
274
274
274
274
274
274
274
274
274
274
274
274
274
274
274
274
274
274
274
274
274
274
274
274
274
274
274
274
274
274
274
274
274
274
274
274
274
274
274
274
274
274
274
274
274
274
274
274
274
274
274
274
274
274
274
274
274
274
274
274
274
274
274
274
274
274
274
274
274
274
274
274
274
274
274
274
274
274
274
274
274
274
274
274
274
274
274
274
274
274
274
274
274
274
274
274
274
274
274
274.011
274.717
314.971
766.296
1376.13
1498.82
1510.33
1513.81
1547.13
1667.12
1901.2
2064.26
2093.3
2168.44
2202.86
2204.78
2186.7
2159.84
2113.47
274
274
274
274
274
274
274
274
274
274
274
274
274
274
274
274
274
274
274
274
274
274
274
274
274
274
274
274
274
274
274
274
274
274
274
274
274
274
274
274
274
274
274
274
274
274
274
274
274
274
274
274
274
274
274
274
274
274
274
274
274
274
274
274
274
274
274
274
274
274
274
274
274
274
274
274
274
274
274
274
274
274
274
274
274
274
274
274
274
274
274
274
274
274
274
274
274
274
274
274
274
274
274
274
274
274
274.01
274.689
314.117
766.169
1397.8
1551.6
1555.55
1558.09
1610.72
1774.82
2034.95
2151.63
2202.81
2269.93
2298.77
2304.9
2257.87
2197.71
2093.76
274
274
274
274
274
274
274
274
274
274
274
274
274
274
274
274
274
274
274
274
274
274
274
274
274
274
274
274
274
274
274
274
274
274
274
274
274
274
274
274
274
274
274
274
274
274
274
274
274
274
274
274
274
274
274
274
274
274
274
274
274
274
274
274
274
274
274
274
274
274
274
274
274
274
274
274
274
274
274
274
274
274
274
274
274
274
274
274
274
274
274
274
274
274
274
274
274
274
274
274
274
274
274
274
274
274
274.009
274.674
317.188
800.582
1462.83
1606.81
1592.71
1590.84
1664.26
1864.24
2083.14
2180.21
2254.87
2313.23
2352.58
2395.68
2396.33
2246.87
2136.45
274
274
274
274
274
274
274
274
274
274
274
274
274
274
274
274
274
274
274
274
274
274
274
274
274
274
274
274
274
274
274
274
274
274
274
274
274
274
274
274
274
274
274
274
274
274
274
274
274
274
274
274
274
274
274
274
274
274
274
274
274
274
274
274
274
274
274
274
274
274
274
274
274
274
274
274
274
274
274
274
274
274
274
274
274
274
274
274
274
274
274
274
274
274
274
274
274
274
274
274
274
274
274
274
274
274
274.009
274.737
328.543
878.961
1552.88
1637.25
1615.59
1622.86
1729.78
1942.6
2092.17
2180.96
2267.37
2318.77
2367.58
2422.82
2470.33
2390.5
2246.49
274
274
274
274
274
274
274
274
274
274
274
274
274
274
274
274
274
274
274
274
274
274
274
274
274
274
274
274
274
274
274
274
274
274
274
274
274
274
274
274
274
274
274
274
274
274
274
274
274
274
274
274
274
274
274
274
274
274
274
274
274
274
274
274
274
274
274
274
274
274
274
274
274
274
274
274
274
274
274
274
274
274
274
274
274
274
274
274
274
274
274
274
274
274
274
274
274
274
274
274
274
274
274
274
274
274
274.009
274.877
345.503
969.683
1625.98
1635.51
1602.45
1649.07
1793.06
1989.46
2086.64
2182.19
2270.65
2310.33
2369.32
2451.59
2499.41
2522.12
2380.58
274
274
274
274
274
274
274
274
274
274
274
274
274
274
274
274
274
274
274
274
274
274
274
274
274
274
274
274
274
274
274
274
274
274
274
274
274
274
274
274
274
274
274
274
274
274
274
274
274
274
274
274
274
274
274
274
274
274
274
274
274
274
274
274
274
274
274
274
274
274
274
274
274
274
274
274
274
274
274
274
274
274
274
274
274
274
274
274
274
274
274
274
274
274
274
274
274
274
274
274
274
274
274
274
274
274
274.012
275.147
366.184
1044.5
1674.25
1637.58
1587.87
1656.04
1854.72
2003.28
2070.8
2186.73
2268.29
2302.89
2366.91
2443.8
2476.52
2502.33
2519.88
274
274
274
274
274
274
274
274
274
274
274
274
274
274
274
274
274
274
274
274
274
274
274
274
274
274
274
274
274
274
274
274
274
274
274
274
274
274
274
274
274
274
274
274
274
274
274
274
274
274
274
274
274
274
274
274
274
274
274
274
274
274
274
274
274
274
274
274
274
274
274
274
274
274
274
274
274
274
274
274
274
274
274
274
274
274
274
274
274
274
274
274
274
274
274
274
274
274
274
274
274
274
274
274
274
274
274.014
275.349
378.318
1078.07
1697.02
1646.85
1591.86
1666.22
1880.58
2004.99
2072.48
2195.06
2265.38
2298.14
2371.44
2428.37
2447.6
2460.73
2477.85
274
274
274
274
274
274
274
274
274
274
274
274
274
274
274
274
274
274
274
274
274
274
274
274
274
274
274
274
274
274
274
274
274
274
274
274
274
274
274
274
274
274
274
274
274
274
274
274
274
274
274
274
274
274
274
274
274
274
274
274
274
274
274
274
274
274
274
274
274
274
274
274
274
274
274
274
274
274
274
274
274
274
274
274
274
274
274
274
274
274
274
274
274
274
274
274
274
274
274
274
274
274
274
274
274
274
274.012
275.141
365.857
1043.99
1674.63
1637.87
1587.57
1655.81
1854.92
2002.87
2070.48
2187.39
2268.26
2303.07
2366.64
2440.91
2472.19
2497.14
2513.11
274
274
274
274
274
274
274
274
274
274
274
274
274
274
274
274
274
274
274
274
274
274
274
274
274
274
274
274
274
274
274
274
274
274
274
274
274
274
274
274
274
274
274
274
274
274
274
274
274
274
274
274
274
274
274
274
274
274
274
274
274
274
274
274
274
274
274
274
274
274
274
274
274
274
274
274
274
274
274
274
274
274
274
274
274
274
274
274
274
274
274
274
274
274
274
274
274
274
274
274
274
274
274
274
274
274
274.009
274.863
344.724
968.373
1625.89
1634.75
1601.26
1649.05
1793.61
1988.34
2085.85
2182.97
2271.79
2312.45
2371.13
2450.49
2494.85
2516.49
2370.65
274
274
274
274
274
274
274
274
274
274
274
274
274
274
274
274
274
274
274
274
274
274
274
274
274
274
274
274
274
274
274
274
274
274
274
274
274
274
274
274
274
274
274
274
274
274
274
274
274
274
274
274
274
274
274
274
274
274
274
274
274
274
274
274
274
274
274
274
274
274
274
274
274
274
274
274
274
274
274
274
274
274
274
274
274
274
274
274
274
274
274
274
274
274
274
274
274
274
274
274
274
274
274
274
274
274
274.009
274.716
327.314
876.248
1552.77
1636.32
1615.18
1622.99
1730.08
1942.44
2090.99
2182.29
2269.57
2321.67
2370.11
2424.62
2471.2
2382.49
2242.95
274
274
274
274
274
274
274
274
274
274
274
274
274
274
274
274
274
274
274
274
274
274
274
274
274
274
274
274
274
274
274
274
274
274
274
274
274
274
274
274
274
274
274
274
274
274
274
274
274
274
274
274
274
274
274
274
274
274
274
274
274
274
274
274
274
274
274
274
274
274
274
274
274
274
274
274
274
274
274
274
274
274
274
274
274
274
274
274
274
274
274
274
274
274
274
274
274
274
274
274
274
274
274
274
274
274
274.009
274.649
315.856
797.016
1462.16
1606.76
1592.68
1590.58
1664.33
1864.66
2083.5
2182.23
2257.72
2317.82
2359.12
2400.54
2398.72
2252.52
2135.28
274
274
274
274
274
274
274
274
274
274
274
274
274
274
274
274
274
274
274
274
274
274
274
274
274
274
274
274
274
274
274
274
274
274
274
274
274
274
274
274
274
274
274
274
274
274
274
274
274
274
274
274
274
274
274
274
274
274
274
274
274
274
274
274
274
274
274
274
274
274
274
274
274
274
274
274
274
274
274
274
274
274
274
274
274
274
274
274
274
274
274
274
274
274
274
274
274
274
274
274
274
274
274
274
274
274
274.01
274.661
312.412
759.652
1394.42
1552.01
1556.35
1559.08
1612.6
1777.6
2037.79
2155.25
2208.31
2277.16
2307.74
2314.18
2265.75
2207.12
2091.54
274
274
274
274
274
274
274
274
274
274
274
274
274
274
274
274
274
274
274
274
274
274
274
274
274
274
274
274
274
274
274
274
274
274
274
274
274
274
274
274
274
274
274
274
274
274
274
274
274
274
274
274
274
274
274
274
274
274
274
274
274
274
274
274
274
274
274
274
274
274
274
274
274
274
274
274
274
274
274
274
274
274
274
274
274
274
274
274
274
274
274
274
274
274
274
274
274
274
274
274
274
274
274
274
274
274
274.01
274.688
313.278
760.173
1372.99
1498.61
1510.47
1514.39
1548.48
1669.42
1905.3
2068.3
2098.43
2175.58
2211.69
2213.02
2196.55
2168.47
2117.06
274
274
274
274
274
274
274
274
274
274
274
274
274
274
274
274
274
274
274
274
274
274
274
274
274
274
274
274
274
274
274
274
274
274
274
274
274
274
274
274
274
274
274
274
274
274
274
274
274
274
274
274
274
274
274
274
274
274
274
274
274
274
274
274
274
274
274
274
274
274
274
274
274
274
274
274
274
274
274
274
274
274
274
274
274
274
274
274
274
274
274
274
274
274
274
274
274
274
274
274
274
274
274
274
274
274
274.009
274.631
309.291
741.017
1337.63
1446.43
1464.76
1473.09
1495.31
1575.27
1754.39
1950.96
2002.85
2062.67
2123.23
2148.48
2141.96
2161.91
2160.28
274
274
274
274
274
274
274
274
274
274
274
274
274
274
274
274
274
274
274
274
274
274
274
274
274
274
274
274
274
274
274
274
274
274
274
274
274
274
274
274
274
274
274
274
274
274
274
274
274
274
274
274
274
274
274
274
274
274
274
274
274
274
274
274
274
274
274
274
274
274
274
274
274
274
274
274
274
274
274
274
274
274
274
274
274
274
274
274
274
274
274
274
274
274
274
274
274
274
274
274
274
274
274
274
274
274
274.007
274.502
300.814
699.042
1288.21
1397.12
1419.28
1440.62
1451.8
1489.39
1600.68
1792.12
1928.87
1987.91
2023.74
2073.78
2120.98
2174.36
2198.23
274
274
274
274
274
274
274
274
274
274
274
274
274
274
274
274
274
274
274
274
274
274
274
274
274
274
274
274
274
274
274
274
274
274
274
274
274
274
274
274
274
274
274
274
274
274
274
274
274
274
274
274
274
274
274
274
274
274
274
274
274
274
274
274
274
274
274
274
274
274
274
274
274
274
274
274
274
274
274
274
274
274
274
274
274
274
274
274
274
274
274
274
274
274
274
274
274
274
274
274
274
274
274
274
274
274
274.005
274.314
289.295
607.744
1195.92
1340.19
1382.64
1412.48
1411.65
1435.41
1505.12
1652.99
1812.36
1890.38
1923.07
1968.31
2032.15
2154.55
2236.8
274
274
274
274
274
274
274
274
274
274
274
274
274
274
274
274
274
274
274
274
274
274
274
274
274
274
274
274
274
274
274
274
274
274
274
274
274
274
274
274
274
274
274
274
274
274
274
274
274
274
274
274
274
274
274
274
274
274
274
274
274
274
274
274
274
274
274
274
274
274
274
274
274
274
274
274
274
274
274
274
274
274
274
274
274
274
274
274
274
274
274
274
274
274
274
274
274
274
274
274
274
274
274
274
274
274
274.003
274.195
283.315
534.14
1123.86
1301.52
1342.67
1369.13
1357.72
1360.42
1386.58
1492.03
1650.84
1760.71
1803.05
1816.87
1853.29
2049.31
2249.5
274
274
274
274
274
274
274
274
274
274
274
274
274
274
274
274
274
274
274
274
274
274
274
274
274
274
274
274
274
274
274
274
274
274
274
274
274
274
274
274
274
274
274
274
274
274
274
274
274
274
274
274
274
274
274
274
274
274
274
274
274
274
274
274
274
274
274
274
274
274
274
274
274
274
274
274
274
274
274
274
274
274
274
274
274
274
274
274
274
274
274
274
274
274
274
274
274
274
274
274
274
274
274
274
274
274
274.002
274.084
278.277
436.694
1000.44
1257.17
1333.53
1377.71
1352.1
1346.54
1344.72
1389.7
1497.53
1584.06
1613.82
1607.41
1676.09
1812.01
2035.38
274
274
274
274
274
274
274
274
274
274
274
274
274
274
274
274
274
274
274
274
274
274
274
274
274
274
274
274
274
274
274
274
274
274
274
274
274
274
274
274
274
274
274
274
274
274
274
274
274
274
274
274
274
274
274
274
274
274
274
274
274
274
274
274
274
274
274
274
274
274
274
274
274
274
274
274
274
274
274
274
274
274
274
274
274
274
274
274
274
274
274
274
274
274
274
274
274
274
274
274
274
274
274
274
274
274
274.001
274.025
275.452
346.55
832.335
1185.62
1288.45
1348.12
1343.65
1329.33
1321.32
1338.7
1418.05
1465.09
1456.76
1353.15
1332.53
1364.78
1582.83
274
274
274
274
274
274
274
274
274
274
274
274
274
274
274
274
274
274
274
274
274
274
274
274
274
274
274
274
274
274
274
274
274
274
274
274
274
274
274
274
274
274
274
274
274
274
274
274
274
274
274
274
274
274
274
274
274
274
274
274
274
274
274
274
274
274
274
274
274
274
274
274
274
274
274
274
274
274
274
274
274
274
274
274
274
274
274
274
274
274
274
274
274
274
274
274
274
274
274
274
274
274
274
274
274
274
274
274.01
274.593
301.334
675.549
1089.81
1229.4
1312.72
1327.67
1300.26
1269.87
1249.64
1286.69
1302.03
1287.4
1225.78
1208.48
1274.87
1499.06
274
274
274
274
274
274
274
274
274
274
274
274
274
274
274
274
274
274
274
274
274
274
274
274
274
274
274
274
274
274
274
274
274
274
274
274
274
274
274
274
274
274
274
274
274
274
274
274
274
274
274
274
274
274
274
274
274
274
274
274
274
274
274
274
274
274
274
274
274
274
274
274
274
274
274
274
274
274
274
274
274
274
274
274
274
274
274
274
274
274
274
274
274
274
274
274
274
274
274
274
274
274
274
274
274
274
274
274.007
274.378
290.266
596.714
1042.9
1195.06
1296.96
1320.9
1292.87
1249.07
1218.72
1235.97
1244.58
1227.89
1163.81
1141.12
1182.06
1330.77
274
274
274
274
274
274
274
274
274
274
274
274
274
274
274
274
274
274
274
274
274
274
274
274
274
274
274
274
274
274
274
274
274
274
274
274
274
274
274
274
274
274
274
274
274
274
274
274
274
274
274
274
274
274
274
274
274
274
274
274
274
274
274
274
274
274
274
274
274
274
274
274
274
274
274
274
274
274
274
274
274
274
274
274
274
274
274
274
274
274
274
274
274
274
274
274
274
274
274
274
274
274
274
274
274
274
274
274.001
274.055
277.034
402.049
906.503
1127.11
1222.92
1264.49
1234.98
1140.12
1051.37
1014.01
988.411
972.727
955.992
912.617
951.212
1118.81
274
274
274
274
274
274
274
274
274
274
274
274
274
274
274
274
274
274
274
274
274
274
274
274
274
274
274
274
274
274
274
274
274
274
274
274
274
274
274
274
274
274
274
274
274
274
274
274
274
274
274
274
274
274
274
274
274
274
274
274
274
274
274
274
274
274
274
274
274
274
274
274
274
274
274
274
274
274
274
274
274
274
274
274
274
274
274
274
274
274
274
274
274
274
274
274
274
274
274
274
274
274
274
274
274
274
274
274
274.001
274.089
279.62
460.798
934.512
1108.84
1216.78
1245.04
1231.78
1181.45
1087.64
1031.32
1027.78
1022.1
1054.3
1172.83
1268.57
274
274
274
274
274
274
274
274
274
274
274
274
274
274
274
274
274
274
274
274
274
274
274
274
274
274
274
274
274
274
274
274
274
274
274
274
274
274
274
274
274
274
274
274
274
274
274
274
274
274
274
274
274
274
274
274
274
274
274
274
274
274
274
274
274
274
274
274
274
274
274
274
274
274
274
274
274
274
274
274
274
274
274
274
274
274
274
274
274
274
274
274
274
274
274
274
274
274
274
274
274
274
274
274
274
274
274
274
274
274.001
274.133
281.243
473.744
915.948
1065.03
1147.79
1170.77
1194.93
1209.4
1185.99
1218.2
1233.96
1256.61
1299.5
1400.09
274
274
274
274
274
274
274
274
274
274
274
274
274
274
274
274
274
274
274
274
274
274
274
274
274
274
274
274
274
274
274
274
274
274
274
274
274
274
274
274
274
274
274
274
274
274
274
274
274
274
274
274
274
274
274
274
274
274
274
274
274
274
274
274
274
274
274
274
274
274
274
274
274
274
274
274
274
274
274
274
274
274
274
274
274
274
274
274
274
274
274
274
274
274
274
274
274
274
274
274
274
274
274
274
274
274
274
274
274
274
274.001
274.122
279.792
425.207
817.205
963.505
1017.26
1065.6
1104.14
1110.4
1125.75
1132.88
1104.91
1046.6
933.095
274
274
274
274
274
274
274
274
274
274
274
274
274
274
274
274
274
274
274
274
274
274
274
274
274
274
274
274
274
274
274
274
274
274
274
274
274
274
274
274
274
274
274
274
274
274
274
274
274
274
274
274
274
274
274
274
274
274
274
274
274
274
274
274
274
274
274
274
274
274
274
274
274
274
274
274
274
274
274
274
274
274
274
274
274
274
274
274
274
274
274
274
274
274
274
274
274
274
274
274
274
274
274
274
274
274
274
274
274
274
274
274.002
274.098
277.201
346.358
612.001
808.158
858.506
868.647
869.556
854.284
821.75
758.001
667.351
580.376
274
274
274
274
274
274
274
274
274
274
274
274
274
274
274
274
274
274
274
274
274
274
274
274
274
274
274
274
274
274
274
274
274
274
274
274
274
274
274
274
274
274
274
274
274
274
274
274
274
274
274
274
274
274
274
274
274
274
274
274
274
274
274
274
274
274
274
274
274
274
274
274
274
274
274
274
274
274
274
274
274
274
274
274
274
274
274
274
274
274
274
274
274
274
274
274
274
274
274
274
274
274
274
274
274
274
274
274
274
274
274
274
274.001
274.066
275.323
291.254
397.318
571.49
662.311
676.278
658.874
621.735
570.602
498.928
444.841
274
274
274
274
274
274
274
274
274
274
274
274
274
274
274
274
274
274
274
274
274
274
274
274
274
274
274
274
274
274
274
274
274
274
274
274
274
274
274
274
274
274
274
274
274
274
274
274
274
274
274
274
274
274
274
274
274
274
274
274
274
274
274
274
274
274
274
274
274
274
274
274
274
274
274
274
274
274
274
274
274
274
274
274
274
274
274
274
274
274
274
274
274
274
274
274
274
274
274
274
274
274
274
274
274
274
274
274
274
274
274
274
274
274.001
274.034
274.427
277.512
292.907
335.815
401.768
439.05
441.041
418.962
370.109
335.748
274
274
274
274
274
274
274
274
274
274
274
274
274
274
274
274
274
274
274
274
274
274
274
274
274
274
274
274
274
274
274
274
274
274
274
274
274
274
274
274
274
274
274
274
274
274
274
274
274
274
274
274
274
274
274
274
274
274
274
274
274
274
274
274
274
274
274
274
274
274
274
274
274
274
274
274
274
274
274
274
274
274
274
274
274
274
274
274
274
274
274
274
274
274
274
274
274
274
274
274
274
274
274
274
274
274
274
274
274
274
274
274
274
274
274
274.012
274.111
274.65
276.372
279.928
284.286
286.543
285.701
281.644
278.748
274
274
274
274
274
274
274
274
274
274
274
274
274
274
274
274
274
274
274
274
274
274
274
274
274
274
274
274
274
274
274
274
274
274
274
274
274
274
274
274
274
274
274
274
274
274
274
274
274
274
274
274
274
274
274
274
274
274
274
274
274
274
274
274
274
274
274
274
274
274
274
274
274
274
274
274
274
274
274
274
274
274
274
274
274
274
274
274
274
274
274
274
274
274
274
274
274
274
274
274
274
274
274
274
274
274
274
274
274
274
274
274
274
274
274
274
274.003
274.024
274.099
274.272
274.538
274.766
274.804
274.608
274.395
274
274
274
274
274
274
274
274
274
274
274
274
274
274
274
274
274
274
274
274
274
274
274
274
274
274
274
274
274
274
274
274
274
274
274
274
274
274
274
274
274
274
274
274
274
274
274
274
274
274
274
274
274
274
274
274
274
274
274
274
274
274
274
274
274
274
274
274
274
274
274
274
274
274
274
274
274
274
274
274
274
274
274
274
274
274
274
274
274
274
274
274
274
274
274
274
274
274
274
274
274
274
274
274
274
274
274
274
274
274
274
274
274
274
274
274
274
274
274.003
274.013
274.031
274.05
274.057
274.049
274.034
274
274
274
274
274
274
274
274
274
274
274
274
274
274
274
274
274
274
274
274
274
274
274
274
274
274
274
274
274
274
274
274
274
274
274
274
274
274
274
274
274
274
274
274
274
274
274
274
274
274
274
274
274
274
274
274
274
274
274
274
274
274
274
274
274
274
274
274
274
274
274
274
274
274
274
274
274
274
274
274
274
274
274
274
274
274
274
274
274
274
274
274
274
274
274
274
274
274
274
274
274
274
274
274
274
274
274
274
274
274
274
274
274
274
274
274
274
274
274
274
274.001
274.002
274.002
274.002
274.001
274
274
274
274
274
274
274
274
274
274
274
274
274
274
274
274
274
274
274
274
274
274
274
274
274
274
274
274
274
274
274
274
274
274
274
274
274
274
274
274
274
274
274
274
274
274
274
274
274
274
274
274
274
274
274
274
274
274
274
274
274
274
274
274
274
274
274
274
274
274
274
274
274
274
274
274
274
274
274
274
274
274
274
274
274
274
274
274
274
274
274
274
274
274
274
274
274
274
274
274
274
274
274
274
274
274
274
274
274
274
274
274
274
274
274
274
274
274
274
274
274
274
274
274
274
274
274
274
274
274
274
274
274
274
274
274
274
274
274
274
274
274
274
274
274
274
274
274
274
274
274
274
274
274
274
274
274
274
274
274
274
274
274
274
274
274
274
274
274
274
274
274
274
274
274
274
274
274
274
274
274
274
274
274
274
274
274
274
274
274
274
274
274
274
274
274
274
274
274
274
274
274
274
274
274
274
274
274
274
274
274
274
274
274
274
274
274
274
274
274
274
274
274
274
274
274
274
274
274
274
274
274
274
274
274
274
274
274
274
274
274
274
274
274
274
274
274
274
274
274
274
274
274
274
274
274
274
274
274
274
274
274
274
274
274
274
274
274
274
274
274
274
274
274
274
274
274
274
274
274
274
274
274
274
274
274
274
274
274
274
274
274
274
274
274
274
274
274
274
274
274
274
274
274
274
274
274
274
274
274
274
274
274
274
274
274
274
274
274
274
274
274
274
274
274
274
274
274
274
274
274
274
274
274
274
274
274
274
274
274
274
274
274
274
274
274
274
274
274
274
274
274
274
274
274
274
274
274
274
274
274
274
274
274
274
274
274
274
274
274
274
274
274
274
274
274
274
274
274
274
274
274
274
274
274
274
274
274
274
274
274
274
274
274
274
274
274
274
274
274
274
274
274
274
274
274
274
274
274
274
274
274
274
274
274
274
274
274
274
274
274
274
274
274
274
274
274
274
274
274
274
274
274
274
274
274
274
274
274
274
274
274
274
274
274
274
274
274
274
274
274
274
274
274
274
274
274
274
274
274
274
274
274
274
274
274
274
274
274
274
274
274
274
274
274
274
274
274
274
274
274
274
274
274
274
274
274
274
274
274
274
274
274
274
274
274
274
274
274
274
274
274
274
274
274
274
274
274
274
274
274
274
274
274
274
274
274
274
274
274
274
274
274
274
274
274
274
274
274
274
274
274
274
274
274
274
274
274
274
274
274
274
274
274
274
274
274
274
274
274
274
274
274
274
274
274
274
274
274
274
274
274
274
274
274
274
274
274
274
274
274
274
274
274
274
274
274
274
274
274
274
274
274
274
274
274
274
274
274
274
274
274
274
274
274
274
274
274
274
274
274
274
274
274
274
274
274
274
274
274
274
274
274
274
274
274
274
274
274
274
274
274
274
274
274
274
274
274
274
274
274
274
274
274
274
274
274
274
274
274
274
274
274
274
274
274
274
274
274
274
274
274
274
274
274
274
274
274
274
274
274
274
274
274
274
274
274
274
274
274
274
274
274
274
274
274
274
274
274
274
274
274
274
274
274
274
274
274
274
274
274
274
274
274
274
274
274
274
274
274
274
274
274
274
274
274
274
274
274
274
274
274
274
274
274
274
274
274
274
274
274
274
274
274
274
274
274
274
274
274
274
274
274
274
274
274
274
274
274
274
274
274
274
274
274
274
274
274
274
274
274
274
274
274
274
274
274
274
274
274
274
274
274
274
274
274
274
274
274
274
274
274
274
274
274
274
274
274
274
274
274
274
274
274
274
274
274
274
274
274
274
274
274
274
274
274
274
274
274
274
274
274
274
274
274
274
274
274
274
274
274
274
274
274
274
274
274
274
274
274
274
274
274
274
274
274
274
274
274
274
274
274
274
274
274
274
274
274
274
274
274
274
274
274
274
274
274
274
274
274
274
274
274
274
274
274
274
274
274
274
274
274
274
274
274
274
274
274
274
274
274
274
274
274
274
274
274
274
274
274
274
274
274
274
274
274
274
274
274
274
274
274
274
274
274
274
274
274
274
274
274
274
274
274
274
274
274
274
274
274
274
274
274
274
274
274
274
274
274
274
274
274
274
274
274
274
274
274
274
274
274
274
274
274
274
274
274
274
274
274
274
274
274
274
274
274
274
274
274
274
274
274
274
274
274
274
274
274
274
274
274
274
274
274
274
274
274
274
274
274
274
274
274
274
274
274
274
274
274
274
274
274
274
274
274
274
274
274
274
274
274
274
274
274
274
274
274
274
274
274
274
274
274
274
274
274
274
274
274
274
274
274
274
274
274
274
274
274
274
274
274
274
274
274
274
274
274
274
274
274
274
274
274
274
274
274
274
274
274
274
274
274
274
274
274
274
274
274
274
274
274
274
274
274
274
274
274
274
274
274
274
274
274
274
274
274
274
274
274
274
274
274
274
274
274
274
274
274
274
274
274
274
274
274
274
274
274
274
274
274
274
274
274
274
274
274
274
274
274
274
274
274
274
274
274
274
274
274
274
274
274
274
274
274
274
274
274
274
274
274
274
274
274
274
274
274
274
274
274
274
274
274
274
274
274
274
274
274
274
274
274
274
274
274
274
274
274
274
274
274
274
274
274
274
274
274
274
274
274
274
274
274
274
274
274
274
274
274
274
274
274
274
274
274
274
274
274
274
274
274
274
274
274
274
274
274
274
274
274
274
274
274
274
274
274
274
274
274
274
274
274
274
274
274
274
274
274
274
274
274
274
274
274
274
274
274
274
274
274
274
274
274
274
274
274
274
274
274
274
274
274
274
274
274
274
274
274
274
274
274
274
274
274
274
274
274
274
274
274
274
274
274
274
274
274
274
274
274
274
274
274
274
274
274
274
274
274
274
274
274
274
274
274
274
274
274
274
274
274
274
274
274
274
274
274
274
274
274
274
274
274
274
274
274
274
274
274
274
274
274
274
274
274
274
274
274
274
274
274
274
274
274
274
274
274
274
274
274
274
274
274
274
274
274
274
274
274
274
274
274
274
274
274
274
274
274
274
274
274
274
274
274
274
274
274
274
274
274
274
274
274
274
274
274
274
274
274
274
274
274
274
274
274
274
274
274
274
274
274
274
274
274
274
274
274
274
274
274
274
274
274
274
274
274
274
274
274
274
274
274
274
274
274
274
274
274
274
274
274
274
274
274
274
274
274
274
274
274
274
274
274
274
274
274
274
274
274
274
274
274
274
274
274
274
274
274
274
274
274
274
274
274
274
274
274
274
274
274
274
274
274
274
274
274
274
274
274
274
274
274
274
274
274
274
274
274
274
274
274
274
274
274
274
274
274
274
274
274
274
274
274
274
274
274
274
274
274
274
274
274
274
274
274
274
274
274
274
274
274
274
274
274
274
274
274
274
274
274
274
274
274
274
274
274
274
274
274
274
274
274
274
274
274
274
274
274
274
274
274
274
274
274
274
274
274
274
274
274
274
274
274
274
274
274
274
274
274
274
274
274
274
274
274
274
274
274
274
274
274
274
274
274
274
274
274
274
274
274
274
274
274
274
274
274
274
274
274
274
274
274
274
274
274
274
274
274
274
274
274
274
274
274
274
274
274
274
274
274
274
274
274
274
274
274
274
274
274
274
274
274
274
274
274
274
274
274
274
274
274
274
274
274
274
274
274
274
274
274
274
274
274
274
274
274
274
274
274
274
274
274
274
274
274
274
274
274
274
274
274
274
274
274
274
274
274
274
274
274
274
274
274
274
274
274
274
274
274
274
274
274
274
274
274
274
274
274
274
274
274
274
274
274
274
274
274
274
274
274
274
274
274
274
274
274
274
274
274
274
274
274
274
274
274
274
274
274
274
274
274
274
274
274
274
274
274
274
274
274
274
274
274
274
274
274
274
274
274
274
274
274
274
274
274
274
274
274
274
274
274
274
274
274
274
274
274
274
274
274
274
274
274
274
274
274
274
274
274
274
274
274
274
274
274
274
274
274
274
274
274
274
274
274
274
274
274
274
274
274
274
274
274
274
274
274
274
274
274
274
274
274
274
274
274
274
274
274
274
274
274
274
274
274
274
274
274
274
274
274
274
274
274
274
274
274
274
274
274
274
274
274
274
274
274
274
274
274
274
274
274
274
274
274
274
274
274
274
274
274
274
274
274
274
274
274
274
274
274
274
274
274
274
274
274
274
274
274
274
274
274
274
274
274
274
274
274
274
274
274
274
274
274
274
274
274
274
274
274
274
274
274
274
274
274
274
274
274
274
274
274
274
274
274
274
274
274
274
274
274
274
274
274
274
274
274
274
274
274
274
274
274
274
274
274
274
274
274
274
274
274
274
274
274
274
274
274
274
274
274
274
274
274
274
274
274
274
274
274
274
274
274
274
274
274
274
274
274
274
274
274
274
274
274
274
274
274
274
274
274
274
274
274
274
274
274
274
274
274
274
274
274
274
274
274
274
274
274
274
274
274
274
274
274
274
274
274
274
274
274
274
274
274
274
274
274
274
274
274
274
274
274
274
274
274
274
274
274
274
274
274
274
274
274
274
274
274
274
274
274
274
274
274
274
274
274
274
274
274
274
274
274
274
274
274
274
274
274
274
274
274
274
274
274
274
274
274
274
274
274
274
274
274
274
274
274
274
274
274
274
274
274
274
274
274
274
274
274
274
274
274
274
274
274
274
274
274
274
274
274
274
274
274
274
274
274
274
274
274
274
274
274
274
274
274
274
274
274
274
274
274
274
274
274
274
274
274
274
274
274
274
274
274
274
274
274
274
274
274
274
274
274
274
274
274
274
274
274
274
274
274
274
274
274
274
274
274
274
274
274
274
274
274
274
274
274
274
274
274
274
274
274
274
274
274
274
274
274
274
274
274
274
274
274
274
274
274
274
274
274
274
274
274
274
274
274
274
274
274
274
274
274
274
274
274
274
274
274
274
274
274
274
274
274
274
274
274
274
274
274
274
274
274
274
274
274
274
274
274
274
274
274
274
274
274
274
274
274
274
274
274
274
274
274
274
274
274
274
274
274
274
274
274
274
274
274
274
274
274
274
274
274
274
274
274
274
274
274
274
274
274
274
274
274
274
274
274
274
274
274
274
274
274.001
274.001
274.001
274.001
274.001
274.001
274.001
274.001
274.001
274.001
274.001
274.001
274.001
274.001
274.001
274.001
274.001
274.001
274.001
274.001
274.001
274.001
274.001
274.001
274.001
274.001
274.001
274.001
274.001
274.001
274.001
274.001
274.001
274.001
274.001
274.001
274.001
274.001
274.001
274.001
274.001
274.001
274.001
274.001
274.001
274.001
274.001
274.001
274.001
274.001
274.001
274.001
274.001
274.001
274.001
274.001
274.001
274.001
274.001
274.001
274.001
274.001
274.001
274.001
274.001
274.001
274.001
274.001
274.001
274.001
274.001
274.001
274.001
274.001
274.001
274.001
274.001
274.001
274.001
274.001
274.001
274.001
274.001
274.001
274.001
274.001
274.001
274.001
274.001
274.001
274.001
274.001
274.001
274.001
274.001
274.001
274.001
274.001
274.001
274.001
274.001
274.001
274.001
274.001
274.001
274.001
274.001
274.001
274.001
274.001
274.001
274.001
274.001
274.001
274.001
274.001
274.001
274.001
274.001
274.001
274.001
274.001
274.001
274.001
274.001
)
;

boundaryField
{
    wall
    {
        type            zeroGradient;
    }
    inlet
    {
        type            fixedValue;
        value           uniform 3673;
    }
    outlet-1
    {
        type            inletOutlet;
        inletValue      uniform 274;
        value           uniform 274;
    }
    outlet-2
    {
        type            inletOutlet;
        inletValue      uniform 274;
        value           nonuniform List<scalar> 
89
(
274.001
274
274
274
274
274
274
274
274
274
274
274
274
274
274
274
274
274
274
274
274
274
274
274
274
274
274
274
274
274
274
274
274
274
274
274
274
274
274
274
274
274
274
274
274
274
274
274
274
274
274
274
274
274
274
274
274
274
274
274
274
274
274
274
274
274
274
274
274
274
274
274
274
274
274
274
274
274
274
274
274
274
274
274
274
274
274
274
274.001
)
;
    }
    frontAndBackPlanes
    {
        type            empty;
    }
}


// ************************************************************************* //
