/*--------------------------------*- C++ -*----------------------------------*\
| =========                 |                                                 |
| \\      /  F ield         | OpenFOAM: The Open Source CFD Toolbox           |
|  \\    /   O peration     | Version:  2112                                  |
|   \\  /    A nd           | Website:  www.openfoam.com                      |
|    \\/     M anipulation  |                                                 |
\*---------------------------------------------------------------------------*/
FoamFile
{
    version     2.0;
    format      ascii;
    arch        "LSB;label=32;scalar=64";
    class       volScalarField;
    location    "0.00284";
    object      T;
}
// * * * * * * * * * * * * * * * * * * * * * * * * * * * * * * * * * * * * * //

dimensions      [0 0 0 1 0 0 0];

internalField   nonuniform List<scalar> 
13875
(
1411.93
1535.35
1482.68
1486.77
1481.04
1483.51
1483.47
1483.13
1484.02
1483.78
1484.5
1484.22
1484.09
1484.19
1484.47
1483.63
1484.18
1482.46
1483.33
1483.47
1480.86
1487.56
1480.75
1532.68
1397.68
1307.02
1356.13
1319.17
1322.08
1316.53
1317.14
1317.02
1317.76
1322.69
1323.19
1323.72
1322.95
1319.9
1318.56
1322.81
1322.91
1322.82
1318.08
1317.01
1317.07
1316.2
1322.03
1319.73
1356.32
1304.53
1307.2
1339.89
1314.54
1311
1303.82
1304.19
1303.6
1303.49
1304.58
1306.24
1307.02
1306.39
1305.94
1305.73
1306.42
1306.11
1305.88
1303.25
1303.46
1304.1
1303.48
1310.87
1311.58
1336.64
1297.76
1317.33
1344.83
1314.99
1308.59
1304.97
1304.64
1303.8
1303.65
1303.56
1304.41
1305.78
1305.61
1306.03
1305.69
1305.79
1304.33
1304.2
1303.27
1303.62
1304.47
1304.3
1307.61
1314.09
1343.76
1311.31
1329.49
1341.97
1315.98
1311.62
1303.38
1304.01
1303.89
1303.72
1303.51
1304.51
1305.88
1305.86
1306.25
1305.91
1305.94
1304.52
1304.13
1303.38
1303.78
1304.01
1303.13
1311.52
1312.26
1338.4
1315.59
1332.21
1351.21
1319.16
1309.79
1306.87
1306.05
1304.81
1304.34
1304.02
1304.74
1305.77
1306.36
1307.03
1306.31
1305.85
1304.68
1304.45
1303.97
1304.63
1305.89
1306.14
1308.36
1319.12
1349.11
1326.32
1339.04
1360.42
1329.23
1316.79
1306.83
1306.25
1305.4
1304.96
1304.52
1305.06
1306.51
1306.75
1307.67
1307.05
1306.61
1305.28
1304.99
1304.49
1305.26
1306.19
1306.6
1317.28
1326.08
1358.38
1321.93
1360.23
1385.02
1344.83
1321.36
1316.18
1311.94
1308.94
1307.53
1306.5
1306.58
1307.26
1307.84
1309.06
1308.46
1307.57
1306.33
1306.68
1306.79
1308.49
1311.44
1314.98
1320.71
1341.61
1381.25
1351.18
1536.56
1508.01
1387.5
1350.86
1323.05
1316.29
1312.66
1310.66
1309.32
1309.24
1309.67
1310.24
1311.8
1311.28
1310.27
1309.04
1309.42
1309.72
1312.09
1315.69
1321.92
1348.29
1384.41
1508.09
1523.55
1840.51
1578.2
1432.08
1364.87
1344.14
1327.96
1321.42
1318.05
1315.93
1315.33
1315.24
1315.77
1317.52
1317.14
1316.18
1315.1
1315.81
1316.86
1320.44
1327.63
1340.33
1363.6
1427.65
1568.27
1830.8
2508.72
1803.76
1526.84
1441.29
1363.02
1345.91
1336.73
1332.12
1329.67
1328.56
1328.04
1328.28
1330.07
1329.93
1329.26
1328.48
1329.53
1331.05
1335.37
1344.89
1360.83
1428.42
1515.39
1810
2446.29
2870.34
2275.91
1842.31
1504.75
1438.72
1400.92
1376.3
1368.21
1362.71
1360.52
1359.48
1359.1
1360.59
1360.82
1360.7
1360.76
1362.87
1367.72
1374.89
1402.68
1429.47
1489.5
1759.72
2307.71
2848.97
2830.51
2680.33
2523.7
2347
1605.89
1518.01
1494.89
1475.53
1466
1462.74
1461.44
1460.69
1462.11
1462.28
1462.97
1463.7
1467.56
1477.48
1496.11
1527.34
1633.88
2344.25
2419.34
2715.64
2787.96
2729.97
2673.04
2854.86
2831.78
2139.67
2143.57
1952.26
1861.19
1801.41
1786.4
1781
1776.67
1780.49
1780.89
1783.97
1790.49
1811.78
1876.58
1988.85
2167.67
2159.85
2846.79
2860.77
2729.11
2710.14
2660.29
2698.17
2827.79
2813.8
2821.63
2988.19
3347.38
3282.39
3455.04
3431.69
3499.08
3467.72
3515.2
3480.72
3502.55
3453.56
3477.97
3335.05
3372.67
3080.37
2859.94
2846.53
2844.05
2705.46
2671.93
2529.04
2607.37
2833.78
2957.43
2994.36
3328.83
3600.34
3700.97
3685.36
3674.71
3642.38
3645.22
3627.86
3646.78
3641.36
3668.17
3689.89
3720.28
3630.63
3381.4
3031.37
2954.86
2859.27
2654.7
2577.37
2462.87
2570.06
2703.19
2887.89
2996.89
3306.57
3576.26
3677.3
3664.78
3654.37
3619.09
3623.15
3608.82
3624.81
3619.14
3650.27
3675.08
3701.02
3618.84
3407.42
3021.28
2942.95
2756.71
2600.68
2488.48
2263.45
2513.45
2829.15
2957.6
2964.69
3195.46
3386.47
3479.63
3492.12
3505.59
3497.79
3500.97
3497.27
3504.04
3502.42
3510.07
3501.36
3481.35
3388.97
3198.58
2974.63
2967.34
2817.85
2504.29
2277.51
2182.66
2266.74
2584.48
2759.54
2740.96
2878.32
3115.74
3308.08
3379.25
3401.46
3404.88
3409.28
3408.84
3413.46
3406.55
3404.29
3395.71
3343.61
3153.68
2901.27
2759.07
2775.65
2613.84
2283.2
2200.54
2280.04
2226.61
2363.67
2505.74
2539.89
2625.98
2843.14
3092.89
3243.37
3303.21
3311.45
3319.65
3320.01
3322.26
3313.36
3311.75
3269.93
3124.77
2861.53
2644.62
2562.22
2532.38
2323.73
2216.41
2297.42
2912.95
2270.3
2173.93
2307.75
2380.24
2464.73
2665.63
2911.48
3090.55
3183.34
3211.68
3219.81
3222.42
3223.22
3215.65
3194.64
3111.84
2924.9
2668.73
2477.09
2397.65
2313.97
2150.15
2253.11
2933.73
2906.06
2051.37
1971.48
2155.09
2250.23
2352.27
2528.56
2762.03
2956.04
3066.41
3099.44
3114.39
3115.79
3117.27
3101.84
3073.82
2967.91
2764.2
2529.44
2366.83
2261.98
2154.84
1963.31
2039.38
2892.12
2906.09
2062.05
1883
2039.28
2150.51
2265.61
2411.96
2626.48
2819.64
2945.43
2991.94
3003.6
3008.34
3006.51
2995
2954.72
2833.94
2632.07
2417.8
2282.08
2162.3
2040.09
1853.18
2049.65
2972.43
2827
2038.58
1870.64
1983.06
2075.43
2181.38
2321.14
2526.04
2712.5
2833.82
2878.48
2897.76
2899.98
2900.41
2880.59
2842.3
2726.93
2530.61
2322.55
2191.28
2083.89
1985.95
1856.14
2017.68
2836.14
2758.33
2035.17
1897.75
1949.56
2014.57
2102.08
2231.9
2431.54
2607.54
2729.11
2777.71
2790.42
2796.34
2793.37
2780.94
2735.87
2616.12
2429.79
2230.37
2107.76
2031.03
1955.49
1877.2
2032.45
2805.91
2733.67
2055.1
1918.1
1934.51
1968.36
2034.23
2164.38
2353.8
2520.33
2629.75
2672.23
2692.2
2694.44
2694.8
2674.33
2637.04
2531.79
2355.73
2164.14
2037.75
1976.11
1946.7
1896.93
2039.72
2743.42
2704.19
2082.9
1940.41
1927.62
1926.36
1977.55
2100.29
2281.83
2433.89
2538.83
2583.86
2593.44
2599.22
2594.99
2585.01
2544.18
2442.98
2280.57
2099.74
1980.5
1937.09
1939.14
1934.71
2083.37
2727.74
2704.82
2150.64
1980.53
1929.04
1899.69
1936.17
2060.74
2227.73
2366.19
2453.54
2489.17
2505.89
2507.61
2507.74
2488.16
2457.29
2372.06
2222.1
2053.7
1935.72
1903.91
1939.57
1964.9
2138.48
2729.74
2732.51
2159.35
1976.93
1921.48
1882.31
1904.44
2012.35
2164.71
2287.95
2372.93
2412.59
2417.54
2423.54
2417.42
2412.25
2376.96
2300.78
2167.57
2012.57
1908.5
1892.29
1931.76
1983.96
2123.95
2724.18
2774.94
2172.99
1997.37
1926.98
1868.54
1885.35
1993.34
2127.08
2236.76
2302.34
2328.6
2342.09
2342.33
2341.52
2324.59
2302.2
2241.95
2125.48
1985.91
1885.34
1873.67
1933.92
1990.4
2159.28
2768.98
2746.29
2171.18
1982.8
1921.4
1848.95
1876.46
1964.22
2081.69
2173.46
2230.57
2264.81
2262.13
2269.34
2262.32
2261
2231.04
2179.35
2080.32
1957.17
1872.97
1858.53
1927.22
1994.44
2156.81
2761.36
2741.22
2178.22
2016.4
1931.48
1841.79
1860.18
1948.02
2053.25
2131.4
2172.76
2188.8
2198.37
2198.66
2198.05
2183.82
2170.78
2135.23
2055.74
1943.88
1858.7
1850.16
1927.84
2001.25
2168.56
2729.91
2720.44
2177.69
2029.31
1915.71
1833.82
1854.57
1928.01
2015.17
2077.11
2108.25
2136.98
2128.25
2136.16
2128.34
2131.75
2107.39
2079.22
2015.06
1923.65
1848.8
1840.56
1923.89
2024.96
2161.75
2720.2
2689.39
2171.56
2077.87
1941.55
1840.58
1841.2
1918.15
1994.8
2042.64
2063.2
2070.63
2074.96
2075.31
2075.39
2064.84
2060.23
2043.61
1994.69
1913.12
1834.24
1842.25
1934.93
2055.91
2166.51
2692.74
2685.29
2179.99
2103.27
1930.17
1847.58
1835.72
1897.37
1957.2
1990.01
2004.95
2028.91
2014.72
2022.63
2014.62
2024.09
2004.51
1994.04
1962.59
1901.11
1828.69
1853.39
1937.94
2117.01
2160.08
2669.39
2660.78
2171.77
2097.89
1962.13
1864.39
1830.52
1884.84
1936.55
1963.1
1972.01
1972.09
1972.27
1971.43
1972.06
1966.76
1969.04
1964.56
1941.37
1889.92
1822.61
1865.85
1963.78
2115.07
2168.05
2642.23
2629.54
2159.93
2095.54
1977.69
1875.88
1837.09
1873.29
1901.35
1915.82
1918.77
1939.22
1919.66
1927.96
1920.1
1935.8
1920.25
1919.22
1909.1
1882.99
1825.72
1875.86
1991.47
2112.16
2154.8
2617.36
2608.42
2144.15
2088.78
2041.98
1901.59
1849.38
1859.96
1881.97
1892.46
1894.56
1890.54
1886.92
1885.21
1887.38
1886.64
1892.62
1895.9
1889.81
1880.61
1848.59
1897.23
2047.11
2103.4
2138.16
2588.08
2590.36
2135.19
2078.22
2030.12
1915.75
1862.49
1860.38
1855.91
1852.36
1845.1
1864.07
1841
1849.76
1842.25
1861.12
1848.16
1856.04
1864.02
1880.83
1866.16
1923.72
2047.04
2090.3
2120.71
2578.19
2562.58
2114.17
2049.24
2032.93
1963.08
1885.11
1869.73
1844.43
1836.2
1830.69
1822.87
1815.47
1814.08
1817.02
1818.94
1828.44
1839.9
1850.46
1895.5
1889.64
1966.87
2041.9
2053.6
2112.87
2557.71
2554.17
2109.49
2019.72
2017.43
2018.12
1910.36
1889.34
1833.21
1806.62
1785.19
1801.46
1775.91
1784.6
1776.98
1798.72
1788.06
1810.59
1841.35
1915.15
1917.11
2034.48
2034.98
2022.13
2094.67
2537.97
2529.68
2098.49
1993.14
2008.76
2023.87
1944.47
1890.6
1847.29
1800.15
1782.87
1767.11
1756.74
1754.86
1757.3
1763.31
1781.56
1805.06
1847.89
1926.71
1963.57
2034.07
2019.83
1996.95
2091.76
2515.76
2513.56
2088.87
1974.24
1972.05
2008.11
2005.35
1920.67
1853.08
1789.09
1741.87
1750.91
1721.84
1730.48
1723.21
1748.47
1745.43
1792.03
1853.93
1952.16
2026.94
2013.73
1985.44
1979.52
2085.46
2500.2
2483.99
2083.2
1958.05
1945.49
1999.71
2040.86
1940.73
1872.57
1796.99
1761.4
1726.52
1708.58
1705.92
1709.78
1722.28
1761.36
1799.42
1865.72
1988.82
2050.99
2001.95
1957.33
1962.46
2069.15
2468.99
2471.05
2079.55
1951.13
1912.97
1961.18
2024.5
2001.18
1888.46
1798.54
1723.08
1720.55
1681.02
1687.45
1682.77
1718.62
1730.91
1806.75
1888.33
2065.04
2036.86
1954.59
1927.01
1956.62
2069.01
2454.76
2440.07
2058.26
1937.02
1895.94
1931.94
2011.92
2080.53
1942.82
1812.06
1767.46
1716.86
1682.89
1673.39
1683.44
1710.41
1765.62
1819.42
1928.97
2087.66
2010.71
1926.86
1906.41
1944.75
2054.01
2424.68
2426.29
2056.3
1935.05
1876.77
1894.58
1984.62
2061.61
2024.56
1836.44
1732.46
1721.78
1667.19
1668.47
1668.86
1717.85
1736.58
1844.77
2013.64
2072.27
1978.22
1892.01
1890.96
1941.37
2045.43
2413.8
2387.94
2035.06
1919.84
1870.62
1879.13
1944.09
2045.69
2068.16
1881.53
1784.84
1721.59
1684.01
1669.64
1686.13
1715.05
1784.91
1900.6
2058.56
2051.64
1932.02
1877.35
1880.8
1928.14
2029.68
2369.47
2356.85
2023.81
1912.83
1857.5
1856.79
1915.19
2016.93
2051.83
1987.95
1764.87
1735.15
1668.49
1672.63
1670.52
1731.8
1768.4
2009.32
2047.38
2024.35
1902.75
1855.63
1871.44
1921.33
2017.66
2343.02
2216.25
1975.55
1886.5
1851.17
1852.48
1880.39
1975.94
2036.56
2014.05
1867.13
1753.43
1696.44
1680.37
1698.04
1748.1
1863.56
2010.87
2030.5
1983.44
1871.85
1850.24
1861.17
1896.2
1968.24
2200.97
283.256
285.713
285.528
286.059
286.392
286.839
287.38
287.992
288.694
289.63
291.059
293.011
295.442
298.234
301.308
304.502
307.078
307.795
297.303
281.377
276.158
274.6
274.163
274.042
274.008
274.003
273.997
274.001
273.996
274
282.241
283.754
283.421
283.872
284.076
284.544
285.147
285.802
286.45
287.261
288.586
290.557
293.187
296.31
299.781
303.436
306.976
310.159
312.689
303.865
282.682
276.349
274.601
274.154
274.033
274.009
273.994
274.002
273.99
274.01
282.179
282.944
282.463
282.831
282.91
283.385
284.04
284.762
285.444
286.21
287.451
289.419
292.268
295.869
299.879
303.964
308.175
312.049
315.474
316.98
302.604
281.567
275.883
274.471
274.108
274.026
273.998
274.002
273.992
274.009
281.967
281.888
281.527
281.645
281.482
282.036
282.686
283.487
284.238
284.998
286.19
288.185
291.045
294.628
298.978
303.795
308.341
312.437
315.971
318.824
319.707
299.565
280.247
275.451
274.34
274.08
274.009
274.004
273.995
274.006
281.936
281.282
281.078
280.852
280.695
281.147
281.788
282.648
283.512
284.324
285.362
287.276
290.172
293.73
297.825
302.408
307.555
312.423
316.174
319.226
321.962
322
294.983
278.866
275.066
274.245
274.046
274.012
273.998
274.004
281.856
281.128
281.017
280.674
280.546
280.855
281.399
282.289
283.212
284.058
284.908
286.45
289.221
292.675
296.641
301.009
305.832
311.057
315.856
319.521
322.661
325.135
323.088
289.958
277.547
274.756
274.158
274.035
274.002
274.003
281.618
281.264
281.241
280.866
280.78
280.978
281.343
282.032
282.849
283.603
284.261
285.464
287.84
291.312
295.259
299.528
304.136
309.259
314.724
319.46
323.04
326.372
328.219
320.495
285.549
276.449
274.501
274.106
274.017
274.006
281.644
281.505
281.625
281.314
281.263
281.37
281.622
282.19
282.817
283.347
283.734
284.309
286.454
289.739
293.823
298.141
302.729
307.651
313.141
318.699
323.247
326.87
330.259
331.402
313.354
282.168
275.605
274.325
274.062
274.015
281.772
281.784
282.082
281.915
281.851
281.968
282.174
282.64
283.188
283.611
283.85
284.084
285.381
288.224
292.51
296.917
301.575
306.419
311.664
317.422
322.881
327.232
331.027
334.264
334.407
302.719
279.429
275.026
274.197
274.043
281.909
282.112
282.544
282.634
282.685
282.871
283.14
283.484
283.82
284.081
284.224
284.388
284.952
287.187
291.3
295.904
300.656
305.514
310.575
316.125
321.978
327.237
331.445
335.402
338.121
335.622
292.392
277.404
274.625
274.13
282.113
282.465
282.979
283.429
283.988
284.438
284.851
284.963
284.897
284.844
284.738
284.82
285.021
286.718
290.272
295.074
299.91
304.831
309.836
315.125
320.922
326.755
331.758
335.908
339.893
341.702
329.279
285.306
276.018
274.403
282.393
282.768
283.334
284.207
285.138
285.924
286.448
286.521
286.056
285.475
285.251
285.266
285.318
286.59
289.536
294.207
299.183
304.184
309.25
314.419
320.007
325.93
331.602
336.381
340.596
344.453
345.092
314.396
280.812
275.272
282.784
283.131
283.701
284.612
285.627
286.5
287.073
287.277
286.774
286.061
285.589
285.491
285.642
286.471
288.869
293.178
298.324
303.388
308.567
313.782
319.244
324.995
330.955
336.481
341.129
345.588
348.657
346.927
297.759
278.179
283.139
283.515
284.037
284.942
285.969
286.925
287.506
287.882
287.435
286.726
286.163
285.915
285.869
286.056
288.24
292.117
297.378
302.462
307.725
313.03
318.463
324.069
330.05
336.067
341.49
346.148
350.457
352.564
336.579
287.492
283.704
284.016
284.432
285.32
286.208
287.191
287.962
288.609
288.349
287.768
287.109
286.676
286.329
286.404
288.017
291.518
296.569
301.689
306.891
312.22
317.653
323.235
329.145
335.316
341.395
346.725
351.307
355.743
357.837
319.967
284.004
284.445
284.789
285.761
286.718
288.031
289.11
289.9
289.902
289.257
288.549
287.969
287.648
287.649
288.41
291.564
296.333
301.478
306.58
311.822
317.09
322.695
328.478
334.584
340.94
347.022
351.976
357.706
365.288
366.492
284.573
285.017
285.417
286.727
288.113
289.876
291.388
292.357
292.571
291.723
290.859
290.113
289.686
289.636
289.783
292.275
296.651
301.864
306.755
311.869
317.007
322.543
328.107
333.993
340.309
346.925
351.652
359.02
374.004
408.023
284.724
285.494
286.466
288.667
291.213
293.729
295.978
297.27
297.451
296.166
294.802
293.715
292.921
292.495
292.017
293.753
297.863
302.999
307.511
312.399
317.384
322.647
328.051
333.814
339.844
346.486
352.194
362.728
386.716
449.206
285.121
286.435
288.652
293.106
298.007
301.753
305.084
306.816
306.296
303.644
301.493
299.757
298.097
296.849
295.742
296.315
299.966
304.848
308.982
313.553
318.285
323.132
328.282
334.004
339.828
345.584
353.226
368.483
404.026
495.961
285.086
287.808
293.179
302.572
312.754
319.105
323.42
325.01
322.153
317.154
313.268
309.974
306.73
302.773
300.279
299.349
302.49
307.154
311.633
315.676
320.011
324.518
329.23
334.698
340.458
345.372
355.035
376.054
420.612
508.101
285.92
290.667
303.357
326.793
346.267
355.949
359.467
358.944
351.504
341.321
333.651
326.101
318.506
312.625
308.205
305.391
307.197
311.103
315.055
318.746
322.569
326.75
331.136
336.068
341.641
347.163
359.308
386.057
435.18
511.612
285.01
297.569
331.091
390.277
419.52
425.439
421.93
414.294
397.445
377.442
362.231
348.877
337.047
327.913
320.395
315.179
314.718
317.157
319.77
322.57
325.854
329.42
333.536
337.956
343.016
349.891
365.54
400.847
455.657
511.5
294.908
316.234
413.659
514.994
538.417
521.163
508.612
488.665
457.235
422.93
399.777
380.257
362.97
349.064
337.571
329.137
325.872
325.777
326.267
327.369
329.809
332.737
336.389
340.36
344.695
353.385
373.548
420.61
486.672
506.365
278.608
379.119
600.388
667.92
675.827
634.482
621.931
577.244
523.7
480.619
447.602
419.314
395.19
375.129
358.794
346.164
337.175
334.03
333.379
333.673
334.627
336.739
339.767
343.334
347.264
357.836
383.3
443.63
502.044
500.756
312.796
555.485
813.022
820.843
830.108
778.527
737.408
679.923
597.435
550.834
506.675
466.274
434.493
406.226
382.199
363.76
348.783
345.116
342.687
341.94
341.513
342.122
343.948
346.851
351.319
363.31
395.069
471.89
503.739
497.15
274
273.996
274.001
273.997
274.003
274.008
274.041
274.16
274.589
276.116
281.243
296.924
307.655
307.005
304.451
301.265
298.195
295.406
292.977
291.026
289.596
288.659
287.958
287.347
286.807
286.361
286.029
285.502
285.686
283.234
274.01
273.99
274.002
273.994
274.009
274.032
274.151
274.59
276.299
282.508
303.38
312.6
310.093
306.919
303.39
299.74
296.274
293.154
290.524
288.552
287.224
286.412
285.765
285.111
284.508
284.04
283.835
283.385
283.719
282.211
274.009
273.992
274.002
273.998
274.026
274.106
274.462
275.84
281.402
302.028
316.847
315.39
311.985
308.123
303.92
299.841
295.837
292.237
289.385
287.415
286.17
285.403
284.722
284.001
283.345
282.869
282.788
282.419
282.904
282.145
274.006
273.995
274.004
274.009
274.079
274.333
275.418
280.098
298.906
319.533
318.719
315.886
312.373
308.29
303.755
298.945
294.594
291.01
288.148
286.15
284.953
284.193
283.443
282.645
281.992
281.435
281.597
281.479
281.839
281.927
274.004
273.998
274.012
274.045
274.239
275.041
278.739
294.377
321.761
321.834
319.123
316.088
312.356
307.505
302.364
297.781
293.686
290.128
287.229
285.311
284.269
283.458
282.596
281.734
281.092
280.641
280.796
281.018
281.222
281.884
274.003
274.002
274.034
274.154
274.737
277.448
289.446
322.641
324.982
322.55
319.42
315.776
310.995
305.778
300.958
296.592
292.626
289.173
286.392
284.843
283.993
283.147
282.223
281.339
280.803
280.492
280.614
280.952
281.059
281.781
274.006
274.017
274.103
274.488
276.376
285.216
319.707
328.051
326.26
322.929
319.368
314.653
309.196
304.075
299.468
295.203
291.257
287.784
285.366
284.152
283.523
282.781
281.984
281.3
280.934
280.73
280.808
281.171
281.195
281.556
274.015
274.06
274.316
275.558
281.921
312.337
331.234
330.144
326.762
323.143
318.621
313.077
307.59
302.667
298.08
293.766
289.682
286.394
284.228
283.702
283.334
282.807
282.174
281.595
281.338
281.227
281.267
281.565
281.447
281.605
274.042
274.191
274.996
279.254
301.747
334.198
334.152
330.933
327.127
322.799
317.367
311.613
306.368
301.527
296.872
292.475
288.185
285.347
284.099
283.882
283.621
283.202
282.654
282.173
281.965
281.841
281.894
282.053
281.756
281.746
274.126
274.606
277.292
291.637
335.091
337.989
335.319
331.35
327.156
321.927
316.088
310.538
305.481
300.631
295.882
291.292
287.179
284.98
284.444
284.292
284.121
283.855
283.531
283.188
282.918
282.73
282.667
282.576
282.137
281.905
274.391
275.953
284.939
328.219
341.577
339.819
335.831
331.68
326.714
320.91
315.121
309.836
304.84
299.929
295.094
290.312
286.757
285.056
284.882
284.785
284.907
284.887
284.986
284.986
284.572
284.117
283.542
283.091
282.563
282.176
275.232
280.589
313.206
344.974
344.403
340.546
336.306
331.559
325.931
320.028
314.444
309.28
304.224
299.234
294.265
289.606
286.651
285.27
285.191
285.234
285.572
286.204
286.644
286.776
286.249
285.44
284.473
283.542
282.955
282.533
278.044
296.826
346.608
348.603
345.566
341.072
336.437
330.953
325.026
319.288
313.83
308.615
303.438
298.388
293.253
288.928
286.453
285.543
285.467
285.633
286.257
287.092
287.658
287.442
286.869
285.98
284.95
284.013
283.414
283.015
287.085
335.576
352.499
350.44
346.129
341.458
336.072
330.089
324.12
318.518
313.085
307.782
302.51
297.437
292.18
288.255
286.021
286.028
286.141
286.409
287.042
287.961
288.452
287.93
287.328
286.358
285.307
284.434
283.891
283.454
318.739
357.684
355.728
351.315
346.705
341.401
335.354
329.195
323.289
317.703
312.262
306.93
301.723
296.599
291.553
287.871
286.664
286.639
287.043
287.458
288.249
289.015
289.254
288.515
287.625
286.642
285.728
284.849
284.474
284.123
365.533
365.158
357.726
351.987
347.032
340.974
334.632
328.519
322.725
317.118
311.838
306.598
301.494
296.338
291.605
288.559
287.964
287.988
288.397
288.991
289.875
290.571
290.506
289.688
288.413
287.093
286.174
285.221
284.946
284.521
407.269
373.918
359.042
351.689
346.957
340.345
334.029
328.129
322.559
317.019
311.872
306.761
301.871
296.652
292.372
290.015
290.045
290.092
290.594
291.409
292.469
293.283
292.949
291.946
290.257
288.462
287.091
285.862
285.595
285.115
448.935
386.543
362.687
352.231
346.534
339.873
333.841
328.068
322.66
317.386
312.395
307.515
303.001
297.866
293.957
292.365
292.884
293.463
294.319
295.506
296.99
298.248
297.749
296.492
294.131
291.572
289.029
286.889
286.094
285.255
496.23
403.927
368.47
353.263
345.665
339.864
334.017
328.295
323.139
318.284
313.536
308.964
304.833
300.011
296.507
296.075
297.316
298.637
300.565
302.459
304.7
307.242
307.379
305.759
302.303
298.668
293.717
289.172
286.949
285.503
508.414
420.621
376.046
355.062
345.41
340.503
334.698
329.217
324.505
319.985
315.629
311.536
307.176
302.607
299.694
300.852
303.361
307.184
310.883
314.303
318.434
323.326
326.024
324.748
320.336
314.059
303.73
294.099
288.281
285.458
511.919
435.273
386.073
359.303
347.182
341.669
336.039
331.099
326.695
322.485
318.636
314.913
311.135
307.312
305.846
308.978
313.508
319.511
327.341
334.725
343.093
353.089
360.485
361.929
358.356
348.854
329.066
304.726
291.265
286.247
511.819
455.877
400.91
365.554
349.856
342.942
337.919
333.456
329.292
325.664
322.379
319.586
317.175
314.892
315.726
321.345
329.058
338.411
350.695
363.632
380.21
399.739
416.674
425.643
429.542
424.374
395.516
333.845
298.519
285.331
506.672
487.298
420.727
373.567
353.376
344.694
340.248
336.224
332.505
329.512
327.063
326.01
325.694
326.112
329.717
338.693
350.497
364.554
382.951
401.297
426.493
460.919
492.06
514.135
525.156
545.886
523.146
421.119
318.341
295.603
501.146
502.391
443.889
383.321
357.755
347.086
343.135
339.484
336.406
334.304
333.394
333.376
333.839
337.518
346.845
359.849
376.923
397.186
422.777
449.373
483.506
530.082
582.694
627.383
640.868
684.719
677.483
612.746
384.756
279.526
497.725
503.999
472.312
395.093
363.114
351.04
346.531
343.535
341.711
341.206
341.843
342.763
345.606
349.553
364.884
383.884
408.659
437.151
470.628
509.494
552.865
603.869
688.054
740.323
783.274
843.206
834.333
826.433
563.731
314.641
274.002
274.002
274.002
274.002
274.002
274.002
274.002
274.002
274.002
274.002
274.002
274.002
274.002
274.002
274.002
274.002
274.002
274.002
274.002
274.002
274.002
274.002
274.002
274.002
274.002
274.002
274.002
274.002
274.002
274.002
274.002
274.002
274.002
274.002
274.002
274.002
274.002
274.002
274.002
274.002
274.002
274.002
274.002
274.002
274.002
274.002
274.002
274.002
274.002
274.002
274.002
274.002
274.002
274.005
274.046
274.714
284.485
384.595
635.745
827.913
961.531
1113.04
1176.19
1191.38
1193.33
1193.22
1187.54
1168.01
1138.83
1108.57
1082.23
1058.23
1035.34
1014.16
994.512
976.27
959.074
942.832
927.035
911.047
895.528
880.529
865.704
850.602
835.45
820.805
806.782
792.709
778.702
765.087
752.162
739.887
728.032
716.468
704.899
693.086
681.314
670.131
659.446
649.066
638.723
628.447
618.454
608.771
599.486
590.599
582.14
574.29
567.014
559.878
553.124
546.737
540.748
535.241
529.987
525.017
520.337
516.026
512.161
508.54
505.011
501.68
498.883
497.106
496.785
274.001
274.001
274.001
274.001
274.001
274.001
274.001
274.001
274.001
274.001
274.001
274.001
274.001
274.001
274.001
274.001
274.001
274.001
274.001
274.001
274.001
274.001
274.001
274.001
274.001
274.001
274.001
274.001
274.001
274.001
274.001
274.001
274.001
274.001
274.001
274.001
274.001
274.001
274.001
274.001
274.001
274.001
274.001
274.001
274.001
274.001
274.001
274.001
274.001
274.001
274.001
274.001
274.004
274.063
275.236
296.087
478.802
700.815
780.896
816.527
856.741
913.391
978.239
1036.55
1083.77
1121.69
1162.79
1227.98
1237.81
1230.4
1220.31
1205.21
1183.65
1157.3
1127.34
1094.1
1057.93
1025.69
997.826
972.916
950.817
930.498
911.466
893.231
876.526
860.524
845.311
830.807
816.807
803.322
790.156
777.286
764.471
751.94
739.375
726.65
713.922
701.294
689.274
677.817
666.645
655.76
645.363
635.541
626.3
617.524
609.146
600.992
593.195
585.413
578.07
570.829
563.785
557.015
550.725
544.943
539.419
534.063
528.94
524.236
520.186
517.244
513.579
509.431
505.582
274
274
274
274
274
274
274
274
274
274
274
274
274
274
274
274
274
274
274
274
274
274
274
274
274
274
274
274
274
274
274
274
274
274
274
274
274
274
274
274
274
274
274
274
274
274
274
274
274
274
274
274.004
274.08
275.854
313.088
577.012
759.028
784.194
791.576
799.173
816.403
840.293
867.308
895.354
921.322
950.135
982.421
1022.59
1068.46
1114.73
1163.21
1210.96
1260.42
1287.02
1283.82
1273.58
1255.66
1219.14
1166.4
1116.31
1071.36
1030.59
995.085
964.109
936.67
913.63
893.737
875.62
858.731
842.779
827.497
812.827
798.573
785.119
771.965
759.371
747.161
735.196
724.026
713.359
702.754
692.249
682.075
672.264
662.927
653.896
645.077
636.237
627.45
618.587
610.894
603.336
596.324
589.721
583.38
577.065
570.227
562.889
555.548
549.208
544.03
539.156
532.355
520.648
499.414
274
274
274
274
274
274
274
274
274
274
274
274
274
274
274
274
274
274
274
274
274
274
274
274
274
274
274
274
274
274
274
274
274
274
274
274
274
274
274
274
274
274
274
274
274
274
274
274
274
274
274.003
274.088
276.316
329.874
643.034
784.952
794.476
794.887
796.021
802.159
815.305
830.48
847.588
865.904
884.655
904.133
925.124
951.688
987.826
1027.57
1072.19
1120.99
1171.53
1217.29
1255.47
1284.78
1309.46
1334.01
1358.41
1338.7
1302.42
1257.15
1195.7
1138.32
1089.81
1048.52
1012.07
978.947
949.826
924.106
901.249
880.583
861.607
844.506
828.894
814.663
801.647
789.505
778.322
768.109
758.222
748.568
739.627
731.234
723.307
715.781
708.587
701.409
693.897
685.579
676.672
665.844
654.621
642.892
632.146
621.545
611.059
600.892
587.923
562.886
533.167
499.44
463.351
430.596
410.166
274
274
274
274
274
274
274
274
274
274
274
274
274
274
274
274
274
274
274
274
274
274
274
274
274
274
274
274
274
274
274
274
274
274
274
274
274
274
274
274
274
274
274
274
274
274
274
274
274
274.003
274.083
276.41
338.095
669.403
795.881
801.712
800.951
801.499
805.215
816.481
830.387
844.295
859.3
871.729
884.471
900.102
920.543
947.342
984.623
1026.31
1070.27
1116.61
1160.93
1195.34
1222.24
1250.43
1279.36
1306.37
1332.85
1354.19
1376.47
1392.49
1408.07
1401.64
1369.45
1316.71
1251.83
1192.26
1141.51
1098.42
1061.89
1030.13
1001.39
975.903
953.542
933.862
916.678
901.59
887.913
875.538
864.243
854.047
844.432
835.071
825.958
816.565
806.841
796.552
785.668
774.138
761.266
745.288
727.296
702.137
668.291
628.381
583.97
535.259
487.206
454.484
429.292
408.353
391.64
379.461
370.26
274
274
274
274
274
274
274
274
274
274
274
274
274
274
274
274
274
274
274
274
274
274
274
274
274
274
274
274
274
274
274
274
274
274
274
274
274
274
274
274
274
274
274
274
274
274
274
274
274.002
274.068
276.114
334.061
671.997
800.343
805.845
805.845
808.305
810.796
820.327
834.183
848.557
862.788
877.41
893.248
914.325
945.507
989.084
1047.75
1125.25
1213.37
1301.62
1397.28
1480.62
1523.39
1538.51
1537.98
1521.83
1507.24
1475.43
1443.42
1420.9
1404.47
1389.46
1380.94
1378.73
1395.64
1415.54
1410.04
1390.11
1362.47
1327.35
1286.19
1242.06
1202.23
1167.88
1138.24
1112.21
1089.64
1069.63
1052.04
1036.28
1022.28
1009.85
997.707
985.089
970.311
951.376
922.71
882.535
833.942
778.371
715.606
648.089
587.678
544.413
506.544
474.482
447.711
425.801
408.239
393.771
381.193
370.49
362.062
355.834
274
274
274
274
274
274
274
274
274
274
274
274
274
274
274
274
274
274
274
274
274
274
274
274
274
274
274
274
274
274
274
274
274
274
274
274
274
274
274
274
274
274
274
274
274
274
274
274.001
274.048
275.577
320.462
651.708
801.863
808.947
809.317
812.76
818.183
825.334
838.573
853.357
867.37
883.666
903.485
932.637
977.454
1041.75
1127.81
1243.88
1384.94
1530.34
1640.88
1701.63
1719.54
1713.62
1704.79
1689.78
1667.08
1640.74
1616.6
1589.7
1557.77
1522.36
1484.8
1448.86
1413.71
1385.86
1365.47
1347.75
1330.43
1316.32
1308.22
1314.2
1318.78
1315.99
1307.78
1297
1282.41
1265.34
1246.22
1224.89
1199.05
1169.86
1136.86
1097.45
1049.29
990.894
922.308
854.355
792.92
735.158
679.415
627.977
583.246
544.289
511.882
481.481
455.323
432.732
413.527
397.877
384.845
373.936
364.739
357.039
350.849
274
274
274
274
274
274
274
274
274
274
274
274
274
274
274
274
274
274
274
274
274
274
274
274
274
274
274
274
274
274
274
274
274
274
274
274
274
274
274
274
274
274
274
274
274
274
274.001
274.029
275.014
304.463
607.526
801.464
812.654
812.899
816.529
823.088
831.783
846.374
860.929
874.338
890.527
912.887
948.989
1006.16
1091.83
1214.45
1376.77
1575.08
1729.87
1786.08
1798.09
1791.73
1774.73
1759.96
1750.87
1734.52
1721.51
1691.9
1664.82
1638.47
1622.28
1603.23
1585.45
1563.08
1533.11
1501.93
1468.63
1431.86
1393.04
1359.17
1330.13
1306.81
1284.14
1263.13
1244.31
1229.36
1215.46
1200.55
1183.9
1165.46
1144.2
1119.1
1091.33
1060.6
1025.6
985.202
938.929
887.483
832.154
776.211
720.499
666.388
617.179
573.078
535.472
499.742
469.722
443.694
421.564
403.45
388.419
375.847
365.579
356.787
349.29
274
274
274
274
274
274
274
274
274
274
274
274
274
274
274
274
274
274
274
274
274
274
274
274
274
274
274
274
274
274
274
274
274
274
274
274
274
274
274
274
274
274
274
274
274
274
274.014
274.565
291.496
541.632
797.273
817.092
817.963
821.074
827.758
835.859
850.451
864.926
878.864
895.649
921.741
962.503
1028.2
1129.01
1277.17
1487.85
1732.56
1836
1848.2
1838.26
1818.22
1799.31
1792.28
1792.82
1800.3
1791.72
1768.46
1746.39
1722.72
1698.32
1678.05
1648.56
1633.53
1617.83
1602.65
1584
1563.23
1535.6
1505.07
1476.96
1446.46
1421.41
1395.33
1366.28
1336.86
1311.23
1288.07
1264.19
1240.13
1216.8
1194.27
1171.16
1147.44
1124.02
1099.12
1070.86
1037.57
996.779
945.572
886.996
823.884
758.534
696.112
638.99
589.577
542.439
502.848
468.465
439.854
416.675
397.143
380.97
368.253
357.581
349.337
274
274
274
274
274
274
274
274
274
274
274
274
274
274
274
274
274
274
274
274
274
274
274
274
274
274
274
274
274
274
274
274
274
274
274
274
274
274
274
274
274
274
274
274
274
274.006
274.272
282.8
462.661
781.204
819.785
821.754
823.588
830.185
838.518
850.425
866.059
882.251
900.368
927.415
972.129
1043.08
1153.16
1315.87
1550.15
1796.18
1877.41
1881.8
1871.04
1853.27
1842.52
1850.4
1880.75
1916.81
1946.12
1946.41
1918.62
1896.94
1852.85
1818.42
1786.59
1747.45
1718.39
1696.24
1676.75
1656.65
1641.18
1621.41
1603.08
1584.11
1561.43
1538.41
1514.23
1484.59
1452.51
1423.17
1396.87
1369.59
1342.39
1315.41
1289.9
1264.46
1237.73
1210.87
1185.26
1161.18
1135.91
1108.2
1068.55
1014.76
950.274
877.08
801.513
729.22
666.107
604.407
551.055
504.49
466.444
436.437
411.072
390.045
373.589
360.348
350.381
274
274
274
274
274
274
274
274
274
274
274
274
274
274
274
274
274
274
274
274
274
274
274
274
274
274
274
274
274
274
274
274
274
274
274
274
274
274
274
274
274
274
274
274
274.003
274.111
277.827
386.22
741.535
820.514
823.746
825.297
830.388
838.962
851.054
867.508
883.919
901.233
928.855
973.933
1047.52
1161.4
1328.49
1562.3
1807.09
1886.42
1893.77
1894.88
1889.67
1888.08
1898.75
1919.17
1976.55
2019.68
2015.55
2009.53
1980.44
1964.78
1955.68
1948.64
1936.43
1909.53
1866.89
1831.99
1801.23
1763.59
1733.59
1710.55
1689.85
1669.66
1647.68
1623.57
1594.24
1563.33
1531.49
1501.99
1474.86
1446.03
1417.35
1389.45
1363.29
1336.67
1309.42
1280.71
1252.15
1225.78
1197.37
1172.43
1148.9
1113.08
1061.08
995.211
919.651
839.104
763.49
686.85
617.354
554.779
503.433
463.824
430.916
403.639
381.76
365.209
352.351
274
274
274
274
274
274
274
274
274
274
274
274
274
274
274
274
274
274
274
274
274
274
274
274
274
274
274
274
274
274
274
274
274
274
274
274
274
274
274
274
274
274
274
274.001
274.038
275.469
321.291
665.862
818.813
824.921
826.067
829.565
837.187
849.149
866.278
883.171
901.353
927.417
971.757
1042.9
1153.67
1315.77
1536.98
1779.47
1875.46
1895.03
1897.62
1900.52
1912.61
1915.73
1918.87
1939.13
1996.67
2058.89
2066.01
2015.27
1985.65
1971.21
1976.17
1976.65
1976.71
1975.97
1963.88
1953.06
1937.5
1908.44
1864.45
1827.03
1796.09
1774.56
1744.39
1716.72
1686.15
1651.46
1618.73
1585.68
1546.05
1505.02
1468.37
1433.68
1403.01
1371.42
1341.31
1310.76
1280.8
1254.14
1226.96
1199.48
1177.41
1153.91
1123.49
1081.98
1018.05
936.326
854.125
768.395
687.689
612.714
549.983
498.883
455.994
421.545
394.384
373.239
356.302
274
274
274
274
274
274
274
274
274
274
274
274
274
274
274
274
274
274
274
274
274
274
274
274
274
274
274
274
274
274
274
274
274
274
274
274
274
274
274
274
274
274
274
274.012
274.509
290.276
543.224
808.379
825.463
825.778
828.377
834.912
846.203
862.364
879.819
898.938
923.86
964.051
1029.27
1130.45
1279.77
1485.15
1734.23
1859.6
1879.88
1881.45
1886.72
1897.83
1914.66
1914.92
1922.71
1946.63
1990.76
2041.08
2049.77
1956.08
1939.82
1934.61
1956.13
1974.68
1974.53
1974.61
1975.02
1973.2
1974.51
1972.73
1961.56
1941.5
1926.56
1903.54
1881.29
1859.51
1826.18
1790.89
1753.02
1720.61
1677.56
1633.33
1585.33
1539.93
1485.51
1432.93
1386.17
1344.56
1307.24
1274.26
1242.14
1214.38
1194.37
1178.69
1162.69
1136.34
1104.8
1042.92
969.509
880.063
785.292
689.896
606.079
538.572
483.895
441.862
410.526
383.772
361.831
274
274
274
274
274
274
274
274
274
274
274
274
274
274
274
274
274
274
274
274
274
274
274
274
274
274
274
274
274
274
274
274
274
274
274
274
274
274
274
274
274
274
274.003
274.146
278.994
411.05
761.446
824.238
825.448
827.451
832.991
842.769
856.802
874.177
894.152
918.358
954.17
1011.43
1098.92
1226.53
1407.31
1654.31
1845.43
1884.24
1886.95
1890.18
1883.17
1849.26
1817.41
1814.01
1849.74
1921.08
1978.09
1953.23
1854.78
1811.88
1802.39
1808.77
1840.45
1853.75
1876.64
1914.93
1943.52
1954.8
1973.63
1984.88
1984.39
1972.03
1970.59
1959.72
1952.31
1948.43
1938.62
1928.3
1905.6
1877.33
1843.3
1808.75
1763.46
1721.37
1671.86
1608.65
1541.84
1469.53
1407.24
1353.44
1307.01
1262.54
1229.97
1205.23
1188.45
1175.8
1153.17
1114.6
1065.78
989.798
899.919
793.758
689.551
601.068
528.52
473.103
430.691
396.284
368.441
274
274
274
274
274
274
274
274
274
274
274
274
274
274
274
274
274
274
274
274
274
274
274
274
274
274
274
274
274
274
274
274
274
274
274
274
274
274
274
274
274
274.001
274.034
275.326
315.686
652.386
818.887
825.603
827.045
831.308
839.353
851.019
866.871
886.568
910.809
943.343
992.061
1064.35
1169.67
1322.14
1534.76
1787.52
1898.22
1920.91
1929.27
1931.8
1918.78
1900.39
1874.91
1865.63
1875.92
1888.33
1850.4
1840.76
1636.7
1562.02
1568.36
1590.01
1635.88
1680.49
1723.45
1805.14
1890.14
1941.57
1972.59
1992.24
1989.38
1964.74
1955.24
1945.03
1941.77
1944.27
1945
1943.89
1929.92
1908
1882.95
1861.48
1830.93
1797.95
1761.37
1720.79
1683.53
1644.19
1594.32
1528.17
1455.96
1384.39
1320.86
1268.16
1232.11
1208.73
1193.24
1161.3
1125.18
1073.45
999.219
898.113
786.325
682.868
593.805
522.92
469.084
425.722
390.773
274
274
274
274
274
274
274
274
274
274
274
274
274
274
274
274
274
274
274
274
274
274
274
274
274
274
274
274
274
274
274
274
274
274
274
274
274
274
274
274
274
274.007
274.328
284.267
480.226
792.319
825.766
827.629
830.373
836.333
845.928
859.647
878.012
900.775
931.025
973.175
1032.68
1113.81
1238.36
1417.13
1655.13
1865.06
1924.64
1938.39
1943.9
1941.97
1953.71
1954.65
1947.76
1933.72
1905.78
1894.42
1806.56
1671.12
1454.86
1400.24
1402.91
1404.12
1452.46
1481.12
1507.15
1579.55
1669.34
1722.18
1756.29
1868.13
1855.49
1808.03
1790.21
1787.12
1784.03
1807.9
1823.59
1844.95
1854.85
1848.26
1840.81
1832.6
1814.87
1789.59
1751.18
1731.86
1716.22
1700.64
1678.81
1657.81
1621.75
1571.01
1505.32
1424.42
1349.34
1292.54
1257.32
1215.95
1175.33
1125.24
1077.85
999.867
886.624
767.578
662.945
578.528
513.116
461.229
417.304
274
274
274
274
274
274
274
274
274
274
274
274
274
274
274
274
274
274
274
274
274
274
274
274
274
274
274
274
274
274
274
274
274
274
274
274
274
274
274
274
274.002
274.066
276.326
345.351
696.689
820.431
828.071
830.839
834.409
841.544
853.083
869.867
891.615
918.669
954.365
1003.15
1069.65
1164.42
1305.74
1507.28
1761.43
1901.05
1929.91
1937.35
1946.09
1947.12
1964.08
1967.16
1981.3
2003.81
2012.96
2001.87
1876.27
1588.62
1408.66
1284.56
1260.8
1261.99
1276.17
1282.95
1293.33
1311.82
1351.72
1390.3
1427.43
1505.98
1482.44
1429.19
1380.73
1416.4
1457.35
1477.25
1527.57
1568.29
1603.16
1634.18
1649.55
1656.8
1658.79
1664.51
1665.47
1681.39
1696.58
1703.6
1695
1686.58
1666.88
1654.91
1638.21
1594.05
1529.23
1453.62
1380.06
1300.86
1243.5
1185.37
1133.07
1074.15
985.17
876.049
759.834
654.438
570.414
504.368
450.849
274
274
274
274
274
274
274
274
274
274
274
274
274
274
274
274
274
274
274
274
274
274
274
274
274
274
274
274
274
274
274
274
274
274
274
274
274
274
274
274
274.012
274.514
289.351
524.071
799.172
826.643
830.232
832.926
837.514
846.525
861.771
882.848
908.51
939.739
979.155
1031.68
1107.75
1219.2
1382.42
1614.72
1845.91
1916.3
1929.33
1931.57
1937.43
1937.7
1961.25
1978.73
2027.79
2096.07
2117.86
2120.34
1992.07
1671.2
1350.15
1220.57
1178.11
1197.2
1195.35
1181.56
1190.31
1187.7
1197.5
1183.96
1181.82
1135.91
1079.37
1110.28
1128.39
1091.41
1076.51
1073.4
1105.62
1150.41
1219.2
1287.53
1353.57
1405.74
1467.09
1503.57
1545.55
1568
1630.18
1663.96
1682.1
1681.77
1671.7
1675.92
1672.89
1645.25
1621.79
1587.92
1527.33
1449.29
1371.74
1283.08
1207.19
1130.9
1054.31
949.97
837.763
735.24
639.474
558.533
490.352
274
274
274
274
274
274
274
274
274
274
274
274
274
274
274
274
274
274
274
274
274
274
274
274
274
274
274
274
274
274
274
274
274
274
274
274
274
274
274
274.002
274.094
277.204
367.984
720.119
822.249
827.508
830.181
834.024
841.031
854.139
874.317
899.258
927.155
959.879
1002.23
1062.96
1151.9
1283.76
1473.96
1725.92
1886.67
1916.91
1924.7
1940.09
1945.83
1955.43
1969.35
1977.27
2037.67
2108.25
2136.2
2157.39
2002.75
1673.71
1266.9
1155.54
1122.49
1125.57
1101.7
1104.82
1101.68
1093.31
1091.85
1080.23
1089.93
1080.18
1079.99
1052.55
1079.06
1068.8
1020.05
1016.71
1008.18
1017.29
1061.9
1088.23
1125.42
1166.93
1222.72
1279.71
1331.01
1376.34
1394.63
1471.09
1552.77
1588.29
1616.71
1645.23
1653.53
1640.39
1620.98
1606.14
1585.69
1553.09
1496.12
1418.89
1328.49
1225.84
1119.08
1017.41
919.195
805.069
704.576
608.898
531.332
274
274
274
274
274
274
274
274
274
274
274
274
274
274
274
274
274
274
274
274
274
274
274
274
274
274
274
274
274
274
274
274
274
274
274
274
274
274
274.001
274.015
274.613
292.167
547.841
807.265
826.543
826.891
829.096
835.111
846.584
865.945
890.524
918.247
946.361
978.719
1024.45
1095.86
1203.16
1360.35
1579.35
1819.12
1906.98
1920.37
1929.71
1946.27
1958.05
1964.35
1973.52
1992.69
2062.98
2116.14
2137.87
2117.24
1747.86
1218.65
1030.24
972.099
976.241
956.111
970.783
968.265
964.291
1007.98
989.5
994.243
1005.01
995.676
989.204
972.992
961.457
949.098
925.991
895.1
895.67
885.676
895.226
942.348
992.144
1061.58
1125.97
1174.27
1204.15
1220.17
1282.44
1326.75
1376.69
1451.82
1492.68
1560.83
1593.42
1598.79
1600.07
1598.42
1585.09
1575.49
1567.49
1532.76
1475.57
1391.8
1273.32
1149.71
1019.3
896.261
772.938
668.457
582.803
274
274
274
274
274
274
274
274
274
274
274
274
274
274
274
274
274
274
274
274
274
274
274
274
274
274
274
274
274
274
274
274
274
274
274
274
274
274
274.002
274.093
277.149
366.725
721.213
823.733
824.957
824.594
828.111
837.873
856.035
879.763
906.392
932.462
961.207
999.231
1053.74
1136.07
1257.34
1427.62
1654.11
1862.68
1925.86
1939.52
1949.8
1968.33
1975.89
1980.26
1993.18
2049.94
2127.56
2161.88
2164.58
1976.33
1579.85
1077.45
959.099
923.094
924.428
901.618
911.376
909.317
904.59
919.443
938.82
957.204
986.093
998.756
997.492
1002.84
995.385
991.815
988.355
912.959
874.891
853.015
840.985
819.44
819.289
836.087
877.035
940.128
1038.6
1118.61
1212.58
1277.31
1302.9
1333.9
1355.81
1369.78
1442.94
1474.76
1490.21
1501.4
1519.32
1528.13
1529.81
1536.1
1531.91
1499.96
1439.28
1331.88
1200.5
1033.36
878.297
751.771
642.699
274
274
274
274
274
274
274
274
274
274
274
274
274
274
274
274
274
274
274
274
274
274
274
274
274
274
274
274
274
274
274
274
274
274
274
274
274
274
274.012
274.502
288.743
518.737
801.625
824.598
822.109
823.328
831.541
847.533
870.521
893.777
914.681
937.889
971.02
1021.19
1092.96
1190.77
1323.07
1500.68
1723.95
1900.26
1951.2
1966.03
1979.37
1998.99
2008.72
2011.93
2033.88
2102.38
2179.07
2225.56
2236.65
1904.98
1398.6
1092.28
987.439
958.119
958.959
953.6
952.556
972.741
959.899
943.915
938.458
930.129
927.983
950.963
947.899
963.558
990.957
1001.1
1002.72
974.577
953.522
900.864
879.955
877.83
867.61
854.221
839.877
832.69
850.375
876.65
920.915
999.865
1118.48
1212.41
1280.84
1309.73
1322.1
1390
1422.1
1444.16
1465.23
1486.25
1493.73
1498.47
1500.44
1516.24
1509.26
1461.8
1356.43
1202.26
1020.17
853.128
708.301
274
274
274
274
274
274
274
274
274
274
274
274
274
274
274
274
274
274
274
274
274
274
274
274
274
274
274
274
274
274
274
274
274
274
274
274
274
274.002
274.065
276.228
340.094
687.78
817.639
820.582
820.223
826.292
841.691
862.367
882.131
899.649
919.894
946.328
988.419
1051.41
1139.38
1254.72
1399.08
1575.08
1780.46
1927.59
1971.17
1983.49
2000.94
2015.42
2040.17
2048.81
2067.39
2126.95
2186.82
2215.23
2099.16
1696.23
1170.12
1039.68
988.634
979.983
974.064
972.526
959.858
946.155
961.899
962.233
956.491
962.121
965.845
958.295
959.319
944.523
942.932
967.187
970.254
969.777
981.902
936.358
878.473
878.598
879.749
877.731
893.369
875.378
869.984
865.801
856.294
873.201
896.373
950.022
1028.79
1159.21
1254.19
1303.68
1364.24
1403.32
1433.96
1466.67
1480.86
1485.37
1483.41
1474.92
1493.32
1502.94
1446.43
1342.42
1172.81
976.301
807.56
274
274
274
274
274
274
274
274
274
274
274
274
274
274
274
274
274
274
274
274
274
274
274
274
274
274
274
274
274
274
274
274
274
274
274
274
274
274.008
274.326
283.661
466.098
781.072
818.647
818.738
822.702
834.998
853.13
870.986
886.842
904.987
929.697
964.338
1015.84
1089.55
1188.61
1313.16
1464.61
1645.24
1831.52
1944.29
1978.1
1987.13
2008.37
2030.15
2053.85
2062.14
2082.64
2141.05
2162.47
2147.94
1784.05
1318.42
1019.1
959.673
931.265
919.505
917.544
936.586
948.358
957.074
953.932
954.666
960.729
977.792
983.548
972.5
970.696
976.666
984.412
992.747
986.207
970.123
980.056
979.486
939.678
867.163
868.267
856.11
857.538
882.462
876.709
888.612
877.108
882.593
878.335
882.285
909.559
943.135
1025.51
1153.08
1267.76
1339.62
1377.04
1425.02
1464.44
1480.74
1485.72
1478.98
1469.58
1485.58
1472.9
1385.48
1252.97
1054.25
882.589
274
274
274
274
274
274
274
274
274
274
274
274
274
274
274
274
274
274
274
274
274
274
274
274
274
274
274
274
274
274
274
274
274
274
274
274
274.001
274.037
275.315
311.146
627.546
808.25
818.58
821.091
828.665
842.807
860.416
877.507
893.074
913.228
942.513
984.86
1048.1
1136.37
1251.36
1392.23
1552.18
1722.7
1872.82
1953.75
1980.62
1993.94
2013.06
2053.33
2092.4
2099.23
2110.8
2164.07
2186.98
2070.82
1729.82
1210.94
1078.81
1005.96
982.824
965.283
949.757
929.21
925.762
925.405
909.568
914.62
924.006
945.738
970.801
968.514
972.952
997.516
1000.05
1000.51
995.996
994.848
1005.99
1009.29
995.786
967.827
879.242
875.933
848.049
853.257
860.237
870.535
880.113
884.32
891.909
894.163
894.375
899.994
912.429
950.955
1025.47
1155.92
1302.64
1374.94
1408.77
1447.02
1489.85
1498.01
1495.21
1486.2
1485.87
1424.98
1314.39
1169.46
961.192
274
274
274
274
274
274
274
274
274
274
274
274
274
274
274
274
274
274
274
274
274
274
274
274
274
274
274
274
274
274
274
274
274
274
274
274
274.004
274.153
278.73
396.085
737.317
815.115
820.271
825.194
835.953
851.742
867.939
882.463
900.205
925.127
962.476
1017.84
1094.46
1195.56
1320.56
1466.53
1627.45
1784.82
1909.78
1966.95
1986.46
2002.61
2024.05
2073.04
2131.9
2154.5
2173.31
2219.95
2252.67
1970.81
1548.52
1139.36
1039.37
1007.1
988.94
979.113
982.926
978.698
984.462
994.899
986.222
968.204
951.86
965.999
967.004
956.158
971.262
991.058
1015.86
1015.59
994.214
1011.5
1041.18
1031.78
1023.84
1024.45
997.561
915.852
906.376
881.712
879.042
862.848
878.704
887.548
891.514
903.126
908.722
917.652
921.168
921.663
933.762
971.21
1036.56
1167.68
1334.78
1417.07
1442.68
1476.28
1511.44
1516.41
1488.6
1467.03
1324.95
1176.07
1028.29
274
274
274
274
274
274
274
274
274
274
274
274
274
274
274
274
274
274
274
274
274
274
274
274
274
274
274
274
274
274
274
274
274
274
274
274
274.014
274.538
289.17
516.366
793.295
818.291
821.271
827.997
840.431
855.461
870.925
888.34
911.393
944.836
994.187
1061.32
1147.88
1257.45
1392.02
1547.38
1714.54
1867.55
1953.25
1982.1
1994.34
2013.09
2050.15
2102.61
2150.82
2176.38
2195.55
2214.64
2176.37
1810.5
1309.49
1111.39
1050.44
1026.17
1014.11
999.044
978.787
977.259
994.195
998.569
997.745
984.769
991.649
1004.78
1001.29
995.798
998.078
1017.25
1034.8
1029.03
1032.13
1042.45
1075.52
1069.01
1046.15
1068.5
1071.54
1028.33
976.708
930.386
900.46
892.298
871.952
885.257
892.774
905.565
912.071
921.828
934.969
944.652
952.496
961.919
969.845
999.057
1054.99
1181.16
1361.91
1471.03
1501.24
1507.31
1536.08
1483.35
1473.98
1144.78
1006.16
274
274
274
274
274
274
274
274
274
274
274
274
274
274
274
274
274
274
274
274
274
274
274
274
274
274
274
274
274
274
274
274
274
274
274
274.001
274.047
275.593
318.688
646.91
810.236
819.357
822.756
831.176
843.987
860.442
877.525
899.232
928.767
969.465
1024.82
1096.86
1187.18
1300.18
1439.51
1603.04
1779.66
1921.46
1973.32
1990.17
2002.4
2027.38
2066.95
2110.52
2144.55
2164.62
2182.88
2207.9
2035.17
1676.31
1185.14
1068.66
1019.75
1001.04
995.936
995.857
996.046
990.27
1005.23
1020.33
1010.11
987.38
1002.39
1028.63
1021.32
1008.49
1018.97
1032.45
1030.04
1030.79
1031.97
1064.84
1095.27
1071.56
1062
1083.26
1095.87
1091.51
1064.98
1064.1
952.746
932.49
904.416
895.233
886.305
897.257
904.5
918.178
927.07
948.618
957.842
972.135
986.358
1002.73
1014.83
1038.64
1093.15
1200.64
1416.47
1525.49
1550.95
1504.55
1484.47
1444.69
968.884
274
274
274
274
274
274
274
274
274
274
274
274
274
274
274
274
274
274
274
274
274
274
274
274
274
274
274
274
274
274
274
274
274
274
274
274.004
274.147
278.501
390.816
733.14
814.497
820.784
826.513
835.479
848.257
865.873
886.497
913.684
948.716
994.616
1054.94
1132.18
1229.4
1349.27
1492.91
1661.28
1836.16
1949.02
1985.89
1998.68
2011
2039.01
2064.74
2103.14
2146.34
2179.66
2221.11
2241.66
1922.46
1522.84
1190.12
1119.91
1087.58
1071.23
1063.31
1048.4
1023.91
1026.7
1046.51
1055.54
1037.19
1023.62
1049.08
1066.46
1061.64
1050.33
1057.61
1070.2
1074.63
1056.9
1056.01
1096.74
1107.23
1080.03
1085.84
1118.75
1126.02
1114.3
1118.99
1120.61
1096.33
1048.11
988.5
959.84
940.621
932.038
928.557
928.024
933.823
937.406
955.795
971.583
988.949
1008.2
1029.87
1052.24
1076.82
1100.37
1153.02
1264
1441.83
1566.48
1584
1429.06
1382.15
274
274
274
274
274
274
274
274
274
274
274
274
274
274
274
274
274
274
274
274
274
274
274
274
274
274
274
274
274
274
274
274
274
274
274
274.011
274.407
285.414
478.215
779.052
815.406
821.981
829.709
840.369
853.809
874.111
898.759
929.268
967.595
1019.26
1088.16
1176.88
1287
1416.15
1560.98
1715.52
1860.63
1960.84
2001.28
2016.58
2033.13
2057.47
2086.32
2135.25
2181.08
2219.22
2244.96
2217.6
1927.99
1400.53
1177.07
1111.77
1087.81
1076.91
1073.51
1070.19
1057.37
1060.96
1062.62
1072.63
1064.38
1056.19
1075.07
1094.75
1088.43
1080.46
1096.27
1114.81
1108.41
1095.14
1115.54
1141.28
1129.65
1110.3
1121.95
1160.03
1174.27
1145.06
1147.85
1159.29
1158.87
1135.8
1110.38
1046.68
1021.72
996.363
995.242
993.8
985.652
982.468
980.523
977.203
979.113
990.447
1011.19
1037.17
1074.44
1113.37
1150.53
1201.4
1246.33
1334.35
1496.79
1677.54
1757.8
274
274
274
274
274
274
274
274
274
274
274
274
274
274
274
274
274
274
274
274
274
274
274
274
274
274
274
274
274
274
274
274
274
274
274.001
274.024
274.833
296.4
559.918
793.591
814.948
823.59
834.452
847.827
863.928
883.642
907.661
935.592
980.581
1041.47
1120.59
1219.87
1337.29
1465.48
1600.8
1736.27
1860.74
1957.18
2015.69
2042.7
2055.15
2072.8
2106.78
2141.66
2181.4
2209.58
2220.77
2123.25
1797.42
1320.68
1173.2
1125.72
1108.88
1099.58
1096.79
1087.56
1077.93
1077.95
1094.64
1100.6
1089.93
1081.41
1101.14
1121.17
1112.53
1102.9
1120.28
1147.35
1144.25
1132.45
1153.12
1177.6
1172.65
1157.94
1175.74
1216.97
1222.9
1207.86
1213.11
1220.87
1219.5
1217.07
1212.22
1145.86
1110.11
1077.45
1041.84
1061.91
1067.61
1069.05
1085.02
1085.14
1091.07
1091.77
1098.78
1106.89
1137.19
1186.82
1242.35
1339.47
1449.47
1566.69
1623.51
1732.27
1979.08
274
274
274
274
274
274
274
274
274
274
274
274
274
274
274
274
274
274
274
274
274
274
274
274
274
274
274
274
274
274
274
274
274
274
274.001
274.04
275.304
308.682
611.61
797.429
816.777
827.496
838.629
851.184
866.827
887.167
912.13
940.495
988.895
1055.13
1140.85
1245.4
1364.52
1490.07
1618.56
1745
1860.33
1951.68
2017.94
2050.57
2063.81
2078.58
2106.88
2132.07
2170.14
2203.99
2220.97
2086.11
1783.08
1306.62
1188.02
1139.82
1118.02
1109.95
1109.3
1103.4
1101.75
1105.84
1115.94
1124.07
1114.69
1103.94
1127.58
1150.9
1145.2
1134.56
1148.56
1171.71
1165.64
1150.36
1171.29
1202.45
1195.97
1182.52
1203.19
1243.21
1245.37
1228.88
1240.59
1253.75
1252.61
1252.06
1252.96
1216.25
1141.41
1132.56
1089.56
1073.74
1093.08
1084.74
1108.9
1114.14
1132.28
1141.64
1155.62
1162.43
1166.07
1207.42
1250.76
1344.74
1463.05
1612.02
1731.55
1870.56
2022.19
274
274
274
274
274
274
274
274
274
274
274
274
274
274
274
274
274
274
274
274
274
274
274
274
274
274
274
274
274
274
274
274
274
274
274.002
274.073
276.248
334.627
667.261
802.984
818.485
828.178
838.866
851.938
868.786
891.245
919.578
952.659
1001.98
1073.37
1164
1272.85
1394.33
1519.07
1642.42
1760.15
1866.69
1953.78
2017.39
2056.26
2072.45
2088.93
2115.09
2147.07
2191.86
2220.56
2243.23
2007.5
1680.96
1262.08
1172.34
1139.28
1124.33
1121.17
1119.46
1117.68
1109.32
1124.66
1136.31
1147.1
1141.56
1136.72
1159.9
1182.92
1176.33
1164.67
1177.7
1201.84
1197.05
1184.61
1201.24
1229.18
1222.84
1204.87
1224.09
1268.92
1271.06
1252.69
1271.58
1299.48
1291.17
1287.96
1288.11
1285.94
1220.97
1161.91
1171.14
1129.47
1148.13
1130.54
1144.34
1144.69
1161.02
1178.71
1199.95
1225.85
1241.38
1263.19
1289.53
1331.32
1401.27
1510.85
1665.33
1814.77
2042.11
274
274
274
274
274
274
274
274
274
274
274
274
274
274
274
274
274
274
274
274
274
274
274
274
274
274
274
274
274
274
274
274
274
274
274.003
274.124
277.673
369.287
705.477
804.796
819.717
830.663
842.237
855.245
871.676
894.445
924.152
961.913
1010.88
1084.8
1181.86
1298.81
1427.24
1554.75
1674.57
1783.39
1879.77
1960.68
2021.45
2057.9
2074.74
2095.76
2116.31
2152.17
2196.7
2230.82
2252.93
1935.94
1613
1258.99
1182.25
1152.34
1137.84
1132.25
1130.48
1129.47
1130.1
1144.72
1150.94
1168.54
1171.03
1168
1191.55
1214.6
1211.75
1206.01
1217.09
1244.03
1241.9
1228.97
1241.28
1265.19
1256.82
1244.72
1251.38
1280.64
1287.25
1274
1291.98
1328.26
1341.26
1336.86
1340.17
1335.3
1329.18
1273.62
1221.84
1222.95
1186.9
1206.12
1183.2
1201.64
1195.11
1226.1
1242.63
1280.13
1312.9
1352.56
1398.11
1448.36
1512.63
1584.96
1682.05
1794.77
1913.1
274
274
274
274
274
274
274
274
274
274
274
274
274
274
274
274
274
274
274
274
274
274
274
274
274
274
274
274
274
274
274
274
274
274
274.006
274.214
280.149
413.965
740.013
807.96
820.032
830.075
841.23
854.247
871.329
895.371
926.897
968.443
1025.39
1100.76
1200.08
1323.04
1458.94
1593.18
1712.69
1814.56
1900
1969.98
2022.84
2051.76
2071.66
2091.87
2113.61
2160.26
2207.13
2242.9
2244.47
1944.01
1551.16
1252.4
1188.76
1160.87
1147.35
1142.9
1140.09
1133.47
1137.7
1153.83
1158.73
1170.34
1178.9
1176.93
1195.52
1218.65
1222.03
1220.14
1233.32
1263.93
1272.4
1265.98
1282.48
1309.53
1306.32
1300.91
1310.97
1335.37
1335.5
1325.73
1338.26
1357.47
1367.84
1375.05
1392.59
1393.97
1387.16
1382.83
1322.91
1257.77
1270.35
1236.35
1255.76
1229.92
1249.74
1247.11
1279.68
1296.26
1343.25
1379.5
1436.22
1489.89
1563.5
1636.31
1719.38
1780.97
1851.9
274
274
274
274
274
274
274
274
274
274
274
274
274
274
274
274
274
274
274
274
274
274
274
274
274
274
274
274
274
274
274
274
274
274
274.009
274.334
283.283
452.509
759.387
808.17
820.677
832.414
845.192
859.389
877.246
901.679
933.254
975.27
1033.71
1111.58
1213.48
1338.88
1477.17
1615.08
1737.43
1837.62
1915.22
1969.43
2016.02
2055.39
2076.78
2085.98
2113.32
2153.87
2194.44
2214.11
2172.6
1901.08
1482.23
1253.76
1204.99
1181.59
1170.65
1165.41
1160.78
1154.27
1163.6
1175.3
1177.2
1192.33
1202.83
1200.75
1215.78
1239.03
1244.64
1241.54
1252.55
1279.19
1291.12
1288.21
1301.36
1319.84
1335.36
1339.13
1341.25
1364.76
1383.14
1377.99
1389.87
1408.98
1410.65
1423.71
1442.6
1458.95
1461.35
1459.79
1444.43
1410.24
1337.95
1349.15
1310.06
1331.9
1298.8
1326.6
1322.35
1364.95
1387.39
1447.61
1489.27
1563.2
1605.93
1674.3
1717.31
1781.15
1819.54
274
274
274
274
274
274
274
274
274
274
274
274
274
274
274
274
274
274
274
274
274
274
274
274
274
274
274
274
274
274
274
274
274
274
274.014
274.514
287.852
495.62
776.871
810.523
821.12
831.991
844.295
858.326
876.439
901.343
933.63
977.041
1036.94
1116.6
1221.41
1349.97
1492.17
1634.65
1760.11
1858.78
1929.12
1973.93
2012.74
2050.46
2073.85
2085.91
2115.92
2157.81
2188.21
2198.93
2132.04
1828.55
1408.16
1229.83
1186.49
1169
1162.07
1159.92
1159.01
1157.43
1174.55
1180.32
1188.08
1202.83
1209.75
1220.37
1235.38
1251.48
1268.66
1273.77
1283.19
1305.05
1323.1
1323.55
1336.88
1349.91
1367.81
1377.93
1381.71
1399.04
1418.04
1420.48
1434.94
1447.98
1453.78
1468.54
1484.22
1502.23
1524
1532.13
1529.29
1510.69
1490.7
1425.76
1430.34
1393.17
1410.8
1385.88
1415.27
1429.47
1485.38
1516.04
1569.58
1607.78
1660.95
1708.65
1753.36
1807.09
1829.3
274
274
274
274
274
274
274
274
274
274
274
274
274
274
274
274
274
274
274
274
274
274
274
274
274
274
274
274
274
274
274
274
274
274.001
274.021
274.723
293.092
535.085
783.992
810.529
821.384
833.458
847.136
862.378
881.329
906.484
938.687
982.462
1043.05
1123.46
1229.05
1358.26
1502.86
1649.96
1778.92
1875.89
1939.03
1977.95
2008.5
2046.34
2074.79
2095.25
2133.35
2176.55
2200.69
2208.01
2115.28
1792.09
1372.46
1226.92
1186.05
1168.15
1162.53
1160.94
1158.03
1158.51
1177.87
1185.38
1193.92
1212.04
1222.14
1224.3
1242.72
1260.12
1271.27
1285.4
1293.98
1317.49
1339.54
1344.71
1364.08
1378.81
1396.24
1417.79
1424.48
1440.38
1463.81
1469.76
1486.14
1508.57
1519.78
1530.72
1545.04
1563.91
1582.99
1602.91
1622.67
1629.01
1617.62
1586.75
1539.61
1517.07
1501.77
1494.81
1496.58
1505.99
1540.69
1573.04
1622.37
1658.45
1714.98
1748.78
1803.06
1827.12
1856.56
274
274
274
274
274
274
274
274
274
274
274
274
274
274
274
274
274
274
274
274
274
274
274
274
274
274
274
274
274
274
274
274
274
274.001
274.03
274.997
300.019
574.155
791.222
812.273
821.829
833.218
846.783
862.191
881.268
906.403
939.096
984.35
1047.05
1130.32
1238.38
1368.4
1513.36
1660.87
1789.37
1883.75
1942.4
1980.34
2011.5
2045.55
2077.96
2102.54
2137.32
2172.07
2193.1
2200.29
2088.96
1791.49
1364.64
1226.62
1187.54
1170.68
1164.06
1161.29
1159.94
1155.33
1171.39
1182.9
1186.44
1201.44
1218.02
1220.39
1235.93
1255.09
1272.3
1288.86
1296.36
1315.46
1338.99
1349.94
1372.22
1389.55
1406.48
1434.45
1451.79
1470.72
1494.79
1514.74
1532.68
1549.19
1567.85
1590.34
1610.51
1624.25
1645.34
1668.5
1695.39
1719.24
1736.39
1752.48
1713.73
1680.33
1624.67
1634.01
1610.89
1631
1626.41
1661.34
1692.14
1743.32
1780.26
1822.61
1856.2
1888.45
1929.37
274
274
274
274
274
274
274
274
274
274
274
274
274
274
274
274
274
274
274
274
274
274
274
274
274
274
274
274
274
274
274
274
274
274.001
274.04
275.275
307.027
602.504
793.86
812.529
822.155
834.236
848.923
865.578
885.745
911.734
945.409
992.298
1056.92
1141.95
1250.22
1378.12
1520.43
1665.59
1791.57
1883.09
1939.04
1976.91
2012.75
2046.38
2070.63
2094.21
2123.49
2156.15
2177.12
2185.48
2050.61
1771
1353.64
1229.62
1192.57
1177.5
1172.69
1170.9
1169.03
1165.7
1177.99
1191.03
1195.66
1208.01
1225.78
1230.64
1245.23
1260.48
1271.96
1296.32
1306.63
1321.13
1342.09
1357.15
1375.92
1393.91
1412.17
1432.18
1456.69
1477.7
1499.87
1528.38
1547.91
1578.37
1605.35
1628.65
1657.28
1683.86
1708.46
1736.46
1765.74
1796.89
1831.3
1860.72
1875.13
1880.09
1852.23
1794.51
1774.47
1763.7
1773.67
1776.93
1801.07
1828.58
1868.59
1895.29
1925.92
1959.84
2004.27
274
274
274
274
274
274
274
274
274
274
274
274
274
274
274
274
274
274
274
274
274
274
274
274
274
274
274
274
274
274
274
274
274
274.001
274.051
275.596
315.443
628.14
797.667
814.063
823.379
835.5
850.48
867.86
889.244
916.475
952.157
1002.55
1071.5
1160.3
1269.46
1394.09
1530.33
1667.84
1786.68
1873.53
1928.91
1967.53
2004.12
2047.5
2072
2094
2126.11
2161.22
2184.06
2194.33
2045.52
1769.51
1349.06
1229.83
1193.24
1178.6
1173.98
1172.75
1172.72
1172.26
1180.16
1192.1
1200.98
1214.64
1226.73
1238.71
1253.19
1268.29
1279.43
1297.95
1313.91
1328.43
1347.63
1366.35
1384.24
1401.86
1423.95
1444.64
1465.51
1487.16
1511.64
1537.72
1561.88
1589.98
1618.91
1648
1678.63
1709.98
1739.34
1771.31
1803.23
1835.65
1872.45
1912.33
1952.97
1988.93
2019.07
2016.52
1993.24
1931.8
1914.82
1890.77
1905.54
1906.32
1928.09
1938.84
1968.98
1984.97
2014.3
274
274
274
274
274
274
274
274
274
274
274
274
274
274
274
274
274
274
274
274
274
274
274
274
274
274
274
274
274
274
274
274
274
274.002
274.061
275.87
322.703
644.674
799.37
814.954
824.334
836.517
851.659
869.731
892.402
921.467
960.629
1016.82
1092.63
1186.78
1296.51
1415.34
1540.85
1665.07
1772.79
1854.98
1911.52
1952.3
2002.65
2047.14
2069.88
2091.75
2127.02
2162.65
2177.91
2186.93
2023.2
1747.71
1347.63
1236.62
1201.36
1186.28
1180.89
1179.08
1178.58
1176.6
1186.36
1197.02
1206.22
1218.86
1229.72
1243.16
1257.99
1271.24
1286.78
1304.2
1319.62
1337.8
1355.68
1374.6
1394.34
1414.89
1433.95
1455.73
1479.1
1503.15
1527.24
1552.49
1579.85
1608.04
1636.84
1666.13
1698.56
1730.94
1761.92
1795.96
1827.12
1857.77
1889.75
1926.29
1965.36
2013.69
2065.1
2109.38
2121.3
2139.93
2038.74
2025.91
1975.62
1965.84
1964.76
1966.31
1976.24
2002.2
1967.58
274
274
274
274
274
274
274
274
274
274
274
274
274
274
274
274
274
274
274
274
274
274
274
274
274
274
274
274
274
274
274
274
274
274.002
274.07
276.129
329.817
658.307
802.608
816.703
825.246
837.251
853.234
873.411
899.139
931.754
975.875
1038.85
1121.62
1220.03
1327.96
1437.91
1548.45
1654.48
1747.52
1822.63
1882.34
1931.08
1985.89
2031.97
2055.35
2082.4
2127.46
2168.79
2183.64
2194.01
2031.29
1756.99
1351.77
1241.05
1207.27
1193.58
1189.28
1187.92
1187
1184.29
1194.4
1205.53
1215.19
1228.71
1238.76
1252.81
1266.45
1280.97
1295.65
1313.02
1330.22
1347.91
1366.11
1384.89
1403.37
1424.67
1446.11
1467.62
1491.89
1515.86
1540.24
1565.97
1592.88
1620.86
1651.38
1683.11
1713.93
1749.49
1782.97
1817.37
1856.32
1890.67
1926.11
1961.95
1999.04
2041.16
2091
2145.85
2180.15
2208.16
2214.57
2223.11
2124.43
2080.99
2042.28
2016.08
1990.65
1961.88
1824.44
274
274
274
274
274
274
274
274
274
274
274
274
274
274
274
274
274
274
274
274
274
274
274
274
274
274
274
274
274
274
274
274
274
274.002
274.076
276.279
333.859
665.092
804.26
817.389
825.415
837.3
853.61
874.776
902.251
937.408
985.34
1053.48
1141.7
1244.07
1351.67
1455.96
1553.81
1644.74
1727
1797.81
1859.98
1916.55
1974.81
2022.22
2047.51
2072.67
2120.77
2160.71
2175.68
2183.7
2005.47
1726.88
1336.76
1229.65
1195.96
1182.18
1177.08
1175.6
1175.77
1174.17
1184.4
1194.69
1204.36
1217.82
1229.13
1242.97
1256.83
1271.96
1286.96
1304.96
1322.13
1339.48
1358.21
1377.9
1398
1418.56
1440.16
1463.56
1487.2
1510.72
1536.67
1563.63
1589.91
1618.93
1649.18
1679.04
1711.74
1745.71
1779.29
1816.11
1854.68
1893.34
1934.31
1974.4
2011.39
2047.33
2082.68
2119.48
2158.96
2203.82
2224.34
2249.47
2240.48
2232.6
2117.67
2095.27
1889.68
1789.89
1697.54
274
274
274
274
274
274
274
274
274
274
274
274
274
274
274
274
274
274
274
274
274
274
274
274
274
274
274
274
274
274
274
274
274
274.002
274.079
276.353
335.86
668.296
805.137
817.916
825.883
837.837
854.269
875.706
903.75
939.923
989.447
1059.5
1149.39
1252.73
1359.94
1461.37
1553.87
1638.33
1714.81
1782.23
1844.42
1902.66
1956.39
2002.64
2029.01
2052.97
2106.36
2167.7
2192.19
2202.01
2058.08
1787.14
1368.95
1253.08
1216.9
1201.83
1196.99
1195.44
1195.14
1195.19
1205.18
1216.32
1225.25
1236.06
1249.01
1263.68
1275.52
1291.92
1307.78
1325.25
1341.21
1358.66
1378.32
1397.99
1417.33
1439.37
1461.56
1483.05
1507.55
1531.86
1556.45
1583.57
1610.58
1639.05
1668.99
1699.08
1731.32
1765.07
1799.25
1835.27
1874.41
1913.69
1955.74
1999.87
2040.89
2077.39
2106.63
2127.9
2148.42
2179.2
2228.38
2286.57
2312.43
2322.52
2339.67
2101.34
1858.37
1758.47
1701.34
274
274
274
274
274
274
274
274
274
274
274
274
274
274
274
274
274
274
274
274
274
274
274
274
274
274
274
274
274
274
274
274
274
274.002
274.076
276.285
333.966
665.101
803.973
817.313
825.588
837.657
853.897
874.689
901.875
937.328
985.812
1054.05
1141.73
1243.75
1351.15
1454.77
1550.67
1638.79
1718.41
1786.92
1848.12
1906.61
1962
2012.99
2047.53
2073.42
2122.22
2163.03
2176.8
2184.96
2013.97
1734.7
1341.64
1233.25
1198.86
1185.01
1180.19
1178.63
1178.05
1177.38
1186.37
1196.37
1205.85
1219.15
1230.69
1244.5
1258.48
1273.5
1288.85
1306.6
1322.63
1340.45
1359.53
1377.99
1398.05
1418.96
1440.12
1463.67
1486.85
1509.98
1535.39
1562.05
1588.2
1617.37
1648.18
1677.26
1709.46
1742.78
1776.22
1813.54
1852.32
1891.68
1931.9
1970.61
2007.85
2043.24
2078.35
2113.97
2152.79
2201.59
2225.22
2248.69
2247.65
2212.46
2116.62
2084.64
1899.49
1780.82
1699.84
274
274
274
274
274
274
274
274
274
274
274
274
274
274
274
274
274
274
274
274
274
274
274
274
274
274
274
274
274
274
274
274
274
274.002
274.071
276.137
329.985
658.309
801.999
816.453
825.445
837.793
853.673
873.187
898.4
931.473
976.396
1039.35
1120.91
1218.55
1326.11
1435.5
1543.11
1643.4
1731.69
1805.05
1864.27
1919.13
1966.9
2016.46
2050.51
2076.06
2118.63
2157.62
2174.86
2183.69
2022.54
1746.32
1345.48
1235.32
1201.03
1186.67
1181.11
1178.6
1177.99
1175.8
1185.3
1196.42
1205.83
1219.63
1231.2
1244.56
1258.21
1271.17
1287.45
1305.44
1320.67
1339.52
1359.2
1375.74
1395.78
1418.42
1437.23
1461.32
1486.81
1507.96
1533.98
1560.62
1586.93
1616.49
1647.42
1678.29
1710.5
1744.55
1778.73
1815.36
1853.27
1889.37
1925.12
1959.84
1997.66
2039.92
2088.6
2145.33
2180.77
2205.36
2224.3
2226.34
2128.07
2067.28
2039.05
2002.36
1980.4
1951.53
1817.99
274
274
274
274
274
274
274
274
274
274
274
274
274
274
274
274
274
274
274
274
274
274
274
274
274
274
274
274
274
274
274
274
274
274.002
274.061
275.883
322.995
644.957
798.542
814.509
824.438
837.022
852.016
869.328
891.421
920.974
960.896
1016.89
1091.02
1183.76
1293.15
1411.17
1532.96
1651.13
1753.19
1833.31
1892.61
1941.77
1989.39
2031.86
2061.18
2085.94
2121.17
2156.54
2171.21
2179
2020.01
1743.12
1345.06
1232.57
1198.03
1183.31
1178.08
1176.4
1176.22
1174.08
1184.03
1194.98
1204.5
1217.41
1227.09
1241.14
1256.08
1270.29
1286.74
1304.08
1320.02
1337.82
1356.84
1375.13
1394.41
1415.61
1435.67
1458.3
1482.31
1504.81
1529.18
1555.9
1582.01
1610.79
1641.02
1671.37
1703.26
1735.72
1768.01
1800.64
1832.59
1862.84
1895.61
1931.86
1972.31
2020.28
2072.22
2121.84
2135.66
2157.98
2052.48
2035.72
1983.82
1969.67
1969.38
1970.85
1976.15
1999.18
1966.67
274
274
274
274
274
274
274
274
274
274
274
274
274
274
274
274
274
274
274
274
274
274
274
274
274
274
274
274
274
274
274
274
274
274.001
274.052
275.612
315.822
628.823
796.764
813.671
823.699
836.185
850.876
867.553
888.536
916.122
952.384
1002.71
1070.12
1157.04
1265.31
1388.81
1521.48
1652.75
1766.21
1852.27
1910.81
1954.36
1997.3
2038.45
2066.46
2088.65
2119.94
2155.81
2180.14
2189.18
2050.12
1768.44
1352.46
1231.19
1195.28
1181.05
1176.75
1175.43
1175.06
1173.02
1183.24
1194.61
1203.16
1217.1
1230.62
1241.13
1257.43
1271.93
1283.07
1302.8
1318.49
1332.95
1351.1
1370.5
1387.56
1408.5
1428.56
1447
1473.16
1492.6
1516.01
1542.32
1567
1594.93
1622.77
1652
1682.39
1711.61
1741.41
1772.71
1803.3
1834.52
1872.4
1911.21
1951.89
1994.35
2029.32
2028.17
2010.84
1940.31
1923.71
1894.28
1917.54
1909.82
1932.87
1939.67
1970.94
1983.72
2020.08
274
274
274
274
274
274
274
274
274
274
274
274
274
274
274
274
274
274
274
274
274
274
274
274
274
274
274
274
274
274
274
274
274
274.001
274.04
275.294
307.497
603.862
793.095
812.175
822.434
834.788
849.139
865.245
885.271
911.563
945.618
992.405
1055.6
1138.42
1245.51
1372.22
1510.93
1649.98
1771.14
1862.33
1922.19
1963.06
2002.15
2042.39
2073.59
2091.9
2116.81
2144.14
2169.4
2178.99
2056.46
1772.08
1361.22
1235.03
1198.29
1183.44
1178.7
1176.84
1174.97
1171.82
1185.64
1191.24
1198.63
1213.7
1230.45
1234.05
1249.82
1266.46
1279.66
1301.59
1312.91
1329.76
1347.57
1359.32
1389.43
1401.84
1417.01
1442.98
1464.8
1482.51
1506.44
1530.66
1552.57
1580.31
1606.08
1632.42
1658.93
1685.26
1712.17
1737.07
1766.25
1801.13
1836.63
1870.37
1889.3
1900.07
1869.19
1807.57
1789.25
1771.96
1786.52
1783.84
1812.27
1834.87
1875.59
1895.35
1928.19
1956.24
2001.47
274
274
274
274
274
274
274
274
274
274
274
274
274
274
274
274
274
274
274
274
274
274
274
274
274
274
274
274
274
274
274
274
274
274.001
274.031
275.017
300.474
575.844
790.507
812.026
822.108
833.633
846.919
862.015
881.089
906.44
939.239
984.16
1045.34
1126.47
1233.24
1361.85
1503.17
1645.04
1769.51
1864.12
1926.94
1968.65
2006.02
2044.23
2077.53
2102.52
2131.76
2163.23
2185.28
2194.32
2104.18
1801.26
1379.59
1233.7
1194.29
1177.45
1170.67
1168.6
1168.07
1162.52
1177.83
1190.91
1195.26
1208.81
1224.11
1225.82
1242.14
1260.39
1277.05
1292.57
1299.68
1323.03
1336.66
1350.24
1376.11
1380.97
1400.05
1432.18
1441.71
1460.57
1486.27
1506.77
1527.75
1550.29
1568.98
1590.38
1615.42
1635.35
1654.89
1682.05
1711.32
1734.8
1757.21
1775.05
1732.21
1699.86
1640.83
1648.5
1624.81
1642.34
1638.27
1672.06
1702.78
1752.61
1790
1831.15
1868.21
1894.65
1940.15
274
274
274
274
274
274
274
274
274
274
274
274
274
274
274
274
274
274
274
274
274
274
274
274
274
274
274
274
274
274
274
274
274
274.001
274.021
274.742
293.519
537.287
783.408
810.337
821.558
833.55
847.07
862.386
881.502
906.676
938.633
981.868
1041.02
1119.41
1223.57
1351.29
1492.62
1634.85
1760.58
1857.87
1925.14
1971.1
2009.67
2043.54
2069.4
2094.09
2126.75
2171.12
2199.84
2208.7
2129.19
1807.01
1390.7
1234.1
1191.49
1172.71
1166.27
1164.69
1162.3
1159.87
1177.05
1183.86
1192
1210.02
1221.79
1222.38
1239.93
1260.3
1267.86
1277.86
1289.22
1319.35
1327.06
1340.01
1365
1370.35
1393.75
1421.19
1424.83
1444.89
1472.71
1481.37
1499.86
1519.66
1534.43
1550.03
1563.65
1579.26
1600.35
1619.86
1635.69
1640.82
1638.4
1600.25
1560.61
1524.16
1512.5
1502.33
1501.77
1511.24
1543.64
1574.08
1624.13
1659.62
1714.18
1749.58
1802.11
1826.47
1851.31
274
274
274
274
274
274
274
274
274
274
274
274
274
274
274
274
274
274
274
274
274
274
274
274
274
274
274
274
274
274
274
274
274
274
274.015
274.532
288.259
498.392
776.596
810.329
821.271
832.042
844.269
858.561
876.988
901.817
933.547
976.126
1034.69
1112.71
1216.29
1343.35
1482.86
1621.6
1744.3
1842.53
1915.59
1969.24
2012.7
2044.45
2070.46
2087.99
2112.73
2153.73
2186.24
2199.58
2143.83
1853.1
1429.66
1240.76
1196.39
1177.26
1169.3
1166.52
1164.25
1157.09
1172.44
1182.7
1189.24
1208.1
1214.45
1212.02
1232.59
1259.27
1259.89
1266.23
1283.62
1312.73
1316.05
1325.97
1348.24
1351.29
1372.72
1391.16
1390.87
1412.73
1432.24
1432.6
1450.96
1461.99
1467.95
1480.04
1497.18
1513.09
1531.81
1539.51
1537.61
1520.58
1506.66
1448.36
1437.09
1407.13
1416.98
1401.26
1421.52
1439.61
1490.33
1526.58
1576.15
1617.13
1667.46
1714.05
1758.64
1809.44
1831.15
274
274
274
274
274
274
274
274
274
274
274
274
274
274
274
274
274
274
274
274
274
274
274
274
274
274
274
274
274
274
274
274
274
274
274.009
274.349
283.627
455.371
759.663
808.037
820.873
832.446
845.117
859.65
877.936
902.296
933.156
974.222
1031.46
1108.23
1209.5
1333.89
1469.86
1604.32
1723.67
1822.6
1901.07
1963.87
2013.1
2046.14
2073.36
2091.38
2111.97
2152.33
2191.53
2214.38
2180.36
1900.39
1485.93
1251.69
1202.1
1178.44
1167.73
1163.15
1160.94
1158.44
1158.77
1171.07
1178.89
1194.87
1194.66
1194.4
1222.85
1242.63
1238.59
1238.76
1261.42
1284.95
1287.24
1293.35
1315.97
1326.22
1348.16
1363.27
1361.85
1374.54
1399.63
1392.99
1402.6
1410.47
1413.04
1434.78
1447.52
1466.42
1469.84
1468.78
1454.41
1429.83
1373.97
1361.18
1338.22
1339.39
1329.46
1331.94
1339.15
1371.66
1402.92
1455.11
1506.53
1569.42
1624.17
1682.2
1734.83
1790.11
1835.81
274
274
274
274
274
274
274
274
274
274
274
274
274
274
274
274
274
274
274
274
274
274
274
274
274
274
274
274
274
274
274
274
274
274
274.006
274.226
280.438
417.65
741.264
807.739
820.167
830.18
841.26
854.508
871.92
895.877
926.671
967.312
1023.83
1099.63
1198.87
1320.09
1452.34
1582.46
1699.7
1799.75
1883.86
1956.39
2014.39
2047.23
2072.02
2094.03
2116.63
2156
2203.81
2243.16
2246.89
1939.49
1558.83
1256.52
1190.26
1162.8
1150.45
1146.33
1143.42
1138.36
1136.69
1149.22
1163.57
1175.78
1174.3
1178.37
1207.29
1224.24
1221.94
1228.91
1253.88
1280.05
1280.73
1287.85
1306.69
1315.6
1322.81
1324.67
1317.71
1330.39
1348.09
1335.7
1347.1
1354.89
1368.15
1389.46
1398.9
1406.8
1404.92
1399.7
1338.29
1293.65
1279.56
1258.24
1262.88
1248.71
1259.33
1256.3
1286.6
1306.3
1353.93
1387.36
1447.42
1497.06
1573.38
1643.55
1726.56
1789.15
1856.69
274
274
274
274
274
274
274
274
274
274
274
274
274
274
274
274
274
274
274
274
274
274
274
274
274
274
274
274
274
274
274
274
274
274
274.004
274.132
277.886
373.598
708.534
804.335
819.582
830.858
842.52
855.58
872.122
894.904
924.135
961.914
1015.09
1087.51
1181.89
1297.1
1423.07
1548.05
1666.05
1772.14
1866.62
1949.33
2013.38
2054.95
2076.58
2097.97
2120.34
2150.1
2192.58
2228.18
2250.76
1937.58
1617.08
1263.95
1185.64
1155.85
1141.05
1135.6
1133.76
1133.02
1129.45
1140.46
1158.14
1172.58
1170.08
1175.29
1204.37
1225.47
1220.33
1216.45
1229.67
1253.64
1249.13
1246.86
1250.59
1258.43
1265.71
1261.48
1257.61
1277.12
1298.63
1285.48
1297.05
1322.84
1349.16
1356.93
1358.79
1355.71
1353.91
1279.43
1243.18
1229.72
1203.1
1215.81
1195.23
1217.33
1199.64
1234.25
1248.59
1287.92
1317.65
1356.41
1401.32
1447.79
1510.86
1580.26
1676.02
1788.07
1904.71
274
274
274
274
274
274
274
274
274
274
274
274
274
274
274
274
274
274
274
274
274
274
274
274
274
274
274
274
274
274
274
274
274
274
274.002
274.078
276.396
338.514
672.088
802.327
818.123
828.446
839.469
852.433
869.102
891.603
920.039
956.395
1007.42
1077.05
1165.88
1273.32
1391.87
1513.33
1634.74
1749.41
1854.88
1944.61
2010.7
2054.46
2075.5
2091.53
2119.17
2148.67
2192.58
2224.77
2250.09
2016.54
1688.89
1262.59
1171.42
1139.93
1127.91
1124.45
1123.4
1121.94
1111.98
1122.91
1141.84
1150.32
1147.73
1143.46
1169.22
1191.6
1181.5
1173.26
1187.64
1212.91
1209.11
1202.81
1212.16
1225.7
1237.02
1224.59
1223.67
1258.03
1285.08
1271.53
1286.84
1314.44
1318.04
1312.65
1300.2
1298.09
1232.9
1179.4
1185.7
1133.96
1164.25
1134.93
1157.65
1149.43
1171.25
1182.39
1205.25
1226.11
1236.22
1260.34
1282.73
1324.76
1396.13
1503.29
1657.25
1804.22
2029.93
274
274
274
274
274
274
274
274
274
274
274
274
274
274
274
274
274
274
274
274
274
274
274
274
274
274
274
274
274
274
274
274
274
274
274.001
274.043
275.398
311.063
618.191
796.593
816.157
827.668
839.436
851.987
867.171
887.444
913.082
946.158
993.825
1059.64
1144.08
1247.51
1363.38
1485.03
1612.46
1736.68
1851.77
1945.53
2011.65
2047.21
2065.49
2080.33
2109.9
2136.49
2172.05
2207.88
2229
2091.31
1787.23
1304.41
1187.66
1143.54
1121.36
1113.08
1108.8
1104.11
1104.6
1114.58
1119.32
1128.28
1128.3
1122.19
1143.87
1168.78
1158.74
1148.76
1162.18
1186.27
1177.13
1163.99
1172.11
1196.55
1207.53
1194.66
1199.21
1236.82
1268.06
1254.33
1264.14
1270.66
1264.44
1257.99
1260.08
1227.31
1141.77
1157.96
1098.08
1094.87
1105.08
1091.73
1118.35
1119.7
1136.43
1140.59
1149.2
1150.06
1160.19
1202.88
1244.58
1339.63
1458.28
1604.06
1722.71
1858.09
2013.93
274
274
274
274
274
274
274
274
274
274
274
274
274
274
274
274
274
274
274
274
274
274
274
274
274
274
274
274
274
274
274
274
274
274
274.001
274.026
274.894
297.872
566.622
792.343
814.247
823.994
835.579
848.957
864.442
883.927
908.795
940.903
985.037
1044.82
1123.19
1221.57
1336.52
1461.65
1597.24
1731.44
1854.99
1954.37
2010.4
2036.57
2056.6
2073.15
2108.21
2143.01
2181.55
2211.9
2224.99
2126.29
1800.37
1312.23
1171.44
1128.6
1111.89
1103.82
1100.58
1096.64
1094.77
1094.54
1103.17
1115.81
1112.92
1104.98
1120.26
1141.38
1130.46
1116.26
1128.75
1156.36
1152.97
1139.08
1151.17
1177.71
1183.67
1173.29
1180.3
1215.74
1246.85
1237.74
1229.47
1232.43
1224.5
1221.62
1220.46
1163.13
1125.93
1104.18
1053.67
1073.43
1068.72
1077.98
1091.14
1087.91
1089.5
1087.96
1090.47
1102.36
1134.33
1183.21
1236.3
1334.7
1444.24
1558.1
1613.61
1720.71
1971.89
274
274
274
274
274
274
274
274
274
274
274
274
274
274
274
274
274
274
274
274
274
274
274
274
274
274
274
274
274
274
274
274
274
274
274
274.012
274.437
286.112
483.163
777.62
814.447
822.889
831.19
841.832
855.074
875.053
899.805
930.527
968.827
1019.94
1087.4
1174.29
1282.6
1409.39
1551.84
1704.14
1848.43
1952.99
1997.63
2014.51
2030.48
2055.38
2088.99
2137.84
2182.28
2219.89
2246.45
2216.24
1923.78
1394.41
1189.63
1126.57
1100.66
1081.14
1078.35
1076.27
1074.93
1068.88
1069.91
1084.93
1080.69
1067.26
1080.37
1102.26
1093.27
1080.32
1094.44
1119.39
1118.31
1103.42
1117.52
1144.62
1148.45
1126.62
1127.59
1163.65
1189.97
1161.6
1154.25
1163.71
1166.21
1156.28
1127.74
1058.58
1042.59
1005.39
1005.22
996.968
988.381
985.14
978.456
975.46
975.272
985.236
1003.09
1029.29
1063.15
1101.66
1140.22
1194.3
1236.29
1322.76
1485.22
1670.45
1752.88
274
274
274
274
274
274
274
274
274
274
274
274
274
274
274
274
274
274
274
274
274
274
274
274
274
274
274
274
274
274
274
274
274
274
274
274.004
274.156
278.717
393.63
731.473
811.974
821.638
828.922
837.878
849.582
866.942
887.518
914.862
950.016
995.455
1054.58
1130.05
1225.98
1345.55
1489.22
1653.77
1822.56
1940.56
1981.83
1996.82
2011.27
2039.59
2066.51
2108.4
2151.43
2187.33
2231.08
2250.06
1938.66
1524.65
1197.52
1128.04
1096.42
1081.01
1076.19
1063.19
1043.76
1032.93
1041.1
1056.32
1051.16
1035.52
1045.45
1069.39
1079.07
1058.7
1062.55
1078.26
1085.07
1067.26
1071.96
1109.46
1117.18
1098.5
1093.9
1116.42
1134.98
1124.56
1123.96
1131.03
1110.31
1079.02
1001.39
972.792
945.803
935.335
930.249
927.917
931.678
940.24
952.839
969.263
979.695
1001.01
1023.47
1049.6
1078.18
1112.58
1165.05
1273.89
1447.18
1566.56
1583.83
1427.36
1376.79
274
274
274
274
274
274
274
274
274
274
274
274
274
274
274
274
274
274
274
274
274
274
274
274
274
274
274
274
274
274
274
274
274
274
274
274.001
274.05
275.661
320.144
647.399
805.314
819.179
826.345
835.332
846.571
861.774
878.144
900.298
930.486
970.455
1023.7
1092.74
1180.74
1292.67
1431.8
1593.95
1767.93
1913.11
1970.4
1988.38
2001.73
2028.86
2070.21
2116.18
2153.2
2175.48
2195.18
2222.59
2043.36
1694.06
1193.98
1075.61
1024.1
1004.24
995.637
997.197
998.424
989.453
996.549
1016.65
1021.63
1003.91
1008.14
1033.27
1044.42
1024.21
1024.38
1047.55
1047.84
1040.58
1034.35
1067.28
1100.9
1078.27
1065.05
1081.74
1101.75
1099.41
1093.92
1066.91
969.199
957.337
910.775
899.954
888.523
893.79
902.504
919.49
929.762
944.296
951.371
963.115
975.491
992.794
1007.62
1026.9
1088.5
1193.35
1400.11
1518.25
1541.73
1502.08
1493.25
1434.28
956.884
274
274
274
274
274
274
274
274
274
274
274
274
274
274
274
274
274
274
274
274
274
274
274
274
274
274
274
274
274
274
274
274
274
274
274
274
274.015
274.559
289.739
519.807
788.292
815.521
823.601
833.486
845.354
858.112
871.96
889.57
913.738
947.718
995.786
1061.22
1146.48
1255.88
1390.3
1542.62
1704.19
1857.21
1949.99
1982.03
1995.55
2015.27
2054.97
2110.28
2158.15
2183.96
2202.91
2220.38
2177.99
1816.44
1306.11
1113.78
1053.96
1032.79
1024.73
1013.03
993.901
987.477
997.517
1010.96
1015.01
1002.07
1001.17
1013.62
1024.31
1015.52
1000.69
1022.63
1034.62
1020.04
1019.42
1040.75
1075.24
1061.99
1041.95
1067.39
1076.15
1067.42
1009.81
918.7
907.222
886.792
878.149
880.003
893.874
899.751
912.408
917.989
927.331
936.288
939.267
947.782
957.926
992.714
1056.25
1189.73
1367.99
1465.14
1490.78
1492.69
1516.83
1507.29
1450.46
1126.83
989.928
274
274
274
274
274
274
274
274
274
274
274
274
274
274
274
274
274
274
274
274
274
274
274
274
274
274
274
274
274
274
274
274
274
274
274
274
274.004
274.157
278.879
399.089
736.02
810.057
819.791
830.07
842.789
856.473
870.356
884.431
901.26
926.882
965.878
1022.8
1100.51
1202.79
1330.34
1477.51
1638.94
1794.41
1914.61
1971.19
1991.6
2007.01
2031.54
2085.81
2141.45
2158.93
2171.92
2223.61
2257.87
1951.27
1533.72
1142.39
1042.8
1013.3
996.096
992.172
995.535
989.387
991.88
1005.13
1003.97
985.639
967.093
980.021
982.871
969.611
967.463
996.651
1030
1020.74
1004.72
1029.84
1056.76
1047.98
1044.1
1053.27
1010.49
978.262
898.947
888.219
874.029
867.887
879.018
886.545
891.347
898.157
907.373
906.744
910.682
906.252
926.968
965.229
1044.22
1185.79
1339.9
1411.2
1430.31
1470.83
1500.98
1503.68
1476.44
1441.28
1309.86
1161
1012.12
274
274
274
274
274
274
274
274
274
274
274
274
274
274
274
274
274
274
274
274
274
274
274
274
274
274
274
274
274
274
274
274
274
274
274
274
274.001
274.038
275.349
312.131
629.511
802.626
816.076
823.936
835.518
849.79
864.872
880.121
895.973
915.046
944.787
989.867
1053.27
1140.35
1254.55
1394.07
1554.34
1724.08
1873.48
1957.26
1987.88
2001.69
2021.86
2061.36
2093.37
2097.53
2109.99
2169
2194.16
2059.86
1725.4
1205.44
1081.06
1010.79
990.043
975.683
962.644
945.356
938.974
935.988
922.962
925.426
929.285
949.443
973.52
973.25
982.255
1008.35
1024.26
1025.37
1019.73
1018.49
1033.82
1036.67
1027.22
969.728
913.611
870.769
861.029
854.425
856.275
870.286
874.438
883.672
880.714
883.132
880.555
883.572
904.652
945.537
1033.55
1170.61
1307.77
1370.77
1397.05
1442.18
1483.86
1493.7
1490.7
1474.89
1477.26
1408.06
1312.43
1165.79
955.357
274
274
274
274
274
274
274
274
274
274
274
274
274
274
274
274
274
274
274
274
274
274
274
274
274
274
274
274
274
274
274
274
274
274
274
274
274
274.008
274.341
284.118
470.945
778.19
813.804
819.365
829.107
843.968
860.206
875.8
890.683
906.602
929.827
966.658
1019.19
1090.77
1187.74
1312.37
1465.02
1645.22
1831.2
1948.25
1985.73
1994.21
2012.6
2031.06
2056.1
2068.99
2087.44
2143.1
2166.13
2147.65
1795.75
1296.18
1017.72
959.585
934.706
928.522
929.227
933.438
945.631
954.658
954.861
955.95
960.388
980.088
992.904
983.53
973.379
988.415
1011.22
1013.36
995.99
981.253
996.375
995.219
959.819
901.871
874.281
865.082
873.386
876.919
879.173
880.05
881.123
873.762
869.711
873.893
894.892
938.597
1031.77
1163.99
1272.19
1329.88
1382.57
1412.09
1457.52
1473.77
1478.91
1479.29
1468.37
1483.55
1472.3
1381.05
1249.47
1048.44
876.764
274
274
274
274
274
274
274
274
274
274
274
274
274
274
274
274
274
274
274
274
274
274
274
274
274
274
274
274
274
274
274
274
274
274
274
274
274
274.002
274.071
276.394
345.239
693.124
812.99
818.348
822.793
833.416
850.244
869.701
886.424
900.761
922.1
951.601
993.856
1053.39
1136.43
1249.89
1395.54
1576.44
1785.44
1933.12
1979.72
1990.51
2005.08
2021.34
2049.43
2060.7
2076.71
2127.94
2189.86
2221.09
2086.23
1686.29
1159.33
1041.73
993.652
987.86
981.685
976.578
961.364
952.203
967.046
963.678
955.045
963.01
972.001
964.613
960.076
936.224
955.792
970.417
961.964
968.222
978.006
958.312
903.208
883.798
876.427
873.902
871.612
875.587
856.256
849.18
839.866
849.349
880.843
937.543
1024.72
1169.15
1253.01
1296.05
1360.35
1396.13
1429.28
1458.04
1471.8
1477.44
1477.25
1475.59
1487.48
1495.17
1437.06
1331.05
1162.2
967.078
794.707
274
274
274
274
274
274
274
274
274
274
274
274
274
274
274
274
274
274
274
274
274
274
274
274
274
274
274
274
274
274
274
274
274
274
274
274
274
274
274.014
274.554
290.292
531.881
801.959
820.949
821.631
827.837
840.63
858.326
877.231
895.656
915.902
940.846
974.902
1024.17
1094.41
1194.78
1331.92
1511.46
1731.97
1908.09
1962.17
1975.58
1988.87
2012.64
2025.84
2030.5
2047.99
2106.96
2183.1
2222.64
2219.66
1898.66
1348.83
1097.84
998.796
973.42
971.286
961.67
963.715
979.79
961.777
948.709
945.575
938.559
935.823
944.747
937.185
953.783
980.712
991.383
993.781
978.6
957.305
913.421
879.398
871.337
858.18
833.14
822.383
818.814
825.098
862.692
908.546
999.258
1128.19
1215.02
1286.82
1311.38
1325.18
1395.09
1423.13
1444.41
1462.83
1482.63
1488.97
1492.16
1496.08
1513.11
1501.78
1451.1
1344.09
1194.42
1019.03
850.503
705.192
274
274
274
274
274
274
274
274
274
274
274
274
274
274
274
274
274
274
274
274
274
274
274
274
274
274
274
274
274
274
274
274
274
274
274
274
274
274
274.003
274.108
277.621
378.799
732.877
822.723
822.91
825.376
834.296
847.438
865.047
885.731
909.281
935.157
966.216
1007.53
1065.92
1152.82
1279.24
1454.16
1682.61
1881.57
1939.59
1951.02
1960.4
1984.47
1990.16
1994.66
2005.7
2051.06
2128.64
2166.75
2173.29
1946.88
1554.85
1073.47
963.589
938.024
935.004
913.851
919.117
918.284
913.023
926.421
939.263
956.028
984.369
996.203
1000.52
1011.95
1002.1
1000.95
980.146
931.142
878.155
855.918
829.066
815.553
805.09
822.14
857.127
928.366
1028.95
1124.08
1209.12
1272.71
1294.91
1332.06
1352.77
1378.61
1445.96
1472.43
1483.54
1497.02
1516.7
1527.83
1529.24
1531.42
1527.43
1497.22
1435.48
1327.73
1197.66
1027.47
876.491
750.45
639.022
274
274
274
274
274
274
274
274
274
274
274
274
274
274
274
274
274
274
274
274
274
274
274
274
274
274
274
274
274
274
274
274
274
274
274
274
274
274
274.001
274.018
274.738
296.044
574.707
814.736
826.4
825.387
830.495
841.552
854.43
871.761
893.821
919.861
949.166
986.756
1038.05
1111.19
1219.51
1378.34
1599.54
1835.71
1918.49
1930.6
1938.7
1957.34
1968.39
1973.95
1977.75
1998.92
2067.24
2124.26
2150.59
2108.5
1720.42
1193.46
1037.89
982.328
984.52
962.746
978.166
975.272
979.562
1015.75
994.416
1002.23
1004.39
999.68
997.475
984.746
972.187
966.153
915.2
894.19
893.639
878.605
869.963
921.07
961.293
1053.88
1112.76
1176.17
1203.64
1229.28
1281.02
1330.48
1376.67
1457.45
1496.27
1559.9
1585.24
1589.51
1591.48
1584.97
1568.3
1561.58
1556.39
1521.36
1467.11
1385.55
1269.36
1145.35
1016.37
892.926
770.037
666.454
579.831
274
274
274
274
274
274
274
274
274
274
274
274
274
274
274
274
274
274
274
274
274
274
274
274
274
274
274
274
274
274
274
274
274
274
274
274
274
274
274
274.003
274.126
278.279
394.957
749.637
827.762
826.607
828.58
836.324
848.302
861.936
878.574
900.935
929.591
964.897
1011.55
1076.56
1171.94
1309.58
1514.91
1780.1
1906.98
1928.86
1935.31
1944.17
1949.7
1963.02
1976.05
1987.24
2047.07
2115.46
2144.9
2174.01
1955.67
1615.95
1260.33
1154.93
1128.99
1126.72
1101.48
1120.66
1110
1097.19
1093.05
1082.4
1088.52
1080.61
1081.39
1058.77
1071.35
1084.74
1031.87
1019.09
995.887
995.734
1034.04
1071.66
1117.73
1160.26
1217.61
1283.22
1327.61
1374.13
1392.1
1471.41
1543.89
1573.16
1605.59
1632.18
1638.21
1625.81
1613.44
1593.2
1576.32
1541.86
1488.17
1410.53
1325.57
1224.66
1114.43
1014.38
912.478
798.54
698.886
603.093
526.144
274
274
274
274
274
274
274
274
274
274
274
274
274
274
274
274
274
274
274
274
274
274
274
274
274
274
274
274
274
274
274
274
274
274
274
274
274
274
274
274.001
274.018
274.723
295.95
575.91
815.193
827.914
828.39
832.726
842.239
854.746
868.832
886.324
910.899
943.371
986.308
1045.55
1127.33
1249.29
1431.27
1679.34
1881.93
1930.48
1935.69
1935.27
1940.58
1949.61
1968.44
1986.67
2032.27
2101.92
2127.55
2133.99
1942.18
1621.25
1328.44
1211.51
1196.19
1200.99
1187.35
1193.85
1197.97
1195.69
1207.38
1183.29
1180.47
1138.73
1097.2
1124.98
1142.89
1117.06
1093.66
1072.43
1098.57
1141.2
1202.22
1274.95
1337.24
1399.95
1460.86
1508.97
1540.21
1568.12
1628.51
1656.06
1670.86
1664.44
1658.39
1663.05
1655.26
1629.77
1611.83
1575.33
1519
1443.08
1368.03
1277.48
1200.38
1121.57
1043.9
939.164
828.417
726.634
633.424
553.975
486.784
274
274
274
274
274
274
274
274
274
274
274
274
274
274
274
274
274
274
274
274
274
274
274
274
274
274
274
274
274
274
274
274
274
274
274
274
274
274
274
274
274.002
274.099
277.433
376.234
733.032
825.58
827.972
830.706
836.925
848.093
860.824
875.342
894.887
922.636
961.079
1013.43
1083.09
1187.94
1341.35
1555.03
1807.73
1918.08
1936.24
1939.72
1945.8
1950.72
1960.19
1958.54
1975.85
2004.29
2016.05
2007.53
1820.18
1573.97
1380.16
1282.01
1260.78
1259.78
1266.29
1275.71
1294.64
1314.61
1350.55
1373.82
1422.07
1510.06
1531.48
1510.05
1449.65
1448.05
1483.38
1494.41
1528.52
1568.64
1592.66
1621.09
1634.55
1643.77
1648.42
1650.23
1653.68
1677.64
1693.55
1698.51
1694.2
1676.72
1656.05
1644.78
1624.9
1582.14
1522.03
1447.18
1374.49
1296.03
1236.69
1178.65
1125.52
1064.87
975.345
867.313
751.7
647.953
564.893
499.609
446.925
274
274
274
274
274
274
274
274
274
274
274
274
274
274
274
274
274
274
274
274
274
274
274
274
274
274
274
274
274
274
274
274
274
274
274
274
274
274
274
274
274
274.011
274.479
288.72
523.716
802.937
826.308
828.896
832.614
841.013
853.576
867.115
882.877
904.642
935.894
980.447
1043.76
1132.63
1265.5
1454.09
1700.2
1882.92
1928.65
1938.56
1941.94
1943.1
1954.34
1945.96
1931.07
1913.8
1900.54
1898.52
1758.73
1653
1431.54
1397.23
1390.41
1398.05
1449.02
1467.45
1497.92
1574.36
1655.58
1709.61
1745.65
1858.65
1881.51
1842.17
1822.38
1811.9
1802.8
1809.58
1834.48
1853.26
1860.87
1857.16
1848.75
1837.14
1812.63
1779.29
1750.58
1731.31
1716.13
1701.91
1681.63
1654.54
1616.88
1568.08
1501.12
1420.69
1346.23
1288.92
1252.25
1208.92
1168.12
1114.66
1066
985.995
872.354
754.841
652.833
570.622
508.091
457.555
414.751
274
274
274
274
274
274
274
274
274
274
274
274
274
274
274
274
274
274
274
274
274
274
274
274
274
274
274
274
274
274
274
274
274
274
274
274
274
274
274
274
274
274.001
274.052
275.888
332.957
681.306
818.475
825.932
828.737
834.307
844.999
858.571
873.74
890.75
914.408
949.332
1001.99
1079.72
1191.21
1356.42
1580.48
1817.2
1900.77
1921.86
1932.34
1935.45
1923.04
1882.19
1854.68
1848.24
1878.52
1884.86
1814.52
1813.62
1608.77
1553.46
1554.81
1575.86
1630.24
1674.19
1719.47
1798.89
1875.04
1930.7
1972.44
1995.67
2003.52
1977.91
1968.8
1957.61
1950.08
1945.54
1945.44
1945.29
1932.72
1914.11
1891.52
1864.83
1830.92
1798.14
1759.65
1718.44
1682.23
1641.91
1594.57
1528.48
1454.53
1382.95
1319.01
1267.08
1229.08
1203.18
1185.97
1151.69
1114.35
1062
986.696
886.355
776.229
674.562
587.29
517.864
465.557
423.073
388.912
274
274
274
274
274
274
274
274
274
274
274
274
274
274
274
274
274
274
274
274
274
274
274
274
274
274
274
274
274
274
274
274
274
274
274
274
274
274
274
274
274
274
274.005
274.219
281.085
440.463
772.614
822.403
826.337
829.717
837.162
849.031
864.177
879.712
897.749
923.186
962.433
1024.57
1119.47
1257.88
1453.18
1704.29
1856.56
1883.13
1890.64
1899.63
1892.59
1862.15
1829.34
1823.04
1856.08
1925.39
1969.43
1923.4
1837.63
1801.91
1789.89
1799.55
1837.55
1855.67
1880.57
1918.73
1946.64
1958.15
1975.2
1991.46
1997.82
1977.25
1971.54
1965.01
1953.27
1944.2
1934.1
1923.54
1901.63
1875.15
1845.34
1807.58
1764.03
1718.32
1664.78
1603.17
1537.38
1468.96
1407.78
1354.85
1307.15
1262.34
1230.37
1205.11
1184.71
1170.02
1144.42
1103.65
1052.72
976.442
886.423
781.618
680.211
594.38
524.284
470.193
428.577
394.618
367.22
274
274
274
274
274
274
274
274
274
274
274
274
274
274
274
274
274
274
274
274
274
274
274
274
274
274
274
274
274
274
274
274
274
274
274
274
274
274
274
274
274
274
274.001
274.018
274.75
297.241
582.878
808.641
824.043
826.635
830.871
840.035
853.447
869.008
884.287
903.084
930.437
974.608
1045.92
1156.32
1316.88
1536.87
1776.01
1864.29
1878.88
1884.13
1897.32
1913.85
1926.89
1927.92
1935.39
1961.96
2021.71
2041.54
2029.94
1935.6
1927.15
1924.79
1959.34
1975.16
1976.27
1980.09
1984.17
1984.53
1979.95
1977.6
1965.22
1939.13
1921.16
1900.13
1875.71
1850.91
1818.7
1783.7
1744.28
1710.51
1675.19
1629.54
1585.1
1532.8
1477.16
1425.17
1380.03
1339.9
1303.25
1271.49
1240.45
1212.9
1192.63
1175
1155.59
1126.33
1092.97
1030.58
957.634
868.807
775.148
681.452
599.658
533.921
480.488
439.122
408.871
382.819
361.291
274
274
274
274
274
274
274
274
274
274
274
274
274
274
274
274
274
274
274
274
274
274
274
274
274
274
274
274
274
274
274
274
274
274
274
274
274
274
274
274
274
274
274
274.002
274.062
276.231
345.314
700.455
818.026
823.874
826.109
832.179
843.138
857.537
872.306
887.342
906.702
935.833
983.701
1062.49
1182.3
1357.63
1595.08
1812.7
1877.55
1895.68
1898.12
1907.14
1922.14
1924.65
1930.97
1960.57
2031.93
2073.56
2071.15
2000.35
1983.44
1966.2
1972.68
1975.93
1982.89
1978.7
1970.51
1958.09
1932.87
1900.67
1862.19
1823.77
1794.54
1773.39
1749.06
1720.59
1686.74
1651.9
1617.2
1580.74
1542.67
1501.76
1464.67
1429.72
1397.23
1363.24
1332.03
1301.78
1273.62
1248.45
1222.73
1195.86
1173.01
1146.46
1112.25
1068.58
1004.92
924.781
844.033
759.798
680.314
606.466
545.623
496.117
454.516
420.878
394.163
373.249
356.233
274
274
274
274
274
274
274
274
274
274
274
274
274
274
274
274
274
274
274
274
274
274
274
274
274
274
274
274
274
274
274
274
274
274
274
274
274
274
274
274
274
274
274
274
274.004
274.18
280.05
428.529
768.936
820.126
822.269
825.469
833.23
845.672
859.48
873.684
888.36
907.821
937.935
987.991
1068.36
1192.81
1376.67
1630.89
1838.87
1888.38
1896.21
1898.57
1895.67
1898.26
1914.91
1947.49
2013.47
2044.79
2037.09
2009.97
1980.31
1958.3
1949.77
1942.3
1932.06
1898.99
1860.22
1831.83
1798.35
1768.33
1737.44
1713.46
1692.73
1670
1643.71
1619.74
1587.1
1555.79
1526.03
1496.25
1468.33
1438.78
1409.32
1381.83
1354.99
1326.86
1298.97
1271.49
1245.04
1219.87
1192.45
1167.16
1141.79
1101.71
1048.44
983.296
908.982
830.056
755.858
680.874
612.774
551.457
501.21
462.267
430.301
403.453
381.945
365.532
352.507
274
274
274
274
274
274
274
274
274
274
274
274
274
274
274
274
274
274
274
274
274
274
274
274
274
274
274
274
274
274
274
274
274
274
274
274
274
274
274
274
274
274
274
274
274
274.01
274.437
288.143
524.376
799.243
818.551
818.822
823.195
832.886
845.474
858.709
872.576
887.513
906.753
937.028
987.107
1067.56
1191.92
1376.26
1634.74
1835.92
1881.76
1882.74
1873.32
1854.86
1857.4
1880.12
1918.39
1960.65
1973.96
1956.79
1922.72
1892.06
1843.36
1814.06
1780.43
1744.64
1727.94
1715.62
1698.02
1679.15
1651.02
1619.97
1593.91
1572.06
1545.52
1522.71
1494.96
1463.86
1436.6
1410.64
1383.81
1356.03
1329.68
1304.67
1280.03
1254.33
1227.69
1202.12
1177.34
1153.48
1128.1
1098.1
1056.16
1001.4
937.862
866.511
793.018
722.741
661.156
600.621
548.254
502.518
465.489
436.001
411.151
390.325
373.899
360.753
350.709
274
274
274
274
274
274
274
274
274
274
274
274
274
274
274
274
274
274
274
274
274
274
274
274
274
274
274
274
274
274
274
274
274
274
274
274
274
274
274
274
274
274
274
274
274
274.001
274.024
274.898
302.314
608.129
806.52
815.351
815.349
819.689
829.805
843.236
857.162
871.214
884.722
903.509
932.198
979.469
1054.72
1169.69
1339.95
1575.12
1783.96
1846.02
1852.62
1833.83
1819.82
1810.22
1810.76
1819.56
1823.47
1806.54
1778.89
1756.33
1730.83
1711.32
1688.02
1664.39
1649.69
1633.31
1605.15
1576.79
1545.21
1510.26
1477.64
1450.01
1421.26
1396.13
1367.71
1339.26
1315.95
1294.36
1271.42
1248.26
1226.13
1204.55
1182.91
1160.52
1137.62
1114.97
1090.03
1061.39
1027.4
985.598
934.27
876.428
814.897
751.299
690.596
635.073
586.824
540.487
501.496
467.628
439.549
416.847
397.509
381.496
368.707
357.869
349.768
274
274
274
274
274
274
274
274
274
274
274
274
274
274
274
274
274
274
274
274
274
274
274
274
274
274
274
274
274
274
274
274
274
274
274
274
274
274
274
274
274
274
274
274
274
274
274.001
274.046
275.592
323.506
665.287
807.721
812.298
812.879
817.872
826.867
838.262
852.443
865.135
878.126
895.94
922.515
965.848
1031.36
1130.11
1269.16
1447.24
1639.7
1759.31
1797.09
1805.34
1798.13
1782.8
1774.34
1764.68
1748.51
1732.81
1708.97
1676.99
1650.24
1628.65
1602.69
1573.74
1541.62
1504.89
1466.3
1427.42
1390.15
1355.76
1324.85
1297.44
1273.24
1251.56
1232.03
1218
1205.84
1192.82
1179.81
1164.99
1147.74
1127.5
1103.66
1077.31
1047.3
1012.64
972.852
927.199
876.556
822.687
768.18
714.156
661.618
613.843
570.931
534.132
498.922
469.401
443.64
421.769
403.927
388.993
376.379
365.942
357.177
349.769
274
274
274
274
274
274
274
274
274
274
274
274
274
274
274
274
274
274
274
274
274
274
274
274
274
274
274
274
274
274
274
274
274
274
274
274
274
274
274
274
274
274
274
274
274
274
274
274.002
274.075
276.447
347.412
698.103
807.37
810.459
810.961
814.908
819.126
830.894
845.986
859.503
873.045
889.397
912.951
947.288
998.187
1071.32
1168.73
1291.36
1438.15
1585.6
1678.41
1718.11
1724.46
1719.11
1709.93
1690.26
1660.19
1625.48
1597.25
1563.36
1525.11
1486.37
1447.2
1409.6
1372.99
1344
1323.03
1304.02
1289.42
1277.71
1269.43
1269.69
1277.77
1280.68
1278.95
1271.29
1259.81
1245.3
1227.54
1207.44
1182.2
1153.81
1120.6
1080.6
1031.92
973.256
905.853
843.195
784.265
727.953
674.21
624.443
581.031
543.03
511.134
481.053
455.207
432.866
413.846
398.357
385.32
374.343
365.289
357.463
351.287
274
274
274
274
274
274
274
274
274
274
274
274
274
274
274
274
274
274
274
274
274
274
274
274
274
274
274
274
274
274
274
274
274
274
274
274
274
274
274
274
274
274
274
274
274
274
274
274
274.003
274.104
277.247
365.246
712.649
806.206
808.35
807.948
808.194
814.551
825.806
839.84
854.307
867.988
883.079
901.936
925.523
961.497
1010.54
1075.54
1158.87
1253.05
1345.23
1432.71
1497.83
1530.15
1535.59
1526.58
1504.82
1483.95
1444.36
1405.89
1383.96
1365.53
1351.92
1344.75
1343.56
1354.9
1377.66
1378.64
1365.23
1343.14
1313.74
1279.34
1239.29
1202.09
1169.42
1140.58
1115.33
1093.11
1073.05
1055.36
1039.38
1025.13
1012.13
999.334
985.858
970.006
949.449
918.464
877.398
828.508
772.999
710.148
642.906
585.241
543.057
505.731
474.075
447.638
426.035
408.612
394.119
381.602
370.913
362.45
356.175
274
274
274
274
274
274
274
274
274
274
274
274
274
274
274
274
274
274
274
274
274
274
274
274
274
274
274
274
274
274
274
274
274
274
274
274
274
274
274
274
274
274
274
274
274
274
274
274
274
274.004
274.126
277.698
371
712.048
802.53
803.849
801.79
802.715
809.815
821.169
835.866
849.696
863.689
876.799
891.034
907.758
930.331
958.846
997.953
1042.48
1086.92
1131.19
1169.42
1199.38
1220.71
1247.41
1271.69
1294.39
1318.77
1339
1359.32
1373.97
1389.38
1384.01
1355.37
1309
1247.63
1191.08
1142.38
1099.96
1063.65
1031.4
1002.97
978.228
956.235
937.155
920.164
905.076
891.268
878.635
867.104
856.57
846.47
836.746
827.285
817.673
807.757
797.517
786.739
775.255
762.443
746.462
728.297
701.741
667.179
626.758
581.8
532.858
485.847
454.097
429.248
408.424
391.758
379.697
370.461
274
274
274
274
274
274
274
274
274
274
274
274
274
274
274
274
274
274
274
274
274
274
274
274
274
274
274
274
274
274
274
274
274
274
274
274
274
274
274
274
274
274
274
274
274
274
274
274
274
274
274.005
274.133
277.584
361.823
691.529
792.488
796.702
796.059
798.775
807.049
821.668
836.215
852.61
871.615
891.704
911.639
934.2
961.232
996.961
1037.28
1082.94
1131.85
1179.06
1221.43
1253.84
1279.64
1301.29
1325.51
1348.37
1327.21
1292.23
1248.84
1189.77
1134.74
1087.44
1047.4
1011.72
980.1
951.801
926.251
903.667
882.65
863.599
846.557
831.099
817
803.927
791.735
780.418
770.052
760.081
750.332
741.206
732.658
724.628
717.072
709.873
702.642
695.068
686.609
677.636
666.883
655.751
644.1
633.323
622.611
612.026
601.66
587.822
562.119
532.305
498.436
462.359
430.264
410.082
274
274
274
274
274
274
274
274
274
274
274
274
274
274
274
274
274
274
274
274
274
274
274
274
274
274
274
274
274
274
274
274
274
274
274
274
274
274
274
274
274
274
274
274
274
274
274
274
274
274
274
274.006
274.121
276.87
336.482
631.726
770.855
788.671
794.082
805.057
824.823
848.569
875.298
902.707
929.328
958.737
992.126
1032.81
1077.04
1122.64
1172.17
1218.94
1266.63
1285.84
1279.66
1268.21
1248.64
1209.24
1157.22
1108.5
1065.7
1026.58
992.408
961.958
935.151
912.654
893.109
875.441
858.991
843.421
828.523
813.982
799.956
786.507
773.443
760.726
748.323
736.185
724.917
714.178
703.533
693.03
682.878
673.076
663.77
654.704
645.803
636.841
627.984
619.182
611.592
604.077
597.156
590.533
584.125
577.731
570.811
563.448
556.078
549.771
544.53
539.58
532.4
519.997
498.918
274.001
274.001
274.001
274.001
274.001
274.001
274.001
274.001
274.001
274.001
274.001
274.001
274.001
274.001
274.001
274.001
274.001
274.001
274.001
274.001
274.001
274.001
274.001
274.001
274.001
274.001
274.001
274.001
274.001
274.001
274.001
274.001
274.001
274.001
274.001
274.001
274.001
274.001
274.001
274.001
274.001
274.001
274.001
274.001
274.001
274.001
274.001
274.001
274.001
274.001
274.001
274.001
274.006
274.095
275.895
307.95
528.076
724.265
790.728
826.326
869.799
928.508
992.069
1048.45
1094.99
1133.81
1177.53
1239.41
1245.29
1237.14
1225.64
1208.09
1184.21
1156.58
1126.05
1091.46
1054.96
1023.24
994.866
970.356
948.357
928.389
909.635
891.887
875.55
859.836
844.789
830.37
816.415
803.19
790.332
777.733
765.185
752.734
740.123
727.333
714.538
701.719
689.58
678.126
666.891
655.988
645.585
635.799
626.62
617.859
609.477
601.263
593.437
585.628
578.249
570.974
563.899
557.091
550.81
545.056
539.558
534.22
529.127
524.374
520.332
517.282
513.517
509.247
505.476
274.002
274.002
274.002
274.002
274.002
274.002
274.002
274.002
274.002
274.002
274.002
274.002
274.002
274.002
274.002
274.002
274.002
274.002
274.002
274.002
274.002
274.002
274.002
274.002
274.002
274.002
274.002
274.002
274.002
274.002
274.002
274.002
274.002
274.002
274.002
274.002
274.002
274.002
274.002
274.002
274.002
274.002
274.002
274.002
274.002
274.002
274.002
274.002
274.002
274.002
274.002
274.002
274.002
274.006
274.067
275.083
289.982
420.249
682.012
856.699
988.369
1134.13
1185.14
1195.69
1195.54
1194.44
1187.55
1168.59
1140.11
1109.78
1082.74
1057.99
1035.2
1014.04
994.256
975.639
958.108
941.587
925.239
909.128
893.517
878.306
863.008
848.132
833.58
819.479
805.513
791.505
777.827
764.579
752.05
739.999
728.219
716.541
704.893
693.013
681.208
669.983
659.258
648.841
638.48
628.266
618.392
608.84
599.663
590.817
582.365
574.478
567.181
560.036
553.268
546.878
540.879
535.341
530.081
525.143
520.476
516.128
512.25
508.641
505.121
501.772
498.919
497.001
496.855
)
;

boundaryField
{
    wall
    {
        type            zeroGradient;
    }
    inlet
    {
        type            fixedValue;
        value           uniform 3673;
    }
    outlet-1
    {
        type            inletOutlet;
        inletValue      uniform 274;
        value           nonuniform List<scalar> 
60
(
283.256
285.713
285.528
286.059
286.392
286.839
287.38
287.992
288.694
289.63
291.059
293.011
295.442
298.234
301.308
304.502
307.078
307.798
297.303
281.375
274
274
274
274
274
274
274
274
274
274
274
274
274
274
274
274
274
274
274
274
281.241
296.923
307.658
307.006
304.451
301.265
298.195
295.406
292.977
291.026
289.596
288.659
287.958
287.347
286.807
286.361
286.029
285.502
285.686
283.234
)
;
    }
    outlet-2
    {
        type            inletOutlet;
        inletValue      uniform 274;
        value           nonuniform List<scalar> 
89
(
274.002
274.001
274
274
274
274
274
274
274
274
274
274
274
274
274
274
274
274
274
274
274
274
274
274
274
274
274
274
274
274
274
274
274
274
274
274
274
274
274
274
274
274
274
274
274
274
274
274
274
274
274
274
274
274
274
274
274
274
274
274
274
274
274
274
274
274
274
274
274
274
274
274
274
274
274
274
274
274
274
274
274
274
274
274
274
274
274
274.001
274.002
)
;
    }
    frontAndBackPlanes
    {
        type            empty;
    }
}


// ************************************************************************* //
