/*--------------------------------*- C++ -*----------------------------------*\
| =========                 |                                                 |
| \\      /  F ield         | OpenFOAM: The Open Source CFD Toolbox           |
|  \\    /   O peration     | Version:  2112                                  |
|   \\  /    A nd           | Website:  www.openfoam.com                      |
|    \\/     M anipulation  |                                                 |
\*---------------------------------------------------------------------------*/
FoamFile
{
    version     2.0;
    format      ascii;
    arch        "LSB;label=32;scalar=64";
    class       volScalarField;
    location    "0.00069";
    object      T;
}
// * * * * * * * * * * * * * * * * * * * * * * * * * * * * * * * * * * * * * //

dimensions      [0 0 0 1 0 0 0];

internalField   nonuniform List<scalar> 
13875
(
1408.56
1535.16
1483.3
1487.15
1482.12
1482.18
1483
1483.02
1483.19
1482.57
1483.97
1483.19
1484.36
1483.71
1483.31
1483.57
1483.06
1482.48
1483.67
1484.24
1482.96
1482.76
1483.53
1539.31
1410.53
1305.25
1355.8
1319.55
1320.41
1316.71
1315.81
1316.72
1317.65
1320.79
1317.42
1320.31
1317.37
1319.2
1319.24
1321.92
1322.48
1318.9
1316.85
1317.18
1317.04
1316.48
1318.79
1320.21
1356.71
1301.66
1305.45
1338.95
1315.91
1310.76
1305.19
1303.62
1303.74
1303.26
1302.64
1302.6
1303.54
1302.95
1303.58
1303.71
1304.73
1305.63
1305.63
1304.86
1305.26
1305.57
1306.67
1311.42
1316.82
1345.17
1303.74
1315.9
1344.85
1315.73
1308.19
1305.95
1304.41
1304.16
1303.46
1302.71
1302.65
1303.55
1303.04
1303.47
1303.9
1304.39
1305.3
1305.88
1305.42
1305.66
1305.95
1307.24
1306.7
1318.92
1345.2
1315.57
1326.94
1341.73
1317.43
1309.54
1305.07
1303.71
1304
1303.22
1302.87
1302.84
1303.57
1303.2
1303.66
1303.96
1304.84
1305.45
1306.41
1305.58
1305.62
1305.56
1307.7
1311.34
1318.98
1349.72
1320.78
1329.44
1351.18
1320.51
1307.99
1308.24
1306.29
1305.29
1304.05
1303.37
1303.2
1303.82
1303.69
1304.02
1304.65
1304.82
1305.3
1306.57
1306.72
1306.96
1308.12
1310.05
1308.7
1325.86
1355.24
1332.14
1336.24
1361.24
1331.4
1314.61
1308.89
1306.03
1305.92
1304.74
1304.22
1304.07
1304.55
1304.5
1304.82
1305.47
1305.37
1306.43
1307.28
1306.81
1307.47
1308.76
1312.87
1321.54
1337.61
1379.65
1340.75
1359.13
1388.13
1347.71
1320.51
1317.24
1312.76
1309.86
1307.39
1306.09
1305.51
1306.28
1306.39
1306.51
1307.4
1307.14
1307.41
1308.87
1310.23
1311.99
1315.93
1320.72
1327.89
1362.95
1418.75
1410.04
1532.12
1510.51
1393.37
1351.31
1325.47
1316.97
1314.27
1311.16
1309.7
1309.07
1310.02
1310.01
1310.16
1310.91
1310.68
1311.13
1312.34
1312.99
1315.72
1321.04
1336.12
1375.1
1432.42
1599.29
1658.97
1864.65
1601.71
1444.81
1366.9
1344.44
1332.14
1324.05
1319.63
1317.46
1316.67
1318.08
1317.79
1317.82
1318.51
1318.26
1318.86
1320.13
1321.61
1325.99
1337.48
1353.04
1381.43
1498.69
1775.35
2666.44
2523.99
1816.13
1548.28
1428.1
1373.3
1353.65
1342.58
1336.9
1334.47
1333.61
1335.05
1334.34
1334.34
1334.7
1334.35
1335.2
1336.83
1339.71
1345.16
1354.94
1391.34
1471.58
1667.43
2076.07
2846.34
2890.95
2378.94
2225.99
1550.14
1460.9
1421.55
1392.22
1383.11
1376.73
1374.86
1375.35
1374.16
1374.12
1373.94
1373.98
1375.21
1377.97
1384.06
1397.05
1418.57
1459.92
1575.07
2369.67
2515.68
2968.17
2850.36
2810.24
2675.02
2321.14
1689.61
1571.1
1544.98
1523.05
1510.45
1506.12
1504.93
1503.75
1504.8
1503.36
1503.13
1504.52
1508.88
1520.87
1547.12
1564.56
1895.27
2117.01
2699.18
2607.49
2931.04
2782.93
2774.61
2831.73
2853.66
2327.24
2320.94
2088.76
2039.2
1960.5
1938.4
1927.15
1925
1936.83
1929.25
1922.21
1925.82
1945.1
2017.46
2117.7
2159.96
2335.81
2677.12
2673.63
2649.65
2869.8
2641.94
2780.26
2829.8
2862.86
2897.16
3124.57
3316.93
3475.95
3617.6
3639.16
3617.79
3591.19
3578.34
3582.2
3611.43
3634.94
3634.44
3521.89
3340.08
3089.83
2857.89
2703.18
2664.08
2699.62
2837.39
2523.84
2702.27
2838.51
3040.32
3089.49
3322.83
3532.06
3604.63
3641.51
3614.25
3575.54
3552.22
3541.49
3547.1
3569.44
3606.31
3643.86
3641.95
3564.98
3216.36
2983.88
2842.55
2741.38
2657.85
2745.33
2481.63
2623.6
2727.93
2864.98
3114.98
3305.67
3490.94
3569.9
3613.05
3591.53
3579.27
3581.38
3582.4
3580.21
3578.06
3589.03
3624.72
3620.18
3556.57
3233.76
3105.83
2818.55
2652.39
2656.47
2672.15
2312.52
2663.59
2857.95
2994.11
3102.38
3143.39
3271.11
3360.4
3439.52
3468.23
3483.4
3498.2
3506.3
3500.43
3483.86
3465.39
3456.26
3409.6
3303.57
3085.2
3067.02
2903.65
2832.76
2639.45
2512.03
2338.75
2371.88
2615.38
2743.52
2844.5
2861.32
3001.01
3151.94
3279.23
3355.68
3392.36
3411.47
3417.11
3414.03
3405.25
3389.15
3341.3
3223.34
3027.53
2836.18
2841.4
2677.48
2564.28
2496.02
2514.03
2481.07
2326.66
2409.51
2466.36
2612.06
2656.4
2763.87
2932.7
3092.29
3207.31
3276.21
3307.82
3316.3
3316.75
3306.85
3263.13
3153.64
2970.85
2762.7
2629.16
2611.68
2405.08
2398.84
2402.52
2580.19
3089.17
2201.68
2234.61
2270.19
2451.84
2501.41
2597.38
2762.41
2925.28
3057.7
3147.99
3190.08
3202.23
3203.32
3183.11
3106.8
2964.02
2773.02
2576.32
2474.83
2431.93
2223.75
2232.88
2287.9
3163.73
3157.17
2223.73
2077.07
2127.52
2296.21
2368.27
2460.75
2615.66
2774.56
2912.68
3013.55
3061.48
3074.35
3072.75
3042.05
2948.54
2796.24
2621.3
2448.84
2347.14
2274.7
2100.43
2089.52
2249.31
3143.4
3103.72
2245.06
2005.83
2037.32
2189.97
2256.45
2352.55
2493.96
2640.82
2774.12
2875.01
2925.42
2939.03
2934.58
2896.74
2799.02
2653.09
2500
2353.99
2253.23
2174.34
2014.97
2024.73
2272.3
3128.4
3080.25
2211.94
2021.05
1987.16
2117.31
2174.51
2267.59
2397.15
2529.28
2648.66
2744.96
2794.1
2806.83
2800.1
2759.05
2663.43
2530.66
2395.89
2269.76
2174.96
2116.71
1980.11
2034.54
2217.84
3065.81
3112.58
2331.55
2061.04
2007.39
2072.9
2106.45
2193.88
2309.72
2425.1
2534.44
2624.35
2669.85
2680.55
2672.91
2631.3
2539.35
2418.03
2297.53
2191.49
2113.15
2083.31
2016.64
2067
2361.29
3108.5
3101.86
2445.37
2094.33
2028.61
2026.76
2059.04
2124.23
2221.72
2322.14
2422
2507.14
2550.29
2559.74
2551.31
2511.64
2426.4
2315.14
2208.7
2119.34
2059.71
2032.52
2036.66
2102.68
2411.48
3079.77
3046.55
2430.96
2131.47
2037.46
2019.01
2030.75
2073.5
2153.36
2234.9
2323.75
2401.18
2438.6
2447.07
2438.86
2402.46
2325.73
2227.9
2138.86
2064.53
2029.29
2019.67
2045.13
2121.55
2396.8
2995.29
2961.72
2415.72
2148
2050.52
2001.01
2009.81
2027.02
2092.65
2162.18
2239.53
2305.4
2336.77
2343.84
2335.43
2305.21
2240.03
2156.38
2080.83
2017.11
2007.34
1994.78
2047.1
2148.9
2410.6
2941.2
2933.85
2401.82
2167.8
2055.65
2008.42
1992.78
1984.76
2030.19
2082.87
2152.84
2210.87
2238.18
2245.19
2237.89
2212.29
2156.2
2082.97
2024.09
1976.83
1987.1
1999.77
2046.95
2147.73
2373.06
2889.29
2921.37
2385.97
2173.07
2069.38
2008.7
1964.35
1970.85
1989.35
2031.17
2082.83
2129.5
2151.02
2156.04
2149.45
2127.44
2081.6
2027.72
1981.09
1963.9
1960.49
1987.32
2065.43
2176.48
2381.78
2895.29
2875.35
2418.06
2186.29
2086.9
2026.07
1975.48
1940.48
1957.99
1988.27
2031.29
2061.13
2075.02
2078.18
2073.48
2059.29
2028.18
1984.2
1950.72
1930.51
1968.5
2014.67
2078.13
2185.78
2411.02
2883.09
2866.23
2447.01
2220.99
2100.15
2055.7
1951.57
1921.28
1919.88
1935.26
1966.33
1991.32
2001.67
2004.3
2000.7
1988.48
1962.65
1930.41
1913.22
1915.83
1945.58
2046.45
2085.72
2205.8
2437.75
2859.92
2834.72
2482.11
2276.14
2185.76
2054.37
1991.82
1937.72
1892.44
1909.75
1923.32
1932.84
1939.32
1940.18
1936.71
1928.26
1916.08
1902.86
1883.22
1923.32
1982.24
2047.99
2170.55
2255.47
2482.35
2837.01
2745.27
2518.89
2335.29
2258.17
2139.42
2022.42
1929.06
1907.17
1891.04
1895.78
1896.99
1891.36
1888.91
1890.43
1893
1889.76
1880.65
1894.49
1920.66
2014.24
2128.8
2249.45
2318.26
2524.89
2749.41
2732.56
2586.49
2383.68
2297.62
2230.72
2072.95
1994.01
1906.49
1861.13
1845.94
1842.47
1844.31
1843.28
1841.6
1837.26
1839.16
1854.29
1897.59
1985.35
2052.6
2221.9
2287.3
2371.59
2582.74
2726.49
2730.69
2612.92
2431.54
2323.11
2274.25
2167.08
1990.22
1921.02
1870.92
1828.97
1807.03
1798.17
1798.2
1797.18
1803.73
1822.66
1862.35
1915.62
1980.86
2169.8
2267.88
2324.4
2439.76
2618.97
2726.77
2718.01
2613
2472.28
2346.54
2278.31
2228.06
2102.95
1950.35
1869.13
1819.33
1790.37
1772.39
1760.66
1771.74
1787.59
1813.75
1866.07
1944.33
2105.24
2234.31
2280.71
2355.94
2473.32
2621.37
2714.39
2624.99
2610.89
2486.83
2367.44
2283.63
2231.34
2182.67
1977.07
1881.06
1796.24
1748.47
1730.83
1731.91
1729.48
1748
1794.24
1868.62
1984.02
2187.53
2239.11
2290.95
2368.5
2492.87
2607.1
2588.96
2296.97
2537.36
2480.81
2369.32
2283.96
2229.62
2186.07
2095.28
1897.81
1798.25
1744.82
1721.74
1714.3
1720.99
1745.73
1796.97
1898.08
2105.96
2193.11
2238.41
2294.3
2382.63
2484.45
2522.91
2284.51
2040.88
2371.95
2439.37
2368.37
2279.31
2219.42
2183.3
2137.62
1956.01
1805.28
1734.95
1702.48
1690.33
1702.46
1732.66
1802.48
1943.37
2138.93
2191.71
2226.48
2288.43
2376.17
2437.07
2348.95
2019
1849.99
2203.49
2350.21
2341.06
2268.27
2193.82
2156.91
2122.06
2033.93
1825.13
1729.92
1691.92
1678.18
1690.86
1728.03
1817.6
2029.81
2117.16
2157.67
2195.29
2271.9
2345.74
2358.39
2213.83
1839.67
1718.58
2117.54
2290.32
2299.58
2250.99
2185.37
2138.25
2111.97
2070.12
1863.03
1731.21
1679.45
1667.85
1680.37
1730.71
1868.49
2069.74
2117.71
2141.08
2191.7
2257.48
2303.84
2289.77
2105.3
1713.82
1651
2071.48
2256.09
2278.45
2238.87
2178.98
2137.63
2101.71
2072.38
1922.91
1744.53
1670.05
1650.25
1668.99
1743.03
1925.71
2079.62
2111.55
2140.35
2185.31
2242.4
2281.53
2255.78
2063.6
1645.04
1614.44
2004.07
2231.04
2266.61
2231.59
2172.44
2129
2101.49
2078.69
2044.13
1788.84
1677.19
1652.76
1675.97
1785.43
2045.57
2081.54
2105.68
2131.12
2174.39
2234.13
2272.31
2235.95
2015.36
1616.69
1605.91
1940.73
2197.28
2256.33
2226.63
2167.27
2122.78
2099.7
2088.46
2078.6
1923.19
1728.68
1689.07
1730.03
1923.9
2075.23
2086.91
2100.07
2124.77
2167.4
2228.98
2259.08
2194.12
1930.92
1601.29
1606.4
1874.19
2140.98
2235.18
2212.51
2160.45
2119.76
2097.3
2083.89
2067.95
2018.08
1847.04
1795.61
1848.3
2014.75
2066.72
2084.04
2096.64
2121.06
2161.06
2212.79
2234.2
2130.17
1860.46
1600.6
1615.37
1811.97
2055.97
2190.17
2197.87
2157.02
2114.57
2090.23
2072.93
2053.42
2002.78
1875.24
1827.47
1873.07
2000.16
2052.78
2072.92
2088.09
2114.31
2155.07
2197.03
2186.6
2053.08
1803.11
1610.23
1634.77
1757.69
1962.58
2082.46
2144.35
2129.71
2096.01
2067.27
2044.14
2015.9
1943.88
1861.65
1825.19
1860.63
1944.29
2015.96
2043.26
2064.61
2094.71
2126.59
2141.64
2075.97
1954.56
1742.4
1630.18
1632.02
1708.93
1897.74
2003.16
2065.3
2088.77
2066.28
2032.59
1997.64
1950.51
1876.58
1813.26
1792.57
1812.39
1876.88
1950.26
1997.01
2031.42
2064.84
2086.74
2062.66
1997.93
1890.95
1704.7
1636.17
1617.71
1633.46
1778.33
1924.79
1966.32
2002.9
2009.68
1990.95
1960.15
1912.71
1834.48
1776.7
1757.5
1775.95
1834.09
1912.34
1959.3
1991
2009.33
2003.69
1965.83
1922.82
1774.37
1630.31
1619.96
274.061
274.427
274.647
274.498
274.343
274.17
274.074
274.028
274.009
274.003
274.001
274
274
274
274
274
274
274
274
274
274
274
274
274
273.999
273.999
273.997
274.003
273.986
274.017
274.421
274.714
274.9
274.646
274.438
274.214
274.092
274.035
274.011
274.003
274.001
274
274
274
274
274
274
274
274
274
274
274
274
274
273.999
273.998
273.996
274.003
273.988
274.016
274.412
274.786
274.969
274.693
274.474
274.226
274.096
274.035
274.011
274.003
274.001
274
274
274
274
274
274
274
274
274
274
274
274
274
273.999
273.998
273.997
274.002
273.994
274.011
274.354
274.884
275.021
274.726
274.5
274.232
274.096
274.035
274.011
274.003
274.001
274
274
274
274
274
274
274
274
274
274
274
274
274
273.999
273.999
273.998
274.001
273.997
274.007
274.325
274.981
275.054
274.733
274.51
274.231
274.096
274.034
274.01
274.002
274
274
274
274
274
274
274
274
274
274
274
274
274
274
273.999
273.999
273.999
274
273.998
274.006
274.324
275.064
275.074
274.724
274.506
274.227
274.093
274.033
274.009
274.002
274
274
274
274
274
274
274
274
274
274
274
274
274
274
274
273.999
273.999
274
273.999
274.005
274.327
275.107
275.074
274.699
274.496
274.217
274.089
274.029
274.008
274.002
274
274
274
274
274
274
274
274
274
274
274
274
274
274
274
273.999
273.999
274
273.999
274.003
274.391
275.118
275.069
274.653
274.476
274.202
274.08
274.026
274.007
274.001
274
274
274
274
274
274
274
274
274
274
274
274
274
274
274
274
273.999
273.999
274
274.002
274.482
275.108
275.052
274.588
274.442
274.18
274.072
274.023
274.006
274.001
274
274
274
274
274
274
274
274
274
274
274
274
274
274
274
274
274
273.999
274
274.001
274.513
275.006
274.998
274.528
274.404
274.165
274.067
274.021
274.006
274.001
274
274
274
274
274
274
274
274
274
274
274
274
274
274
274
274
274
274
274
274.001
274.533
274.894
274.914
274.483
274.372
274.153
274.062
274.02
274.005
274.001
274
274
274
274
274
274
274
274
274
274
274
274
274
274
274
274
274
274
274
274.001
274.546
274.807
274.833
274.446
274.342
274.141
274.057
274.018
274.004
274.001
274
274
274
274
274
274
274
274
274
274
274
274
274
274
274
274
274
274
274
274.001
274.485
274.738
274.758
274.41
274.312
274.129
274.052
274.016
274.004
274.001
274
274
274
274
274
274
274
274
274
274
274
274
274
274
274
274
274
274
274
274.001
274.424
274.673
274.686
274.374
274.284
274.118
274.047
274.015
274.004
274.001
274
274
274
274
274
274
274
274
274
274
274
274
274
274
274
274
274
274
274
274.001
274.384
274.608
274.618
274.338
274.257
274.107
274.043
274.013
274.003
274.001
274
274
274
274
274
274
274
274
274
274
274
274
274
274
274
274
274
274
274
274.001
274.344
274.544
274.553
274.304
274.231
274.096
274.039
274.012
274.003
274.001
274
274
274
274
274
274
274
274
274
274
274
274
274
274
274
274
274
274
274
274.001
274.304
274.482
274.49
274.27
274.206
274.085
274.034
274.01
274.002
274
274
274
274
274
274
274
274
274
274
274
274
274
274
274
274
274
274
274
274
274.001
274.262
274.418
274.427
274.236
274.181
274.075
274.03
274.009
274.002
274
274
274
274
274
274
274
274
274
274
274
274
274
274
274
274
274
274
274
274
274.001
274.219
274.349
274.363
274.199
274.155
274.064
274.026
274.008
274.002
274
274
274
274
274
274
274
274
274
274
274
274
274
274
274
274
274
274
274
274
274.001
274.184
274.282
274.299
274.158
274.127
274.052
274.022
274.006
274.001
274
274
274
274
274
274
274
274
274
274
274
274
274
274
274
274
274
274
274
274
274.001
274.166
274.228
274.243
274.118
274.099
274.04
274.017
274.005
274.001
274
274
274
274
274
274
274
274
274
274
274
274
274
274
274
274
274
274
274
274
274.001
274.197
274.189
274.201
274.082
274.072
274.027
274.011
274.003
274.001
274
274
274
274
274
274
274
274
274
274
274
274
274
274
274
274
274
274
274
274
274.001
274.661
274.284
274.172
274.051
274.05
274.015
274.006
274.001
274
274
274
274
274
274
274
274
274
274
274
274
274
274
274
274
274
274
274
274
274
274.001
281.35
276.635
274.274
274.03
274.032
274.004
274.001
274
274
274
274
274
274
274
274
274
274
274
274
274
274
274
274
274
274
274
274
274
274
274.001
226.148
295.664
275.535
274.108
274.021
273.996
273.998
273.999
274
274
274
274
274
274
274
274
274
274
274
274
274
274
274
274
274
274
274
274
274
274.001
274.017
273.986
274.003
273.997
273.999
273.999
274
274
274
274
274
274
274
274
274
274
274
274
274
274.001
274.003
274.009
274.028
274.074
274.17
274.343
274.497
274.647
274.427
274.06
274.016
273.988
274.003
273.996
273.998
273.999
274
274
274
274
274
274
274
274
274
274
274
274
274
274.001
274.003
274.011
274.035
274.092
274.214
274.438
274.645
274.9
274.714
274.421
274.011
273.994
274.002
273.997
273.998
273.999
274
274
274
274
274
274
274
274
274
274
274
274
274
274.001
274.003
274.011
274.035
274.096
274.226
274.474
274.693
274.969
274.786
274.412
274.007
273.997
274.001
273.998
273.999
273.999
274
274
274
274
274
274
274
274
274
274
274
274
274
274.001
274.003
274.011
274.035
274.096
274.232
274.5
274.726
275.021
274.884
274.354
274.006
273.998
274
273.999
273.999
273.999
274
274
274
274
274
274
274
274
274
274
274
274
274
274
274.002
274.01
274.034
274.096
274.231
274.51
274.733
275.054
274.981
274.325
274.005
273.999
274
273.999
273.999
274
274
274
274
274
274
274
274
274
274
274
274
274
274
274
274.002
274.009
274.033
274.093
274.227
274.506
274.724
275.074
275.064
274.324
274.003
273.999
274
273.999
273.999
274
274
274
274
274
274
274
274
274
274
274
274
274
274
274
274.002
274.008
274.029
274.089
274.217
274.496
274.699
275.074
275.107
274.327
274.002
274
273.999
273.999
274
274
274
274
274
274
274
274
274
274
274
274
274
274
274
274
274.001
274.007
274.026
274.08
274.202
274.476
274.653
275.07
275.118
274.391
274.001
274
273.999
274
274
274
274
274
274
274
274
274
274
274
274
274
274
274
274
274
274.001
274.006
274.023
274.072
274.18
274.442
274.588
275.052
275.108
274.482
274.001
274
274
274
274
274
274
274
274
274
274
274
274
274
274
274
274
274
274
274
274.001
274.006
274.021
274.067
274.165
274.404
274.528
274.998
275.005
274.513
274.001
274
274
274
274
274
274
274
274
274
274
274
274
274
274
274
274
274
274
274
274.001
274.005
274.02
274.062
274.153
274.372
274.483
274.914
274.895
274.533
274.001
274
274
274
274
274
274
274
274
274
274
274
274
274
274
274
274
274
274
274
274.001
274.004
274.018
274.057
274.141
274.342
274.446
274.833
274.807
274.546
274.001
274
274
274
274
274
274
274
274
274
274
274
274
274
274
274
274
274
274
274
274.001
274.004
274.016
274.052
274.129
274.312
274.41
274.758
274.738
274.485
274.001
274
274
274
274
274
274
274
274
274
274
274
274
274
274
274
274
274
274
274
274.001
274.004
274.015
274.047
274.118
274.284
274.374
274.686
274.673
274.425
274.001
274
274
274
274
274
274
274
274
274
274
274
274
274
274
274
274
274
274
274
274.001
274.003
274.013
274.043
274.107
274.257
274.338
274.618
274.608
274.384
274.001
274
274
274
274
274
274
274
274
274
274
274
274
274
274
274
274
274
274
274
274.001
274.003
274.012
274.039
274.096
274.231
274.304
274.553
274.544
274.344
274.001
274
274
274
274
274
274
274
274
274
274
274
274
274
274
274
274
274
274
274
274
274.002
274.01
274.034
274.085
274.206
274.27
274.49
274.482
274.305
274.001
274
274
274
274
274
274
274
274
274
274
274
274
274
274
274
274
274
274
274
274
274.002
274.009
274.03
274.075
274.181
274.236
274.427
274.418
274.262
274.001
274
274
274
274
274
274
274
274
274
274
274
274
274
274
274
274
274
274
274
274
274.002
274.008
274.026
274.064
274.155
274.199
274.363
274.349
274.218
274.001
274
274
274
274
274
274
274
274
274
274
274
274
274
274
274
274
274
274
274
274
274.001
274.006
274.022
274.052
274.127
274.158
274.299
274.282
274.184
274.001
274
274
274
274
274
274
274
274
274
274
274
274
274
274
274
274
274
274
274
274
274.001
274.005
274.017
274.04
274.099
274.118
274.243
274.227
274.166
274.001
274
274
274
274
274
274
274
274
274
274
274
274
274
274
274
274
274
274
274
274
274.001
274.003
274.011
274.027
274.072
274.082
274.201
274.189
274.198
274.001
274
274
274
274
274
274
274
274
274
274
274
274
274
274
274
274
274
274
274
274
274
274.001
274.006
274.014
274.05
274.051
274.172
274.286
274.665
274.001
274
274
274
274
274
274
274
274
274
274
274
274
274
274
274
274
274
274
274
274
274
274
274.001
274.004
274.032
274.03
274.276
276.654
281.365
274.001
274
274
274
274
274
274
274
274
274
274
274
274
274
274
274
274
274
274
274
274
274
273.999
273.998
273.996
274.021
274.109
275.545
295.807
225.859
274.001
274.001
274.001
274.001
274.001
274.001
274.001
274.001
274.001
274.001
274.001
274.001
274.001
274.001
274.001
274.001
274.001
274.001
274.001
274.001
274.001
274.001
274.001
274.001
274.001
274.001
274.001
274.001
274.001
274.001
274.001
274.001
274.001
274.001
274.001
274.001
274.001
274.001
274.001
274.001
274.001
274.001
274.001
274.001
274.001
274.001
274.001
274.001
274.001
274.001
274.001
274.001
274.001
274.001
274.001
274.001
274.001
274.001
274.001
274.001
274.001
274.001
274.001
274.001
274.001
274.001
274.001
274.001
274.001
274.001
274.001
274.001
274.001
274.001
274.001
274.001
274.001
274.001
274.001
274.001
274.001
274.001
274.001
274.001
274.001
274.001
274.001
274.001
274.001
274.001
274.001
274.001
274.001
274.001
274.001
274.001
274.001
274.001
274.001
274.001
274.001
274.001
274.001
274.001
274.001
274.001
274.001
274.001
274.001
274.001
274.001
274.001
274.001
274.001
274.001
274.001
274.001
274.001
274.001
274.001
274.001
274.001
274.001
274.001
274.001
274
274
274
274
274
274
274
274
274
274
274
274
274
274
274
274
274
274
274
274
274
274
274
274
274
274
274
274
274
274
274
274
274
274
274
274
274
274
274
274
274
274
274
274
274
274
274
274
274
274
274
274
274
274
274
274
274
274
274
274
274
274
274
274
274
274
274
274
274
274
274
274
274
274
274
274
274
274
274
274
274
274
274
274
274
274
274
274
274
274
274
274
274
274
274
274
274
274
274
274
274
274
274
274
274
274
274
274
274
274
274
274
274
274
274
274
274
274
274
274
274
274
274
274
274
274
274
274
274
274
274
274
274
274
274
274
274
274
274
274
274
274
274
274
274
274
274
274
274
274
274
274
274
274
274
274
274
274
274
274
274
274
274
274
274
274
274
274
274
274
274
274
274
274
274
274
274
274
274
274
274
274
274
274
274
274
274
274
274
274
274
274
274
274
274
274
274
274
274
274
274
274
274
274
274
274
274
274
274
274
274
274
274
274
274
274
274
274
274
274
274
274
274
274
274
274
274
274
274
274
274
274
274
274
274
274
274
274
274
274
274
274
274
274
274
274
274
274
274
274
274
274
274
274
274
274
274
274
274
274
274
274
274
274
274
274
274
274
274
274
274
274
274
274
274
274
274
274
274
274
274
274
274
274
274
274
274
274
274
274
274
274
274
274
274
274
274
274
274
274
274
274
274
274
274
274
274
274
274
274
274
274
274
274
274
274
274
274
274
274
274
274
274
274
274
274
274
274
274
274
274
274
274
274
274
274
274
274
274
274
274
274
274
274
274
274
274
274
274
274
274
274
274
274
274
274
274
274
274
274
274
274
274
274
274
274
274
274
274
274
274
274
274
274
274
274
274
274
274
274
274
274
274
274
274
274
274
274
274
274
274
274
274
274
274
274
274
274
274
274
274
274
274
274
274
274
274
274
274
274
274
274
274
274
274
274
274
274
274
274
274
274
274
274
274
274
274
274
274
274
274
274
274
274
274
274
274
274
274
274
274
274
274
274
274
274
274
274
274
274
274
274
274
274
274
274
274
274
274
274
274
274
274
274
274
274
274
274
274
274
274
274
274
274
274
274
274
274
274
274
274
274
274
274
274
274
274
274
274
274
274
274
274
274
274
274
274
274
274
274
274
274
274
274
274
274
274
274
274
274
274
274
274
274
274
274
274
274
274
274
274
274
274
274
274
274
274
274
274
274
274
274
274
274
274
274
274
274
274
274
274
274
274
274
274
274
274
274
274
274
274
274
274
274
274
274
274
274
274
274
274
274
274
274
274
274
274
274
274
274
274
274
274
274
274
274
274
274
274
274
274
274
274
274
274
274
274
274
274
274
274
274
274
274
274
274
274
274
274
274
274
274
274
274
274
274
274
274
274
274
274
274
274
274
274
274
274
274
274
274
274
274
274
274
274
274
274
274
274
274
274
274
274
274
274
274
274
274
274
274
274
274
274
274
274
274
274
274
274
274
274
274
274
274
274
274
274
274
274
274
274
274
274
274
274
274
274
274
274
274
274
274
274
274
274
274
274
274
274
274
274
274
274
274
274
274
274
274
274
274
274
274
274
274
274
274
274
274
274
274
274
274
274
274
274
274
274
274
274
274
274
274
274
274
274
274
274
274
274
274
274
274
274
274
274
274
274
274
274
274
274
274
274
274
274
274
274
274
274
274
274
274
274
274
274
274
274
274
274
274
274
274
274
274
274
274
274
274
274
274
274
274
274
274
274
274
274
274
274
274
274
274
274
274
274
274
274
274
274
274
274
274
274
274
274
274
274
274
274
274
274
274
274
274
274
274
274
274
274
274
274
274
274
274
274
274
274
274
274
274
274
274
274
274
274
274
274
274
274
274
274
274
274
274
274
274
274
274
274
274
274
274
274
274
274
274
274
274
274
274
274
274
274
274
274
274
274
274
274
274
274
274
274
274
274
274
274
274
274
274
274
274
274
274
274
274
274
274
274
274
274
274
274
274
274
274
274
274
274
274
274
274
274
274
274
274
274
274
274
274
274
274
274
274
274
274
274
274
274
274
274
274
274
274
274
274
274
274
274
274
274
274
274
274
274
274
274
274
274
274
274
274
274
274
274
274
274
274
274
274
274
274
274
274
274
274
274
274
274
274
274
274
274
274
274
274
274
274
274
274
274
274
274
274
274
274
274
274
274
274
274
274
274
274
274
274
274
274
274
274
274
274
274
274
274
274
274
274
274
274
274
274
274
274
274
274
274
274
274
274
274
274
274
274
274
274
274
274
274
274
274
274
274
274
274
274
274
274
274
274
274
274
274
274
274
274
274
274
274
274
274
274
274
274
274
274
274
274
274
274
274
274
274
274
274
274
274
274
274
274
274
274
274
274
274
274
274
274
274
274
274
274
274
274
274
274
274
274
274
274
274
274
274
274
274
274
274
274
274
274
274
274
274
274
274
274
274
274
274
274
274
274
274
274
274
274
274
274
274
274
274
274
274
274
274
274
274
274
274
274
274
274
274
274
274
274
274
274
274
274
274
274
274
274
274
274
274
274
274
274
274
274
274
274
274
274
274
274
274
274
274
274
274
274
274
274
274
274
274
274
274
274
274
274
274
274
274
274
274
274
274
274
274
274
274
274
274
274
274
274
274
274
274
274
274
274
274
274
274
274
274
274
274
274
274
274
274
274
274
274
274
274
274
274
274
274
274
274
274
274
274
274
274
274
274
274
274
274
274
274
274
274
274
274
274
274
274
274
274
274
274
274
274
274
274
274
274
274
274
274
274
274
274
274
274
274
274
274
274
274
274
274
274
274
274
274
274
274
274
274
274
274
274
274
274
274
274
274
274
274
274
274
274
274
274
274
274
274
274
274
274
274
274
274
274
274
274
274
274
274
274
274
274
274
274
274
274
274
274
274
274
274
274
274
274
274
274
274
274
274
274
274
274
274
274
274
274
274
274
274
274
274
274
274
274
274
274
274
274
274
274
274
274
274
274
274
274
274
274
274
274
274
274
274
274
274
274
274
274
274
274
274
274
274
274
274
274
274
274
274
274
274
274
274
274
274
274
274
274
274
274
274
274
274
274
274
274
274
274
274
274
274
274
274
274
274
274
274
274
274
274
274
274
274
274
274
274
274
274
274
274
274
274
274
274
274
274
274
274
274
274
274
274
274
274
274
274
274
274
274
274
274
274
274
274
274
274
274
274
274
274
274
274
274
274
274
274
274
274
274
274
274
274
274
274
274
274
274
274
274
274
274
274
274
274
274
274
274
274
274
274
274
274
274
274
274
274
274
274
274
274
274
274
274
274
274
274
274
274
274
274
274
274
274
274
274
274
274
274
274
274
274
274
274
274
274
274
274
274
274
274
274
274
274
274
274
274
274
274
274
274
274
274
274
274
274
274
274
274
274
274
274
274
274
274
274
274
274
274
274
274
274
274
274
274
274
274
274
274
274
274
274
274
274
274
274
274
274
274
274
274
274
274
274
274
274
274
274
274
274
274
274
274
274
274
274
274
274
274
274
274
274
274
274
274
274
274
274
274
274
274
274
274
274
274
274
274
274
274
274
274
274
274
274
274
274
274
274
274
274
274
274
274
274
274
274
274
274
274
274
274
274
274
274
274
274
274
274
274
274
274
274
274
274
274
274
274
274
274
274
274
274
274
274
274
274
274
274
274
274
274
274
274
274
274
274
274
274
274
274
274
274
274
274
274
274
274
274
274
274
274
274
274
274
274
274
274
274
274
274
274
274
274
274
274
274
274
274
274
274
274
274
274
274
274
274
274
274
274
274
274
274
274
274
274
274
274
274
274
274
274
274
274
274
274
274
274
274
274
274
274
274
274
274
274
274
274
274
274
274
274
274
274
274
274
274
274
274
274
274
274
274
274
274
274
274
274
274
274
274
274
274
274
274
274
274
274
274
274
274
274
274
274
274
274
274
274
274
274
274
274
274
274
274
274
274
274
274
274
274
274
274
274
274
274
274
274
274
274
274
274
274
274
274
274
274
274
274
274
274
274
274
274
274
274
274
274
274
274
274
274
274
274
274
274
274
274
274
274
274
274
274
274
274
274
274
274
274
274
274
274
274
274
274
274
274
274
274
274
274
274
274
274
274
274
274
274
274
274
274
274
274
274
274
274
274
274
274
274
274
274
274
274
274
274
274
274
274
274
274
274
274
274
274
274
274
274
274
274
274
274
274
274
274
274
274
274
274
274
274
274
274
274
274
274
274
274
274
274
274
274
274
274
274
274
274
274
274
274
274
274
274
274
274
274
274
274
274
274
274
274
274
274
274
274
274
274
274
274
274
274
274
274
274
274
274
274
274
274
274
274
274
274
274
274
274
274
274
274
274
274
274
274
274
274
274
274
274
274
274
274
274
274
274
274
274
274
274
274
274
274
274
274
274
274
274
274
274
274
274
274
274
274
274
274
274
274
274
274
274
274
274
274
274
274
274
274
274
274
274
274
274
274
274
274
274
274
274
274
274
274
274
274
274
274
274
274
274
274
274
274
274
274
274
274
274
274
274
274
274
274
274
274
274
274
274
274
274
274
274
274
274
274
274
274
274
274
274
274
274
274
274
274
274
274
274
274
274
274
274
274
274
274
274
274
274
274
274
274
274
274
274
274
274
274
274
274
274
274
274
274
274
274
274
274
274
274
274
274
274
274
274
274
274
274
274
274
274
274
274
274
274
274
274
274
274
274
274
274
274
274
274
274
274
274
274
274
274
274
274
274
274
274
274
274
274
274
274
274
274
274
274
274
274
274
274
274
274
274
274
274
274
274
274
274
274
274
274
274
274
274
274
274
274
274
274
274
274
274
274
274
274
274
274
274
274
274
274
274
274
274
274
274
274
274
274
274
274
274
274
274
274
274
274
274
274
274
274
274
274
274
274
274
274
274
274
274
274
274
274
274
274
274
274
274
274
274
274
274
274
274
274
274
274
274
274
274
274
274
274
274
274
274
274
274
274
274
274
274
274
274
274
274
274
274
274
274
274
274
274
274
274
274
274
274
274
274
274
274
274
274
274
274
274
274
274
274
274
274
274
274
274
274
274
274
274
274
274
274
274
274
274
274
274
274
274
274
274
274
274
274
274
274
274
274
274
274
274
274
274
274
274
274
274
274
274
274
274
274
274
274
274
274
274
274
274
274
274
274
274
274
274
274
274
274
274
274
274
274
274
274
274
274
274
274
274
274
274
274
274
274
274
274
274
274
274
274
274
274
274
274
274
274
274
274
274
274
274
274
274
274
274
274
274
274
274
274
274
274
274
274
274
274
274
274
274
274
274
274
274
274
274
274
274
274
274
274
274
274
274
274
274
274
274
274
274
274
274
274
274
274
274
274
274
274
274
274
274
274
274
274
274
274
274
274
274
274
274
274
274
274
274
274
274
274
274
274
274
274
274
274
274
274
274
274
274
274
274
274
274
274
274
274
274
274
274
274
274
274
274
274
274
274
274
274
274
274
274
274
274
274
274
274
274
274
274
274
274
274
274
274
274
274
274
274
274
274
274
274
274
274
274
274
274
274
274
274
274
274
274
274
274
274
274
274
274
274
274
274
274
274
274
274
274
274
274
274
274
274
274
274
274
274
274
274
274
274
274
274
274
274
274
274
274
274
274
274
274
274
274
274
274
274
274
274
274
274
274
274
274
274
274
274
274
274
274
274
274
274
274
274
274
274
274
274
274
274
274
274
274
274
274
274
274
274
274
274
274
274
274
274
274
274
274
274
274
274
274
274
274
274
274
274
274
274
274
274
274
274
274
274
274
274
274
274
274
274
274
274
274
274
274
274
274
274
274
274
274
274
274
274
274
274
274
274
274
274
274
274
274
274
274
274
274
274
274
274
274
274
274
274
274
274
274
274
274
274
274
274
274
274
274
274
274
274
274
274
274
274
274
274
274
274
274
274
274
274
274
274
274
274
274
274
273.999
273.999
274
274
274
274
274
274
274
274
274
274
274
274
274
274
274
274
274
274
274
274
274
274
274
274
274
274
274
274
274
274
274
274
274
274
274
274
274
274
274
274
274
274
274
274
274
274
274
274
274
274
274
274
274
274
274
274
274
274
274
274
274
274
274
274
274
274
274
274
274
274
274
274
274
274
274
274
274
274
274
274
274
274
274
274
274
274
274
274
274
274
274
274
274
274
274
274
274
274
274
274
274
274
274
274
274
274
274
274
274
274
274
274
274
274
274
274
274
274
274
274
274
273.999
273.998
273.998
273.998
274
274
274
274
274
274
274
274
274
274
274
274
274
274
274
274
274
274
274
274
274
274
274
274
274
274
274
274
274
274
274
274
274
274
274
274
274
274
274
274
274
274
274
274
274
274
274
274
274
274
274
274
274
274
274
274
274
274
274
274
274
274
274
274
274
274
274
274
274
274
274
274
274
274
274
274
274
274
274
274
274
274
274
274
274
274
274
274
274
274
274
274
274
274
274
274
274
274
274
274
274
274
274
274
274
274
274
274
274
274
274
274
274
274
274
274
274
274
274
273.999
273.997
273.995
273.995
273.995
273.995
274
274
274
274
274
274
274
274
274
274
274
274
274
274
274
274
274
274
274
274
274
274
274
274
274
274
274
274
274
274
274
274
274
274
274
274
274
274
274
274
274
274
274
274
274
274
274
274
274
274
274
274
274
274
274
274
274
274
274
274
274
274
274
274
274
274
274
274
274
274
274
274
274
274
274
274
274
274
274
274
274
274
274
274
274
274
274
274
274
274
274
274
274
274
274
274
274
274
274
274
274
274
274
274
274
274
274
274
274
274
274
274
274
274
274
274
274
274
273.999
273.996
273.991
273.989
273.988
273.988
273.992
274
274
274
274
274
274
274
274
274
274
274
274
274
274
274
274
274
274
274
274
274
274
274
274
274
274
274
274
274
274
274
274
274
274
274
274
274
274
274
274
274
274
274
274
274
274
274
274
274
274
274
274
274
274
274
274
274
274
274
274
274
274
274
274
274
274
274
274
274
274
274
274
274
274
274
274
274
274
274
274
274
274
274
274
274
274
274
274
274
274
274
274
274
274
274
274
274
274
274
274
274
274
274
274
274
274
274
274
274
274
274
274
274
274
274
274
274
273.999
273.995
273.987
273.987
273.986
273.992
274.025
274.061
274
274
274
274
274
274
274
274
274
274
274
274
274
274
274
274
274
274
274
274
274
274
274
274
274
274
274
274
274
274
274
274
274
274
274
274
274
274
274
274
274
274
274
274
274
274
274
274
274
274
274
274
274
274
274
274
274
274
274
274
274
274
274
274
274
274
274
274
274
274
274
274
274
274
274
274
274
274
274
274
274
274
274
274
274
274
274
274
274
274
274
274
274
274
274
274
274
274
274
274
274
274
274
274
274
274
274
274
274
274
274
274
274
274
274
274
273.999
273.995
273.986
273.969
273.962
273.973
274.187
275.013
275.702
274
274
274
274
274
274
274
274
274
274
274
274
274
274
274
274
274
274
274
274
274
274
274
274
274
274
274
274
274
274
274
274
274
274
274
274
274
274
274
274
274
274
274
274
274
274
274
274
274
274
274
274
274
274
274
274
274
274
274
274
274
274
274
274
274
274
274
274
274
274
274
274
274
274
274
274
274
274
274
274
274
274
274
274
274
274
274
274
274
274
274
274
274
274
274
274
274
274
274
274
274
274
274
274
274
274
274
274
274
274
274
274
274
274
274
273.999
273.995
273.984
273.983
273.981
273.997
274.669
284.588
325.065
361.99
274
274
274
274
274
274
274
274
274
274
274
274
274
274
274
274
274
274
274
274
274
274
274
274
274
274
274
274
274
274
274
274
274
274
274
274
274
274
274
274
274
274
274
274
274
274
274
274
274
274
274
274
274
274
274
274
274
274
274
274
274
274
274
274
274
274
274
274
274
274
274
274
274
274
274
274
274
274
274
274
274
274
274
274
274
274
274
274
274
274
274
274
274
274
274
274
274
274
274
274
274
274
274
274
274
274
274
274
274
274
274
274
274
274
274
273.998
273.992
273.969
273.943
273.961
275.354
340.849
614.357
838.565
846.181
274
274
274
274
274
274
274
274
274
274
274
274
274
274
274
274
274
274
274
274
274
274
274
274
274
274
274
274
274
274
274
274
274
274
274
274
274
274
274
274
274
274
274
274
274
274
274
274
274
274
274
274
274
274
274
274
274
274
274
274
274
274
274
274
274
274
274
274
274
274
274
274
274
274
274
274
274
274
274
274
274
274
274
274
274
274
274
274
274
274
274
274
274
274
274
274
274
274
274
274
274
274
274
274
274
274
274
274
274
274
274
274
274
274
273.999
273.996
273.984
273.971
273.971
275.617
391.537
968.927
1444.49
1615.86
1629.83
274
274
274
274
274
274
274
274
274
274
274
274
274
274
274
274
274
274
274
274
274
274
274
274
274
274
274
274
274
274
274
274
274
274
274
274
274
274
274
274
274
274
274
274
274
274
274
274
274
274
274
274
274
274
274
274
274
274
274
274
274
274
274
274
274
274
274
274
274
274
274
274
274
274
274
274
274
274
274
274
274
274
274
274
274
274
274
274
274
274
274
274
274
274
274
274
274
274
274
274
274
274
274
274
274
274
274
274
274
274
274
274
274
274
273.999
273.995
273.98
273.985
274.867
330.729
853.7
1486.49
1658.02
1631.12
1694.83
274
274
274
274
274
274
274
274
274
274
274
274
274
274
274
274
274
274
274
274
274
274
274
274
274
274
274
274
274
274
274
274
274
274
274
274
274
274
274
274
274
274
274
274
274
274
274
274
274
274
274
274
274
274
274
274
274
274
274
274
274
274
274
274
274
274
274
274
274
274
274
274
274
274
274
274
274
274
274
274
274
274
274
274
274
274
274
274
274
274
274
274
274
274
274
274
274
274
274
274
274
274
274
274
274
274
274
274
274
274
274
274
274
274
273.999
273.995
273.979
273.992
275.392
362.803
935.256
1491.49
1622.31
1599.76
1709.07
274
274
274
274
274
274
274
274
274
274
274
274
274
274
274
274
274
274
274
274
274
274
274
274
274
274
274
274
274
274
274
274
274
274
274
274
274
274
274
274
274
274
274
274
274
274
274
274
274
274
274
274
274
274
274
274
274
274
274
274
274
274
274
274
274
274
274
274
274
274
274
274
274
274
274
274
274
274
274
274
274
274
274
274
274
274
274
274
274
274
274
274
274
274
274
274
274
274
274
274
274
274
274
274
274
274
274
274
274
274
274
274
274
274
273.999
273.994
273.977
274.012
276.565
410.167
1038.74
1534.7
1619.19
1574.51
1541.74
274
274
274
274
274
274
274
274
274
274
274
274
274
274
274
274
274
274
274
274
274
274
274
274
274
274
274
274
274
274
274
274
274
274
274
274
274
274
274
274
274
274
274
274
274
274
274
274
274
274
274
274
274
274
274
274
274
274
274
274
274
274
274
274
274
274
274
274
274
274
274
274
274
274
274
274
274
274
274
274
274
274
274
274
274
274
274
274
274
274
274
274
274
274
274
274
274
274
274
274
274
274
274
274
274
274
274
274
274
274
274
274
274
274
273.999
273.994
273.975
274.016
277.259
443.437
1125.43
1672.61
1721.79
1621.17
1593.18
274
274
274
274
274
274
274
274
274
274
274
274
274
274
274
274
274
274
274
274
274
274
274
274
274
274
274
274
274
274
274
274
274
274
274
274
274
274
274
274
274
274
274
274
274
274
274
274
274
274
274
274
274
274
274
274
274
274
274
274
274
274
274
274
274
274
274
274
274
274
274
274
274
274
274
274
274
274
274
274
274
274
274
274
274
274
274
274
274
274
274
274
274
274
274
274
274
274
274
274
274
274
274
274
274
274
274
274
274
274
274
274
274
274
273.999
273.995
273.979
274.015
278.168
488.965
1267.08
1750.64
1694.57
1606.57
1631.85
274
274
274
274
274
274
274
274
274
274
274
274
274
274
274
274
274
274
274
274
274
274
274
274
274
274
274
274
274
274
274
274
274
274
274
274
274
274
274
274
274
274
274
274
274
274
274
274
274
274
274
274
274
274
274
274
274
274
274
274
274
274
274
274
274
274
274
274
274
274
274
274
274
274
274
274
274
274
274
274
274
274
274
274
274
274
274
274
274
274
274
274
274
274
274
274
274
274
274
274
274
274
274
274
274
274
274
274
274
274
274
274
274
274
273.999
273.997
273.986
273.995
277.052
459.124
1256.59
1713.44
1635.99
1635.96
1766.85
274
274
274
274
274
274
274
274
274
274
274
274
274
274
274
274
274
274
274
274
274
274
274
274
274
274
274
274
274
274
274
274
274
274
274
274
274
274
274
274
274
274
274
274
274
274
274
274
274
274
274
274
274
274
274
274
274
274
274
274
274
274
274
274
274
274
274
274
274
274
274
274
274
274
274
274
274
274
274
274
274
274
274
274
274
274
274
274
274
274
274
274
274
274
274
274
274
274
274
274
274
274
274
274
274
274
274
274
274
274
274
274
274
274
273.999
273.998
273.991
273.993
276.15
425.488
1189.09
1628.05
1591.62
1684.37
1828.91
274
274
274
274
274
274
274
274
274
274
274
274
274
274
274
274
274
274
274
274
274
274
274
274
274
274
274
274
274
274
274
274
274
274
274
274
274
274
274
274
274
274
274
274
274
274
274
274
274
274
274
274
274
274
274
274
274
274
274
274
274
274
274
274
274
274
274
274
274
274
274
274
274
274
274
274
274
274
274
274
274
274
274
274
274
274
274
274
274
274
274
274
274
274
274
274
274
274
274
274
274
274
274
274
274
274
274
274
274
274
274
274
274
274
274
273.999
273.994
273.998
275.519
384.604
1042.63
1521.18
1583.7
1699.49
1812.38
274
274
274
274
274
274
274
274
274
274
274
274
274
274
274
274
274
274
274
274
274
274
274
274
274
274
274
274
274
274
274
274
274
274
274
274
274
274
274
274
274
274
274
274
274
274
274
274
274
274
274
274
274
274
274
274
274
274
274
274
274
274
274
274
274
274
274
274
274
274
274
274
274
274
274
274
274
274
274
274
274
274
274
274
274
274
274
274
274
274
274
274
274
274
274
274
274
274
274
274
274
274
274
274
274
274
274
274
274
274
274
274
274
274
274
273.999
273.997
274.009
275.48
367.927
942.027
1453.71
1582.66
1677.44
1826.29
274
274
274
274
274
274
274
274
274
274
274
274
274
274
274
274
274
274
274
274
274
274
274
274
274
274
274
274
274
274
274
274
274
274
274
274
274
274
274
274
274
274
274
274
274
274
274
274
274
274
274
274
274
274
274
274
274
274
274
274
274
274
274
274
274
274
274
274
274
274
274
274
274
274
274
274
274
274
274
274
274
274
274
274
274
274
274
274
274
274
274
274
274
274
274
274
274
274
274
274
274
274
274
274
274
274
274
274
274
274
274
274
274
274
274
274
273.999
274.033
276.243
383.333
913.601
1424.09
1567.1
1665.51
1848.63
274
274
274
274
274
274
274
274
274
274
274
274
274
274
274
274
274
274
274
274
274
274
274
274
274
274
274
274
274
274
274
274
274
274
274
274
274
274
274
274
274
274
274
274
274
274
274
274
274
274
274
274
274
274
274
274
274
274
274
274
274
274
274
274
274
274
274
274
274
274
274
274
274
274
274
274
274
274
274
274
274
274
274
274
274
274
274
274
274
274
274
274
274
274
274
274
274
274
274
274
274
274
274
274
274
274
274
274
274
274
274
274
274
274
274
274
274.001
274.096
278.814
441.228
968.073
1400.22
1537.38
1657.24
1858.5
274
274
274
274
274
274
274
274
274
274
274
274
274
274
274
274
274
274
274
274
274
274
274
274
274
274
274
274
274
274
274
274
274
274
274
274
274
274
274
274
274
274
274
274
274
274
274
274
274
274
274
274
274
274
274
274
274
274
274
274
274
274
274
274
274
274
274
274
274
274
274
274
274
274
274
274
274
274
274
274
274
274
274
274
274
274
274
274
274
274
274
274
274
274
274
274
274
274
274
274
274
274
274
274
274
274
274
274
274
274
274
274
274
274
274
274
274.003
274.223
284.494
536.6
1117.49
1390.14
1483.04
1620.34
1833
274
274
274
274
274
274
274
274
274
274
274
274
274
274
274
274
274
274
274
274
274
274
274
274
274
274
274
274
274
274
274
274
274
274
274
274
274
274
274
274
274
274
274
274
274
274
274
274
274
274
274
274
274
274
274
274
274
274
274
274
274
274
274
274
274
274
274
274
274
274
274
274
274
274
274
274
274
274
274
274
274
274
274
274
274
274
274
274
274
274
274
274
274
274
274
274
274
274
274
274
274
274
274
274
274
274
274
274
274
274
274
274
274
274
274
274
274.006
274.389
293.723
643.205
1226.16
1386.38
1451.22
1590.92
1771.12
274
274
274
274
274
274
274
274
274
274
274
274
274
274
274
274
274
274
274
274
274
274
274
274
274
274
274
274
274
274
274
274
274
274
274
274
274
274
274
274
274
274
274
274
274
274
274
274
274
274
274
274
274
274
274
274
274
274
274
274
274
274
274
274
274
274
274
274
274
274
274
274
274
274
274
274
274
274
274
274
274
274
274
274
274
274
274
274
274
274
274
274
274
274
274
274
274
274
274
274
274
274
274
274
274
274
274
274
274
274
274
274
274
274
274
274
274.007
274.521
302.464
703.524
1273.14
1381.86
1431.47
1580.28
1730.69
274
274
274
274
274
274
274
274
274
274
274
274
274
274
274
274
274
274
274
274
274
274
274
274
274
274
274
274
274
274
274
274
274
274
274
274
274
274
274
274
274
274
274
274
274
274
274
274
274
274
274
274
274
274
274
274
274
274
274
274
274
274
274
274
274
274
274
274
274
274
274
274
274
274
274
274
274
274
274
274
274
274
274
274
274
274
274
274
274
274
274
274
274
274
274
274
274
274
274
274
274
274
274
274
274
274
274
274
274
274
274
274
274
274
274
274
274.008
274.572
305.86
722.501
1284.31
1380.41
1426.23
1577.06
1716.64
274
274
274
274
274
274
274
274
274
274
274
274
274
274
274
274
274
274
274
274
274
274
274
274
274
274
274
274
274
274
274
274
274
274
274
274
274
274
274
274
274
274
274
274
274
274
274
274
274
274
274
274
274
274
274
274
274
274
274
274
274
274
274
274
274
274
274
274
274
274
274
274
274
274
274
274
274
274
274
274
274
274
274
274
274
274
274
274
274
274
274
274
274
274
274
274
274
274
274
274
274
274
274
274
274
274
274
274
274
274
274
274
274
274
274
274
274.007
274.519
302.398
703.301
1273.24
1381.79
1431
1579.32
1729.74
274
274
274
274
274
274
274
274
274
274
274
274
274
274
274
274
274
274
274
274
274
274
274
274
274
274
274
274
274
274
274
274
274
274
274
274
274
274
274
274
274
274
274
274
274
274
274
274
274
274
274
274
274
274
274
274
274
274
274
274
274
274
274
274
274
274
274
274
274
274
274
274
274
274
274
274
274
274
274
274
274
274
274
274
274
274
274
274
274
274
274
274
274
274
274
274
274
274
274
274
274
274
274
274
274
274
274
274
274
274
274
274
274
274
274
274
274.006
274.388
293.709
643.419
1226.46
1385.61
1449.81
1589.2
1769.42
274
274
274
274
274
274
274
274
274
274
274
274
274
274
274
274
274
274
274
274
274
274
274
274
274
274
274
274
274
274
274
274
274
274
274
274
274
274
274
274
274
274
274
274
274
274
274
274
274
274
274
274
274
274
274
274
274
274
274
274
274
274
274
274
274
274
274
274
274
274
274
274
274
274
274
274
274
274
274
274
274
274
274
274
274
274
274
274
274
274
274
274
274
274
274
274
274
274
274
274
274
274
274
274
274
274
274
274
274
274
274
274
274
274
274
274
274.003
274.224
284.533
537.525
1118.9
1389.05
1481.08
1618.1
1830.91
274
274
274
274
274
274
274
274
274
274
274
274
274
274
274
274
274
274
274
274
274
274
274
274
274
274
274
274
274
274
274
274
274
274
274
274
274
274
274
274
274
274
274
274
274
274
274
274
274
274
274
274
274
274
274
274
274
274
274
274
274
274
274
274
274
274
274
274
274
274
274
274
274
274
274
274
274
274
274
274
274
274
274
274
274
274
274
274
274
274
274
274
274
274
274
274
274
274
274
274
274
274
274
274
274
274
274
274
274
274
274
274
274
274
274
274
274.001
274.096
278.821
441.356
968.187
1398.44
1535.34
1655.67
1857.36
274
274
274
274
274
274
274
274
274
274
274
274
274
274
274
274
274
274
274
274
274
274
274
274
274
274
274
274
274
274
274
274
274
274
274
274
274
274
274
274
274
274
274
274
274
274
274
274
274
274
274
274
274
274
274
274
274
274
274
274
274
274
274
274
274
274
274
274
274
274
274
274
274
274
274
274
274
274
274
274
274
274
274
274
274
274
274
274
274
274
274
274
274
274
274
274
274
274
274
274
274
274
274
274
274
274
274
274
274
274
274
274
274
274
274
274
273.999
274.033
276.247
383.263
912.825
1423.81
1566.24
1664.78
1848.75
274
274
274
274
274
274
274
274
274
274
274
274
274
274
274
274
274
274
274
274
274
274
274
274
274
274
274
274
274
274
274
274
274
274
274
274
274
274
274
274
274
274
274
274
274
274
274
274
274
274
274
274
274
274
274
274
274
274
274
274
274
274
274
274
274
274
274
274
274
274
274
274
274
274
274
274
274
274
274
274
274
274
274
274
274
274
274
274
274
274
274
274
274
274
274
274
274
274
274
274
274
274
274
274
274
274
274
274
274
274
274
274
274
274
274
273.999
273.997
274.008
275.458
366.739
939.406
1452.43
1581.36
1675.68
1825.78
274
274
274
274
274
274
274
274
274
274
274
274
274
274
274
274
274
274
274
274
274
274
274
274
274
274
274
274
274
274
274
274
274
274
274
274
274
274
274
274
274
274
274
274
274
274
274
274
274
274
274
274
274
274
274
274
274
274
274
274
274
274
274
274
274
274
274
274
274
274
274
274
274
274
274
274
274
274
274
274
274
274
274
274
274
274
274
274
274
274
274
274
274
274
274
274
274
274
274
274
274
274
274
274
274
274
274
274
274
274
274
274
274
274
274
273.999
273.994
273.998
275.48
382.374
1037.14
1519.05
1582.17
1697.22
1811.8
274
274
274
274
274
274
274
274
274
274
274
274
274
274
274
274
274
274
274
274
274
274
274
274
274
274
274
274
274
274
274
274
274
274
274
274
274
274
274
274
274
274
274
274
274
274
274
274
274
274
274
274
274
274
274
274
274
274
274
274
274
274
274
274
274
274
274
274
274
274
274
274
274
274
274
274
274
274
274
274
274
274
274
274
274
274
274
274
274
274
274
274
274
274
274
274
274
274
274
274
274
274
274
274
274
274
274
274
274
274
274
274
274
274
273.999
273.998
273.991
273.993
276.074
421.853
1180.79
1624.95
1590.58
1684.19
1826.52
274
274
274
274
274
274
274
274
274
274
274
274
274
274
274
274
274
274
274
274
274
274
274
274
274
274
274
274
274
274
274
274
274
274
274
274
274
274
274
274
274
274
274
274
274
274
274
274
274
274
274
274
274
274
274
274
274
274
274
274
274
274
274
274
274
274
274
274
274
274
274
274
274
274
274
274
274
274
274
274
274
274
274
274
274
274
274
274
274
274
274
274
274
274
274
274
274
274
274
274
274
274
274
274
274
274
274
274
274
274
274
274
274
274
273.999
273.997
273.986
273.993
276.941
455.215
1249.67
1710.83
1634.68
1635.5
1765.88
274
274
274
274
274
274
274
274
274
274
274
274
274
274
274
274
274
274
274
274
274
274
274
274
274
274
274
274
274
274
274
274
274
274
274
274
274
274
274
274
274
274
274
274
274
274
274
274
274
274
274
274
274
274
274
274
274
274
274
274
274
274
274
274
274
274
274
274
274
274
274
274
274
274
274
274
274
274
274
274
274
274
274
274
274
274
274
274
274
274
274
274
274
274
274
274
274
274
274
274
274
274
274
274
274
274
274
274
274
274
274
274
274
274
273.999
273.995
273.979
274.013
278.043
485.631
1262.85
1748.64
1693.23
1605.08
1629.51
274
274
274
274
274
274
274
274
274
274
274
274
274
274
274
274
274
274
274
274
274
274
274
274
274
274
274
274
274
274
274
274
274
274
274
274
274
274
274
274
274
274
274
274
274
274
274
274
274
274
274
274
274
274
274
274
274
274
274
274
274
274
274
274
274
274
274
274
274
274
274
274
274
274
274
274
274
274
274
274
274
274
274
274
274
274
274
274
274
274
274
274
274
274
274
274
274
274
274
274
274
274
274
274
274
274
274
274
274
274
274
274
274
274
273.999
273.994
273.976
274.015
277.209
442.054
1123.93
1671.39
1720.05
1620.31
1591.92
274
274
274
274
274
274
274
274
274
274
274
274
274
274
274
274
274
274
274
274
274
274
274
274
274
274
274
274
274
274
274
274
274
274
274
274
274
274
274
274
274
274
274
274
274
274
274
274
274
274
274
274
274
274
274
274
274
274
274
274
274
274
274
274
274
274
274
274
274
274
274
274
274
274
274
274
274
274
274
274
274
274
274
274
274
274
274
274
274
274
274
274
274
274
274
274
274
274
274
274
274
274
274
274
274
274
274
274
274
274
274
274
274
274
273.999
273.994
273.977
274.011
276.509
408.218
1035.15
1532.9
1618.09
1573.88
1541.85
274
274
274
274
274
274
274
274
274
274
274
274
274
274
274
274
274
274
274
274
274
274
274
274
274
274
274
274
274
274
274
274
274
274
274
274
274
274
274
274
274
274
274
274
274
274
274
274
274
274
274
274
274
274
274
274
274
274
274
274
274
274
274
274
274
274
274
274
274
274
274
274
274
274
274
274
274
274
274
274
274
274
274
274
274
274
274
274
274
274
274
274
274
274
274
274
274
274
274
274
274
274
274
274
274
274
274
274
274
274
274
274
274
274
273.999
273.995
273.979
273.991
275.359
361.2
931.634
1488.75
1620.37
1599.76
1711.13
274
274
274
274
274
274
274
274
274
274
274
274
274
274
274
274
274
274
274
274
274
274
274
274
274
274
274
274
274
274
274
274
274
274
274
274
274
274
274
274
274
274
274
274
274
274
274
274
274
274
274
274
274
274
274
274
274
274
274
274
274
274
274
274
274
274
274
274
274
274
274
274
274
274
274
274
274
274
274
274
274
274
274
274
274
274
274
274
274
274
274
274
274
274
274
274
274
274
274
274
274
274
274
274
274
274
274
274
274
274
274
274
274
274
273.999
273.995
273.98
273.985
274.846
329.531
849.225
1483.11
1656.92
1631.28
1695.69
274
274
274
274
274
274
274
274
274
274
274
274
274
274
274
274
274
274
274
274
274
274
274
274
274
274
274
274
274
274
274
274
274
274
274
274
274
274
274
274
274
274
274
274
274
274
274
274
274
274
274
274
274
274
274
274
274
274
274
274
274
274
274
274
274
274
274
274
274
274
274
274
274
274
274
274
274
274
274
274
274
274
274
274
274
274
274
274
274
274
274
274
274
274
274
274
274
274
274
274
274
274
274
274
274
274
274
274
274
274
274
274
274
274
273.999
273.996
273.985
273.971
273.971
275.57
389.059
964.485
1440.83
1614.1
1628.36
274
274
274
274
274
274
274
274
274
274
274
274
274
274
274
274
274
274
274
274
274
274
274
274
274
274
274
274
274
274
274
274
274
274
274
274
274
274
274
274
274
274
274
274
274
274
274
274
274
274
274
274
274
274
274
274
274
274
274
274
274
274
274
274
274
274
274
274
274
274
274
274
274
274
274
274
274
274
274
274
274
274
274
274
274
274
274
274
274
274
274
274
274
274
274
274
274
274
274
274
274
274
274
274
274
274
274
274
274
274
274
274
274
274
274
273.998
273.992
273.969
273.943
273.961
275.318
339.568
611.586
835.596
843.953
274
274
274
274
274
274
274
274
274
274
274
274
274
274
274
274
274
274
274
274
274
274
274
274
274
274
274
274
274
274
274
274
274
274
274
274
274
274
274
274
274
274
274
274
274
274
274
274
274
274
274
274
274
274
274
274
274
274
274
274
274
274
274
274
274
274
274
274
274
274
274
274
274
274
274
274
274
274
274
274
274
274
274
274
274
274
274
274
274
274
274
274
274
274
274
274
274
274
274
274
274
274
274
274
274
274
274
274
274
274
274
274
274
274
274
273.999
273.995
273.984
273.983
273.981
273.996
274.654
284.387
324.453
360.967
274
274
274
274
274
274
274
274
274
274
274
274
274
274
274
274
274
274
274
274
274
274
274
274
274
274
274
274
274
274
274
274
274
274
274
274
274
274
274
274
274
274
274
274
274
274
274
274
274
274
274
274
274
274
274
274
274
274
274
274
274
274
274
274
274
274
274
274
274
274
274
274
274
274
274
274
274
274
274
274
274
274
274
274
274
274
274
274
274
274
274
274
274
274
274
274
274
274
274
274
274
274
274
274
274
274
274
274
274
274
274
274
274
274
274
274
273.999
273.995
273.986
273.969
273.962
273.973
274.183
275.001
275.684
274
274
274
274
274
274
274
274
274
274
274
274
274
274
274
274
274
274
274
274
274
274
274
274
274
274
274
274
274
274
274
274
274
274
274
274
274
274
274
274
274
274
274
274
274
274
274
274
274
274
274
274
274
274
274
274
274
274
274
274
274
274
274
274
274
274
274
274
274
274
274
274
274
274
274
274
274
274
274
274
274
274
274
274
274
274
274
274
274
274
274
274
274
274
274
274
274
274
274
274
274
274
274
274
274
274
274
274
274
274
274
274
274
274
274
274
274
273.999
273.995
273.987
273.987
273.986
273.992
274.024
274.061
274
274
274
274
274
274
274
274
274
274
274
274
274
274
274
274
274
274
274
274
274
274
274
274
274
274
274
274
274
274
274
274
274
274
274
274
274
274
274
274
274
274
274
274
274
274
274
274
274
274
274
274
274
274
274
274
274
274
274
274
274
274
274
274
274
274
274
274
274
274
274
274
274
274
274
274
274
274
274
274
274
274
274
274
274
274
274
274
274
274
274
274
274
274
274
274
274
274
274
274
274
274
274
274
274
274
274
274
274
274
274
274
274
274
274
274
274
274
273.999
273.996
273.991
273.989
273.988
273.988
273.992
274
274
274
274
274
274
274
274
274
274
274
274
274
274
274
274
274
274
274
274
274
274
274
274
274
274
274
274
274
274
274
274
274
274
274
274
274
274
274
274
274
274
274
274
274
274
274
274
274
274
274
274
274
274
274
274
274
274
274
274
274
274
274
274
274
274
274
274
274
274
274
274
274
274
274
274
274
274
274
274
274
274
274
274
274
274
274
274
274
274
274
274
274
274
274
274
274
274
274
274
274
274
274
274
274
274
274
274
274
274
274
274
274
274
274
274
274
274
274
273.999
273.998
273.995
273.995
273.995
273.995
274
274
274
274
274
274
274
274
274
274
274
274
274
274
274
274
274
274
274
274
274
274
274
274
274
274
274
274
274
274
274
274
274
274
274
274
274
274
274
274
274
274
274
274
274
274
274
274
274
274
274
274
274
274
274
274
274
274
274
274
274
274
274
274
274
274
274
274
274
274
274
274
274
274
274
274
274
274
274
274
274
274
274
274
274
274
274
274
274
274
274
274
274
274
274
274
274
274
274
274
274
274
274
274
274
274
274
274
274
274
274
274
274
274
274
274
274
274
274
274
274
273.999
273.998
273.998
273.998
274
274
274
274
274
274
274
274
274
274
274
274
274
274
274
274
274
274
274
274
274
274
274
274
274
274
274
274
274
274
274
274
274
274
274
274
274
274
274
274
274
274
274
274
274
274
274
274
274
274
274
274
274
274
274
274
274
274
274
274
274
274
274
274
274
274
274
274
274
274
274
274
274
274
274
274
274
274
274
274
274
274
274
274
274
274
274
274
274
274
274
274
274
274
274
274
274
274
274
274
274
274
274
274
274
274
274
274
274
274
274
274
274
274
274
274
274
274
274
274
274
274
274
273.999
273.999
274
274
274
274
274
274
274
274
274
274
274
274
274
274
274
274
274
274
274
274
274
274
274
274
274
274
274
274
274
274
274
274
274
274
274
274
274
274
274
274
274
274
274
274
274
274
274
274
274
274
274
274
274
274
274
274
274
274
274
274
274
274
274
274
274
274
274
274
274
274
274
274
274
274
274
274
274
274
274
274
274
274
274
274
274
274
274
274
274
274
274
274
274
274
274
274
274
274
274
274
274
274
274
274
274
274
274
274
274
274
274
274
274
274
274
274
274
274
274
274
274
274
274
274
274
274
274
274
274
274
274
274
274
274
274
274
274
274
274
274
274
274
274
274
274
274
274
274
274
274
274
274
274
274
274
274
274
274
274
274
274
274
274
274
274
274
274
274
274
274
274
274
274
274
274
274
274
274
274
274
274
274
274
274
274
274
274
274
274
274
274
274
274
274
274
274
274
274
274
274
274
274
274
274
274
274
274
274
274
274
274
274
274
274
274
274
274
274
274
274
274
274
274
274
274
274
274
274
274
274
274
274
274
274
274
274
274
274
274
274
274
274
274
274
274
274
274
274
274
274
274
274
274
274
274
274
274
274
274
274
274
274
274
274
274
274
274
274
274
274
274
274
274
274
274
274
274
274
274
274
274
274
274
274
274
274
274
274
274
274
274
274
274
274
274
274
274
274
274
274
274
274
274
274
274
274
274
274
274
274
274
274
274
274
274
274
274
274
274
274
274
274
274
274
274
274
274
274
274
274
274
274
274
274
274
274
274
274
274
274
274
274
274
274
274
274
274
274
274
274
274
274
274
274
274
274
274
274
274
274
274
274
274
274
274
274
274
274
274
274
274
274
274
274
274
274
274
274
274
274
274
274
274
274
274
274
274
274
274
274
274
274
274
274
274
274
274
274
274
274
274
274
274
274
274
274
274
274
274
274
274
274
274
274
274
274
274
274
274
274
274
274
274
274
274
274
274
274
274
274
274
274
274
274
274
274
274
274
274
274
274
274
274
274
274
274
274
274
274
274
274
274
274
274
274
274
274
274
274
274
274
274
274
274
274
274
274
274
274
274
274
274
274
274
274
274
274
274
274
274
274
274
274
274
274
274
274
274
274
274
274
274
274
274
274
274
274
274
274
274
274
274
274
274
274
274
274
274
274
274
274
274
274
274
274
274
274
274
274
274
274
274
274
274
274
274
274
274
274
274
274
274
274
274
274
274
274
274
274
274
274
274
274
274
274
274
274
274
274
274
274
274
274
274
274
274
274
274
274
274
274
274
274
274
274
274
274
274
274
274
274
274
274
274
274
274
274
274
274
274
274
274
274
274
274
274
274
274
274
274
274
274
274
274
274
274
274
274
274
274
274
274
274
274
274
274
274
274
274
274
274
274
274
274
274
274
274
274
274
274
274
274
274
274
274
274
274
274
274
274
274
274
274
274
274
274
274
274
274
274
274
274
274
274
274
274
274
274
274
274
274
274
274
274
274
274
274
274
274
274
274
274
274
274
274
274
274
274
274
274
274
274
274
274
274
274
274
274
274
274
274
274
274
274
274
274
274
274
274
274
274
274
274
274
274
274
274
274
274
274
274
274
274
274
274
274
274
274
274
274
274
274
274
274
274
274
274
274
274
274
274
274
274
274
274
274
274
274
274
274
274
274
274
274
274
274
274
274
274
274
274
274
274
274
274
274
274
274
274
274
274
274
274
274
274
274
274
274
274
274
274
274
274
274
274
274
274
274
274
274
274
274
274
274
274
274
274
274
274
274
274
274
274
274
274
274
274
274
274
274
274
274
274
274
274
274
274
274
274
274
274
274
274
274
274
274
274
274
274
274
274
274
274
274
274
274
274
274
274
274
274
274
274
274
274
274
274
274
274
274
274
274
274
274
274
274
274
274
274
274
274
274
274
274
274
274
274
274
274
274
274
274
274
274
274
274
274
274
274
274
274
274
274
274
274
274
274
274
274
274
274
274
274
274
274
274
274
274
274
274
274
274
274
274
274
274
274
274
274
274
274
274
274
274
274
274
274
274
274
274
274
274
274
274
274
274
274
274
274
274
274
274
274
274
274
274
274
274
274
274
274
274
274
274
274
274
274
274
274
274
274
274
274
274
274
274
274
274
274
274
274
274
274
274
274
274
274
274
274
274
274
274
274
274
274
274
274
274
274
274
274
274
274
274
274
274
274
274
274
274
274
274
274
274
274
274
274
274
274
274
274
274
274
274
274
274
274
274
274
274
274
274
274
274
274
274
274
274
274
274
274
274
274
274
274
274
274
274
274
274
274
274
274
274
274
274
274
274
274
274
274
274
274
274
274
274
274
274
274
274
274
274
274
274
274
274
274
274
274
274
274
274
274
274
274
274
274
274
274
274
274
274
274
274
274
274
274
274
274
274
274
274
274
274
274
274
274
274
274
274
274
274
274
274
274
274
274
274
274
274
274
274
274
274
274
274
274
274
274
274
274
274
274
274
274
274
274
274
274
274
274
274
274
274
274
274
274
274
274
274
274
274
274
274
274
274
274
274
274
274
274
274
274
274
274
274
274
274
274
274
274
274
274
274
274
274
274
274
274
274
274
274
274
274
274
274
274
274
274
274
274
274
274
274
274
274
274
274
274
274
274
274
274
274
274
274
274
274
274
274
274
274
274
274
274
274
274
274
274
274
274
274
274
274
274
274
274
274
274
274
274
274
274
274
274
274
274
274
274
274
274
274
274
274
274
274
274
274
274
274
274
274
274
274
274
274
274
274
274
274
274
274
274
274
274
274
274
274
274
274
274
274
274
274
274
274
274
274
274
274
274
274
274
274
274
274
274
274
274
274
274
274
274
274
274
274
274
274
274
274
274
274
274
274
274
274
274
274
274
274
274
274
274
274
274
274
274
274
274
274
274
274
274
274
274
274
274
274
274
274
274
274
274
274
274
274
274
274
274
274
274
274
274
274
274
274
274
274
274
274
274
274
274
274
274
274
274
274
274
274
274
274
274
274
274
274
274
274
274
274
274
274
274
274
274
274
274
274
274
274
274
274
274
274
274
274
274
274
274
274
274
274
274
274
274
274
274
274
274
274
274
274
274
274
274
274
274
274
274
274
274
274
274
274
274
274
274
274
274
274
274
274
274
274
274
274
274
274
274
274
274
274
274
274
274
274
274
274
274
274
274
274
274
274
274
274
274
274
274
274
274
274
274
274
274
274
274
274
274
274
274
274
274
274
274
274
274
274
274
274
274
274
274
274
274
274
274
274
274
274
274
274
274
274
274
274
274
274
274
274
274
274
274
274
274
274
274
274
274
274
274
274
274
274
274
274
274
274
274
274
274
274
274
274
274
274
274
274
274
274
274
274
274
274
274
274
274
274
274
274
274
274
274
274
274
274
274
274
274
274
274
274
274
274
274
274
274
274
274
274
274
274
274
274
274
274
274
274
274
274
274
274
274
274
274
274
274
274
274
274
274
274
274
274
274
274
274
274
274
274
274
274
274
274
274
274
274
274
274
274
274
274
274
274
274
274
274
274
274
274
274
274
274
274
274
274
274
274
274
274
274
274
274
274
274
274
274
274
274
274
274
274
274
274
274
274
274
274
274
274
274
274
274
274
274
274
274
274
274
274
274
274
274
274
274
274
274
274
274
274
274
274
274
274
274
274
274
274
274
274
274
274
274
274
274
274
274
274
274
274
274
274
274
274
274
274
274
274
274
274
274
274
274
274
274
274
274
274
274
274
274
274
274
274
274
274
274
274
274
274
274
274
274
274
274
274
274
274
274
274
274
274
274
274
274
274
274
274
274
274
274
274
274
274
274
274
274
274
274
274
274
274
274
274
274
274
274
274
274
274
274
274
274
274
274
274
274
274
274
274
274
274
274
274
274
274
274
274
274
274
274
274
274
274
274
274
274
274
274
274
274
274
274
274
274
274
274
274
274
274
274
274
274
274
274
274
274
274
274
274
274
274
274
274
274
274
274
274
274
274
274
274
274
274
274
274
274
274
274
274
274
274
274
274
274
274
274
274
274
274
274
274
274
274
274
274
274
274
274
274
274
274
274
274
274
274
274
274
274
274
274
274
274
274
274
274
274
274
274
274
274
274
274
274
274
274
274
274
274
274
274
274
274
274
274
274
274
274
274
274
274
274
274
274
274
274
274
274
274
274
274
274
274
274
274
274
274
274
274
274
274
274
274
274
274
274
274
274
274
274
274
274
274
274
274
274
274
274
274
274
274
274
274
274
274
274
274
274
274
274
274
274
274
274
274
274
274
274
274
274
274
274
274
274
274
274
274
274
274
274
274
274
274
274
274
274
274
274
274
274
274
274
274
274
274
274
274
274
274
274
274
274
274
274
274
274
274
274
274
274
274
274
274
274
274
274
274
274
274
274
274
274
274
274
274
274
274
274
274
274
274
274
274
274
274
274
274
274
274
274
274
274
274
274
274
274
274
274
274
274
274
274
274
274
274
274
274
274
274
274
274
274
274
274
274
274
274
274
274
274
274
274
274
274
274
274
274
274
274
274
274
274
274
274
274
274
274
274
274
274
274
274
274
274
274
274
274
274
274
274
274
274
274
274
274
274
274
274
274
274
274
274
274
274
274
274
274
274
274
274
274
274
274
274
274
274
274
274
274
274
274
274
274
274
274
274
274
274
274
274
274
274
274
274
274
274
274
274
274
274
274
274
274
274
274
274
274
274
274
274
274
274
274
274
274
274
274
274
274
274
274
274
274
274
274
274
274
274
274
274
274
274
274
274
274
274
274
274
274
274
274
274
274
274
274
274
274
274
274
274
274
274
274
274
274
274
274
274
274
274
274
274
274
274
274
274
274
274
274
274
274
274
274
274
274
274
274
274
274
274
274
274
274
274
274
274
274
274
274
274
274
274
274
274
274
274
274
274
274
274
274
274
274
274
274
274
274
274
274
274
274
274
274
274
274
274
274
274
274
274
274
274
274
274
274
274
274
274
274
274
274
274
274
274
274
274
274
274
274
274
274
274
274
274
274
274
274
274
274
274
274
274
274
274
274
274
274
274
274
274
274
274
274
274
274
274
274
274
274
274
274
274
274
274
274
274
274
274
274
274
274
274
274
274
274
274
274
274
274
274
274
274
274
274
274
274
274
274
274
274
274
274
274
274
274
274
274
274
274
274
274
274
274
274
274
274
274
274
274
274
274
274
274
274
274
274
274
274
274
274
274
274
274
274
274
274
274
274
274
274
274
274
274
274
274
274
274
274
274
274
274
274
274
274
274
274
274
274
274
274
274
274
274
274
274
274
274
274
274
274
274
274
274
274
274
274
274
274
274
274
274
274
274
274
274
274
274
274
274
274
274
274
274
274
274
274
274
274
274
274
274
274
274
274
274
274
274
274
274
274
274
274
274
274
274
274
274
274
274
274
274
274
274
274
274
274
274
274
274
274
274
274
274
274
274
274
274
274
274
274
274
274
274
274
274
274
274
274
274
274
274
274
274
274
274
274
274
274
274
274
274
274
274
274
274
274
274
274
274
274
274
274
274
274
274
274
274
274
274
274
274
274
274
274
274
274
274
274
274
274
274
274
274
274
274
274
274
274
274
274
274
274
274
274
274
274
274
274
274
274
274
274
274
274
274
274
274
274
274
274
274
274
274
274
274
274
274
274
274
274
274.001
274.001
274.001
274.001
274.001
274.001
274.001
274.001
274.001
274.001
274.001
274.001
274.001
274.001
274.001
274.001
274.001
274.001
274.001
274.001
274.001
274.001
274.001
274.001
274.001
274.001
274.001
274.001
274.001
274.001
274.001
274.001
274.001
274.001
274.001
274.001
274.001
274.001
274.001
274.001
274.001
274.001
274.001
274.001
274.001
274.001
274.001
274.001
274.001
274.001
274.001
274.001
274.001
274.001
274.001
274.001
274.001
274.001
274.001
274.001
274.001
274.001
274.001
274.001
274.001
274.001
274.001
274.001
274.001
274.001
274.001
274.001
274.001
274.001
274.001
274.001
274.001
274.001
274.001
274.001
274.001
274.001
274.001
274.001
274.001
274.001
274.001
274.001
274.001
274.001
274.001
274.001
274.001
274.001
274.001
274.001
274.001
274.001
274.001
274.001
274.001
274.001
274.001
274.001
274.001
274.001
274.001
274.001
274.001
274.001
274.001
274.001
274.001
274.001
274.001
274.001
274.001
274.001
274.001
274.001
274.001
274.001
274.001
274.001
274.001
)
;

boundaryField
{
    wall
    {
        type            zeroGradient;
    }
    inlet
    {
        type            fixedValue;
        value           uniform 3673;
    }
    outlet-1
    {
        type            inletOutlet;
        inletValue      uniform 274;
        value           uniform 274;
    }
    outlet-2
    {
        type            inletOutlet;
        inletValue      uniform 274;
        value           nonuniform List<scalar> 
89
(
274.001
274
274
274
274
274
274
274
274
274
274
274
274
274
274
274
274
274
274
274
274
274
274
274
274
274
274
274
274
274
274
274
274
274
274
274
274
274
274
274
274
274
274
274
274
274
274
274
274
274
274
274
274
274
274
274
274
274
274
274
274
274
274
274
274
274
274
274
274
274
274
274
274
274
274
274
274
274
274
274
274
274
274
274
274
274
274
274
274.001
)
;
    }
    frontAndBackPlanes
    {
        type            empty;
    }
}


// ************************************************************************* //
