/*--------------------------------*- C++ -*----------------------------------*\
| =========                 |                                                 |
| \\      /  F ield         | OpenFOAM: The Open Source CFD Toolbox           |
|  \\    /   O peration     | Version:  2112                                  |
|   \\  /    A nd           | Website:  www.openfoam.com                      |
|    \\/     M anipulation  |                                                 |
\*---------------------------------------------------------------------------*/
FoamFile
{
    version     2.0;
    format      ascii;
    arch        "LSB;label=32;scalar=64";
    class       volScalarField;
    location    "0.00291";
    object      T;
}
// * * * * * * * * * * * * * * * * * * * * * * * * * * * * * * * * * * * * * //

dimensions      [0 0 0 1 0 0 0];

internalField   nonuniform List<scalar> 
13875
(
1411.95
1535.39
1482.66
1486.86
1481.03
1483.46
1483.33
1483.05
1483.92
1484.1
1484.35
1483.95
1484.41
1484.14
1483.71
1484.09
1484.06
1483.46
1483.37
1483.4
1481.35
1487.56
1480.74
1532.67
1397.66
1307.03
1356.14
1319.16
1322.1
1316.55
1317.09
1316.9
1317.65
1322.51
1323.53
1323.23
1322.73
1318.59
1318.39
1322.12
1323.26
1323.23
1320.94
1317.49
1316.92
1316.24
1322
1319.71
1356.31
1304.54
1307.21
1339.91
1314.52
1311.04
1303.84
1304.2
1303.57
1303.59
1305.53
1306.42
1306.65
1306.23
1306.16
1305.67
1305.77
1306.36
1306.14
1303.25
1303.49
1304.1
1303.56
1310.86
1311.57
1336.64
1297.78
1317.34
1344.81
1314.96
1308.61
1304.99
1304.67
1303.77
1303.75
1303.84
1304.66
1305.18
1305.48
1306.2
1305.7
1305.15
1304.51
1304.53
1303.11
1303.69
1304.51
1304.32
1307.58
1314.07
1343.76
1311.32
1329.49
1341.98
1315.97
1311.63
1303.38
1304.06
1303.87
1303.82
1303.81
1304.62
1305.42
1305.74
1306.43
1306.12
1305.46
1304.52
1304.6
1303.22
1303.68
1304.08
1303.21
1311.52
1312.24
1338.4
1315.59
1332.21
1351.18
1319.14
1309.82
1306.85
1306.09
1304.78
1304.39
1304.33
1304.77
1305.55
1305.98
1306.94
1306.4
1305.65
1304.58
1304.61
1303.78
1304.71
1306
1306.16
1308.36
1319.1
1349.1
1326.31
1339.02
1360.39
1329.21
1316.76
1306.81
1306.26
1305.33
1304.82
1304.86
1305.27
1306.3
1306.56
1307.54
1307.34
1306.3
1305.17
1305.2
1304.27
1305.22
1306.25
1306.64
1317.28
1326.07
1358.38
1321.92
1360.14
1384.96
1344.73
1321.35
1316.14
1311.92
1308.86
1307.24
1306.61
1306.42
1307.2
1307.73
1308.81
1308.69
1307.51
1306.06
1306.94
1306.49
1308.49
1311.53
1315.03
1320.7
1341.6
1381.25
1351.18
1536.55
1507.74
1387.42
1350.71
1322.99
1316.24
1312.44
1310.28
1309.32
1309.11
1309.77
1310.09
1311.42
1311.35
1310.07
1308.85
1309.56
1309.41
1312.03
1315.68
1321.94
1348.3
1384.4
1508.1
1523.59
1839.79
1577.71
1431.37
1364.59
1344.12
1327.99
1320.93
1317.38
1315.61
1315.21
1315.58
1315.77
1317.13
1317.07
1315.93
1314.97
1315.8
1316.55
1320.18
1327.34
1340.48
1363.45
1427.6
1568.25
1830.84
2515.29
1803.53
1525.8
1439.78
1362.62
1345.4
1336
1331.46
1329.07
1328.37
1328.56
1328.6
1329.82
1329.79
1329.08
1328.44
1329.45
1330.81
1335.06
1344.7
1360.64
1427.89
1515.22
1809.86
2446.32
2840.69
2290.1
1815.87
1500.72
1438.2
1398.98
1375.12
1367.23
1361.86
1360.12
1359.87
1359.65
1360.49
1360.54
1360.58
1360.65
1362.59
1367.41
1374.47
1402.16
1428.98
1488.69
1758.52
2306.84
2848.89
2822.99
2680.16
2486.21
2337.86
1602.37
1515.12
1492.28
1473.33
1464.39
1461.66
1461.17
1460.74
1461.66
1461.49
1462.24
1462.9
1466.36
1476.17
1494.29
1525.77
1633.13
2344.35
2417.59
2714.3
2787.86
2735.43
2679.05
2850.41
2828.11
2136.9
2142.33
1945.66
1854.58
1795.74
1781.73
1777.01
1774.52
1777.51
1777.3
1780.14
1785.59
1804.61
1871.94
1985.65
2165.42
2162.72
2844.98
2857.92
2727.21
2709.61
2664.98
2702.33
2824.29
2812.62
2816.96
2975.24
3331.63
3267.91
3433.86
3424.12
3481.69
3461.18
3500.67
3469.94
3487.6
3440.97
3447.08
3308.45
3365.04
3075.86
2857.12
2843.29
2840.67
2703.88
2671.03
2532.29
2609.78
2829.96
2957.89
2998.33
3331.39
3600.75
3703.1
3685.4
3671.9
3643.71
3644.9
3631.21
3646.13
3642.82
3667.96
3688.53
3717.75
3631.65
3376.15
3027.69
2952.26
2854.69
2651.11
2575.17
2465.12
2572.65
2705.13
2873.5
2989.22
3291.69
3575.44
3679.76
3667.45
3653.18
3621.27
3623.46
3611.87
3625.28
3621.3
3651.1
3674.95
3698.27
3618.78
3405.57
3018.12
2936.44
2752.25
2599.03
2486.02
2261.71
2509.71
2834.48
2965.63
2961.98
3199.96
3386.01
3481.43
3493.76
3508.34
3499.75
3503.82
3500.6
3506.82
3503.46
3510.32
3500.22
3481.03
3388.09
3197.62
2972.93
2962.07
2810.98
2494.65
2271.11
2180.93
2263.07
2585.12
2758.74
2740.49
2881.25
3112.35
3304.82
3378
3402.7
3404.96
3410.44
3409.54
3414.87
3407.48
3405.13
3396.94
3344.03
3152.71
2900.72
2757.69
2776.83
2608.6
2277.05
2194.91
2279.25
2226.53
2366.15
2505.26
2539.04
2626.03
2841.58
3088.35
3238.87
3300.88
3309.14
3318.89
3319.15
3322.4
3313.88
3312.5
3269.83
3122.14
2857.72
2641.34
2559.4
2529.76
2323.93
2213.57
2290.13
2911.01
2272.4
2172.8
2307.7
2378.58
2463.23
2665.04
2907.25
3085.84
3180.2
3208.58
3218.03
3220.55
3222.29
3215.76
3194.68
3110.38
2920.81
2664.05
2474.01
2394.77
2312.62
2149.49
2261.72
2965.6
2918.74
2054.56
1971.13
2154.62
2249.52
2351.15
2529.4
2759.63
2952.51
3062.8
3095.83
3112.06
3113.54
3115.6
3101.2
3072.76
2965.16
2759.26
2524.66
2363.9
2259.01
2152.99
1960.08
2040.6
2895.81
2911.84
2064.44
1882.48
2038.22
2148.43
2264.23
2412.76
2625.75
2818.11
2943.73
2989.37
3001.79
3005.91
3004.4
2993.68
2953.07
2831.02
2627.5
2413.27
2279.36
2158.71
2038.58
1852.07
2051.44
2979.55
2825.13
2038.79
1870.8
1981.93
2074.49
2180.39
2323.06
2527.06
2713.77
2833.24
2876.44
2896.42
2897.98
2898.25
2878.76
2840.16
2724.23
2526.47
2318.51
2188.45
2081.68
1984
1853.17
2017.92
2834.85
2755.26
2036.12
1898.27
1948.42
2012.71
2101.11
2234.68
2434.16
2609.77
2729.65
2776.87
2789.69
2794.85
2791.49
2778.89
2733.77
2613.88
2426.89
2226.88
2104.9
2028.34
1953.56
1876.88
2031.54
2797.4
2730.46
2054.56
1915.99
1931.17
1966.72
2034.35
2168.23
2357.65
2524.08
2631.05
2671.78
2691.77
2693.63
2693.43
2672.37
2634.88
2530.03
2353.69
2161.98
2035.17
1974.56
1944.85
1897.19
2042.51
2741.65
2703.51
2079.9
1939.07
1925.82
1925.84
1978.82
2104.77
2285.3
2436.77
2540.3
2583.79
2593.09
2598.76
2594.18
2583.29
2542.38
2441.79
2279.74
2098.09
1977.98
1934.69
1937.46
1935.98
2087.03
2731.26
2705.12
2146.67
1978.76
1927.72
1899.01
1938.24
2063.98
2230.35
2369.24
2454.8
2488.2
2505.58
2507.46
2507.43
2487.04
2455.77
2371.17
2221.81
2053.84
1934.35
1902.98
1937.98
1964.37
2141
2734.23
2734.08
2158.34
1974.01
1917.48
1882.38
1906.39
2014.32
2166.38
2290.17
2372.65
2411.36
2416.92
2423.76
2417.57
2411.67
2376.16
2300.16
2168.19
2012.21
1907.18
1890.94
1929.59
1984.26
2126.2
2728.92
2777.11
2173.37
1994.9
1925.62
1867.95
1885.82
1992.45
2128.34
2236.65
2300.82
2326.28
2341.65
2342.73
2342.1
2324.55
2301.85
2241.56
2125.92
1987.52
1885.24
1872.76
1933.71
1990.16
2158.86
2772.07
2747.57
2171.37
1979.09
1918.07
1847.82
1874.92
1964.04
2081.6
2170.94
2227.76
2262.56
2261.77
2269.98
2263.21
2261.38
2231.4
2179.25
2081.34
1956.99
1873.08
1857.89
1925.39
1993.93
2157.78
2764.01
2741.93
2177.76
2012.95
1929.62
1840.41
1858.69
1945.1
2051.53
2126.21
2169.68
2186.18
2198.28
2199.42
2199.11
2184.65
2171.45
2135.4
2056.41
1945.11
1858.66
1850.11
1926.71
2000.21
2168.73
2732.1
2712.11
2176.78
2026.6
1912.75
1832.07
1851.21
1927.4
2010.41
2070.97
2105.73
2135.33
2128.47
2136.96
2129.51
2132.64
2108.56
2079.74
2015.69
1924.13
1849.24
1840.53
1922.29
2023.07
2163.26
2725.12
2680.8
2169.43
2074.79
1939.9
1838.01
1839.33
1912.84
1989.18
2038.06
2061.54
2069.06
2075.4
2076.17
2076.43
2065.72
2061.39
2044.52
1994.92
1912.74
1833.66
1841.87
1934.18
2055.14
2167.49
2699.82
2679.01
2177.55
2102.4
1929.62
1846.07
1832.99
1896.08
1951.86
1988.11
2003.89
2028.68
2015.3
2023.33
2015.64
2024.8
2005.63
1994.59
1963.4
1901.62
1828.57
1852.8
1935.73
2116.77
2161.9
2677.48
2657.81
2171.01
2097.8
1961.23
1863.07
1829.87
1881.48
1935.18
1962.71
1971.87
1971.94
1972.74
1972.07
1972.75
1967.12
1970.05
1965.48
1940.74
1888.21
1821.82
1864.92
1963.23
2114.16
2169.96
2650.14
2632.39
2158.52
2096.73
1979.15
1876.38
1838.2
1873.23
1903.57
1917.93
1919.19
1939.76
1920.14
1928.34
1920.7
1935.9
1920.77
1919.42
1909.66
1881.86
1824.47
1874.75
1988.69
2111.22
2156.13
2623.05
2613.31
2144.94
2090.57
2043.96
1904.18
1849.58
1867.73
1888.4
1893.91
1895.19
1890.87
1887.13
1885.44
1887.61
1886.37
1892.93
1896.09
1888.99
1878.62
1846.15
1895.45
2045.6
2102.09
2139.71
2591.05
2596.02
2135.08
2079.29
2033.25
1918.63
1871.34
1868.97
1859.46
1855.41
1845.91
1864.1
1841.11
1849.69
1842.28
1860.56
1847.81
1855.71
1862.63
1878.01
1863.1
1922.32
2045.31
2088.94
2122.13
2579.09
2566.37
2114.88
2049.51
2035.32
1967.44
1888.34
1882.54
1851.28
1837.21
1831.54
1822.5
1815.27
1813.69
1816.73
1818.11
1827.82
1839.22
1849.93
1892.08
1886.07
1965.27
2039.91
2052.77
2114.22
2556.94
2552.55
2109.81
2018.91
2018.78
2022.67
1921.77
1898.4
1832.94
1807.62
1785.88
1800.33
1775.44
1783.96
1776.42
1797.61
1786.75
1809.31
1838.19
1911.33
1913.01
2032.16
2033.29
2021.17
2096.13
2536.3
2525.11
2096.84
1992.23
2009.37
2027.43
1948.14
1896.99
1846.02
1801.39
1783.11
1765.98
1756.06
1753.86
1756.52
1762.04
1780.3
1803.58
1845.52
1922.62
1959.37
2032.24
2018.25
1995.7
2092.38
2514.85
2504.46
2087.29
1972.78
1971.22
2009.48
2007.94
1921.99
1852.91
1789.04
1741.9
1748.9
1720.96
1729.37
1722.16
1746.88
1743.37
1789.53
1851.68
1948.03
2021.8
2011.79
1985.03
1978.34
2085.72
2499.58
2475.77
2079.53
1956.88
1945.12
1998.92
2039.35
1938.97
1868.33
1797.61
1760.86
1724.81
1707.64
1704.49
1708.64
1720.76
1759.66
1796.92
1863.91
1985.83
2049.38
2001.03
1956.73
1961.51
2069.19
2469.59
2462.17
2076.84
1949.19
1912.51
1960.15
2018.52
1995.07
1885.87
1797.64
1722.16
1718.09
1680.03
1686.14
1681.47
1716.67
1728.39
1804.52
1886.49
2062.01
2036
1954.24
1926.15
1955.39
2068.43
2455.04
2434.39
2055.25
1936.96
1896.34
1930.09
2008.1
2070.55
1937.43
1810.93
1765.99
1714.96
1681.71
1671.78
1681.59
1708.87
1763.84
1817.28
1927.27
2087.38
2010.31
1926.81
1905.48
1944.24
2053.71
2425.47
2422.98
2055.03
1934.27
1875.76
1891.59
1978.89
2051.5
2015.01
1834.53
1731.08
1719.67
1666.44
1667.13
1668.02
1715.99
1735.26
1843.17
2011.88
2072.05
1979.88
1891.61
1890.55
1939.75
2044.59
2414.75
2389.22
2033.69
1921.39
1871.39
1875.91
1937.84
2037.27
2062.73
1879.35
1783.22
1719.55
1683.47
1668.47
1685.19
1713.97
1783.86
1899.36
2058.4
2052.73
1933.66
1877.62
1879.75
1927.56
2029.33
2370.73
2359.94
2023.02
1913.56
1856.54
1852.62
1909.33
2010.11
2046.83
1984.43
1763.31
1733.52
1668.14
1671.74
1670.37
1730.89
1769.04
2009.44
2047.16
2026.45
1904.58
1855.9
1871.51
1919.52
2017.37
2344.69
2221.42
1975.35
1888.67
1852.96
1849.19
1875.28
1970.73
2032.69
2012.63
1865.82
1752.12
1696.6
1679.89
1697.89
1748.15
1862.78
2010.83
2031.6
1985.99
1873.69
1851.68
1859.81
1895.32
1968.42
2202.59
283.21
284.739
284.244
284.823
285.041
285.438
285.969
286.604
287.286
288.092
289.281
290.965
293.196
295.853
298.795
301.968
305.313
308.128
309.507
301.638
282.724
276.498
274.661
274.176
274.04
274.01
273.999
274.001
273.997
274
281.669
282.702
282.234
282.719
282.799
283.164
283.746
284.432
285.115
285.815
286.805
288.343
290.599
293.495
296.876
300.533
304.286
307.97
311.133
313.63
307.999
284.003
276.646
274.655
274.157
274.038
274
274.002
273.99
274.01
280.94
281.607
281.138
281.584
281.454
281.947
282.603
283.368
284.104
284.795
285.685
287.153
289.406
292.436
296.27
300.52
304.746
309.019
312.958
316.444
318.219
306.335
282.482
276.079
274.493
274.121
274.015
274.007
273.993
274.009
280.204
280.427
280.364
280.333
280.18
280.533
281.09
281.959
282.819
283.546
284.349
285.803
288.202
291.326
295.086
299.524
304.5
309.178
313.376
317.03
319.958
321.014
302.671
280.862
275.552
274.366
274.073
274.02
273.997
274.006
280.065
280.014
280.121
279.871
279.769
280.008
280.415
281.125
281.945
282.801
283.602
284.887
287.314
290.534
294.357
298.589
303.254
308.495
313.477
317.275
320.391
323.21
323.459
297.272
279.251
275.139
274.246
274.057
274.005
274.006
280.054
280.024
280.159
279.862
279.783
279.981
280.334
280.984
281.745
282.525
283.247
284.365
286.559
289.788
293.56
297.681
302.147
307.024
312.268
317.051
320.711
323.951
326.495
324.992
291.497
277.801
274.787
274.17
274.03
274.01
280.552
280.544
280.719
280.445
280.37
280.451
280.68
281.254
281.984
282.741
283.332
283.912
285.762
288.683
292.511
296.597
300.942
305.552
310.685
316.094
320.738
324.34
327.758
329.658
322.998
286.427
276.6
274.531
274.104
274.026
281.145
281.176
281.463
281.337
281.244
281.341
281.52
281.991
282.618
283.263
283.731
284.11
285.019
287.479
291.33
295.455
299.839
304.399
309.298
314.747
320.154
324.607
328.282
331.705
332.903
316.189
282.767
275.705
274.336
274.075
281.627
281.763
282.16
282.262
282.29
282.435
282.68
283.038
283.531
283.961
284.282
284.532
284.908
286.625
290.138
294.452
298.922
303.522
308.287
313.475
319.092
324.374
328.663
332.501
335.766
336.051
305.489
279.845
275.081
274.23
282.001
282.241
282.741
283.122
283.615
284.024
284.376
284.596
284.74
284.868
284.88
284.973
285.097
286.285
289.191
293.576
298.158
302.826
307.567
312.519
317.967
323.646
328.742
332.931
336.914
339.692
337.956
294.506
277.649
274.727
282.419
282.653
283.204
283.984
284.89
285.576
286.022
286.293
286.036
285.555
285.35
285.384
285.461
286.268
288.594
292.67
297.419
302.151
306.95
311.814
317.038
322.691
328.343
333.253
337.413
341.39
343.112
332.294
286.149
276.366
282.803
283.034
283.586
284.42
285.367
286.127
286.648
287.024
286.791
286.19
285.766
285.686
285.782
286.119
288.101
291.668
296.568
301.334
306.231
311.16
316.298
321.749
327.533
333.106
337.863
342.069
345.548
345.927
315.925
281.942
283.278
283.495
283.977
284.735
285.687
286.484
287.023
287.543
287.477
286.892
286.404
285.963
285.788
285.867
287.594
290.745
295.541
300.397
305.372
310.408
315.566
320.881
326.557
332.437
337.943
342.604
346.638
349.645
347.668
300.043
283.703
283.936
284.296
285.055
285.853
286.664
287.538
288.14
288.26
287.89
287.288
286.639
286.426
286.445
287.293
290.146
294.568
299.533
304.492
309.578
314.75
320.049
325.618
331.506
337.485
342.939
347.269
352.131
357.436
345.157
284.297
284.434
284.666
285.448
286.243
287.291
288.336
289.037
289.398
289.068
288.295
287.654
287.381
287.424
287.58
290.065
294.063
299.115
303.938
308.975
314.06
319.39
324.875
330.631
336.708
342.819
347.425
353.619
366.406
389.546
284.539
284.845
285.069
286.095
287.119
288.365
289.653
290.491
291.102
290.673
289.837
289.137
288.869
288.804
288.75
290.58
294.162
299.139
303.888
308.855
313.859
319.132
324.417
330.002
335.918
342.232
347.372
356.492
378.12
450.835
284.985
285.321
285.915
287.328
288.781
290.519
292.191
293.253
294.028
293.358
292.372
291.637
291.192
290.795
290.669
291.66
294.871
299.761
304.389
309.189
314.055
319.134
324.236
329.656
335.278
340.438
348.003
362.521
396.366
487.496
285.067
285.878
287.189
289.524
292.177
294.54
297.077
298.554
299.468
298.163
296.654
295.591
294.68
293.888
293.361
293.373
296.362
301.005
305.509
310.031
314.685
319.347
324.241
329.604
335.069
340.143
349.591
370.26
413.412
492.802
285.335
286.933
289.526
294.036
299.15
303.044
306.98
308.893
309.132
306.192
303.852
301.991
300.193
298.671
297.555
296.305
298.778
302.936
307.357
311.521
315.814
320.111
324.644
329.83
335.262
341.294
353.853
381.181
430.216
493.849
285.382
288.306
294.267
303.928
314.683
321.193
326.513
328.444
325.906
320.617
316.519
313.01
309.51
305.506
302.159
299.941
301.292
305.238
309.782
313.791
317.744
321.816
325.985
330.721
335.796
343.456
360.081
398.556
464.353
490.838
286.292
291.241
304.802
329.118
349.329
359.314
363.739
363.991
356.689
346.006
338.137
330.562
322.223
315.56
310.266
306.532
305.928
308.926
313.04
316.763
320.401
324.141
328.134
332.451
336.843
346.526
368.706
420.871
480.004
484.077
285.54
298.482
333.874
395.03
424.339
430.175
428.379
420.798
403.5
384.171
369.151
354.429
341.355
331.242
323.082
316.971
313.706
314.805
317.666
320.381
323.628
326.939
330.666
334.676
339.577
350.943
379.453
447.809
480.625
477.704
295.831
318.103
420.804
520.603
541.159
525.01
515.728
495.584
464.409
431.239
407.901
386.407
367.883
352.961
341.076
331.541
325.152
323.874
324.619
325.419
327.537
330.314
333.634
337.315
342.931
356.912
393.992
477.895
481.352
474.502
279.67
383.214
608.2
670.04
675.489
637.581
626.704
582.104
531.257
490.407
456.568
426.27
401.099
379.739
363.306
349.575
337.972
333.802
332.881
332.389
332.807
334.493
337.118
340.431
347.235
365.029
417.064
494.425
484.448
473.299
314.642
560.279
813.011
819.685
828.653
777.429
740.732
682.705
605.291
561.578
516.305
475.077
442.968
413.138
389.33
368.577
352.334
344.409
341.93
341.152
340.198
340.331
341.506
344.007
352.572
376.211
450.421
499.46
486.534
474.176
274
273.997
274.001
273.999
274.01
274.039
274.173
274.648
276.444
282.556
301.248
309.389
308.057
305.261
301.923
298.754
295.816
293.162
290.932
289.248
288.058
287.252
286.571
285.936
285.405
285.008
284.791
284.216
284.709
283.188
274.01
273.99
274.002
274
274.038
274.153
274.642
276.584
283.785
307.5
313.538
311.059
307.908
304.236
300.491
296.838
293.46
290.565
288.308
286.767
285.775
285.075
284.393
283.709
283.125
282.759
282.679
282.195
282.664
281.639
274.009
273.993
274.007
274.015
274.118
274.482
276.027
282.281
305.704
318.082
316.357
312.888
308.962
304.697
300.479
296.236
292.402
289.369
287.113
285.642
284.749
284.059
283.323
282.56
281.902
281.409
281.539
281.093
281.566
280.905
274.006
273.997
274.019
274.071
274.357
275.513
280.684
301.922
320.843
319.849
316.94
313.306
309.123
304.455
299.486
295.047
291.285
288.161
285.757
284.299
283.492
282.756
281.898
281.038
280.483
280.128
280.277
280.303
280.367
280.146
274.006
274.005
274.056
274.239
275.109
279.102
296.543
323.234
323.084
320.286
317.183
313.406
308.442
303.205
298.541
294.309
290.486
287.264
284.825
283.523
282.722
281.881
281.074
280.367
279.96
279.716
279.813
280.056
279.947
280.007
274.01
274.029
274.166
274.766
277.686
290.888
324.579
326.347
323.846
320.607
316.968
312.205
306.967
302.093
297.629
293.511
289.738
286.506
284.252
283.164
282.478
281.706
280.943
280.289
279.935
279.731
279.803
280.093
279.958
279.999
274.025
274.101
274.516
276.518
286.036
322.199
329.5
327.658
324.237
320.646
316.027
310.626
305.493
300.884
296.542
292.461
288.631
285.703
283.877
283.315
282.719
281.963
281.231
280.651
280.419
280.332
280.397
280.661
280.49
280.508
274.073
274.326
275.652
282.489
315.128
332.754
331.608
328.19
324.51
320.083
314.696
309.248
304.348
299.79
295.409
291.292
287.436
285.009
284.129
283.748
283.269
282.624
281.997
281.516
281.334
281.231
281.314
281.434
281.149
281.119
274.224
275.048
279.65
304.4
335.877
335.678
332.429
328.572
324.306
319.054
313.448
308.257
303.497
298.904
294.434
290.133
286.618
284.937
284.582
284.364
284.008
283.552
283.073
282.722
282.476
282.324
282.284
282.186
281.783
281.622
274.704
277.527
293.659
337.553
339.593
336.855
332.855
328.677
323.617
317.957
312.515
307.566
302.833
298.174
293.595
289.223
286.318
285.109
285.002
284.86
284.824
284.698
284.553
284.49
284.142
283.722
283.222
282.842
282.326
282.044
276.288
285.761
331.329
343.025
341.345
337.36
333.193
328.319
322.704
317.062
311.84
306.983
302.194
297.473
292.73
288.657
286.302
285.433
285.285
285.313
285.635
286.141
286.463
286.313
285.88
285.179
284.225
283.397
282.825
282.544
281.691
314.879
345.827
345.525
342.045
337.813
333.081
327.548
321.79
316.344
311.208
306.282
301.386
296.632
291.738
288.142
285.976
285.664
285.706
285.881
286.438
287.116
287.438
287.001
286.48
285.714
284.751
283.88
283.299
283.01
299.092
347.205
349.601
346.635
342.576
337.922
332.45
326.597
320.933
315.62
310.461
305.423
300.442
295.595
290.796
287.43
286.062
285.988
286.249
286.647
287.289
287.996
288.047
287.467
286.857
286.048
285.096
284.358
283.856
283.579
344.024
357.312
352.128
347.26
342.93
337.503
331.553
325.669
320.1
314.8
309.62
304.531
299.566
294.599
290.181
287.14
286.713
286.719
286.998
287.569
288.332
288.893
288.703
288.06
287.063
286.251
285.452
284.712
284.378
284.091
388.662
366.305
353.64
347.449
342.839
336.75
330.68
324.918
319.424
314.09
308.996
303.962
299.143
294.082
290.13
287.826
287.767
287.715
288.058
288.779
289.666
290.072
289.62
288.864
287.696
286.617
285.85
285.111
284.932
284.788
450.523
377.944
356.451
347.406
342.276
335.957
330.04
324.441
319.15
313.877
308.87
303.909
299.163
294.189
290.714
289.185
289.156
289.286
289.63
290.415
291.421
291.778
291.077
290.19
288.786
287.484
286.472
285.505
285.397
285.089
487.792
396.237
362.494
348.032
340.496
335.302
329.674
324.251
319.15
314.064
309.192
304.394
299.784
294.925
291.877
291.082
291.224
291.64
292.218
293.118
294.234
294.69
293.804
292.607
290.866
289.146
287.703
286.327
285.878
285.472
493.085
413.396
370.24
349.608
340.182
335.098
329.614
324.252
319.36
314.69
310.022
305.48
301.039
296.432
293.668
293.775
294.382
295.263
296.376
297.536
299.126
300.166
299.138
297.52
294.977
292.68
290.012
287.686
286.395
285.482
494.122
430.312
381.165
353.865
341.334
335.315
329.831
324.632
320.09
315.792
311.481
307.296
302.97
298.865
296.536
297.89
299.213
300.908
302.931
304.9
307.357
310.014
309.612
307.779
303.847
299.96
294.862
290.207
287.381
285.685
491.142
464.789
398.574
360.084
343.504
335.923
330.699
325.934
321.754
317.664
313.714
309.734
305.333
301.376
300.484
302.693
306.207
310.158
314.102
317.737
321.953
327.15
329.608
327.968
322.761
316.219
305.243
295.221
288.818
285.686
484.369
480.248
420.987
368.717
346.566
336.813
332.382
328.037
324.014
320.231
316.629
312.938
309.084
306.377
307.294
311.166
316.633
323.379
331.982
339.348
347.831
358.382
365.875
366.641
362.123
352.241
331.612
306.185
291.829
286.657
477.991
480.825
448.079
379.477
350.84
339.447
334.557
330.5
326.737
323.407
320.224
317.566
314.941
314.246
317.852
324.212
332.75
343.126
356.66
370.481
386.68
406.001
423.507
432.587
434.696
429.36
400.301
336.558
299.394
285.939
474.868
481.615
478.774
394.102
356.762
342.756
337.109
333.386
330.058
327.316
325.252
324.466
323.882
325.721
332.567
342.412
354.89
369.894
389.616
409.338
434.743
468.661
499.251
521.659
529.402
549.23
529.613
428.492
320.216
296.644
473.653
484.706
494.534
417.491
364.891
346.986
340.128
336.787
334.167
332.549
332.222
333.081
334.206
338.586
350.866
365.081
382.125
403.418
430.299
458.403
492.787
538.098
588.898
633.393
645.072
685.144
680.252
620.882
389.165
280.826
474.101
486.692
499.252
451.023
376.136
352.237
343.526
341.075
339.935
339.954
341.183
342.398
345.695
353.522
370.205
391.573
416.073
445.848
479.788
519.181
563.279
610.745
692.73
745.558
781.372
840.351
833.004
826.939
570.213
316.746
274.002
274.002
274.002
274.002
274.002
274.002
274.002
274.002
274.002
274.002
274.002
274.002
274.002
274.002
274.002
274.002
274.002
274.002
274.002
274.002
274.002
274.002
274.002
274.002
274.002
274.002
274.002
274.002
274.002
274.002
274.002
274.002
274.002
274.002
274.002
274.002
274.002
274.002
274.002
274.002
274.002
274.002
274.002
274.002
274.002
274.002
274.002
274.002
274.002
274.002
274.004
274.034
274.566
283.143
380.126
654.623
880.678
1108.4
1190.26
1198.16
1195.98
1194.14
1186.62
1165.63
1137.99
1110.67
1083.8
1060.25
1040.68
1023.2
1008.26
994.944
982.521
970.375
958.131
945.617
932.461
918.235
902.376
885.06
868.149
851.953
836.298
820.655
805.081
790.206
776.187
762.403
748.904
735.853
723.488
711.802
700.586
689.65
678.44
667.457
656.805
646.505
636.503
626.778
617.159
607.607
598.228
589.046
580.206
571.759
563.726
556.227
549.234
542.405
535.903
529.757
523.917
518.557
513.578
508.977
504.641
500.342
496.141
492.202
488.51
485.113
481.912
478.893
476.253
274.001
274.001
274.001
274.001
274.001
274.001
274.001
274.001
274.001
274.001
274.001
274.001
274.001
274.001
274.001
274.001
274.001
274.001
274.001
274.001
274.001
274.001
274.001
274.001
274.001
274.001
274.001
274.001
274.001
274.001
274.001
274.001
274.001
274.001
274.001
274.001
274.001
274.001
274.001
274.001
274.001
274.001
274.001
274.001
274.001
274.001
274.001
274.001
274.001
274.003
274.041
274.882
291.487
463.661
688.091
773.454
825.297
891.099
968.712
1031.75
1085.45
1132.91
1217.91
1249.94
1246.93
1238.84
1229.64
1213.8
1193.15
1167.35
1136.33
1101.07
1069.21
1040.62
1014.13
989.573
966.615
945.42
925.803
908.076
891.171
874.954
859.175
843.428
828.524
814.057
800.349
787.014
773.874
761.125
748.796
736.867
725.054
713.526
701.953
689.994
678.328
667.248
656.38
645.795
635.443
625.423
615.824
606.752
598.278
590.374
583.013
575.955
569.199
562.338
555.646
549.029
542.617
536.505
530.668
525.187
519.863
514.791
510.009
505.363
500.774
496.439
492.6
489.643
488.223
274
274
274
274
274
274
274
274
274
274
274
274
274
274
274
274
274
274
274
274
274
274
274
274
274
274
274
274
274
274
274
274
274
274
274
274
274
274
274
274
274
274
274
274
274
274
274
274
274.002
274.046
275.179
301.67
548.531
744.233
774.677
790.216
808.001
830.531
856.28
886.513
917.981
952.801
996.505
1048.9
1102.34
1160.76
1220.43
1289.86
1330.6
1335.24
1331.43
1318.08
1283.41
1225.92
1167.11
1112.81
1063.78
1023.1
991.255
966.162
942.747
920.268
899.425
880.005
861.847
844.909
829.079
814.132
800.131
786.986
774.381
762.164
750.055
738.39
726.839
715.615
704.56
694.052
684.022
674.068
664.227
654.554
645.048
635.829
627.064
618.664
610.528
602.409
594.364
585.978
578.198
570.831
563.79
556.555
549.205
541.99
536.102
531.928
527.307
522.537
517.51
513.235
509.488
505.586
501.89
274
274
274
274
274
274
274
274
274
274
274
274
274
274
274
274
274
274
274
274
274
274
274
274
274
274
274
274
274
274
274
274
274
274
274
274
274
274
274
274
274
274
274
274
274
274
274
274.002
274.044
275.282
307.908
596.804
767.168
784.575
791.221
797.132
805.532
819.914
835.863
855.957
878.463
901.36
926.69
958.194
997.795
1048.16
1107.51
1175.94
1256.17
1325.35
1388.85
1445.67
1500.04
1518.42
1477.1
1423.19
1348.98
1259.82
1182.89
1119.72
1066.89
1022.92
987.351
957.527
931.649
907.813
885.703
865.128
846.584
829.669
814.06
799.386
785.167
771.775
759.147
747.557
736.833
726.58
717.003
708.061
699.418
690.893
682.605
674.53
666.708
658.986
651.279
643.42
635.404
627.064
619.61
612.385
606.151
599.14
592.24
584.964
576.603
567.765
558.134
548.95
540.971
534.482
527.433
511.815
482.448
274
274
274
274
274
274
274
274
274
274
274
274
274
274
274
274
274
274
274
274
274
274
274
274
274
274
274
274
274
274
274
274
274
274
274
274
274
274
274
274
274
274
274
274
274
274
274.001
274.036
275.146
306.832
608.859
779.413
791.788
795.392
798.766
805.935
816.207
829.023
844.352
860.031
874.813
891.944
913.079
940.578
977.439
1026.97
1085.93
1157.9
1243.23
1319.76
1407.44
1500.01
1584.44
1649.91
1687.5
1705.73
1717.61
1689.64
1592.07
1463.5
1352.77
1266.25
1196.85
1135.29
1084.09
1040.53
1003.96
972.174
944.954
921.168
900.267
881.121
863.064
846.382
831.167
817.426
805.225
794.023
783.864
773.992
764.881
756.357
747.912
739.88
732.326
724.994
718.095
711.182
704.168
697.119
689.269
679.411
668.164
655.38
642.91
630.483
617.809
604.63
589.01
562.311
527.673
487.086
443.797
411.395
391.321
274
274
274
274
274
274
274
274
274
274
274
274
274
274
274
274
274
274
274
274
274
274
274
274
274
274
274
274
274
274
274
274
274
274
274
274
274
274
274
274
274
274
274
274
274
274.001
274.025
274.863
299.912
587.932
785.799
798.853
800.514
802.868
807.747
817.992
830.103
845.272
860.68
875.647
893.234
917.673
952.005
1000.79
1071.83
1166.54
1285.21
1431.26
1589.61
1691.85
1747.47
1779.68
1796.01
1810.15
1828.6
1853.11
1877.33
1896.19
1901.09
1903.44
1861.52
1768.28
1632.87
1505.82
1400.96
1315.42
1244.83
1184.93
1135.45
1094.1
1059.17
1029.07
1002.02
978.118
957.158
938.262
921.311
906.314
892.965
880.842
869.883
859.996
850.931
842.585
835.015
827.916
821.237
814.22
806.153
796.284
783.926
768.432
750.007
727.763
697.202
651.907
601.066
544.806
487.462
446.626
419.416
398.083
381.128
368.139
358.797
274
274
274
274
274
274
274
274
274
274
274
274
274
274
274
274
274
274
274
274
274
274
274
274
274
274
274
274
274
274
274
274
274
274
274
274
274
274
274
274
274
274
274
274
274
274.015
274.56
291.445
542.226
785.511
804.175
806.425
808.292
812.461
820.685
833.197
848.443
864.785
879.946
898.558
926.801
970.776
1036.43
1132.83
1267.51
1439.87
1630.39
1762.67
1805.71
1812.39
1807.19
1793.28
1777.71
1761
1757.16
1760
1757.61
1768.43
1785.63
1818.1
1845.81
1873.77
1927.64
1921.47
1871.56
1792.2
1685.54
1581.98
1494.31
1420.55
1358.54
1307.04
1262.87
1225.24
1193.2
1165.64
1140.91
1119.12
1099.55
1081.6
1066.18
1053.48
1042.17
1031.69
1021.77
1011.87
1001.21
987.472
967.186
935.327
880.726
812.023
735.266
651.393
579.869
528.863
487.84
454.776
428.356
407.927
391.291
377.718
366.487
356.728
348.711
274
274
274
274
274
274
274
274
274
274
274
274
274
274
274
274
274
274
274
274
274
274
274
274
274
274
274
274
274
274
274
274
274
274
274
274
274
274
274
274
274
274
274
274
274.008
274.314
284.167
479.395
776.884
806.989
810.323
812.333
816.704
824.456
837.474
852.597
868.547
883.743
903.006
933.991
985.877
1065.8
1185.18
1358.71
1593.94
1792.09
1857.87
1866.93
1848.1
1830.63
1813.21
1793.92
1780.92
1774.4
1771.54
1749.53
1728.89
1713.04
1695.97
1693.62
1697.34
1709.39
1736.38
1769.92
1791.29
1814.92
1857.18
1860.72
1834.53
1795.17
1749.13
1702.22
1653.64
1604.1
1556.53
1515.2
1478.34
1445.39
1415.51
1388.51
1364.95
1343.92
1323.66
1301.02
1270.03
1226.92
1169.33
1094.38
999.521
895.493
811.231
735.809
667.135
608.164
560.422
517.802
481.93
451.345
425.738
405.312
388.68
375.114
364.55
355.42
347.475
274
274
274
274
274
274
274
274
274
274
274
274
274
274
274
274
274
274
274
274
274
274
274
274
274
274
274
274
274
274
274
274
274
274
274
274
274
274
274
274
274
274
274
274.004
274.151
279.111
411.563
750.492
807.396
812.553
815.203
819.63
827.039
839.28
854.258
870.796
886.696
905.807
938.482
993.94
1082.68
1216.68
1413.62
1682.22
1858.39
1893.04
1895.74
1887.23
1859.01
1853.58
1863.08
1875.77
1901.58
1926.07
1919.78
1893.66
1848.05
1793.57
1756.47
1727.82
1705.23
1679.77
1671.57
1665.65
1668.37
1675.18
1687.7
1693.39
1692.93
1685.18
1670.61
1657.38
1642.73
1626.75
1609.78
1591.41
1569.25
1543.84
1513.51
1477.58
1437.82
1392.7
1341.13
1285.44
1232.44
1182.23
1129.86
1071.62
1006.45
937.183
865.926
793.787
725.181
661.817
607.593
556.368
512.784
475.27
443.93
418.829
398.355
381.025
367.53
356.588
347.957
274
274
274
274
274
274
274
274
274
274
274
274
274
274
274
274
274
274
274
274
274
274
274
274
274
274
274
274
274
274
274
274
274
274
274
274
274
274
274
274
274
274
274.002
274.062
276.21
344.715
696.353
806.107
813.058
816.732
821.175
827.839
838.787
854.07
870.747
888.221
908.161
939.699
995.469
1086.54
1226.38
1431.48
1706.8
1875.55
1902.86
1907.53
1910.93
1902.08
1903.99
1912.97
1934.4
1963.4
1990.59
1996.12
1988.98
1973.98
1955.52
1939.55
1914.21
1880.38
1841.55
1800.48
1765.57
1735.15
1712.91
1692.14
1678.89
1665.9
1647.04
1627.68
1611.53
1598.12
1584.81
1563.66
1535.93
1507.75
1480.65
1452.63
1422.89
1391.25
1358.67
1325.17
1290.18
1254.67
1220.05
1187.48
1155.14
1124.04
1085.69
1034.68
973.577
903.483
828.466
752.565
684.701
619.812
562.843
512.776
472.056
440.244
413.347
390.981
373.571
359.771
349.622
274
274
274
274
274
274
274
274
274
274
274
274
274
274
274
274
274
274
274
274
274
274
274
274
274
274
274
274
274
274
274
274
274
274
274
274
274
274
274
274
274
274.001
274.022
274.861
300.743
599.135
800.743
814.064
817.359
821.197
827.716
837.415
851.574
868.528
886.77
907.884
938.859
990.928
1078.32
1213.77
1413.44
1676.98
1861.59
1900.94
1910.47
1913.07
1925.08
1931.42
1931
1932.51
1950.7
1979.15
2023.69
2035.55
2009.29
1982.19
1977.04
1982.85
1975.87
1970.97
1962.51
1941.68
1917.19
1884.63
1845.85
1800.88
1763.89
1736.83
1705.34
1677.55
1652.72
1630.54
1604.21
1576.32
1544.9
1513.95
1487.24
1459.41
1427.82
1393.97
1363.1
1334.17
1306.5
1278.67
1250.61
1225.21
1196.35
1166.33
1140.58
1110.07
1066.41
1005.5
933.109
853.04
777.374
701.562
631.733
567.561
512.193
468.794
433.488
405.209
382.626
365.207
351.988
274
274
274
274
274
274
274
274
274
274
274
274
274
274
274
274
274
274
274
274
274
274
274
274
274
274
274
274
274
274
274
274
274
274
274
274
274
274
274
274
274
274.007
274.297
283.418
470.574
779.43
814.492
818.411
822.056
827.606
835.859
848.194
864.238
883.368
904.735
934.009
981.373
1062.29
1187.9
1371.96
1618.28
1828.23
1883.36
1891.23
1903.18
1919.36
1913.54
1929.43
1919.59
1933.3
1959.37
2016.69
2039.94
2036.86
2003.56
1970.39
1960.52
1972.32
1974.9
1978.2
1982.21
1976.96
1972.18
1964.04
1947.14
1922.85
1894.49
1865.46
1835.56
1807.69
1771.94
1736.61
1699.28
1666.51
1630.91
1593.97
1555.06
1513.25
1473.26
1432.52
1396.96
1362.7
1330.92
1300.4
1270.73
1243.37
1216.17
1190.06
1168.6
1148.1
1121.66
1090.25
1037.92
962.675
882.022
791.872
705.507
625.085
555.754
500.893
459.296
424.466
396.106
373.762
356.082
274
274
274
274
274
274
274
274
274
274
274
274
274
274
274
274
274
274
274
274
274
274
274
274
274
274
274
274
274
274
274
274
274
274
274
274
274
274
274
274
274.002
274.084
276.916
362.871
714.178
812.727
819.71
823.275
827.227
834.299
845.165
859.624
878.076
899.949
927.262
969.793
1039.59
1147.36
1306.9
1531.09
1781.99
1874.7
1882.07
1885.31
1893.52
1876.94
1823.81
1804.03
1814.54
1871.54
1953.04
2024.83
1999.22
1866.74
1847.62
1835.77
1836.24
1867.66
1885.18
1918.92
1949.86
1960.2
1969.55
1976.02
1977.49
1972.68
1968.3
1958.01
1950.83
1940
1918.83
1895.51
1864.07
1830.74
1792.15
1751.87
1701.88
1656.57
1607.01
1553.03
1490.47
1433.19
1382.63
1337.88
1297.03
1263.6
1236.1
1209.67
1188.19
1171.04
1156.39
1131.3
1106.05
1055.06
987.819
903.508
811.838
716.024
625.603
551.797
492.99
446.797
410.679
382.241
362.049
274
274
274
274
274
274
274
274
274
274
274
274
274
274
274
274
274
274
274
274
274
274
274
274
274
274
274
274
274
274
274
274
274
274
274
274
274
274
274
274.001
274.02
274.816
298.766
588.792
803.65
819.567
823.03
826.539
832.419
841.653
855.059
871.654
892.644
918.274
956.182
1015.78
1105.92
1237.94
1424.38
1675.08
1862.07
1899.13
1903.99
1920.16
1923.83
1871.17
1845.84
1849.11
1855.86
1920.5
1947.49
1895.75
1909.2
1671.72
1628.07
1616.49
1613.61
1645.26
1683.96
1765.43
1862.61
1905.94
1950.2
1986.03
1993.49
1987.69
1983.06
1974.53
1971.52
1964.59
1954.75
1947.81
1937.24
1923.57
1898.34
1873.59
1838.75
1802.2
1760.26
1717.93
1665.65
1606.66
1544.04
1476.98
1413.39
1357.16
1308.49
1264.03
1231.12
1205.53
1185.66
1171.49
1153.03
1118.39
1074.62
1005.26
922.592
821.673
715.139
622.685
546.081
485.851
440.008
403.304
374.47
274
274
274
274
274
274
274
274
274
274
274
274
274
274
274
274
274
274
274
274
274
274
274
274
274
274
274
274
274
274
274
274
274
274
274
274
274
274
274
274.005
274.2
280.422
429.804
762.475
817.043
822.393
826.162
830.655
838.186
849.288
864.728
884.038
908.234
940.184
990.186
1064.2
1170.34
1322.91
1535.53
1784.89
1896.26
1918.23
1931.67
1949.62
1957.18
1949.31
1938.95
1939.78
1928.22
1924.08
1929.21
1753.17
1608.88
1446.89
1433.02
1428.89
1445.15
1487.76
1519.5
1589.87
1658.43
1728.52
1807.12
1896.83
1945.16
1949.45
1916.47
1898.74
1891.38
1896.67
1898.57
1906.71
1909.48
1909.29
1896.81
1881.7
1859.54
1828.06
1792.64
1770.52
1734.46
1708.43
1682.4
1651.85
1609.1
1547.7
1476.84
1402.58
1334.96
1278.29
1238.13
1210.24
1194.42
1166.82
1133.74
1088.54
1022.24
927.303
817.909
712.003
616.983
539.107
480.371
434.965
397.85
274
274
274
274
274
274
274
274
274
274
274
274
274
274
274
274
274
274
274
274
274
274
274
274
274
274
274
274
274
274
274
274
274
274
274
274
274
274
274.001
274.04
275.456
317.922
649.522
808.018
820.391
825.464
829.616
835.062
843.787
857.216
875.394
898.517
927.546
964.484
1023.04
1107.15
1227.49
1402.34
1643.57
1852.84
1911.14
1923.36
1941.3
1955.87
1959.02
1965.02
1966.12
1983.35
1998.42
2006.24
1989.93
1715.41
1519.96
1366.28
1302.1
1288.39
1287.2
1291.8
1309.01
1358.78
1412.56
1464.37
1545.21
1633.74
1710.84
1708.77
1680.39
1696.73
1692.45
1684.98
1706.43
1729.62
1754.15
1774.02
1786.61
1794.63
1805.25
1782.13
1762.22
1746.41
1726.99
1723.27
1711.35
1701.55
1683.54
1662.75
1632.19
1590.04
1528.45
1441.99
1360.12
1292.58
1251.93
1213.95
1178.56
1130.9
1088.15
1023.65
919.248
798.207
686.394
595.12
526.43
472.008
426.743
274
274
274
274
274
274
274
274
274
274
274
274
274
274
274
274
274
274
274
274
274
274
274
274
274
274
274
274
274
274
274
274
274
274
274
274
274
274
274.007
274.312
283.549
466.881
775.939
816.668
824.167
828.708
832.744
839.014
849.708
866.677
888.872
916.191
950.356
993.826
1057.54
1152.41
1293.69
1496.2
1752.11
1897.33
1918.73
1917.8
1928.06
1945.4
1963
1985.1
1991.45
2052.16
2105.11
2124.57
2124.87
1865.99
1535.75
1338.71
1234.92
1221.5
1224.18
1203.26
1225.79
1240.46
1227.78
1233.78
1240.09
1247.26
1246.26
1202.71
1130.84
1248.44
1247.74
1225.65
1256.01
1318.95
1379.87
1416.94
1483.14
1515.29
1542.5
1565.47
1605.95
1635.2
1651.69
1684.45
1697.92
1703.2
1696.08
1684.84
1667.82
1660.23
1636.33
1589.47
1529.19
1452.76
1378.73
1301.2
1242.66
1185.36
1136.3
1087.64
1008.43
904.307
789.769
679.295
589.907
518.705
461.225
274
274
274
274
274
274
274
274
274
274
274
274
274
274
274
274
274
274
274
274
274
274
274
274
274
274
274
274
274
274
274
274
274
274
274
274
274
274.001
274.055
275.912
330.731
668.746
806.82
820.784
826.466
830.054
835.011
843.56
857.999
879.455
905.473
935.98
974.835
1026.42
1096.39
1204.51
1366.53
1598.45
1836.8
1913.16
1922.75
1922.37
1926.02
1948.55
1970.89
1991.67
1997.85
2073.37
2132.99
2155.4
2168.25
1909.28
1616.23
1283.39
1191.17
1166.99
1188.24
1175.2
1211.28
1197.87
1184.6
1166.06
1144.63
1130.68
1109.97
1108.22
1095.62
1091.52
1103.21
1069.42
1057.66
1042.31
1072.57
1105.19
1145.04
1197.45
1276.51
1376.63
1443.45
1505.22
1549.56
1573.19
1639.64
1666.79
1679.66
1679.89
1678.82
1677.05
1658.68
1622.03
1601.36
1573.17
1523.52
1450.34
1376.47
1289.75
1212.67
1141.66
1075.81
983.888
868.809
764.574
661.412
575.332
502.473
274
274
274
274
274
274
274
274
274
274
274
274
274
274
274
274
274
274
274
274
274
274
274
274
274
274
274
274
274
274
274
274
274
274
274
274
274
274.009
274.376
285.141
481.046
778.738
817.826
823.543
826.831
830.786
837.812
850.375
870.049
895.419
923.651
955.579
996.232
1054.68
1139.69
1265.96
1451.91
1700.85
1878.61
1919.68
1929.99
1932.43
1947.04
1965.96
1979.48
1990.27
2007.51
2087.55
2148.41
2166.53
2141.59
1794.82
1264.91
1080.22
1012.95
1004.41
988.677
996.125
1003.25
1008.56
1034.11
1024.85
1055.29
1051.3
1025.11
1020
1020.28
1027.8
1028.71
1000.74
992.132
977.789
982.159
1020.75
1056.59
1085.89
1118.27
1152.21
1210.13
1270.74
1335.36
1374.16
1388.57
1464.72
1547.93
1587.52
1622.44
1635.06
1636.67
1611.73
1605.5
1591.14
1574.47
1544.35
1497.16
1426.92
1343.41
1245.58
1147.75
1047.76
955.68
837.76
730.118
627.426
543.472
274
274
274
274
274
274
274
274
274
274
274
274
274
274
274
274
274
274
274
274
274
274
274
274
274
274
274
274
274
274
274
274
274
274
274
274
274.002
274.06
276.026
332.732
670.862
810.913
821.372
823.971
826.505
832.055
843.026
861.203
885.86
913.943
941.932
973.757
1016.88
1083.68
1184.46
1332.63
1540.88
1789.78
1900.94
1925.27
1938.52
1953.38
1973.09
1974.49
1998.32
2014.64
2067.03
2140.66
2161.32
2163.22
1908.6
1506.32
1053.75
949.522
935.572
930.791
917.547
943.881
937.136
946.371
961.719
957.215
975.07
982.893
990.835
993.105
993.747
985.735
957.179
934.14
907.102
892.678
883.95
875.177
890.278
931.266
1004.21
1072.6
1116.16
1155.02
1180.54
1228.89
1284.21
1318.73
1359.99
1436.47
1491.29
1548.78
1570.27
1574.11
1578.06
1579.77
1569.07
1563.74
1558.35
1527.96
1474.91
1399.99
1287.37
1172.32
1049.68
921.267
791.41
680.125
592.679
274
274
274
274
274
274
274
274
274
274
274
274
274
274
274
274
274
274
274
274
274
274
274
274
274
274
274
274
274
274
274
274
274
274
274
274
274.008
274.34
284.017
468.167
777.997
819.481
821.142
822.407
826.636
836.075
852.838
875.032
899.676
923.961
952.035
988.586
1042.5
1123.56
1240.91
1403.01
1616.33
1839.15
1925.24
1943.98
1959.77
1981.22
1999.48
2011.07
2027.09
2053.65
2138.82
2198.21
2209.73
2184.81
1829.69
1302.86
1035.63
940.197
920.594
923.209
907.661
907.678
909.724
904.485
926.14
951.08
943.956
954.466
972.076
983.025
1003.58
1013.25
992.82
968.494
970.159
916.482
878.686
858.454
847.531
826.213
825.238
850.98
895.903
964.381
1039.03
1117.76
1203.29
1268.5
1300.19
1326.95
1349.37
1382.13
1443.72
1469.16
1482
1506.63
1520.36
1524.02
1523.87
1525.41
1523.54
1494.59
1435.04
1339.46
1217.33
1049.66
887.465
760.244
653.532
274
274
274
274
274
274
274
274
274
274
274
274
274
274
274
274
274
274
274
274
274
274
274
274
274
274
274
274
274
274
274
274
274
274
274
274.001
274.044
275.523
317.407
643.925
810.327
818.984
819.189
821.625
829.063
844.064
864.564
887.144
907.244
928.992
959.32
1005.8
1077.31
1177.59
1308.96
1475.51
1683.48
1880.72
1951.76
1970.26
1988.05
2011.34
2035.47
2051.4
2057.58
2088.35
2159.15
2213.93
2240.66
2148.84
1736.31
1182.12
1046.07
983.607
980.1
982.196
979.333
972.014
965.602
945.704
929.796
925.664
923.821
917.431
904.982
921.239
932.363
948.663
961.878
972.672
979.24
967.285
945.321
899.806
880.722
876.254
865.683
846.445
832.139
829.014
847.658
874.768
926.407
994.426
1105.19
1208.5
1278.67
1308.25
1335.84
1395.35
1422.17
1445.18
1477.66
1489.84
1494.31
1495.08
1491.8
1506.63
1495.04
1448.51
1349.26
1193.78
1016.98
857.982
717.478
274
274
274
274
274
274
274
274
274
274
274
274
274
274
274
274
274
274
274
274
274
274
274
274
274
274
274
274
274
274
274
274
274
274
274
274.005
274.216
280.57
427.168
758.421
815.577
816.341
817.395
822.68
835.521
854.263
875.412
893.217
912.071
937.357
977.199
1037.23
1122.45
1235.72
1378.06
1547.49
1741.52
1909.94
1968.98
1985.59
2004.56
2021.59
2049.88
2069.1
2076.49
2105.24
2163.31
2187.35
2184.16
1814.24
1320.71
1025.09
960.535
935.853
927.054
920.757
922.106
922.397
934.726
956.447
959.317
960.155
958.616
945.739
942.768
953.186
947.345
936.855
942.109
941.768
954.113
958.32
973.974
936.254
885.32
875.587
879.489
879.867
891.968
873.36
869.428
865.256
861.862
879.555
900.937
957.727
1041.51
1182.29
1265.08
1314.37
1371.55
1402.83
1446.35
1472.76
1484.2
1487.23
1483.36
1481.9
1493.64
1495.45
1429.43
1327.09
1165.21
979.265
811.559
274
274
274
274
274
274
274
274
274
274
274
274
274
274
274
274
274
274
274
274
274
274
274
274
274
274
274
274
274
274
274
274
274
274
274.001
274.025
274.915
299.809
586.673
800.83
813.666
813.96
817.787
827.49
843.364
861.815
879.937
898.585
921.802
955.471
1006.19
1078.78
1175.55
1297.05
1443.09
1614.92
1799.04
1930.75
1972.73
1988.98
2011.23
2031.02
2067.25
2088.13
2093.25
2129.74
2172.32
2183.13
2026.05
1656.71
1132.05
995.24
936.686
921.111
920.108
934.139
933.148
924.193
912.445
908.01
934.841
941.465
940.917
957.856
960.074
977.389
976.991
970.893
971.098
984.113
982.122
976.03
973.538
976.565
954.204
863.931
868.861
860.924
860.856
878.592
877.069
893.95
880.591
883.247
885.029
890.549
907.213
950.716
1041.95
1171.99
1280.94
1336.32
1380.21
1428.94
1468.28
1484.27
1488.96
1484.29
1483.11
1488.93
1466.16
1375.06
1244.87
1051.44
881.057
274
274
274
274
274
274
274
274
274
274
274
274
274
274
274
274
274
274
274
274
274
274
274
274
274
274
274
274
274
274
274
274
274
274
274.003
274.111
277.515
371.875
715.876
807.208
812.251
815.315
821.871
833.765
850.922
869.704
888.123
908.681
936.329
977.002
1036.73
1123.28
1235.98
1371.64
1527.88
1697.73
1854.49
1945.65
1976.32
1994.15
2020.01
2049.93
2101.67
2131.91
2135.23
2168.31
2233.13
2249.48
1916.43
1502.62
1131.46
1031.64
992.33
963.47
948.887
937.843
929.88
928.714
919.406
913.212
926.599
938.52
943.403
945.617
961.839
979.873
973.471
977.271
995.799
1013.29
1016.5
1002.02
995.139
1007.99
1007.87
975.079
874.844
881.007
854.238
851.039
860.109
874.989
880.465
883
895.137
893.158
893.173
893.961
918.359
959.904
1039.25
1180.25
1311.92
1375.91
1407.01
1454.62
1495.71
1505.77
1507.8
1494.34
1492.22
1414.63
1307.05
1157.75
949.303
274
274
274
274
274
274
274
274
274
274
274
274
274
274
274
274
274
274
274
274
274
274
274
274
274
274
274
274
274
274
274
274
274
274
274.011
274.427
286.169
489.495
779.461
809.497
813.202
818.556
828.101
842.388
860.021
877.508
895.911
919.966
955.645
1008.17
1082.69
1181.32
1302.2
1443.72
1603.4
1767
1902.62
1964.03
1984.78
2000.62
2031.54
2074.48
2127.63
2170.04
2186.76
2214.47
2240.41
2195.46
1823.49
1264.76
1075.85
1010.25
988.042
978.582
992.132
1000.47
998.772
988.351
970.666
956.155
958.455
966
955.592
958.474
982.113
986.554
987.352
994.518
1008.36
1036.56
1037.45
1016.35
1015.41
1038.06
1037.27
1032.25
999.748
909.375
917.145
878.198
875.53
865.625
883.34
885.716
895.245
904.532
911.483
919.464
916.896
920.163
935.713
970.847
1049.28
1182.17
1341.03
1418.34
1443.92
1484.89
1523.09
1527.99
1502.38
1460.46
1312.7
1162.62
1019.32
274
274
274
274
274
274
274
274
274
274
274
274
274
274
274
274
274
274
274
274
274
274
274
274
274
274
274
274
274
274
274
274
274
274.001
274.04
275.359
311.477
625.044
800.147
811.062
814.228
820.853
832.496
847.645
864.814
883.072
906.095
938.26
985.057
1049.17
1132.81
1238.06
1366.82
1518.85
1688.35
1851.01
1948.49
1979.92
1992.74
2014.46
2050.42
2090.27
2134.58
2173.71
2193.28
2218.13
2237.1
2015.68
1645.87
1176.94
1064.96
1010.61
992.334
977.562
964.939
970.823
972.949
966.521
965.164
980.91
1000.03
1003.59
984.412
988.573
1002.85
1001.55
1001.77
1007.08
1026.81
1040.76
1032.54
1029.33
1047.83
1074.18
1064.78
1055.05
1063.27
1035.67
972.13
924.854
892.048
888.831
873.753
883.523
888.487
905.898
913.455
927.283
933.752
945.267
950.698
957.219
965.278
998.926
1059.09
1190.15
1373.6
1477.73
1504.88
1514.24
1543.77
1487.29
1472.59
1135.37
1001.17
274
274
274
274
274
274
274
274
274
274
274
274
274
274
274
274
274
274
274
274
274
274
274
274
274
274
274
274
274
274
274
274
274
274.003
274.13
278.009
380.039
719.866
806.444
811.831
816.228
825.384
838.729
854.115
871.078
891.38
919.692
958.664
1011.83
1080.53
1166.91
1275.37
1409.23
1569.2
1748.25
1903.43
1966.76
1986.13
2000.87
2026.21
2055.62
2094.17
2134.58
2171.8
2199.28
2222.77
2216.21
1867.79
1398
1111.79
1052.29
1028.98
1017.49
1005.91
1008.92
1009.11
1002.81
1000.29
989.766
990.744
1018.71
1020
996.401
1004.26
1022.38
1023.22
1010.63
1018.57
1040.13
1044.75
1038.19
1032.16
1065.5
1101.6
1076.21
1072.72
1093.85
1098.92
1081.83
1046.16
955.267
936.202
904.983
897.285
886.829
895.056
898.023
917.783
934.035
949.93
958.786
971.45
985.952
997.482
1014.09
1032.78
1090.83
1202.12
1419.56
1529.05
1553.28
1509.01
1493.15
1441.9
967.219
274
274
274
274
274
274
274
274
274
274
274
274
274
274
274
274
274
274
274
274
274
274
274
274
274
274
274
274
274
274
274
274
274
274.01
274.382
284.757
471.742
774.442
809.228
812.71
818.9
830.406
843.686
859.076
877.546
902.446
936.682
982.054
1041.26
1116.24
1209.96
1325.75
1465.53
1629.32
1802.95
1933.28
1980.25
1996.78
2010.5
2034.8
2058.8
2099.71
2147.46
2191.41
2230.06
2252.15
2213.91
1867.74
1335.01
1167.67
1095.79
1066.19
1045.04
1037.67
1026.46
1035.43
1037.52
1026.12
1019.53
1038.37
1059.23
1052.47
1035.06
1051.18
1066.02
1063.39
1053.16
1056.58
1073.67
1079.93
1058.74
1061.15
1104.71
1121.12
1100.56
1096.18
1118.97
1127.31
1123.64
1122.22
1092.86
1046.39
986.958
961.815
944.556
932.539
928.002
925.454
928.267
942.474
958.256
972.662
989.786
1005.38
1029.06
1050.7
1077.45
1104.45
1161.28
1271.66
1456.16
1576.75
1590.99
1433.56
1384.02
274
274
274
274
274
274
274
274
274
274
274
274
274
274
274
274
274
274
274
274
274
274
274
274
274
274
274
274
274
274
274
274
274.001
274.027
274.945
299.352
577.309
795.834
809.246
812.427
820.625
833.118
847.816
865.361
888.259
917.459
956.734
1008.22
1076.18
1162.54
1268.93
1393.74
1534.28
1685.73
1828.72
1944.5
1999.91
2020.69
2034
2053.1
2085.94
2130.52
2174.25
2215.78
2255.41
2278.55
2130.21
1753.9
1242.85
1127.3
1088.23
1069.85
1062.15
1056.37
1051.27
1047.68
1054.19
1050.41
1040.43
1057.26
1074.73
1070.17
1060.69
1073.07
1098.24
1092.46
1079.93
1098.25
1117.15
1109.97
1092.9
1112.14
1142.35
1139.94
1121.65
1128.01
1158.9
1169.42
1150.75
1153.4
1160.45
1140.84
1107.7
1044.23
1019.14
993.97
992.324
990.695
983.006
978.134
978.084
975.977
979.715
992.084
1011.67
1036.83
1073.83
1113.35
1148.62
1201.44
1245.86
1334.18
1500.94
1682.85
1763.44
274
274
274
274
274
274
274
274
274
274
274
274
274
274
274
274
274
274
274
274
274
274
274
274
274
274
274
274
274
274
274
274
274.002
274.056
275.798
323.714
654.228
800.102
807.569
812.948
823.519
837.156
852.864
871.51
896.099
928.87
972.248
1030.56
1107.33
1203.8
1317.9
1442.28
1573.14
1707.98
1833.42
1939.14
2011.29
2042.6
2056.98
2074
2098.58
2123.7
2165.65
2207.15
2254.52
2284.12
1961.27
1634.33
1229.83
1144.71
1108.1
1091.47
1084.01
1080.07
1069.92
1079.55
1085.07
1083.62
1076.87
1094.89
1112.22
1105.7
1092.02
1106.28
1130.7
1122.93
1112.18
1124.86
1153.12
1150.76
1137.53
1156.56
1189.53
1187.97
1167.03
1175.56
1211.83
1233.2
1210.49
1213.59
1220.36
1217.19
1212.65
1146.89
1110.92
1079.07
1040.75
1060.12
1065.2
1067.29
1083.54
1084.15
1090.19
1090.72
1099.83
1106.04
1135.71
1188.96
1243.54
1339.91
1451.6
1567.65
1626.46
1738.48
1984.45
274
274
274
274
274
274
274
274
274
274
274
274
274
274
274
274
274
274
274
274
274
274
274
274
274
274
274
274
274
274
274
274
274.002
274.09
276.769
350.115
690.033
800.801
809.858
817.373
826.918
839.427
854.857
873.727
899.596
934.289
981.102
1044.43
1126.88
1228.46
1345.68
1469.24
1594.04
1719.38
1835.85
1936.51
2011.41
2048.57
2066.81
2082.21
2098.97
2122.77
2168.75
2219.29
2254.64
2258.77
1926.28
1535.09
1206.72
1138.58
1113.76
1101.8
1097.51
1094.34
1085.48
1097.55
1106.24
1108.38
1103.68
1123.85
1137.62
1134.32
1120.83
1133.72
1156.65
1150.94
1139.56
1152.37
1179.37
1174.43
1156.04
1173.74
1214.3
1215.47
1201.06
1204.24
1230.29
1254.51
1240.74
1244.73
1252.07
1252.25
1252.03
1215.42
1140.69
1132.28
1088.48
1073.5
1091.23
1081.63
1105.13
1112.13
1131.35
1141.14
1155.4
1162.09
1164.95
1207.98
1251.98
1345.28
1465
1613.2
1733.6
1876.9
2027.88
274
274
274
274
274
274
274
274
274
274
274
274
274
274
274
274
274
274
274
274
274
274
274
274
274
274
274
274
274
274
274
274
274.004
274.161
278.715
391.388
725.116
803.247
811.874
819.125
828.048
839.715
856.798
877.131
905.308
943.259
993.467
1060.26
1146.07
1251.98
1373.84
1499.9
1623.64
1739.51
1844.55
1938.03
2010.55
2056.49
2078.3
2091.11
2103.61
2144.9
2196.26
2236.92
2251.46
2218.71
1895.09
1428.47
1194.02
1138.52
1116.46
1106.97
1104.82
1098.88
1094.65
1113.19
1126.96
1124.19
1122.78
1141
1154.68
1152.43
1142.17
1159.91
1186.95
1184.21
1173.41
1181.4
1206.03
1201.07
1186.59
1197.88
1230.44
1237.9
1222.78
1232.55
1269.28
1283.86
1273.21
1281.49
1292.48
1288.71
1286.85
1285.83
1223.72
1158.08
1169.08
1128.97
1147.38
1131.53
1142.99
1141.77
1157.57
1177.55
1198.5
1225.55
1238.28
1265.3
1288.64
1331.91
1403.13
1511.5
1665.86
1817.73
2047.21
274
274
274
274
274
274
274
274
274
274
274
274
274
274
274
274
274
274
274
274
274
274
274
274
274
274
274
274
274
274
274
274
274.007
274.267
281.513
432.323
748.124
803.216
813.514
822.654
833.259
844.236
860.642
881.29
909.541
947.26
998.572
1067.95
1159.14
1273.61
1403.79
1536.44
1659.97
1769.06
1862.3
1947.85
2018.27
2063.57
2082.63
2088
2109.06
2150.42
2201.22
2243.12
2257
2209.08
1889.52
1386.56
1199.03
1148.56
1127.09
1118.28
1115.61
1114.1
1108.21
1125.82
1134.84
1132.66
1145.62
1154.43
1173.74
1178.69
1172.41
1191.35
1215.24
1218.33
1210.13
1215.46
1244.84
1242.82
1232.5
1240.25
1263.28
1266.96
1260.85
1262.95
1288.35
1306.08
1294.39
1314.87
1345.13
1339.16
1337.04
1334.77
1330.02
1273.51
1216.74
1221.12
1184.23
1203.09
1184.18
1201.05
1192.18
1224.33
1239.99
1280.95
1311.11
1351.1
1398.5
1447.35
1513.42
1586.59
1683.1
1796.1
1913.57
274
274
274
274
274
274
274
274
274
274
274
274
274
274
274
274
274
274
274
274
274
274
274
274
274
274
274
274
274
274
274
274
274.012
274.448
286.153
480.345
769.51
804.676
813.428
822.639
833.938
847.022
862.827
884.139
913.325
954.169
1009.78
1082.65
1178.54
1298.56
1434.46
1573.71
1699.33
1802.54
1889.77
1963.43
2021.72
2057.37
2071.86
2081.74
2115.45
2158.32
2206.82
2246.14
2260.69
2189.13
1856.38
1357.39
1200.12
1151.28
1134.01
1125.68
1122.79
1120.05
1117.06
1135.38
1141.45
1143.6
1154.98
1163.96
1181.54
1190.12
1185.4
1202.91
1228.24
1239.23
1238.37
1246.36
1275.53
1287.62
1280.08
1291.83
1316.29
1318.81
1309.49
1311.47
1334.18
1342.62
1328.84
1347.04
1372.74
1379.53
1391.73
1394.36
1386.98
1380.87
1321.44
1257.74
1270.74
1234.55
1254.5
1230.56
1250.26
1244.76
1278.73
1296.08
1344.14
1376.28
1437.26
1488.13
1563.64
1638.05
1720.45
1783.01
1852.89
274
274
274
274
274
274
274
274
274
274
274
274
274
274
274
274
274
274
274
274
274
274
274
274
274
274
274
274
274
274
274
274.001
274.019
274.679
291.914
526.763
778.525
804.395
814.004
825.153
838.256
852.631
869.612
891.397
920.187
960.292
1016
1089.76
1187.48
1304.07
1443.46
1588.05
1719.36
1826.76
1909.18
1971.28
2018.03
2052.11
2071.87
2089.73
2114.24
2148.45
2190.52
2224.03
2239.79
2109.3
1815.7
1340.45
1212.81
1168.78
1154.05
1147.6
1145.44
1143.87
1141.81
1157
1162.61
1171.22
1182.12
1184.6
1205.37
1215.32
1209.39
1225.09
1243.53
1255.91
1253.94
1261.08
1280.63
1299.83
1299.44
1311.45
1325
1345.03
1356.26
1357.19
1372.79
1392.85
1385.9
1397.42
1418.42
1423.48
1441.14
1461.08
1461.96
1460.8
1444.54
1405.3
1335.09
1348.88
1307.28
1332.54
1301.31
1323.09
1322.2
1364.26
1385.47
1446.99
1488.26
1559.88
1605.8
1674.52
1716.69
1781.73
1819.93
274
274
274
274
274
274
274
274
274
274
274
274
274
274
274
274
274
274
274
274
274
274
274
274
274
274
274
274
274
274
274
274.001
274.03
275.014
300.363
575.428
786.948
805.91
814.21
824.721
837.601
852.014
869.291
892.048
922.111
963.365
1019.99
1094.73
1194.17
1314.17
1453.74
1602.57
1737.78
1846.23
1923.97
1976.4
2013.61
2044.66
2070.04
2094.8
2118.51
2155.48
2196.99
2221.42
2242.58
2034.52
1726.48
1290.34
1192.51
1158.34
1145.27
1142.76
1142.88
1138.41
1146.88
1158.98
1165.14
1178.85
1186.53
1197.85
1217.96
1229.54
1233.35
1250.06
1263.04
1278.58
1287.85
1293.63
1311.57
1333.23
1333.93
1349.39
1361.77
1375.38
1391.76
1393.88
1411.39
1428.46
1430.62
1446.2
1459.06
1470.9
1485.95
1502.9
1521.59
1530.72
1528.8
1509.16
1488.44
1428.26
1429.03
1391.2
1412.02
1383.97
1413.63
1428.13
1484.07
1515.12
1568.69
1606.56
1661.43
1709.71
1752.6
1806.17
1827.7
274
274
274
274
274
274
274
274
274
274
274
274
274
274
274
274
274
274
274
274
274
274
274
274
274
274
274
274
274
274
274
274.001
274.044
275.397
310.053
611.733
789.373
805.752
814.578
826.112
840.168
855.75
873.953
897.183
927.427
969.294
1026.62
1102.18
1202.98
1328.04
1464.76
1615.49
1754.32
1861.2
1928.07
1972.88
2009.56
2042.61
2073.92
2108
2136.88
2174.27
2214.23
2239.5
2265.89
1981.53
1674.38
1277.21
1191.12
1158.71
1146.42
1142.79
1141.99
1137.86
1149.82
1161.08
1167.13
1178.28
1187.9
1196.07
1213.52
1231.46
1234.18
1251.3
1274.4
1288.06
1305.34
1313.89
1332.86
1356.64
1362.2
1381.38
1396.42
1408.9
1434.03
1440.24
1455.9
1480.84
1488.2
1502.29
1519.9
1535.07
1545.91
1563.32
1581.82
1600.63
1622.55
1629.07
1619.7
1586.65
1539.94
1517.04
1501.56
1497.81
1493.22
1505.78
1540.65
1571.23
1623.47
1657.83
1714.23
1747.81
1801.61
1825.26
1852.41
274
274
274
274
274
274
274
274
274
274
274
274
274
274
274
274
274
274
274
274
274
274
274
274
274
274
274
274
274
274
274
274.002
274.062
275.899
323.378
644.692
793.284
806.995
815.168
826.052
839.739
855.475
874.065
897.381
928.127
971.458
1030.9
1109.47
1213.54
1341.59
1485.58
1632.99
1759.53
1859.88
1928.92
1971.95
2007.33
2044.34
2079.62
2113.78
2136.24
2166.47
2201.63
2235.42
2261.41
1949.91
1640.21
1268.07
1190.34
1158.15
1145.71
1141.41
1140.63
1137.57
1144.9
1160.53
1166.4
1172.64
1190.44
1196.46
1211.98
1233.48
1236.93
1250.81
1268.24
1283.12
1305.69
1314.17
1330.46
1354.43
1368.95
1389.33
1410.77
1427.94
1450.98
1471.69
1489.8
1511.28
1533.28
1554.82
1569.19
1588.07
1606.84
1626.83
1646.24
1666.76
1695.01
1719.24
1737.12
1752.78
1711.23
1677.68
1624.57
1634.94
1611.44
1626.8
1626.21
1661.99
1691.11
1743.34
1780.82
1822.98
1858.42
1886.57
1927.49
274
274
274
274
274
274
274
274
274
274
274
274
274
274
274
274
274
274
274
274
274
274
274
274
274
274
274
274
274
274
274
274.002
274.081
276.416
337.259
666.611
794.331
807.171
815.756
827.243
841.806
858.75
878.576
902.793
934.529
979.385
1040.56
1121.03
1226.28
1353.19
1494.41
1637.54
1759.28
1860.59
1925.58
1966.3
1999.23
2035.88
2076.79
2106.45
2122.15
2155.96
2193.77
2228.27
2241.52
1928.12
1596.9
1264.98
1197.65
1168.53
1157.47
1152.83
1150.19
1147.38
1149.69
1168.67
1176.71
1181.23
1196.84
1204.91
1215.69
1236.88
1243.59
1259.93
1275.9
1285.84
1307.07
1321.84
1333.4
1354.26
1372.22
1391.33
1412.99
1433.03
1454.6
1478.39
1503.91
1525.82
1553.32
1576.99
1602.6
1632.33
1655.8
1683.18
1710.27
1736.42
1765.46
1798.38
1830.3
1860.53
1875.01
1878.41
1849.09
1794.77
1775.56
1762.08
1771.93
1775.88
1799.3
1830.28
1869.78
1894.8
1928.06
1959.73
2001.81
274
274
274
274
274
274
274
274
274
274
274
274
274
274
274
274
274
274
274
274
274
274
274
274
274
274
274
274
274
274
274
274.003
274.103
277.021
352.606
685.682
796.731
808.494
816.946
828.492
843.326
860.946
881.998
907.694
941.588
989.674
1054.81
1139.52
1246.79
1371.1
1505.11
1635.23
1759.62
1855.81
1917.7
1958.44
1992.25
2034.03
2073.81
2101.31
2120.96
2161.74
2204.14
2235.54
2238.31
1924.8
1570.74
1257.79
1195.28
1168.56
1158.74
1155.04
1153.29
1151.2
1153.39
1169.62
1180.47
1187.71
1200.15
1212
1224.98
1237.86
1250.6
1267.43
1281.97
1296.97
1314.24
1332.52
1347.25
1366.16
1385.35
1402.53
1421.95
1443.71
1466.64
1487.98
1511.64
1536.92
1563.29
1590.39
1618.75
1648.06
1678.59
1709.65
1741.15
1771.65
1802.73
1836.67
1871.59
1910.36
1953.26
1990.62
2017.72
2015.98
1990.19
1929.52
1913.06
1890.48
1905.76
1906.03
1928.65
1939.43
1969.99
1984.82
2011.81
274
274
274
274
274
274
274
274
274
274
274
274
274
274
274
274
274
274
274
274
274
274
274
274
274
274
274
274
274
274
274
274.003
274.122
277.537
364.301
697.373
797.655
809.258
817.927
829.667
844.672
862.79
885.033
912.75
950.055
1003.37
1074.97
1165.98
1275.28
1394.58
1516.93
1634.98
1748.64
1837.9
1900.55
1946.31
1984.4
2032.31
2070.94
2096.23
2116.04
2161.08
2199.55
2222
2219.09
1917.78
1558.79
1261.87
1200.6
1173.96
1163.57
1159.31
1157.25
1155.95
1159.44
1173.6
1179.81
1191.43
1202.89
1215.09
1227.94
1242.56
1255.69
1272.55
1286.74
1302.74
1320.69
1336.55
1354.82
1373.28
1392.03
1413.56
1435.29
1456.32
1478.16
1503.08
1527.65
1553.27
1579.47
1607.66
1637.44
1667.83
1698.65
1731.11
1764.06
1794.95
1827.13
1859.4
1890.71
1925.94
1966.55
2015.28
2064.96
2109.92
2120.98
2139.85
2037.93
2025.89
1975.96
1964.98
1964.61
1966.24
1976.83
2001.69
1965.38
274
274
274
274
274
274
274
274
274
274
274
274
274
274
274
274
274
274
274
274
274
274
274
274
274
274
274
274
274
274
274
274.004
274.14
278.02
374.452
707.378
800.012
810.861
819.053
830.624
846.153
866
891.24
922.758
964.923
1024.33
1102.74
1199.34
1308.47
1420.15
1530.08
1632.24
1723.21
1803.82
1868.23
1920.69
1965.45
2016.87
2057.2
2085.52
2112.87
2167.46
2206.54
2227.17
2224.29
1925.07
1566.88
1267.55
1207.08
1180.54
1170.42
1166.76
1165.47
1165.08
1167.4
1182.73
1189.47
1200.2
1211.97
1224.35
1236.9
1252.18
1265.22
1282.58
1296.77
1312.85
1329.41
1346.87
1364.94
1384.39
1404.22
1423.79
1445.24
1467.46
1489.34
1513.95
1539.7
1565.85
1594.36
1622.87
1651.99
1682.99
1715.58
1748.01
1783.32
1820.27
1854.17
1892.11
1927.73
1961.75
2001.37
2042.49
2091.26
2147.89
2182.45
2209.6
2214.82
2223.48
2126.55
2079.43
2041.14
2016.06
1989.27
1961.01
1822.31
274
274
274
274
274
274
274
274
274
274
274
274
274
274
274
274
274
274
274
274
274
274
274
274
274
274
274
274
274
274
274
274.004
274.151
278.296
379.818
712.274
801.194
811.533
819.359
830.804
846.573
867.215
894.038
928.034
973.872
1038.18
1122.19
1223.54
1333.2
1439.95
1538.01
1626.56
1704.67
1777.32
1843.14
1902.76
1955.28
2006.59
2046.68
2074.99
2105.7
2160.14
2200.5
2217.29
2204.21
1900.36
1525.96
1252.08
1194.69
1169.21
1160.06
1157.2
1155.78
1155.17
1158.2
1171.13
1177.23
1192.17
1201.85
1214.54
1228.09
1242.67
1256.61
1272.94
1288.01
1303.98
1321.84
1339.7
1357.53
1376.95
1397.42
1418.08
1439.77
1462.09
1486.17
1511.02
1536.12
1562.91
1591.24
1619.24
1648.79
1680.29
1711.48
1744.91
1780.61
1816.27
1854.03
1894.27
1934.4
1974.63
2013.17
2048.59
2083.34
2120.47
2159.93
2204.39
2224.3
2250.09
2240.77
2232.25
2117.04
2094.53
1889.18
1789.94
1697.58
274
274
274
274
274
274
274
274
274
274
274
274
274
274
274
274
274
274
274
274
274
274
274
274
274
274
274
274
274
274
274
274.004
274.156
278.43
382.398
714.702
801.864
811.988
819.807
831.367
847.286
868.182
895.486
930.376
977.661
1043.88
1129.77
1232.3
1341.71
1445.76
1538.85
1621.74
1694.84
1761.27
1825.46
1886.38
1941.6
1985.39
2024.34
2055.24
2091.75
2149.7
2210.42
2240.37
2243.56
1943.12
1591.6
1278.91
1217.49
1190.65
1180.97
1177.69
1176.68
1176.41
1177.9
1189.88
1197.94
1210.58
1221.47
1235.05
1246.26
1262.14
1276.71
1290.7
1306.65
1323.84
1341.41
1359.31
1377.24
1397.38
1417.47
1437.5
1459.92
1483.02
1505.77
1530.96
1557.13
1582.77
1610.91
1639.47
1668.58
1699.75
1731.14
1764.16
1799.43
1835.44
1873.11
1913.77
1956.59
1999.61
2042.18
2078.43
2106.71
2128.68
2149.38
2179.98
2228.42
2286.44
2312.42
2323
2339.71
2102.4
1859.24
1759.1
1701.39
274
274
274
274
274
274
274
274
274
274
274
274
274
274
274
274
274
274
274
274
274
274
274
274
274
274
274
274
274
274
274
274.004
274.151
278.303
379.948
712.254
800.938
811.405
819.428
831.051
846.866
867.315
893.816
927.798
974.024
1038.79
1122.62
1223.18
1332.22
1438.56
1535.15
1621.7
1699.19
1766.63
1830.66
1890.35
1942.71
1996.16
2041.38
2077.33
2109.43
2161.38
2200.48
2218.52
2210.1
1904.41
1537.44
1256.95
1198.51
1172.6
1162.83
1159.27
1157.82
1157.2
1159.76
1172.37
1179.9
1193.59
1203.2
1216.49
1229.31
1244.23
1257.68
1273.69
1288.83
1304.82
1322.61
1339.8
1357.86
1377.74
1397.46
1417.71
1439.42
1461.3
1485.34
1510.28
1535.33
1562.12
1589.72
1617.2
1646.24
1678.03
1709.56
1742.91
1778.77
1813.79
1851.23
1891.46
1931.96
1972.04
2009.27
2044.21
2079.36
2115.61
2155.08
2202.45
2224.3
2248.92
2247.66
2215.98
2117.64
2086.96
1900.63
1781.68
1700.29
274
274
274
274
274
274
274
274
274
274
274
274
274
274
274
274
274
274
274
274
274
274
274
274
274
274
274
274
274
274
274
274.004
274.141
278.032
374.684
707.33
799.503
810.537
819.061
830.968
846.599
866.108
890.751
922.174
964.946
1025
1102.93
1198
1305.83
1417.23
1525.62
1625.32
1713.43
1786.11
1846.93
1901.24
1947.04
2000.34
2046.11
2082.12
2108.54
2156.16
2198.53
2219.64
2214.95
1913.69
1556.38
1259.81
1198.85
1172.06
1162.18
1158.64
1157.28
1156.7
1159.38
1174.23
1180.78
1193.57
1203.5
1215.11
1227.35
1242.81
1256.67
1273.25
1287.62
1303.51
1321.65
1337.13
1356.38
1377.42
1395.89
1416.19
1439.37
1459.27
1482.52
1509.81
1533.39
1560.47
1589.58
1616.34
1646.43
1678.28
1710.64
1744.59
1780.08
1815.81
1852.5
1890.42
1926.1
1961.47
1999.59
2041.2
2090.47
2148.23
2183.31
2206.7
2225.37
2227.51
2128.74
2066.71
2039.76
2004.05
1981.74
1953.57
1818.41
274
274
274
274
274
274
274
274
274
274
274
274
274
274
274
274
274
274
274
274
274
274
274
274
274
274
274
274
274
274
274
274.003
274.123
277.559
364.785
697.559
796.977
808.696
817.754
829.931
845.062
862.75
884.276
911.906
949.816
1003.64
1074.46
1163.46
1271.32
1390.17
1512.32
1630.45
1735.67
1817.96
1872.15
1921.16
1967.07
2012.81
2059.74
2094.53
2115.2
2155.33
2193.98
2214.15
2211
1905.39
1554.79
1258.87
1197.23
1170.43
1160
1156.27
1154.92
1154.8
1155.16
1170.25
1177.5
1188.19
1199.55
1212.78
1226.93
1241.22
1254.92
1271.84
1285.5
1302.5
1320.01
1336.26
1354.97
1374.62
1393.87
1414.06
1436.15
1456.82
1479.63
1505.63
1529.66
1555.87
1584.15
1611.19
1640.35
1671.52
1702.65
1735.16
1768.31
1800.3
1831.83
1863.91
1896.53
1932.13
1973.53
2022.11
2073.36
2122.58
2136.3
2158.06
2050.69
2035.7
1983.81
1970.32
1969.91
1971.35
1976.99
2000.54
1968.31
274
274
274
274
274
274
274
274
274
274
274
274
274
274
274
274
274
274
274
274
274
274
274
274
274
274
274
274
274
274
274
274.003
274.104
277.049
353.242
686.007
795.949
807.942
816.918
829
843.919
861.002
881.384
907.067
941.525
990.02
1054.39
1137.09
1242.31
1365.24
1498.14
1630.34
1748.37
1837.26
1891.17
1936.88
1975.92
2017.21
2063.77
2099.29
2121.25
2157.68
2201.03
2231.02
2235.74
1914.9
1576.62
1261.76
1197.71
1169.99
1159.48
1155.14
1153.28
1151.14
1155.99
1173.88
1181.09
1189.57
1203.86
1214.72
1227.69
1241.73
1252.1
1269.4
1283.75
1297.81
1315.51
1334.03
1349.16
1367.74
1389.07
1405.6
1426.72
1449.72
1468.31
1493.91
1518.14
1540.84
1568.91
1594.92
1622.49
1651.9
1681.11
1712.11
1742.06
1771.25
1803.26
1836.68
1870.93
1909.47
1953.08
1995.94
2029.69
2027.54
2009.92
1939.33
1921.71
1893.4
1915.97
1908.84
1932.89
1939.08
1970.27
1985.24
2022.26
274
274
274
274
274
274
274
274
274
274
274
274
274
274
274
274
274
274
274
274
274
274
274
274
274
274
274
274
274
274
274
274.002
274.082
276.445
337.968
667.146
793.537
806.662
815.733
827.675
842.272
858.715
878.052
902.42
934.655
979.762
1040.19
1118.61
1221.48
1346.59
1485.88
1626.6
1752.79
1849.22
1904.91
1947.2
1981.86
2018.48
2064.47
2100.41
2122.06
2148.38
2187.53
2223.16
2239.05
1921.93
1609.12
1273.91
1203.43
1173.46
1162.03
1157.26
1154.69
1150.8
1151.23
1168.6
1180.14
1186.76
1199.01
1207.47
1221.33
1242.91
1248.96
1265.66
1281.84
1292.77
1312.46
1329.5
1344.38
1364.47
1375.76
1406.7
1421.5
1438.84
1460.9
1484.66
1507.66
1529.58
1556.97
1580.13
1605.92
1632.72
1657.15
1682.81
1709.03
1739.43
1769.87
1801.38
1836.75
1868.36
1889.04
1900.08
1867.04
1806.7
1789.44
1770.61
1784.08
1782.23
1809.35
1833.81
1875.58
1894.78
1928.78
1957.2
2002.26
274
274
274
274
274
274
274
274
274
274
274
274
274
274
274
274
274
274
274
274
274
274
274
274
274
274
274
274
274
274
274
274.002
274.063
275.926
324.024
645.44
792.383
806.571
815.309
826.519
840.117
855.475
873.801
897.252
928.239
971.582
1030.16
1106.74
1208.52
1334.75
1476.92
1621.24
1750.84
1852.36
1918.29
1952.37
1985.5
2020.71
2067.28
2109.26
2141.39
2162.73
2193.79
2228.01
2258.38
1964.57
1663.68
1279.49
1198.32
1165.87
1153.61
1149.6
1148.92
1147.45
1148.5
1166.67
1174.57
1177.94
1195.01
1202.67
1219.97
1239.9
1243.11
1257.34
1274.71
1285.74
1306.65
1316.8
1332.34
1350.63
1365.41
1395.06
1401.11
1417.66
1451.87
1462.59
1481.89
1505.06
1528.71
1550.44
1572.9
1593.79
1611.29
1634.92
1657.77
1679.99
1708.6
1736.86
1758.16
1773.83
1731.61
1697.65
1638.19
1648.9
1623.7
1640.29
1637.74
1670.89
1700.98
1751.17
1789.47
1831.02
1868.98
1895.98
1942.84
274
274
274
274
274
274
274
274
274
274
274
274
274
274
274
274
274
274
274
274
274
274
274
274
274
274
274
274
274
274
274
274.001
274.045
275.421
310.608
612.917
788.349
805.322
814.75
826.439
840.269
855.666
873.941
897.263
927.417
969.075
1025.72
1099.73
1198.56
1323.17
1465.3
1610.78
1741.83
1846.06
1917.44
1961.68
1990.04
2023.55
2061.75
2101.98
2139.6
2171.24
2210.53
2238.36
2261.22
2005.06
1692.97
1286.42
1196.86
1164.34
1150.81
1146.66
1145.24
1141.89
1148.43
1162.19
1168.21
1179.98
1188.96
1197.74
1218.3
1231.28
1230.78
1247.46
1272.24
1280.08
1296.25
1305.42
1331.57
1343.11
1357.93
1381.99
1386.35
1410.04
1438.75
1443.44
1462.81
1489.86
1500.91
1517.17
1533.92
1548.88
1563.95
1581.74
1598.2
1618.41
1636.78
1642.34
1637.81
1600.01
1556.7
1522.67
1510.65
1501.28
1502.11
1508.46
1542.93
1573.1
1622.12
1658.71
1713.91
1748.55
1802.01
1826.81
1852.71
274
274
274
274
274
274
274
274
274
274
274
274
274
274
274
274
274
274
274
274
274
274
274
274
274
274
274
274
274
274
274
274.001
274.031
275.035
300.854
577.082
785.842
805.471
814.426
825.022
837.658
852.021
869.571
892.529
922.39
963.412
1019.52
1093.1
1191.1
1314.69
1455.07
1597.85
1726
1829.64
1905.79
1960.25
2001.71
2034.68
2062.61
2091.59
2118.69
2151.87
2193.11
2222.14
2241.44
2060.13
1754.41
1306.03
1200.97
1164.54
1149.72
1145.06
1144.35
1139.05
1149.93
1163.16
1168.69
1179.49
1186.62
1195.81
1218.96
1224.4
1223.8
1242.78
1271.91
1273.81
1282.45
1294.34
1318.97
1324.26
1338.99
1360.5
1362.49
1388.93
1405.27
1404.66
1427.58
1444.29
1444.63
1459.96
1472.19
1481.83
1495.32
1511.77
1531.68
1540.99
1537.61
1519.61
1505.38
1446.19
1436.03
1404.62
1416.47
1400.78
1419.63
1439.34
1488.81
1525.87
1575.43
1614.97
1667.28
1713.39
1758.32
1809.61
1832.11
274
274
274
274
274
274
274
274
274
274
274
274
274
274
274
274
274
274
274
274
274
274
274
274
274
274
274
274
274
274
274
274.001
274.02
274.697
292.338
529.181
777.517
803.886
814.233
825.503
838.383
852.819
870.25
892.857
921.877
961.506
1016.39
1088.73
1184.49
1305.44
1442.3
1580.86
1701.21
1805.29
1889.85
1956.06
2008.25
2047.47
2069.63
2088.38
2113.23
2147.31
2187.32
2222.71
2238.84
2114.93
1814.44
1342.87
1214.32
1169.76
1153.56
1147.11
1145.19
1143.07
1137.29
1153.32
1163.63
1166.8
1171.98
1185.86
1204.4
1203.76
1201.09
1225.88
1252.49
1251.13
1253.3
1270.64
1294.53
1302.19
1312.08
1330.61
1334.58
1360.49
1375.53
1371.41
1388.09
1406.65
1399.84
1409.01
1424.08
1429.39
1448.6
1465.41
1467.71
1467.91
1454.13
1427.77
1371.73
1359.62
1336.85
1337.44
1327.93
1332.33
1338.15
1371.06
1402.84
1452.83
1504.99
1568.42
1621.28
1682.15
1733.87
1788.72
1836.28
274
274
274
274
274
274
274
274
274
274
274
274
274
274
274
274
274
274
274
274
274
274
274
274
274
274
274
274
274
274
274
274
274.013
274.465
286.545
483.438
768.902
803.819
813.443
823.219
834.641
847.905
864.522
886.755
915.668
954.859
1009.22
1080.85
1174.81
1292.83
1425.66
1556.76
1677.35
1783.96
1871.02
1944.72
2006.45
2051.71
2071.94
2080.94
2113.07
2155.02
2203.27
2247.18
2262.94
2188.41
1846.76
1357.93
1202.35
1153.88
1136.16
1127.95
1124.54
1121.03
1115.74
1136.8
1145.77
1143.77
1148.7
1169.66
1184.93
1184.26
1189.7
1219.03
1242.42
1240.66
1245.47
1266.74
1289.3
1291.71
1300.2
1313.69
1316.68
1329.03
1331.46
1323.01
1334.96
1349
1336.62
1357.1
1371.85
1379.35
1404.33
1405
1403.27
1401.3
1337.96
1292.07
1277.69
1258.29
1260.57
1247.7
1259.66
1255.42
1286.08
1305.66
1352.7
1385.95
1445.62
1496.04
1571.63
1642.67
1725.49
1788
1854.75
274
274
274
274
274
274
274
274
274
274
274
274
274
274
274
274
274
274
274
274
274
274
274
274
274
274
274
274
274
274
274
274
274.008
274.28
281.849
435.776
747.723
801.543
813.146
823.842
835.633
848.641
864.372
885.327
912.499
949.098
1000.93
1069.72
1159.51
1272.44
1399.25
1528.45
1649.33
1755
1849.7
1935.63
2007.56
2058.49
2082.64
2090.9
2108.67
2148.06
2197.61
2240.61
2256.8
2206.63
1887.51
1388.43
1201.46
1150.38
1128.21
1119.39
1116.41
1114.69
1108.9
1127.23
1140.01
1138.06
1144.65
1167.22
1182.86
1181.33
1183.2
1206.79
1230.29
1226.62
1222.7
1232.64
1253.55
1248.38
1248.51
1253.13
1256.69
1275.36
1274.73
1262.69
1282.79
1308.56
1300.08
1322.8
1349.85
1351.23
1359.34
1354.91
1352.77
1279.04
1239.6
1225.34
1200.86
1214.39
1193.34
1216.16
1199.29
1233.39
1247.94
1287.38
1316.3
1355.5
1399.9
1447.26
1510.54
1580.5
1677.02
1788.57
1905.26
274
274
274
274
274
274
274
274
274
274
274
274
274
274
274
274
274
274
274
274
274
274
274
274
274
274
274
274
274
274
274
274
274.005
274.17
278.953
394.789
724.503
800.819
811.659
821.262
832.471
845.49
861.405
882.195
908.837
944.708
994.995
1061.05
1146.03
1251.7
1370.76
1494.66
1617.78
1732.73
1834.05
1926.95
2001.69
2051.51
2076.91
2092.66
2106.1
2145.55
2197
2239.39
2257.45
2223.72
1898.06
1424.07
1196.14
1141.96
1120.17
1111.05
1108.22
1101.78
1095.44
1116.14
1131.88
1128.56
1128.14
1152.57
1164.77
1155.26
1151.81
1171.74
1197.77
1195.36
1187.71
1194.81
1214.57
1208.85
1204.56
1211.3
1220.94
1247.18
1244.12
1230.74
1262.96
1294.91
1291.43
1309.7
1318.99
1309.18
1299.57
1297.34
1231.8
1178.98
1183.13
1132.69
1164.46
1136.13
1157.76
1149.49
1170.83
1182.03
1204.64
1225.05
1235.28
1260.71
1281.21
1326.14
1395.19
1505.23
1658.19
1806.56
2033.44
274
274
274
274
274
274
274
274
274
274
274
274
274
274
274
274
274
274
274
274
274
274
274
274
274
274
274
274
274
274
274
274
274.003
274.096
276.907
352.593
688.886
797.552
809.912
820.147
831.959
844.747
859.451
878.457
903.096
936.428
982.886
1045.26
1126.46
1228.35
1344.13
1466.18
1592.52
1714.01
1828.24
1928.05
2002.86
2041.44
2063.53
2086.75
2104.2
2128.83
2174.29
2222.3
2261.66
2264.34
1937.05
1529.66
1208.92
1141.48
1114.87
1100.9
1094.34
1091.95
1086.64
1097.83
1111.11
1109.96
1107.85
1131.95
1144.15
1137.03
1129.65
1148.77
1171.42
1162.23
1152.65
1162.99
1183.73
1179.75
1173.17
1177.79
1195.16
1220.13
1216.58
1207.4
1237.87
1275.86
1265.82
1264.59
1262.72
1253.84
1260.03
1228.16
1142.21
1158.33
1097.36
1095.49
1106.68
1092.17
1117.48
1118.66
1135.58
1140.29
1149.27
1150.17
1161.78
1201.97
1244.65
1340.46
1457.61
1606.27
1723.68
1859.99
2016.99
274
274
274
274
274
274
274
274
274
274
274
274
274
274
274
274
274
274
274
274
274
274
274
274
274
274
274
274
274
274
274
274
274.002
274.059
275.881
325.288
653.22
796.103
807.407
815.605
827.695
841.6
856.829
875.428
899.351
931.169
974.371
1032.24
1108.07
1204.34
1317.39
1440.79
1572.82
1704.34
1828.95
1933.8
2005.04
2034.55
2053.85
2078.3
2104.08
2128.16
2168.87
2211
2262.35
2290.1
1955.5
1613.83
1225.36
1145.56
1109.9
1093.73
1087.55
1084.1
1075.59
1085.97
1094.46
1097.07
1091.92
1111.67
1127.67
1116.79
1106.3
1120.55
1144.99
1135.03
1121.18
1130.19
1156.32
1156.19
1149.22
1158.07
1180.14
1200.45
1196.62
1190.17
1220.04
1257
1230.38
1225.8
1224
1221.18
1220.94
1165.47
1126.1
1104.91
1054.49
1075.02
1070.68
1077.78
1090.73
1087.17
1088.97
1087.34
1089.95
1102.76
1135.43
1181.45
1237.08
1335.5
1444.26
1559.84
1613.7
1724.68
1974.98
274
274
274
274
274
274
274
274
274
274
274
274
274
274
274
274
274
274
274
274
274
274
274
274
274
274
274
274
274
274
274
274
274.001
274.028
274.986
300.296
579.9
792.066
808.042
814.121
823.683
836.236
850.628
868.728
890.977
919.385
957.626
1007.55
1072.74
1156.78
1261.18
1384.51
1524.69
1674.86
1817.34
1934.41
1995.76
2018.7
2030.6
2051.33
2089.98
2132.3
2175.18
2215.65
2258.02
2285.14
2125.48
1753.75
1241.84
1127.46
1088.05
1071.98
1068.43
1067.53
1062.4
1054.79
1064.23
1073.07
1061.71
1066.38
1085.74
1077.57
1065.02
1079.84
1108.61
1101.26
1084.47
1095.45
1120.27
1122.45
1107.01
1117.92
1137
1161.94
1152.13
1138.25
1164.52
1182.73
1160.71
1155.29
1162.45
1150.67
1131.1
1055.43
1040.83
1003.65
1002.53
995.443
986.336
982.193
976.437
973.694
973.89
985.758
1004.3
1030.44
1064.98
1102.22
1142.98
1193.68
1236.89
1323.95
1491.15
1674.21
1757.35
274
274
274
274
274
274
274
274
274
274
274
274
274
274
274
274
274
274
274
274
274
274
274
274
274
274
274
274
274
274
274
274
274
274.01
274.398
285.166
475.228
772.082
806.326
813.018
821.625
833.4
845.883
861.369
880.215
904.727
938.417
983.009
1040.73
1113.61
1205.85
1320.79
1459.75
1621.41
1791.48
1924.38
1977.34
1995.92
2010.35
2032.76
2060.05
2102.15
2151.01
2194.74
2236.58
2261.62
2223.58
1881.98
1342.21
1177.23
1108.77
1084.02
1068.15
1056.3
1037.14
1041.56
1047.72
1038.92
1036.76
1035.85
1059.68
1064.9
1043.69
1049.52
1069.77
1073.07
1059.81
1065.11
1084.27
1091.5
1071.2
1067.72
1106.01
1129.57
1124.45
1102.6
1115.7
1132.19
1125.26
1126.12
1109.7
1081.71
996.597
973.583
943.711
932.812
926.507
923.985
927.852
936.038
949.246
967.691
982.412
1001.85
1023.39
1050.02
1076.91
1111.46
1163.83
1273.84
1453.09
1572.85
1586.94
1430.68
1375.69
274
274
274
274
274
274
274
274
274
274
274
274
274
274
274
274
274
274
274
274
274
274
274
274
274
274
274
274
274
274
274
274
274
274.003
274.137
278.191
383.827
720.439
802.101
810.304
818.534
829.765
842.099
855.758
872.357
892.677
920.855
959.267
1010.68
1076.98
1161.44
1269.1
1402.67
1560.94
1737.26
1896.01
1964.55
1985.41
1999.45
2024.54
2054.49
2099.7
2142.66
2179
2209.41
2236.68
2232.23
1895.88
1405.62
1115.68
1053.56
1029.25
1015.52
1008.36
1006.12
1001.45
1000.66
1011.43
1003.12
993.107
1021.75
1032.83
1014.06
1010.07
1032.56
1048.71
1030.82
1032.67
1059.42
1064.48
1056.39
1042.71
1073.96
1109.61
1090.23
1082.39
1089.98
1100.21
1089.08
1078.27
971.136
957.239
911.851
902.48
891.036
897.129
907.364
921.641
929.369
944.018
953.184
965.764
978.505
992.842
1006.98
1031.45
1091.67
1202.13
1411.08
1522
1544.02
1510.06
1509.25
1427.55
954.638
274
274
274
274
274
274
274
274
274
274
274
274
274
274
274
274
274
274
274
274
274
274
274
274
274
274
274
274
274
274
274
274
274
274.001
274.042
275.43
313.584
630.015
795.863
808.117
814.926
825.309
838.072
851.299
865.969
883.368
906.354
938.826
985.287
1048.34
1130.61
1236.27
1366.16
1516.75
1681.32
1841.27
1943.19
1978.31
1991.69
2013.2
2049.55
2090.37
2141.24
2182.72
2204.05
2231.4
2251.68
2027.99
1654.74
1179.11
1068.83
1014.79
996.593
982.063
966.664
970.417
979.42
981.033
984.483
988.091
1004.95
1021.37
1006.45
999.586
1003.32
1010.01
1009.49
1000.59
1028.46
1042.38
1036.52
1029.4
1036.83
1069.36
1068.11
1056.98
1064.12
1057.97
1016
919.472
906.568
887.011
877.844
882.6
895.955
902.515
913.192
918.323
927.297
936.941
940.659
950.718
956.426
998.762
1063.48
1206.52
1375.14
1471.06
1491.45
1493.45
1527.33
1539.2
1440.21
1120.28
986.068
274
274
274
274
274
274
274
274
274
274
274
274
274
274
274
274
274
274
274
274
274
274
274
274
274
274
274
274
274
274
274
274
274
274
274.011
274.452
286.923
497.013
778.666
805.426
811.274
820.955
833.941
847.895
862.413
877.71
895.294
919.855
957.605
1012.67
1088.28
1188.6
1313.48
1457.71
1617.7
1777.96
1908.28
1966.73
1985.35
2003.15
2033.38
2078.09
2133.48
2176.02
2191.82
2219.84
2247.17
2201.07
1825.8
1261.58
1080.93
1017.83
997.383
988.997
998.371
1002.8
1007.61
1003.69
987.835
976.292
972.428
980.551
970.368
957.95
973.179
986.78
988.447
977.029
1000.41
1034.7
1028.28
1016.51
1022.19
1054.49
1055.24
1047.01
994.812
988.67
901.67
887.518
875.097
869.588
880.172
884.768
892.443
897.913
908.077
903.66
910.425
908.498
931.84
969.543
1059.78
1200.27
1345.91
1412.24
1430.81
1476.31
1505.24
1507.07
1479.65
1459.25
1297.58
1149.81
1005.57
274
274
274
274
274
274
274
274
274
274
274
274
274
274
274
274
274
274
274
274
274
274
274
274
274
274
274
274
274
274
274
274
274
274
274.003
274.118
277.783
378.945
721.495
803.357
808.532
815.236
826.361
840.192
855.391
870.547
887.289
908.546
938.425
982.022
1043.83
1129.97
1242.27
1378.94
1535.68
1705.18
1858.88
1948.86
1982.26
1998.46
2023.13
2055.66
2106.4
2130.61
2134.39
2169.38
2236.27
2250.88
1923.28
1489.62
1138.35
1044.66
1008.96
981.836
966.981
955.45
949.42
946.067
934.469
929.601
934.11
947.237
950.788
945.631
961.216
983.172
982.051
981.623
1002.97
1028.06
1029.53
1009.66
1013.03
1028.86
1024.26
961.075
921.712
874.695
860.589
852.562
858.51
874.088
874.891
879.902
882.616
883.746
880.646
887.575
915.585
957.428
1054.29
1203.26
1317.14
1369.02
1391.79
1451.44
1490.38
1499.6
1494.98
1476.25
1474.05
1397.88
1306.5
1156.26
948.708
274
274
274
274
274
274
274
274
274
274
274
274
274
274
274
274
274
274
274
274
274
274
274
274
274
274
274
274
274
274
274
274
274
274
274.001
274.027
274.996
302.416
599.933
799.897
809.331
812.155
821.137
834.799
849.202
865.242
881.023
898.352
922.944
959.616
1010
1080.74
1177.24
1300.21
1446.76
1620.66
1802.55
1933.89
1980.18
1996.26
2015.74
2031.47
2065.16
2087.35
2095.07
2132.23
2180.99
2194.18
2014.29
1647.73
1128
1005.28
948.157
935.355
931.319
936.764
939.273
931.827
918.626
915.812
941.183
949.073
950.234
965.892
979.534
1007.84
1007.21
984.825
984.56
1010.74
1005.83
994.646
983.092
981.552
958.181
892.968
876.839
866.601
868.623
878.687
882.237
883.428
875.507
874.573
871.546
877.713
904.516
955.636
1054.64
1190.77
1287.95
1331.88
1374.77
1417.61
1463.82
1480.43
1484.97
1480.75
1473.78
1480.34
1460.96
1375.12
1242.54
1044.69
875.096
274
274
274
274
274
274
274
274
274
274
274
274
274
274
274
274
274
274
274
274
274
274
274
274
274
274
274
274
274
274
274
274
274
274
274
274.006
274.241
281.38
440.332
766.717
812.966
813.286
817.737
827.538
840.351
859.374
877.879
894.451
913.134
941.518
984.078
1043.62
1126.26
1236.49
1376.45
1549.1
1746.91
1919.06
1979.76
1995.53
2011.29
2021.5
2048.99
2073.64
2082.86
2109.37
2169.9
2195.48
2186.75
1817.61
1289.99
1025.01
963.522
942.792
930.026
919.42
920.95
927.394
938.644
954.285
958.859
969.521
978.72
965.374
962.326
979.503
974.841
961.468
955.319
959.393
970.153
973.527
977.089
957.898
901.206
882.619
881.404
878.093
876.677
877.713
855.767
851.524
843.554
861.664
892.296
955.176
1054.07
1187.12
1266.18
1310.37
1365.89
1396.48
1436.99
1464.2
1475.8
1479.75
1474.43
1471.88
1482.48
1486.65
1427.31
1322.05
1158
969.827
798.413
274
274
274
274
274
274
274
274
274
274
274
274
274
274
274
274
274
274
274
274
274
274
274
274
274
274
274
274
274
274
274
274
274
274
274
274.001
274.05
275.745
325.508
664.628
812.618
816.309
816.726
822.21
833.365
849.589
870.088
890.099
908.193
931.508
963.845
1010.52
1080.52
1180.33
1312.88
1482.76
1690.6
1890.32
1966.19
1985.28
1998.81
2018.11
2040.97
2060.19
2067.79
2094.11
2161.34
2219.13
2247.13
2125.67
1709.09
1167.78
1046.65
990.004
985.048
982.682
980.796
978.205
972.976
955.609
936.95
931.865
929.796
917.981
907.613
923.91
936.899
946.78
955.505
977.002
984.008
990.13
957.927
913.819
881.524
873.075
862.249
838.114
827.174
821.985
831.122
870.056
917.063
1009.59
1128.24
1215.91
1280.81
1305.17
1333.86
1393.9
1419.87
1438.18
1469.86
1481.14
1484.11
1485.18
1484.42
1501
1489.85
1445.87
1345.47
1190.25
1017.97
854.771
714.779
274
274
274
274
274
274
274
274
274
274
274
274
274
274
274
274
274
274
274
274
274
274
274
274
274
274
274
274
274
274
274
274
274
274
274
274
274.01
274.408
286.074
493.213
791.638
819.686
818.099
820.116
828.106
842.259
860.195
879.142
900.66
925.166
956.438
998.354
1055.1
1137.05
1258.63
1426.18
1640.81
1859
1941.2
1958.77
1975.02
1998.07
2010.56
2021.99
2036.62
2064.45
2136.67
2199.11
2210.96
2175.37
1818.29
1268.78
1038.46
945.714
929.948
925.611
910.38
911.728
912.25
908.064
929.223
947.406
934.843
949.761
962.93
976.042
1000.46
1012.34
997.56
984.811
979.508
941.484
879.018
854.139
839.512
824.001
811.132
840.387
877.351
944.892
1032.32
1121.63
1198.93
1263.88
1288.87
1323.25
1341.61
1384.81
1441.12
1464.7
1476.98
1497.21
1514.17
1519.09
1516.79
1517.6
1517.34
1493.97
1434.6
1335.5
1211.44
1041.33
884.828
757.285
648.833
274
274
274
274
274
274
274
274
274
274
274
274
274
274
274
274
274
274
274
274
274
274
274
274
274
274
274
274
274
274
274
274
274
274
274
274
274.002
274.078
276.626
351.901
701.902
817.757
820.178
820.206
824.472
834.943
850.678
868.317
888.687
913.885
944.047
980.084
1028.37
1099.19
1203.99
1354.69
1562.64
1806.49
1915.28
1938.96
1952.62
1967.22
1982.21
1986.73
2004.05
2016.3
2063.29
2146.28
2172.74
2178.57
1881.42
1469.27
1052.14
954.596
944.376
938.416
927.94
953.724
946.312
951.658
958.933
953.307
970.693
981.414
987.844
991.958
995.854
983.434
970.274
942.925
904.247
884.234
877.148
870.835
870.198
925.259
986.296
1071.83
1109.17
1159.07
1178.86
1226.06
1273.49
1319.51
1368.17
1449.22
1492.26
1543.43
1558.61
1561.42
1566.91
1567.5
1562.33
1556.47
1550.79
1518.6
1467.92
1394.72
1283.19
1167
1039.73
914.36
788.398
676.982
589.082
274
274
274
274
274
274
274
274
274
274
274
274
274
274
274
274
274
274
274
274
274
274
274
274
274
274
274
274
274
274
274
274
274
274
274
274
274
274.013
274.536
289.753
526.291
799.217
822.292
821.515
822.999
829.903
842.243
858.016
875.991
898.257
923.849
959.382
1004.24
1064.91
1155.33
1289.17
1483.13
1740.22
1897.02
1929.65
1938.76
1944.36
1962.54
1969.99
1983.17
1995.81
2015.06
2094.4
2159.38
2183.95
2138.24
1767.88
1230.61
1083.06
1019.72
1013.82
999.42
1007.43
1010.14
1011.36
1029.45
1026.17
1059.03
1056.64
1031.33
1025.38
1019.85
1028.16
1040.48
997.274
982.181
972.63
964.763
1004.09
1045.27
1091.1
1111.92
1153.71
1210.63
1274.12
1329.33
1371.01
1386.58
1474.09
1545.91
1578.31
1612.77
1622.17
1621.84
1602.52
1598.03
1578.49
1568.1
1539.41
1490.37
1418.3
1336.71
1240.83
1139.37
1041.41
944.061
828.141
724.284
621.911
537.914
274
274
274
274
274
274
274
274
274
274
274
274
274
274
274
274
274
274
274
274
274
274
274
274
274
274
274
274
274
274
274
274
274
274
274
274
274
274.002
274.085
276.923
361.465
712.275
817.294
821.49
822.875
827.066
836.034
849.21
865.345
883.217
904.274
937.731
979.818
1035.55
1115.97
1235.76
1411.5
1656.51
1869.43
1921.93
1928.89
1931.45
1939.09
1949.92
1974.84
1992.25
2012.52
2079.94
2143.75
2162.12
2164.88
1849.92
1541.11
1275.39
1195.95
1180
1190.62
1186.97
1220.57
1194.96
1193.95
1173.75
1151.74
1142.64
1115.39
1110.05
1100.2
1094.63
1094.76
1067.97
1046.14
1029.08
1050.66
1092.38
1135.75
1189.92
1274.36
1391.86
1445.2
1505.26
1537.46
1567.79
1629.31
1653.07
1664.82
1663.46
1672.53
1668.7
1647.7
1616.67
1599.37
1565.61
1515.75
1443.17
1369.98
1282.77
1205.86
1132.05
1065.88
973.85
859.838
753.953
655.261
571.711
499.009
274
274
274
274
274
274
274
274
274
274
274
274
274
274
274
274
274
274
274
274
274
274
274
274
274
274
274
274
274
274
274
274
274
274
274
274
274
274
274.011
274.478
288.525
521.447
795.927
819.646
821.405
825.107
831.999
842.386
856.225
872.438
888.173
915.978
954.65
1005.49
1075.53
1178.17
1329.2
1541.42
1797.24
1911.42
1927.09
1928.02
1935.43
1947.55
1967.44
1971.39
2002.75
2062.38
2116.41
2136.87
2136.64
1778.9
1480.03
1330.56
1232.92
1223.45
1224
1207.53
1233.16
1237.31
1231.85
1240.2
1245
1257.23
1261.97
1248.98
1199.63
1181.54
1278.78
1250.96
1245.87
1307.03
1366.74
1404.74
1471.4
1503
1528.91
1556.16
1594.98
1627.41
1642.89
1675.46
1687.68
1693.51
1687.18
1667.02
1657.82
1648.19
1623.16
1578.24
1520.64
1444.01
1371.84
1296.29
1235.1
1177.77
1128.08
1078.13
998.38
896.43
783.615
673.545
584.437
513.4
456.968
274
274
274
274
274
274
274
274
274
274
274
274
274
274
274
274
274
274
274
274
274
274
274
274
274
274
274
274
274
274
274
274
274
274
274
274
274
274
274.002
274.06
276.153
341.632
692.234
813.65
820.389
823.517
828.373
836.432
848.225
863.614
879.543
897.493
929.626
974.862
1038.57
1129.71
1261.95
1449.28
1695.28
1881.08
1923.79
1931.41
1939.88
1945.04
1958.52
1949.43
1966.05
1986.93
2007.45
2009.04
1982.46
1640.69
1489.19
1344.29
1294.04
1280.67
1281.36
1290.44
1308.39
1348.94
1390.07
1453.03
1532.36
1627.49
1706.9
1729.28
1706.39
1705.14
1698.93
1700.94
1706.24
1729.93
1750.49
1766.66
1785.94
1794.15
1806.1
1776.52
1760.04
1741.29
1722.2
1718.12
1704.62
1695.88
1678.94
1653.4
1622.8
1581.34
1516.89
1433.1
1352.72
1285.16
1245.58
1206.6
1171.8
1121.69
1078.01
1012.06
905.841
785.332
676.267
587.965
521.198
467.789
423.538
274
274
274
274
274
274
274
274
274
274
274
274
274
274
274
274
274
274
274
274
274
274
274
274
274
274
274
274
274
274
274
274
274
274
274
274
274
274
274
274.007
274.287
283.104
467.465
782.519
818.565
822.668
826.348
831.598
840.716
854.569
870.175
885.332
910.781
947.385
1001.38
1079.69
1193.42
1355.59
1577.75
1817.47
1909.67
1927.07
1935.49
1948.29
1949.53
1933.57
1929.77
1930.45
1925.5
1921.23
1924.41
1702.83
1554.82
1424.4
1421.99
1414.85
1435.77
1481.93
1505.75
1571.53
1630.13
1709.68
1799.69
1894.26
1952.91
1962.68
1934.25
1925.2
1913.4
1911.46
1909.81
1911.81
1914.55
1910.12
1901.55
1885.92
1861.82
1825.25
1795.98
1766.22
1731.32
1704.9
1676.56
1644.95
1604.77
1544.3
1471.57
1397.61
1329.86
1275.51
1234.85
1205.61
1188.44
1158.79
1123.74
1078.04
1010.61
915.958
808.155
703.925
610.453
533.972
476.16
431.195
395.113
274
274
274
274
274
274
274
274
274
274
274
274
274
274
274
274
274
274
274
274
274
274
274
274
274
274
274
274
274
274
274
274
274
274
274
274
274
274
274
274.001
274.029
275.114
308.245
628.161
807.747
820.391
824.675
828.579
835.029
846.145
861.449
878.32
897.384
923.03
964.939
1029.34
1126.96
1269.4
1468.85
1719.46
1872.56
1907.57
1920.43
1932.13
1924.06
1850.14
1829.82
1840.03
1862.2
1927.76
1954.39
1862.48
1841.48
1637.43
1605.73
1597.8
1599.8
1639.46
1673.67
1751.9
1839.88
1885.86
1944.58
1994.63
2008.61
2008.58
1987.77
1980.98
1980.25
1973.63
1962.64
1948.97
1940.46
1924.54
1900.67
1875.28
1840.51
1802.78
1759.73
1713.06
1662.85
1603.19
1540.06
1473.75
1411.56
1357.04
1307.15
1260.95
1227.83
1203.32
1183.41
1168.19
1147.4
1108.31
1063
992.518
908.852
808.197
703.577
614.259
540.138
481.743
437.003
401.072
372.672
274
274
274
274
274
274
274
274
274
274
274
274
274
274
274
274
274
274
274
274
274
274
274
274
274
274
274
274
274
274
274
274
274
274
274
274
274
274
274
274
274.003
274.118
277.988
388.127
736.605
814.56
821.765
825.849
830.26
838.451
851.442
867.701
884.857
904.377
932.425
981.178
1057.95
1176.47
1349.75
1587.01
1811.72
1875.77
1885.24
1894.67
1904.18
1874.86
1825.36
1809.37
1828.28
1890.69
1962.26
2015.13
1962.73
1845.54
1836.31
1822.91
1830.02
1863.46
1877.53
1919.35
1950.91
1961.85
1973.33
1982.71
1985.25
1981.74
1972.42
1961.13
1950.41
1937.4
1919.58
1891.3
1861.82
1825.94
1784.56
1743.69
1698.62
1658.26
1605.03
1544.75
1483.36
1426.93
1377.15
1333.27
1293
1258.94
1230.95
1204.67
1185.1
1168.81
1152.02
1123.16
1095.32
1042.7
975.732
892.115
801.241
706.737
617.657
546.125
488.886
443.874
408.649
380.897
360.449
274
274
274
274
274
274
274
274
274
274
274
274
274
274
274
274
274
274
274
274
274
274
274
274
274
274
274
274
274
274
274
274
274
274
274
274
274
274
274
274
274
274.01
274.415
286.866
506.614
789.026
817.229
822.53
826.134
831.82
841.797
856.316
872.307
888.937
909.576
941.19
996.029
1084.17
1220.5
1419.55
1673.69
1847.62
1885.89
1897
1913.24
1923.91
1924.73
1938.17
1930.75
1939.65
1968.24
2033.73
2040.1
2031.14
1991.79
1961.38
1956.7
1972.99
1975.51
1983.11
1988.72
1981.61
1977.81
1967.84
1948.22
1922.59
1893.11
1864.66
1831.04
1801.32
1768.68
1731.64
1693.94
1661.86
1625.5
1587.37
1549.73
1509.84
1470.18
1429.08
1391.97
1354.79
1321.43
1290.78
1262.41
1236.25
1209.85
1185.34
1165.85
1144.41
1114.11
1079.06
1025.03
950.304
870.691
782.133
697.116
618.386
550.585
496.924
455.956
422.692
395.113
373.196
355.573
274
274
274
274
274
274
274
274
274
274
274
274
274
274
274
274
274
274
274
274
274
274
274
274
274
274
274
274
274
274
274
274
274
274
274
274
274
274
274
274
274
274.001
274.032
275.218
311.169
633.075
804.33
817.605
821.816
825.955
833.09
845.135
860.173
875.506
891.354
912.186
947.047
1006.14
1102.57
1251.69
1465.72
1736.66
1875.28
1902.29
1911.47
1920.22
1928.19
1940.19
1940.69
1941.14
1956.27
2005.63
2035.67
2040.42
2002.18
1977.3
1979.9
1988.31
1982.53
1973.71
1965.06
1940.26
1914.36
1880.83
1837.27
1797.91
1766.23
1738.76
1712.4
1683.97
1650.83
1623.54
1591.45
1563.24
1533.16
1502.62
1477.2
1448.76
1416.18
1383.09
1352.6
1323.17
1295.33
1268.21
1241.6
1217.04
1190.08
1161.53
1135.7
1101.67
1054.15
992.924
921.488
843.402
769.269
694.225
625.312
562.731
508.985
466.756
432.179
404.421
382.128
365.044
351.753
274
274
274
274
274
274
274
274
274
274
274
274
274
274
274
274
274
274
274
274
274
274
274
274
274
274
274
274
274
274
274
274
274
274
274
274
274
274
274
274
274
274
274.002
274.096
277.251
370.545
719.405
808.981
816.151
819.507
824.592
833.635
847.355
862.399
876.361
891.793
913.093
949.327
1012.02
1113.78
1270.63
1495.98
1770.78
1887.6
1905.27
1911.91
1911.49
1908.49
1921.26
1929.94
1949.62
1995.84
2013.94
2017.32
1994.99
1969.78
1949.59
1935.79
1906.74
1870.76
1834.97
1796.68
1768.01
1748.65
1728.99
1711.74
1690.27
1666.36
1643.4
1622.19
1596.33
1579.27
1559.59
1534.07
1509.33
1485.27
1458.5
1429.53
1400.03
1370.07
1339.46
1307.25
1273.36
1239.86
1207.09
1176.08
1145.82
1114.85
1074.88
1022.43
961.313
892.266
818.723
744.695
678.364
614.685
558.952
509.983
469.969
439.172
412.818
390.838
373.507
359.977
349.751
274
274
274
274
274
274
274
274
274
274
274
274
274
274
274
274
274
274
274
274
274
274
274
274
274
274
274
274
274
274
274
274
274
274
274
274
274
274
274
274
274
274
274
274.006
274.237
281.655
447.144
766.615
809.678
814.245
817.705
823.354
833.605
847.241
861.6
875.587
890.914
912.733
950.591
1014.46
1115.17
1266.95
1486.43
1759.94
1879.03
1898.58
1900.43
1880.28
1869.73
1870.83
1885.06
1913.79
1945.67
1955.86
1936.06
1893.72
1838.08
1786.99
1751.97
1729.5
1713.75
1698.35
1692.45
1689.49
1680.19
1675.63
1670.92
1661.38
1650.12
1641.69
1624.94
1610.63
1591.65
1569.56
1552.78
1538.25
1518.93
1496.41
1470.32
1438.68
1401.04
1357.32
1308.8
1260.62
1213.92
1167.26
1115.57
1057.69
993.147
924.913
855.264
785.083
718.225
656.6
603.414
553.172
510.593
473.712
442.951
418.419
398.339
381.165
367.752
356.7
348.369
274
274
274
274
274
274
274
274
274
274
274
274
274
274
274
274
274
274
274
274
274
274
274
274
274
274
274
274
274
274
274
274
274
274
274
274
274
274
274
274
274
274
274
274
274.013
274.491
289.326
526.16
786.894
809.307
812.068
814.744
820.216
830.601
844.568
858.802
873.84
890.348
912.235
948.217
1006.86
1098.2
1234.7
1431.67
1680.57
1832.5
1870.95
1869.7
1848.55
1837.43
1821.17
1810.41
1805.88
1802.71
1794.22
1764.65
1746.89
1731.16
1711.06
1706.32
1711.17
1719.24
1731.62
1749.22
1753.42
1755.79
1778.43
1790.44
1776.63
1748.07
1712.01
1673.24
1632.57
1591.34
1553.25
1516.61
1481.22
1449.32
1419.97
1392.93
1368.58
1346.14
1323.39
1296.05
1260.74
1214.41
1154.46
1077.24
981.535
881.93
801.938
728.384
661.616
604.292
557.657
515.804
480.527
450.466
425.337
405.265
388.822
375.572
364.796
355.786
347.97
274
274
274
274
274
274
274
274
274
274
274
274
274
274
274
274
274
274
274
274
274
274
274
274
274
274
274
274
274
274
274
274
274
274
274
274
274
274
274
274
274
274
274
274
274.001
274.025
274.879
300.577
592.893
793.79
806.546
807.859
810.393
816.303
826.75
839.328
854.384
871.303
887.628
906.839
938.785
989.406
1065.72
1175.26
1327.15
1516.15
1698.31
1793.12
1815.22
1822.02
1816.06
1805.7
1790.3
1775.37
1776.16
1775.13
1774.32
1777.38
1786.37
1804.63
1814.31
1825.4
1865.85
1864.17
1823.34
1759.24
1669.31
1572.96
1489.83
1418.84
1358.85
1308.62
1265.68
1228.92
1197.96
1170.24
1146.06
1124.56
1104.86
1086.69
1070.87
1057.86
1046.08
1035.06
1024.65
1014.11
1002.43
987.694
965.814
930.668
874.892
806.015
729.269
645.571
576.759
526.893
486.605
454.242
428.267
407.958
391.469
377.959
366.786
357.072
349.073
274
274
274
274
274
274
274
274
274
274
274
274
274
274
274
274
274
274
274
274
274
274
274
274
274
274
274
274
274
274
274
274
274
274
274
274
274
274
274
274
274
274
274
274
274
274.001
274.042
275.371
314.189
636.461
793.468
801.71
802.93
806.365
813.137
822.387
835.202
851.034
867.791
882.535
901.08
927.911
968.226
1025.09
1106.37
1212.94
1343.45
1494.33
1643.3
1731.16
1775.43
1797.28
1808.53
1823.12
1840.47
1858.03
1870.86
1872.85
1859.45
1853.37
1814.23
1732.54
1610.4
1492.79
1392.72
1309.63
1241.31
1184.9
1137.55
1097.27
1063.11
1032.71
1005.29
981.566
960.409
941.764
925.168
910.3
896.741
884.149
872.763
862.753
853.444
844.928
837.193
829.905
822.872
815.606
807.175
796.968
784.615
769.067
750.544
728.143
696.148
650.221
598.815
542.053
485.014
445.905
419.147
398.05
381.367
368.478
359.178
274
274
274
274
274
274
274
274
274
274
274
274
274
274
274
274
274
274
274
274
274
274
274
274
274
274
274
274
274
274
274
274
274
274
274
274
274
274
274
274
274
274
274
274
274
274
274.002
274.06
275.844
325.555
652.93
787.179
795.11
797.982
803.042
809.769
820.261
834.143
850.106
866.482
881.286
898.213
921.641
951.724
992.551
1045.7
1106.7
1183.27
1272.11
1356.32
1445.64
1529.25
1599.41
1656.08
1684.1
1693.51
1698.3
1663.07
1567.37
1446.55
1342.29
1260.76
1194.11
1135.62
1085.71
1043
1006.43
975.753
949.401
925.828
904.992
884.995
866.491
849.69
834.421
820.931
808.7
797.353
786.891
776.698
767.284
758.542
749.817
741.636
733.889
726.401
719.25
712.292
705.086
697.858
689.975
680.025
668.871
656.252
643.976
631.644
618.883
605.368
589.212
561.376
526.508
485.82
442.613
411.178
391.37
274
274
274
274
274
274
274
274
274
274
274
274
274
274
274
274
274
274
274
274
274
274
274
274
274
274
274
274
274
274
274
274
274
274
274
274
274
274
274
274
274
274
274
274
274
274
274
274.003
274.073
276.096
327.726
641.254
774.02
787.548
794.988
802.031
810.587
824.991
841.906
863.415
885.931
908.466
934.926
968.847
1010.35
1061.91
1120.56
1193.43
1277.54
1346.24
1407.84
1458.99
1506.34
1510.98
1463.59
1408.12
1331.36
1246.44
1174.1
1113.77
1063.06
1020.77
985.951
956.906
931.77
908.982
887.516
867.77
849.64
832.781
817.22
802.181
787.823
774.301
761.75
750.235
739.479
729.153
719.49
710.382
701.59
692.905
684.355
676.025
667.98
660.071
652.254
644.31
636.175
627.79
620.379
613.305
607.092
600.107
593.18
585.779
577.296
568.355
558.7
549.584
541.663
535.105
527.746
511.052
481.819
274
274
274
274
274
274
274
274
274
274
274
274
274
274
274
274
274
274
274
274
274
274
274
274
274
274
274
274
274
274
274
274
274
274
274
274
274
274
274
274
274
274
274
274
274
274
274
274
274.003
274.076
275.934
317.403
592.951
752.233
779.487
795.992
814.966
838.617
863.937
895.079
927.793
963.657
1008.3
1061.2
1114.79
1172.55
1231.36
1302.3
1336.85
1339.53
1333.15
1315.01
1275.71
1216.48
1158.36
1105.39
1057.84
1018.14
987.597
963.288
940.676
919.035
898.533
879.37
861.658
845.026
829.332
814.701
801.011
788.184
775.895
763.744
751.739
740.003
728.557
717.277
706.068
695.329
685.191
675.17
665.264
655.521
645.93
636.627
627.843
619.403
611.21
602.987
594.861
586.426
578.623
571.252
564.221
556.943
549.573
542.37
536.663
532.456
527.822
523.016
517.95
513.538
509.698
505.797
502.162
274.001
274.001
274.001
274.001
274.001
274.001
274.001
274.001
274.001
274.001
274.001
274.001
274.001
274.001
274.001
274.001
274.001
274.001
274.001
274.001
274.001
274.001
274.001
274.001
274.001
274.001
274.001
274.001
274.001
274.001
274.001
274.001
274.001
274.001
274.001
274.001
274.001
274.001
274.001
274.001
274.001
274.001
274.001
274.001
274.001
274.001
274.001
274.001
274.001
274.004
274.067
275.438
301.322
507.424
709.353
785.341
838.689
910.116
984.729
1043.69
1096.89
1147.59
1233.75
1258.2
1254.27
1246.6
1236.51
1219.43
1197.92
1170.6
1137.23
1100.73
1068.4
1039.56
1013.24
988.505
965.487
944.113
924.429
906.877
890.141
874.274
858.5
843.012
828.362
814.153
800.48
787.174
774.092
761.631
749.651
737.971
726.344
714.811
703.162
691.128
679.314
668
656.99
646.378
635.936
625.838
616.164
607.071
598.633
590.747
583.387
576.281
569.487
562.581
555.857
549.198
542.762
536.603
530.76
525.307
520.006
514.919
510.145
505.526
500.938
496.57
492.651
489.557
488.11
274.002
274.002
274.002
274.002
274.002
274.002
274.002
274.002
274.002
274.002
274.002
274.002
274.002
274.002
274.002
274.002
274.002
274.002
274.002
274.002
274.002
274.002
274.002
274.002
274.002
274.002
274.002
274.002
274.002
274.002
274.002
274.002
274.002
274.002
274.002
274.002
274.002
274.002
274.002
274.002
274.002
274.002
274.002
274.002
274.002
274.002
274.002
274.002
274.002
274.002
274.005
274.053
274.911
288.486
418.443
700.648
919.212
1138.04
1196.58
1201.56
1199.15
1197.4
1188.12
1164.63
1135.65
1109.44
1084.65
1062.38
1042.72
1025.31
1009.91
995.92
982.829
970.313
957.819
944.8
931.177
916.467
900.124
882.903
866.139
849.877
833.851
818.406
803.429
789.245
775.45
761.792
748.541
735.765
723.748
712.311
701.255
690.323
679.105
668.004
657.225
646.827
636.785
627.006
617.298
607.684
598.3
589.177
580.433
572.052
564.052
556.537
549.52
542.659
536.132
529.96
524.11
518.724
513.739
509.142
504.816
500.509
496.302
492.342
488.631
485.211
482.004
478.963
476.2
)
;

boundaryField
{
    wall
    {
        type            zeroGradient;
    }
    inlet
    {
        type            fixedValue;
        value           uniform 3673;
    }
    outlet-1
    {
        type            inletOutlet;
        inletValue      uniform 274;
        value           nonuniform List<scalar> 
60
(
283.21
284.739
284.244
284.823
285.041
285.438
285.969
286.604
287.286
288.092
289.281
290.965
293.195
295.852
298.794
301.967
305.313
308.129
309.509
301.639
282.721
274
274
274
274
274
274
274
274
274
274
274
274
274
274
274
274
274
274
282.554
301.249
309.391
308.057
305.261
301.923
298.754
295.816
293.162
290.932
289.248
288.058
287.252
286.571
285.936
285.405
285.008
284.791
284.216
284.709
283.188
)
;
    }
    outlet-2
    {
        type            inletOutlet;
        inletValue      uniform 274;
        value           nonuniform List<scalar> 
89
(
274.002
274.001
274
274
274
274
274
274
274
274
274
274
274
274
274
274
274
274
274
274
274
274
274
274
274
274
274
274
274
274
274
274
274
274
274
274
274
274
274
274
274
274
274
274
274
274
274
274
274
274
274
274
274
274
274
274
274
274
274
274
274
274
274
274
274
274
274
274
274
274
274
274
274
274
274
274
274
274
274
274
274
274
274
274
274
274
274
274.001
274.002
)
;
    }
    frontAndBackPlanes
    {
        type            empty;
    }
}


// ************************************************************************* //
