/*--------------------------------*- C++ -*----------------------------------*\
| =========                 |                                                 |
| \\      /  F ield         | OpenFOAM: The Open Source CFD Toolbox           |
|  \\    /   O peration     | Version:  2112                                  |
|   \\  /    A nd           | Website:  www.openfoam.com                      |
|    \\/     M anipulation  |                                                 |
\*---------------------------------------------------------------------------*/
FoamFile
{
    version     2.0;
    format      ascii;
    arch        "LSB;label=32;scalar=64";
    class       volScalarField;
    location    "0.00169";
    object      T;
}
// * * * * * * * * * * * * * * * * * * * * * * * * * * * * * * * * * * * * * //

dimensions      [0 0 0 1 0 0 0];

internalField   nonuniform List<scalar> 
13875
(
1411.73
1534.92
1482.69
1486.75
1481.09
1483.51
1483.59
1483.12
1483.76
1483.21
1484.28
1483.62
1483.74
1483.45
1483.61
1483.9
1482.89
1483.11
1483.11
1483.69
1480.98
1487.42
1480.7
1533.22
1397.66
1306.97
1356.03
1319.12
1322.05
1316.61
1317.11
1317.07
1317.79
1322.42
1322.43
1322.91
1317.94
1317.52
1317.34
1318.1
1322.68
1321.29
1317.9
1316.95
1317.39
1316.32
1321.94
1319.62
1356.22
1302.3
1307.05
1339.62
1314.67
1311.1
1303.94
1304.28
1303.71
1303.71
1305.16
1303.34
1305.69
1303.82
1303.72
1303.31
1303.63
1304.02
1303.23
1303.42
1303.37
1304.39
1303.65
1310.76
1311.55
1336.05
1297.2
1317.19
1345.02
1315.14
1308.74
1305.11
1304.75
1303.9
1303.85
1303.76
1302.1
1303.78
1303.85
1303.75
1303.38
1303.67
1303.15
1302.45
1303.66
1303.47
1304.7
1304.43
1307.66
1313.99
1343.76
1312.39
1329.37
1341.74
1316.16
1311.73
1303.51
1304.11
1304
1303.85
1303.55
1302.23
1303.94
1304.06
1303.9
1303.59
1303.82
1303.31
1302.31
1303.42
1303.66
1304.33
1303.32
1311.41
1312.16
1338.62
1316.61
1332.21
1351.54
1319.43
1310.01
1307.08
1306.24
1304.96
1304.51
1304.08
1302.54
1303.88
1304.31
1304.28
1303.99
1304.15
1303.73
1302.84
1304.36
1304.49
1306.09
1306.31
1308.45
1319.05
1349.13
1326.38
1339.21
1360.53
1329.7
1317.08
1307.15
1306.46
1305.55
1304.91
1304.4
1303.29
1304.67
1305.09
1305.06
1304.81
1305.01
1304.29
1303.34
1304.57
1305.08
1306.47
1306.86
1317.13
1326
1358.41
1321.56
1361.75
1386.28
1345.85
1322.03
1316.82
1312.48
1309.29
1307.43
1306.38
1304.99
1305.83
1306.44
1306.66
1306.42
1306.35
1305.73
1305.26
1307.07
1308.11
1311.64
1315.24
1320.79
1341.7
1381.29
1350.46
1535.24
1509.11
1389.67
1352.5
1324.16
1317.02
1313.22
1310.42
1309.57
1308.15
1308.81
1309.56
1309.97
1309.8
1309.57
1309.09
1308.32
1309.98
1311.58
1316.08
1322.39
1348.29
1384.46
1508.17
1523.39
1861.91
1589.95
1438.72
1368.45
1346.12
1329.79
1322.45
1318.48
1316.7
1314.99
1315.43
1316.14
1316.87
1316.74
1316.28
1316.17
1315.37
1317.63
1320.51
1328.01
1340.68
1364.15
1428.2
1568.74
1831.96
2522.45
1803.4
1541.56
1447.18
1367.98
1348.86
1339.28
1334.68
1331.89
1330.03
1330.33
1330.76
1331.79
1331.67
1331.14
1331.46
1330.84
1333.69
1336.99
1345.24
1362.01
1429.99
1516.38
1810.07
2448.65
2891.49
2308.6
2111.68
1534
1447.54
1411.73
1384.4
1376.24
1369.31
1366.86
1366.71
1366.17
1367.76
1367.21
1366.97
1367.72
1368.25
1373.45
1380.13
1405.52
1430.91
1491.51
1764.26
2311.82
2850.35
2851.46
2769.32
2642
2389.21
1649.36
1550.1
1523.43
1503.07
1490.4
1486.92
1486.83
1483.06
1487.92
1484.36
1484.86
1486.06
1488.69
1497.61
1516.01
1544.91
1657.03
2369.92
2430.15
2716.96
2789.25
2769.73
2747.59
2859.08
2852.99
2223.96
2248.59
2044.61
1951.93
1909.35
1860.26
1887.86
1838.22
1878.71
1849.86
1860.06
1863.13
1881.12
1932.49
2043.77
2199.41
2153.36
2864.08
2873.47
2738.32
2712.19
2652.65
2742.4
2864.76
2849.74
2879.18
3176.61
3444.68
3423.32
3688.53
3540.02
3682.84
3582.04
3670.04
3626.38
3658.5
3621.13
3643.29
3518.14
3459.15
3191.42
2906.84
2869.4
2860.41
2694.77
2675.97
2536.65
2664.09
2878.12
2983.54
2995.83
3326.13
3597.22
3682.64
3689.87
3675.3
3623.49
3647.37
3603.49
3638.87
3635.86
3660.82
3681.92
3720.59
3646.65
3444.81
3052.18
2985.03
2891.79
2695.68
2590.16
2480.19
2608.65
2741.71
2943.16
3033.2
3345.86
3571.2
3666.26
3665.63
3654.84
3612.42
3625.44
3594.53
3619.87
3615.26
3640.93
3664.39
3711.43
3635.78
3449.77
3106.96
3005.39
2800.88
2608.71
2508.3
2295.75
2579.83
2840.67
2946.8
2951.27
3198.27
3365.51
3458.11
3502.6
3498.34
3504.07
3497.19
3494.33
3498.47
3498.68
3505.14
3501.47
3484.4
3401.36
3240.65
3025.3
3020.31
2854.85
2590.29
2329.45
2216.02
2308.59
2614.52
2766.04
2740.19
2873.97
3119.07
3288.3
3381.03
3396.75
3399.41
3397.82
3399
3402.64
3397.61
3402.47
3405.49
3373.59
3196.81
2932.41
2784.01
2828.95
2667.44
2348.34
2260.83
2306.54
2247.6
2365.93
2535
2557.58
2631.37
2846.43
3082.8
3242.82
3300.09
3310.39
3310.52
3312.63
3313.54
3311.66
3316.02
3290.56
3158.12
2889.17
2670.59
2596.08
2579.4
2360.18
2262.39
2359.63
2895.93
2256.11
2186.75
2335.84
2401.18
2477.18
2669.09
2903.46
3088.27
3181.13
3213.61
3216.73
3217.04
3218.96
3215.56
3201.84
3131.54
2948.92
2689.23
2506.03
2427.97
2353.33
2170.97
2219.89
2795.61
2840.16
2043.11
1990.32
2181.22
2273.8
2368.13
2536.63
2761.14
2959.4
3067.09
3100.38
3110.85
3112.41
3111.91
3102.41
3081.57
2987.44
2785.76
2548.24
2395.35
2292.18
2184.28
1995.83
2037.76
2838.62
2863.17
2050.38
1890.8
2064.42
2174.04
2281.03
2422.05
2626.74
2823.38
2950.91
3000.52
3005.48
3006.1
3004.86
2997.57
2963.81
2850.12
2646.87
2434.86
2307.77
2193.92
2073.41
1876.42
2047.6
2951.33
2811.91
2034.59
1880.01
2009.86
2097.86
2197.15
2331.95
2531.33
2720.2
2839.27
2884.56
2898.86
2899.38
2896.63
2881.38
2849.55
2741.95
2545.4
2337.91
2218.42
2116.44
2017.29
1875.44
2017.21
2781.1
2739.28
2030.11
1908.64
1976
2033.02
2116.75
2243.54
2437.05
2616.48
2738.36
2788.55
2795.25
2796.99
2793.81
2782.93
2744.48
2629.63
2439.56
2245.22
2133.27
2061.11
1993.94
1895.23
2034.5
2758.81
2713.12
2052.93
1924.7
1958.57
1985.52
2050.25
2176.21
2361.7
2530.13
2638.25
2680.64
2695.71
2698.74
2694.68
2675.4
2642.37
2544.25
2368.66
2175.88
2065.14
2007.3
1979.28
1914.43
2027.79
2680.76
2690.52
2080.85
1950.55
1954.77
1941.38
1992.49
2112.01
2288.32
2444.25
2550.14
2596.73
2601.39
2603.65
2598.92
2588.43
2549.44
2454.31
2289.68
2112.24
2004.03
1966.87
1978.4
1940.58
2061.02
2673.95
2693.01
2146.99
1993.11
1945.11
1913.84
1952.99
2069.91
2234.77
2376.52
2462.46
2497.27
2510.83
2514.44
2511.59
2491.37
2461.11
2381.66
2234.03
2061.91
1960.26
1933.62
1966.62
1973.24
2120.63
2677.47
2723.31
2163.25
1994.85
1943.55
1899.11
1916.87
2020.37
2171.28
2298.66
2383.38
2425.07
2426.42
2430.33
2423.13
2418.55
2382.56
2309.81
2175.65
2022.81
1926.63
1920.44
1963.13
1997.54
2119.63
2675.04
2764.19
2177.85
2016.87
1942.69
1879.57
1899.56
1998.25
2133.97
2245.45
2310.51
2336.5
2347.72
2349.97
2347.82
2331.03
2308.65
2251.52
2137.21
1990.49
1904.87
1894.88
1956.16
2006.59
2148.2
2727.65
2735.35
2173.47
1997.11
1938.83
1866.61
1885.21
1969.15
2087.84
2181.22
2238.1
2274.98
2270.37
2276.8
2269.04
2268.56
2238.58
2188.79
2090.44
1965.95
1886.75
1884.54
1953.92
2007.42
2144.7
2724.44
2724.65
2184.27
2037.25
1939.68
1852.35
1869.43
1951.4
2058.43
2136.65
2179.26
2197.15
2205.07
2206.92
2204.7
2191.57
2179.24
2146.15
2068.52
1948.36
1872.56
1867.04
1943.01
2020.68
2157.25
2696.04
2696.37
2180.12
2039.83
1930.59
1848.15
1858.39
1931.38
2018.45
2082.46
2114.9
2146
2135.82
2144.1
2136.55
2140.08
2116.71
2089.04
2027.45
1931.58
1859
1864.99
1948.07
2032.55
2150.57
2682.95
2674.1
2176.28
2095.44
1949.65
1848.36
1847.37
1920.93
1997.76
2048.12
2069.98
2079.62
2083.09
2084.5
2082.2
2072.53
2069.74
2054.29
2007.59
1917.18
1844.44
1853
1950.32
2070.88
2156.13
2658.87
2670.46
2184.68
2117.4
1944.88
1859.7
1838.54
1899.76
1960.77
1996.62
2012.86
2039.64
2022.4
2031.64
2024.36
2032.62
2013.23
2002.43
1973.79
1903.07
1838.85
1871.57
1957.63
2122.51
2152.34
2638.65
2644.65
2176.41
2117.17
1968.59
1869.26
1835.27
1888.53
1942.69
1970.91
1979.68
1980.86
1981.04
1981.8
1980.71
1974.66
1979.37
1973.75
1949.95
1886.41
1830.47
1868.57
1976.29
2123.45
2162.53
2619.89
2618.59
2164.62
2111.76
1988.53
1889.17
1843.18
1877.39
1909.67
1925.72
1929.36
1953.14
1928.88
1938.19
1930.35
1944.91
1928.68
1927.81
1918.03
1877.35
1833.8
1892.02
1997.68
2119.19
2153.83
2596.66
2599.07
2147.96
2110.23
2050.73
1907.14
1855.45
1869.39
1893.39
1901.68
1903.01
1900.45
1895.21
1896.76
1897.08
1893.86
1902.88
1903.5
1897.02
1871.57
1848.97
1895.29
2049.85
2113.24
2136.1
2570.24
2581.2
2138.28
2093.73
2040.97
1925.46
1869.54
1868.83
1865.6
1863.69
1857.83
1879.18
1853.26
1860.9
1854.01
1871.57
1858.5
1864
1873.94
1871.78
1864.83
1924.32
2049.84
2102.21
2119.81
2555.65
2549.71
2118.87
2064.74
2041.47
1969.42
1896.09
1885.41
1856.68
1846.22
1839.82
1833.24
1822.95
1826.38
1826.49
1825.54
1839.05
1847.52
1856.21
1882.05
1882.72
1963.4
2048.05
2072.14
2109.23
2532.75
2533.6
2111.76
2035.47
2030.59
2027.14
1915.73
1898.88
1841.99
1818.25
1797.88
1816.55
1789.96
1796.54
1790.57
1809.75
1799.25
1817.97
1854.09
1904.7
1899.59
2023.34
2041.3
2041.35
2089.06
2509.23
2505.97
2098.02
2007.13
2011.34
2025.57
1951.9
1903.08
1856.3
1811.96
1792.02
1777.1
1764.19
1767.41
1767.16
1770.56
1792.99
1812.2
1849.45
1909.34
1935.24
2021.56
2024.2
2013.15
2084.38
2496.58
2489.21
2088.68
1990.16
1986.38
2018.05
2003.77
1931.31
1857.6
1798.32
1754.49
1765.68
1734.92
1743.08
1737.13
1760.85
1755.15
1798.16
1867.94
1940.51
1977.53
2011.76
2003.43
1995.67
2080.77
2486.78
2462.61
2080.41
1972.57
1952.11
1997.09
2045.88
1947.89
1877.33
1809.09
1770.45
1735.76
1718.91
1718.27
1720.17
1728.88
1773.91
1804.62
1867.61
1960.88
2050.13
1996.86
1969.27
1978.5
2071.22
2467.37
2453.5
2082.28
1965.29
1931.69
1973.46
2024.65
2005.68
1890.13
1809.82
1736.18
1734.4
1692.32
1699.83
1696.38
1730.48
1737.58
1813.85
1896.08
2032.63
2032.37
1969.79
1948.51
1972.72
2073.64
2457.77
2427.34
2059.18
1958.32
1906.82
1933.68
2015.22
2078.88
1938.91
1822.19
1775.99
1724.78
1692.52
1685.16
1692.86
1715.65
1778.9
1821.37
1913.04
2084.14
2011.91
1934.86
1920.45
1963.82
2062.35
2427.96
2414.19
2059.14
1947.14
1893.76
1911.25
1983.66
2061.83
2011.76
1847.83
1745.89
1734.94
1678.61
1680.1
1682.15
1729.23
1744.49
1852.14
1989.67
2063.26
1979.92
1911.66
1908.98
1953.11
2054.58
2418.28
2375.62
2038.7
1946.44
1885.28
1876.71
1944.3
2042.62
2069.58
1890.09
1792.84
1726.3
1695.18
1681.15
1697.62
1720.27
1794.66
1904.15
2073.33
2042.73
1936.57
1879
1893.67
1948.96
2036.78
2368.99
2344.51
2027.38
1926.35
1869.63
1872.27
1911.67
2019.89
2048.52
1992.55
1777.91
1748.62
1681.68
1684.15
1683.46
1746.1
1780.04
2007.18
2051.42
2018.48
1904.93
1870.31
1883.18
1928.78
2022.89
2341.87
2204.73
1976.25
1910.16
1867.9
1849.66
1881.33
1974.55
2038.14
2025
1874.83
1759.16
1708.72
1692.34
1711.14
1752.18
1868.94
2031.28
2042.39
1970.81
1876.02
1847.35
1872.38
1912.77
1970.97
2198.4
273.89
273.971
274.043
274.073
274.032
274.038
274.092
274.168
274.245
274.268
274.233
274.166
274.101
274.053
274.025
274.011
274.005
274.002
274
274
274
274
274
274
273.999
274.001
273.995
274.003
273.991
274.009
274.1
274.171
274.247
274.277
274.231
274.216
274.25
274.315
274.385
274.385
274.325
274.23
274.139
274.074
274.035
274.016
274.006
274.002
274
274
273.999
273.999
273.999
273.999
273.998
274
273.993
274.004
273.987
274.016
274.246
274.297
274.357
274.368
274.301
274.247
274.264
274.335
274.414
274.425
274.363
274.259
274.158
274.084
274.04
274.018
274.007
274.002
274
274
273.999
273.999
273.999
273.999
273.998
274
273.995
274.003
273.992
274.011
274.266
274.332
274.392
274.388
274.302
274.233
274.243
274.336
274.44
274.456
274.394
274.282
274.172
274.092
274.044
274.02
274.008
274.003
274
274
274
274
274
273.999
273.999
274
273.996
274.003
273.996
274.007
274.26
274.347
274.413
274.41
274.309
274.226
274.233
274.336
274.468
274.484
274.419
274.299
274.182
274.097
274.047
274.021
274.008
274.003
274
274
274
274
274
273.999
273.999
274
273.997
274.002
273.998
274.005
274.276
274.377
274.458
274.473
274.355
274.259
274.257
274.358
274.501
274.508
274.436
274.309
274.188
274.1
274.048
274.021
274.008
274.003
274
274
274
274
274
274
273.999
274
273.998
274.001
273.999
274.004
274.313
274.464
274.574
274.615
274.513
274.402
274.359
274.451
274.552
274.532
274.448
274.314
274.19
274.101
274.048
274.021
274.008
274.003
274
274
274
274
274
274
274
274
273.999
274.001
273.999
274.003
274.442
274.722
274.901
275.028
275.002
274.87
274.715
274.698
274.679
274.579
274.461
274.315
274.189
274.101
274.048
274.021
274.008
274.003
274
274
274
274
274
274
274
274
273.999
274
274
274.003
274.793
275.36
275.735
276.233
276.496
276.379
275.94
275.446
275.036
274.716
274.506
274.324
274.19
274.1
274.048
274.021
274.008
274.002
274
274
274
274
274
274
274
274
273.999
274
274
274.003
275.77
277.042
277.97
279.387
280.473
280.674
279.858
278.065
276.279
275.178
274.656
274.364
274.198
274.1
274.047
274.02
274.008
274.002
274
274
274
274
274
274
274
274
274
274
274
274.003
278.51
280.945
282.773
286.882
290.977
293.081
291.972
286.222
280.898
277.001
275.209
274.516
274.235
274.107
274.047
274.019
274.007
274.002
274
274
274
274
274
274
274
274
274
274
274
274.002
284.929
290.08
292.901
295.32
298.884
303.338
307.903
309.542
298.788
283.979
277.494
275.092
274.377
274.137
274.052
274.019
274.007
274.002
274
274
274
274
274
274
274
274
274
274
274
274.002
293.946
295.693
295.202
295.827
298.963
303.482
308.93
314.707
319.288
311.642
286.363
277.494
274.906
274.255
274.074
274.023
274.007
274.002
274
274
273.999
274
274
274
274
274
274
274
274
274.002
294.381
295.459
294.964
295.5
297.561
302.408
308.726
314.838
320.757
325.695
319.695
286.915
277.035
274.68
274.162
274.038
274.009
274.002
274
274
274
274
274
274
274
274.001
274
274
274
274.002
292.99
293.862
293.261
293.314
294.053
298.167
305.884
313.937
320.91
326.836
331.685
322.238
285.283
276.284
274.464
274.095
274.018
274.003
274.001
274
274
274
274
274
274
274.001
274.001
274
274
274.001
290.199
290.919
290.353
290.232
290.356
292.899
300.709
310.004
319.698
327.182
333.311
337.317
317.501
282.388
275.519
274.286
274.052
274.008
274.001
274
274
274
274
274
274
274
274
274
274.001
274.002
285.199
286.454
286.797
286.624
286.837
287.95
294.993
304.801
315.877
326.286
333.874
340.075
342.534
306.413
279.353
274.911
274.16
274.026
274.003
274
274
274
274
274
274
274.001
274
274
274.001
274.002
282.503
283.218
284.069
283.577
283.95
284.177
289.327
299.71
310.987
323.218
333.797
341.027
347.038
343.489
292.518
277.015
274.489
274.081
274.011
274.001
274
274
274
274
274
274
274.001
274
274
274.001
277.565
279.896
281.132
281.972
283.024
283.315
286.25
296.113
308.109
319.711
332.023
341.733
348.794
350.848
330.58
283.683
275.522
274.237
274.036
274.004
274
274
274
274
274
274
274
274.001
274.001
274.003
276.017
280.191
281.519
283.394
286.346
286.856
287.135
295.245
307.79
318.655
330.244
341.562
350.01
356.369
354.613
307.654
278.69
274.693
274.104
274.014
274.002
274
274
274
274
274
274
274.001
274.001
274.002
278.979
283.369
285.853
292.175
299.793
299.926
296.288
298.705
310.149
319.792
330.168
341.259
351.318
359.018
360.342
346.89
287.502
276.012
274.285
274.041
274.005
274.001
274
274
274
274
274
274
274
274.001
274.335
286.441
296.847
321.294
340.707
335.004
323.581
316.56
322.368
327.389
334.163
342.51
352.59
361.471
364.639
364.318
317.638
279.625
274.768
274.106
274.014
274.002
274
274
274
274
274
274
274
274.001
287.583
298.903
340.361
412.891
444.238
414.908
379.719
357.475
348.505
343.21
343.191
347.237
355.023
364.567
369.334
370.098
356.193
288.623
276.038
274.267
274.036
274.004
274
274
274
274
274
274
274
274.002
259.005
337.818
513.476
643.301
663.151
560.379
475.919
416.859
386.731
370.243
360.138
358.305
361.274
368.617
375.736
375.573
375.214
318.207
279.115
274.643
274.084
274.011
274.001
274
274
274
274
274
274
274.002
285.591
455.92
829.136
960.595
921.011
738.157
589.358
492.191
441.308
410.537
386.371
375.64
373.863
376.184
382.412
382.833
382.673
356.278
285.794
275.524
274.19
274.024
274.003
274
274
274
274
274
274
274.002
274.009
273.991
274.003
273.995
274.001
273.999
274
274
274
274
274
274
274.002
274.005
274.011
274.025
274.053
274.101
274.166
274.233
274.268
274.245
274.168
274.092
274.038
274.032
274.073
274.043
273.971
273.89
274.016
273.987
274.004
273.993
274
273.998
273.999
273.999
273.999
273.999
274
274
274.002
274.006
274.016
274.035
274.074
274.139
274.23
274.325
274.385
274.385
274.315
274.25
274.216
274.231
274.277
274.247
274.171
274.101
274.011
273.992
274.003
273.995
274
273.998
273.999
273.999
273.999
273.999
274
274
274.002
274.007
274.018
274.04
274.084
274.157
274.259
274.363
274.425
274.414
274.335
274.264
274.247
274.301
274.368
274.358
274.297
274.246
274.007
273.996
274.003
273.996
274
273.999
273.999
274
274
274
274
274
274.003
274.008
274.02
274.044
274.092
274.172
274.282
274.394
274.456
274.44
274.335
274.242
274.233
274.302
274.388
274.392
274.332
274.266
274.005
273.998
274.002
273.997
274
273.999
273.999
274
274
274
274
274
274.003
274.008
274.021
274.047
274.097
274.182
274.299
274.419
274.484
274.468
274.336
274.233
274.225
274.309
274.41
274.413
274.347
274.26
274.004
273.999
274.001
273.998
274
273.999
274
274
274
274
274
274
274.003
274.008
274.021
274.048
274.1
274.188
274.309
274.436
274.508
274.501
274.358
274.257
274.259
274.355
274.473
274.458
274.377
274.276
274.003
273.999
274.001
273.999
274
274
274
274
274
274
274
274
274.003
274.008
274.021
274.048
274.101
274.19
274.314
274.448
274.532
274.552
274.451
274.358
274.401
274.513
274.615
274.574
274.464
274.313
274.003
274
274
273.999
274
274
274
274
274
274
274
274
274.003
274.008
274.021
274.048
274.101
274.189
274.315
274.461
274.579
274.678
274.697
274.714
274.869
275.001
275.027
274.901
274.722
274.442
274.003
274
274
273.999
274
274
274
274
274
274
274
274
274.002
274.008
274.021
274.048
274.1
274.19
274.324
274.505
274.715
275.035
275.443
275.936
276.374
276.493
276.231
275.734
275.359
274.792
274.003
274
274
274
274
274
274
274
274
274
274
274
274.002
274.008
274.02
274.047
274.1
274.198
274.364
274.655
275.176
276.271
278.051
279.841
280.659
280.462
279.382
277.966
277.038
275.767
274.002
274
274
274
274
274
274
274
274
274
274
274
274.002
274.007
274.019
274.047
274.107
274.235
274.515
275.205
276.986
280.865
286.167
291.898
293.02
290.935
286.859
282.757
280.933
278.5
274.002
274
274
274
274
274
274
274
274
274
274
274
274.002
274.007
274.019
274.052
274.137
274.376
275.087
277.472
283.914
298.617
309.42
307.833
303.287
298.846
295.284
292.862
290.046
284.899
274.002
274
274
274
274
274
274
274
274
273.999
274
274
274.002
274.007
274.023
274.074
274.254
274.902
277.468
286.269
311.408
319.182
314.625
308.866
303.429
298.923
295.788
295.165
295.66
293.912
274.002
274
274
274
274.001
274
274
274
274
274
274
274
274.002
274.009
274.038
274.161
274.676
277.01
286.801
319.413
325.578
320.663
314.758
308.663
302.356
297.523
295.456
294.926
295.427
294.354
274.001
274
274
274.001
274.001
274
274
274
274
274
274
274.001
274.003
274.018
274.095
274.461
276.265
285.18
321.905
331.557
326.73
320.815
313.862
305.83
298.12
294.011
293.269
293.22
293.828
292.963
274.002
274.001
274
274
274
274
274
274
274
274
274
274.001
274.008
274.051
274.284
275.508
282.311
317.127
337.174
333.195
327.073
319.616
309.94
300.666
292.85
290.307
290.183
290.305
290.88
290.175
274.002
274.001
274
274
274.001
274
274
274
274
274
274
274.003
274.025
274.159
274.904
279.306
306.083
342.367
339.944
333.754
326.192
315.815
304.743
294.959
287.894
286.774
286.562
286.732
286.4
285.16
274.001
274
274
274.001
274
274
274
274
274
274
274.001
274.011
274.08
274.486
276.99
292.3
343.227
346.878
340.897
333.689
323.147
310.94
299.656
289.301
284.099
283.863
283.488
283.973
283.137
282.445
274.003
274.001
274.001
274
274
274
274
274
274
274
274.004
274.036
274.235
275.511
283.598
330.176
350.673
348.641
341.6
331.926
319.599
307.984
295.958
286.153
283.19
282.908
281.836
280.965
279.761
277.509
274.002
274.001
274.001
274
274
274
274
274
274
274.002
274.014
274.103
274.688
278.652
307.341
354.41
356.182
349.848
341.417
330.095
318.486
307.61
295.015
286.907
286.577
286.125
283.217
281.306
280.016
275.931
274.001
274
274
274
274
274
274
274
274.001
274.005
274.041
274.283
275.997
287.384
346.496
360.136
358.823
351.151
341.093
329.962
319.525
309.851
298.272
295.695
299.285
299.364
291.932
285.677
283.171
278.83
274.001
274
274
274
274
274
274
274
274.002
274.014
274.106
274.763
279.578
317.231
364.071
364.422
361.253
352.395
342.263
333.809
326.883
321.706
315.829
322.799
333.662
339.776
320.939
296.794
286.269
274.282
274.002
274
274
274
274
274
274
274
274.004
274.036
274.265
276.023
288.5
355.751
369.844
369.077
364.338
354.788
346.914
342.708
342.515
347.519
356.087
378.443
412.17
442.255
411.524
340.011
298.656
287.486
274.002
274
274
274
274
274
274
274.001
274.011
274.083
274.639
279.073
317.76
374.903
375.291
375.452
368.344
360.878
357.753
359.379
369.013
385.188
414.6
473.289
555.964
660.233
639.541
513.023
337.843
259.042
274.002
274
274
274
274
274
274
274.003
274.024
274.189
275.513
285.693
355.767
382.379
382.522
382.09
375.787
373.358
374.946
385.263
408.75
439.165
489.259
583.752
732.484
917.219
951.841
832.647
456.841
285.341
274.002
274.002
274.002
274.002
274.002
274.002
274.002
274.002
274.002
274.002
274.002
274.002
274.002
274.002
274.002
274.002
274.002
274.002
274.002
274.002
274.002
274.002
274.002
274.002
274.002
274.002
274.002
274.002
274.002
274.002
274.002
274.002
274.002
274.002
274.002
274.002
274.002
274.002
274.002
274.002
274.002
274.002
274.002
274.002
274.002
274.002
274.002
274.002
274.002
274.002
274.002
274.002
274.002
274.002
274.002
274.002
274.002
274.002
274.002
274.002
274.002
274.002
274.002
274.002
274.002
274.002
274.002
274.002
274.002
274.002
274.002
274.002
274.002
274.002
274.002
274.002
274.002
274.002
274.002
274.002
274.002
274.002
274.002
274.002
274.002
274.002
274.002
274.002
274.002
274.002
274.002
274.002
274.002
274.002
274.002
274.002
274.002
274.002
274.002
274.002
274.002
274.002
274.002
274.002
274.002
274.002
274.002
274.002
274.002
274.002
274.002
274.002
274.002
274.002
274.002
274.002
274.002
274.002
274.002
274.002
274.002
274.002
274.002
274.002
274.002
274
274
274
274
274
274
274
274
274
274
274
274
274
274
274
274
274
274
274
274
274
274
274
274
274
274
274
274
274
274
274
274
274
274
274
274
274
274
274
274
274
274
274
274
274
274
274
274
274
274
274
274
274
274
274
274
274
274
274
274
274
274
274
274
274
274
274
274
274
274
274
274
274
274
274
274
274
274
274
274
274
274
274
274
274
274
274
274
274
274
274
274
274
274
274
274
274
274
274
274
274
274
274
274
274
274
274
274
274
274
274
274
274
274
274
274
274
274
274
274
274
274
274
274
274
274
274
274
274
274
274
274
274
274
274
274
274
274
274
274
274
274
274
274
274
274
274
274
274
274
274
274
274
274
274
274
274
274
274
274
274
274
274
274
274
274
274
274
274
274
274
274
274
274
274
274
274
274
274
274
274
274
274
274
274
274
274
274
274
274
274
274
274
274
274
274
274
274
274
274
274
274
274
274
274
274
274
274
274
274
274
274
274
274
274
274
274
274
274
274
274
274
274
274
274
274
274
274
274
274
274
274
274
274
274
274
274
274
274
274
274
274
274
274
274
274
274
274
274
274
274
274
274
274
274
274
274
274
274
274
274
274
274
274
274
274
274
274
274
274
274
274
274
274
274
274
274
274
274
274
274
274
274
274
274
274
274
274
274
274
274
274
274
274
274
274
274
274
274
274
274
274
274
274
274
274
274
274
274
274
274
274
274
274
274
274
274
274
274
274
274
274
274
274
274
274
274
274
274
274
274
274
274
274
274
274
274
274
274
274
274
274
274
274
274
274
274
274
274
274
274
274
274
274
274
274
274
274
274
274
274
274
274
274
274
274
274
274
274
274
274
274
274
274
274
274
274
274
274
274
274
274
274
274
274
274
274
274
274
274
274
274
274
274
274
274
274
274
274
274
274
274
274
274
274
274
274
274
274
274
274
274
274
274
274
274
274
274
274
274
274
274
274
274
274
274
274
274
274
274
274
274
274
274
274
274
274
274
274
274
274
274
274
274
274
274
274
274
274
274
274
274
274
274
274
274
274
274
274
274
274
274
274
274
274
274
274
274
274
274
274
274
274
274
274
274
274
274
274
274
274
274
274
274
274
274
274
274
274
274
274
274
274
274
274
274
274
274
274
274
274
274
274
274
274
274
274
274
274
274
274
274
274
274
274
274
274
274
274
274
274
274
274
274
274
274
274
274
274
274
274
274
274
274
274
274
274
274
274
274
274
274
274
274
274
274
274
274
274
274
274
274
274
274
274
274
274
274
274
274
274
274
274
274
274
274
274
274
274
274
274
274
274
274
274
274
274
274
274
274
274
274
274
274
274
274
274
274
274
274
274
274
274
274
274
274
274
274
274
274
274
274
274
274
274
274
274.001
274.001
274.002
274.003
274.003
274.003
274.003
274.003
274.003
274.002
274.002
274.001
274.001
274.001
274
274
274
274
274
274
274
274
274
274
274
274
274
274
274
274
274
274
274
274
274
274
274
274
274
274
274
274
274
274
274
274
274
274
274
274
274
274
274
274
274
274
274
274
274
274
274
274
274
274
274
274
274
274
274
274
274
274
274
274
274
274
274
274
274
274
274
274
274
274
274
274
274
274
274
274
274
274
274
274
274
274
274
274
274
274
274
274
274
274
274
274
274
274
274
274
274
274
274
274
274
274
274
274
274
274
274
274.001
274.002
274.006
274.011
274.019
274.028
274.037
274.044
274.049
274.05
274.048
274.043
274.037
274.031
274.024
274.019
274.014
274.009
274.006
274.004
274.002
274.001
274.001
274
274
274
274
274
274
274
274
274
274
274
274
274
274
274
274
274
274
274
274
274
274
274
274
274
274
274
274
274
274
274
274
274
274
274
274
274
274
274
274
274
274
274
274
274
274
274
274
274
274
274
274
274
274
274
274
274
274
274
274
274
274
274
274
274
274
274
274
274
274
274
274
274
274
274
274
274
274
274
274
274
274
274
274
274
274
274
274
274
274
274
274
274
274
274
274
274
274
274
274
274.002
274.008
274.022
274.05
274.101
274.182
274.293
274.419
274.538
274.626
274.661
274.645
274.591
274.506
274.415
274.327
274.251
274.186
274.134
274.092
274.061
274.038
274.022
274.012
274.006
274
274
274
274
274
274
274
274
274
274
274
274
274
274
274
274
274
274
274
274
274
274
274
274
274
274
274
274
274
274
274
274
274
274
274
274
274
274
274
274
274
274
274
274
274
274
274
274
274
274
274
274
274
274
274
274
274
274
274
274
274
274
274
274
274
274
274
274
274
274
274
274
274
274
274
274
274
274
274
274
274
274
274
274
274
274
274
274
274
274
274
274
274
274
274
274
274
274.001
274.004
274.017
274.056
274.161
274.424
274.978
275.967
277.509
279.521
281.701
283.53
284.565
284.673
283.901
282.571
280.896
279.295
277.885
276.82
275.962
275.33
274.862
274.538
274.327
274.187
274.101
274.052
274
274
274
274
274
274
274
274
274
274
274
274
274
274
274
274
274
274
274
274
274
274
274
274
274
274
274
274
274
274
274
274
274
274
274
274
274
274
274
274
274
274
274
274
274
274
274
274
274
274
274
274
274
274
274
274
274
274
274
274
274
274
274
274
274
274
274
274
274
274
274
274
274
274
274
274
274
274
274
274
274
274
274
274
274
274
274
274
274
274
274
274
274
274
274
274.001
274.005
274.025
274.101
274.386
275.272
277.793
283.929
296.409
317.97
349.785
384.599
413.314
428.96
433.158
428.561
415.691
397.241
373.889
348.801
322.788
304.759
294.666
287.65
282.713
279.22
277.005
275.642
274.824
274.404
274
274
274
274
274
274
274
274
274
274
274
274
274
274
274
274
274
274
274
274
274
274
274
274
274
274
274
274
274
274
274
274
274
274
274
274
274
274
274
274
274
274
274
274
274
274
274
274
274
274
274
274
274
274
274
274
274
274
274
274
274
274
274
274
274
274
274
274
274
274
274
274
274
274
274
274
274
274
274
274
274
274
274
274
274
274
274
274
274
274
274
274
274
274
274.004
274.025
274.128
274.614
276.648
284.387
309.846
376.562
471.071
557.595
610.365
634.107
635.29
624.16
608.161
589.86
570.63
551.398
532.262
512.844
493.69
473.589
451.166
424.079
394.91
363.291
329.67
300.554
288.075
281.161
277.391
274
274
274
274
274
274
274
274
274
274
274
274
274
274
274
274
274
274
274
274
274
274
274
274
274
274
274
274
274
274
274
274
274
274
274
274
274
274
274
274
274
274
274
274
274
274
274
274
274
274
274
274
274
274
274
274
274
274
274
274
274
274
274
274
274
274
274
274
274
274
274
274
274
274
274
274
274
274
274
274
274
274
274
274
274
274
274
274
274
274
274
274
274.002
274.016
274.108
274.651
277.658
292.86
362.533
498.355
636.205
714.654
739.624
732.82
716.848
696.299
674.928
653.719
632.333
610.973
589.168
568.348
548.356
528.658
509.874
491.778
475.139
459.312
445.286
432.451
419.355
402.891
376.176
339.752
303.14
274
274
274
274
274
274
274
274
274
274
274
274
274
274
274
274
274
274
274
274
274
274
274
274
274
274
274
274
274
274
274
274
274
274
274
274
274
274
274
274
274
274
274
274
274
274
274
274
274
274
274
274
274
274
274
274
274
274
274
274
274
274
274
274
274
274
274
274
274
274
274
274
274
274
274
274
274
274
274
274
274
274
274
274
274
274
274
274
274
274
274
274.006
274.059
274.457
277.291
296.209
398.584
587.749
740.03
800.236
802.278
788.606
771.492
751.275
729.587
708.914
689.567
670.578
651.015
630.627
608.743
587.012
565.613
544.095
523.257
503.396
485.339
467.771
452.294
437.946
425.877
414.904
405.353
396.175
383.989
274
274
274
274
274
274
274
274
274
274
274
274
274
274
274
274
274
274
274
274
274
274
274
274
274
274
274
274
274
274
274
274
274
274
274
274
274
274
274
274
274
274
274
274
274
274
274
274
274
274
274
274
274
274
274
274
274
274
274
274
274
274
274
274
274
274
274
274
274
274
274
274
274
274
274
274
274
274
274
274
274
274
274
274
274
274
274
274
274
274.001
274.02
274.202
275.846
290.546
397.436
620.377
794.234
845.395
842.664
829.444
813.241
796.228
780.275
765.584
750.213
733.17
715.376
696.771
676.708
655.997
633.633
610.629
588.932
566.596
544.565
523.671
504.267
484.308
466.098
447.953
432.74
419.069
407.688
398.013
389.495
274
274
274
274
274
274
274
274
274
274
274
274
274
274
274
274
274
274
274
274
274
274
274
274
274
274
274
274
274
274
274
274
274
274
274
274
274
274
274
274
274
274
274
274
274
274
274
274
274
274
274
274
274
274
274
274
274
274
274
274
274
274
274
274
274
274
274
274
274
274
274
274
274
274
274
274
274
274
274
274
274
274
274
274
274
274
274
274
274.003
274.053
274.625
281.426
356.019
594.475
812.217
874.835
875.593
865.611
850.736
835.328
822.623
814.178
805.841
795.846
785.078
773.06
758.524
741.536
722.71
701.427
676.475
650.225
625.648
599.23
572.638
547.961
524.86
501.252
480.217
458.637
441.512
425.51
412.212
401.257
391.235
274
274
274
274
274
274
274
274
274
274
274
274
274
274
274
274
274
274
274
274
274
274
274
274
274
274
274
274
274
274
274
274
274
274
274
274
274
274
274
274
274
274
274
274
274
274
274
274
274
274
274
274
274
274
274
274
274
274
274
274
274
274
274
274
274
274
274
274
274
274
274
274
274
274
274
274
274
274
274
274
274
274
274
274
274
274
274
274.008
274.127
275.859
301.522
496.872
786.964
894.324
900.045
894.515
886.44
873.304
861.128
855.157
854.4
855.71
863.171
875.785
883.215
884.1
876.316
860.386
837.687
809.619
774.766
739.674
703.677
664.714
626.787
593.274
561.699
530.712
503.615
475.051
452.705
430.944
413.797
400.917
390.031
274
274
274
274
274
274
274
274
274
274
274
274
274
274
274
274
274
274
274
274
274
274
274
274
274
274
274
274
274
274
274
274
274
274
274
274
274
274
274
274
274
274
274
274
274
274
274
274
274
274
274
274
274
274
274
274
274
274
274
274
274
274
274
274
274
274
274
274
274
274
274
274
274
274
274
274
274
274
274
274
274
274
274
274
274
274
274.014
274.273
279.177
363.389
673.224
895.208
920.136
916.2
911.147
906.618
898.408
892.38
895.574
909.835
934.899
977.098
1023
1061.87
1085.46
1093.8
1088.42
1066.35
1034.18
993.508
942.773
891.07
832.618
769.321
711.565
664.239
620.538
579.208
542.998
505.269
475.908
445.735
422.418
403.408
387.862
274
274
274
274
274
274
274
274
274
274
274
274
274
274
274
274
274
274
274
274
274
274
274
274
274
274
274
274
274
274
274
274
274
274
274
274
274
274
274
274
274
274
274
274
274
274
274
274
274
274
274
274
274
274
274
274
274
274
274
274
274
274
274
274
274
274
274
274
274
274
274
274
274
274
274
274
274
274
274
274
274
274
274
274
274.001
274.023
274.529
286.352
460.914
814.181
932.2
934.486
930.322
929.216
927.691
927.278
931.3
949.521
989.159
1052.56
1139.75
1234.16
1315.56
1369.24
1396.61
1401.8
1385.35
1343.65
1289.89
1234.13
1169.45
1098.98
1012.16
918.208
836.351
770.941
711.866
656.245
606.161
555.252
515.085
473.197
442.292
414.759
390.428
274
274
274
274
274
274
274
274
274
274
274
274
274
274
274
274
274
274
274
274
274
274
274
274
274
274
274
274
274
274
274
274
274
274
274
274
274
274
274
274
274
274
274
274
274
274
274
274
274
274
274
274
274
274
274
274
274
274
274
274
274
274
274
274
274
274
274
274
274
274
274
274
274
274
274
274
274
274
274
274
274
274
274
274.001
274.031
274.899
298.685
564.983
896.845
948.262
945.606
945.518
947.81
950.735
958.242
975.939
1016.88
1092.2
1203.66
1342.47
1487.53
1567.74
1591.75
1591.67
1582.76
1568.79
1550.05
1524.73
1496.2
1454.62
1394.74
1319.65
1217.39
1107.1
1011.33
930.19
856.072
779.2
708.16
637.655
579.093
518.876
477.875
437.58
401.53
274
274
274
274
274
274
274
274
274
274
274
274
274
274
274
274
274
274
274
274
274
274
274
274
274
274
274
274
274
274
274
274
274
274
274
274
274
274
274
274
274
274
274
274
274
274
274
274
274
274
274
274
274
274
274
274
274
274
274
274
274
274
274
274
274
274
274
274
274
274
274
274
274
274
274
274
274
274
274
274
274
274
274.001
274.036
275.297
315.507
654.212
938.051
959.363
956.917
961.252
968.14
976.51
990.637
1023.9
1091.38
1211.52
1392.92
1593.68
1688.66
1688.81
1678.46
1663.43
1650.76
1636.04
1615.34
1608.25
1627.34
1640.38
1628.45
1582.93
1514.31
1421.61
1338.06
1263.77
1172.81
1078.07
976.52
876.769
776.318
690.006
597.588
537.224
476.323
424.161
274
274
274
274
274
274
274
274
274
274
274
274
274
274
274
274
274
274
274
274
274
274
274
274
274
274
274
274
274
274
274
274
274
274
274
274
274
274
274
274
274
274
274
274
274
274
274
274
274
274
274
274
274
274
274
274
274
274
274
274
274
274
274
274
274
274
274
274
274
274
274
274
274
274
274
274
274
274
274
274
274
274.001
274.036
275.544
329.977
713.673
957.883
970.569
970.566
978.778
990.302
1005.04
1027.24
1072.99
1164.14
1324.87
1577.44
1767.53
1796.18
1771.81
1727.88
1702.31
1695.94
1696.17
1692.99
1696.39
1728.79
1782.25
1828.66
1832.38
1788.3
1744.13
1700.53
1658.92
1611.96
1527.88
1448.92
1293.71
1160.96
1014.94
884.234
734.979
637.023
539.94
462.924
274
274
274
274
274
274
274
274
274
274
274
274
274
274
274
274
274
274
274
274
274
274
274
274
274
274
274
274
274
274
274
274
274
274
274
274
274
274
274
274
274
274
274
274
274
274
274
274
274
274
274
274
274
274
274
274
274
274
274
274
274
274
274
274
274
274
274
274
274
274
274
274
274
274
274
274
274
274
274
274
274
274.03
275.485
333.005
736.306
970.971
983.414
986.541
997.376
1012.98
1034.78
1066.58
1123.92
1232.96
1425.08
1701.42
1847.91
1859.66
1819.02
1786.92
1777.19
1788.99
1817.63
1846.13
1879.71
1950.33
2043.37
2125.19
2158.15
2132.91
2054.1
2023.31
2008.8
1986.88
1939.02
1865.18
1821.94
1700.3
1621.78
1437.76
1228
950.421
785.895
627.714
512.443
274
274
274
274
274
274
274
274
274
274
274
274
274
274
274
274
274
274
274
274
274
274
274
274
274
274
274
274
274
274
274
274
274
274
274
274
274
274
274
274
274
274
274
274
274
274
274
274
274
274
274
274
274
274
274
274
274
274
274
274
274
274
274
274
274
274
274
274
274
274
274
274
274
274
274
274
274
274
274
274
274.02
275.142
322.425
721.528
981.302
997.048
1002.04
1014.89
1032.84
1060.66
1103.54
1172.62
1293.94
1500.74
1765.08
1873.97
1888.5
1857.74
1834.89
1832.34
1878.12
1909.75
1999.55
2132.3
2171.61
2186.95
2198.85
2233.71
2234.92
2149.75
2096.19
2086.92
2053.56
2012.58
1943.51
1867.77
1834.07
1776.24
1763.54
1645.61
1548.42
1321.19
1076
784.958
592.653
274
274
274
274
274
274
274
274
274
274
274
274
274
274
274
274
274
274
274
274
274
274
274
274
274
274
274
274
274
274
274
274
274
274
274
274
274
274
274
274
274
274
274
274
274
274
274
274
274
274
274
274
274
274
274
274
274
274
274
274
274
274
274
274
274
274
274
274
274
274
274
274
274
274
274
274
274
274
274
274.011
274.702
304.35
665.636
985.907
1009.06
1014.46
1028.17
1047.87
1079.19
1130.63
1212.86
1343.78
1552.69
1796.52
1879.8
1884.14
1868.6
1853.53
1844.46
1880.67
1907.18
1897.91
2057.06
2268.97
2296.18
2167.36
2033.74
1955.91
1858.56
1897.14
1867.66
1897.57
1905.36
1898.38
1823.2
1711.5
1629.93
1559.29
1531.62
1529.51
1573.83
1475.3
1339.46
1082.77
751.552
274
274
274
274
274
274
274
274
274
274
274
274
274
274
274
274
274
274
274
274
274
274
274
274
274
274
274
274
274
274
274
274
274
274
274
274
274
274
274
274
274
274
274
274
274
274
274
274
274
274
274
274
274
274
274
274
274
274
274
274
274
274
274
274
274
274
274
274
274
274
274
274
274
274
274
274
274
274
274.005
274.345
289.016
570.757
972.579
1017.07
1022.11
1034.96
1057.43
1090.4
1145.08
1234.34
1370.81
1572.04
1803.03
1882.85
1887.29
1886.11
1868.66
1860.28
1829.01
1818.91
1805.17
1763.8
1870.93
2006.07
1978.31
1720.4
1398.44
1329.92
1266.5
1247.28
1270.11
1276.27
1296.95
1388.18
1469.43
1532.74
1560.82
1539.01
1467.52
1418.22
1394.71
1468.57
1426.7
1244.5
964.191
274
274
274
274
274
274
274
274
274
274
274
274
274
274
274
274
274
274
274
274
274
274
274
274
274
274
274
274
274
274
274
274
274
274
274
274
274
274
274
274
274
274
274
274
274
274
274
274
274
274
274
274
274
274
274
274
274
274
274
274
274
274
274
274
274
274
274
274
274
274
274
274
274
274
274
274
274
274.002
274.132
280.093
462.521
920.152
1019.2
1025.07
1036.57
1061.24
1096.17
1148.09
1230.12
1359.06
1544.8
1776.77
1881.01
1892.19
1882.19
1863.35
1816.96
1704.79
1653.62
1562.49
1461.79
1469.3
1454.34
1467.06
1388.85
1240.88
1110.63
1042.44
950.176
939.091
989.985
998.521
1020.18
1090.89
1150.13
1218.88
1284.87
1356.45
1407.14
1421.02
1376.81
1325.79
1419.1
1402.42
1132.15
274
274
274
274
274
274
274
274
274
274
274
274
274
274
274
274
274
274
274
274
274
274
274
274
274
274
274
274
274
274
274
274
274
274
274
274
274
274
274
274
274
274
274
274
274
274
274
274
274
274
274
274
274
274
274
274
274
274
274
274
274
274
274
274
274
274
274
274
274
274
274
274
274
274
274
274
274.001
274.038
275.965
356.344
806.366
1013.97
1024.52
1033.71
1059.9
1100.53
1147.2
1210.17
1308.66
1462.15
1680.51
1854.68
1889.95
1888.79
1875.29
1851.7
1769.58
1615.51
1482.26
1356.69
1341.11
1346.44
1349.22
1335.79
1142.87
1067.07
999.254
961.238
969.134
981.846
1006.6
1002.39
1012.09
1042.7
1068.08
1114.59
1171.08
1266.56
1355.4
1422.58
1437.07
1354.44
1325.72
1375.6
1215.26
274
274
274
274
274
274
274
274
274
274
274
274
274
274
274
274
274
274
274
274
274
274
274
274
274
274
274
274
274
274
274
274
274
274
274
274
274
274
274
274
274
274
274
274
274
274
274
274
274
274
274
274
274
274
274
274
274
274
274
274
274
274
274
274
274
274
274
274
274
274
274
274
274
274
274
274
274.009
274.535
295.771
619.435
987.834
1021.17
1030.44
1059.01
1106.21
1150.35
1194.01
1256
1357.38
1526.69
1757.45
1869.17
1882.27
1876.64
1864.71
1821.16
1639.66
1532.63
1367.09
1319.66
1298.82
1274.98
1276.71
1293.27
1203.07
1064.41
1043.25
937.021
909.463
903.024
918.87
949.981
974.809
998.817
1052.98
1089.49
1140.94
1216.69
1315.55
1441.78
1490.66
1492.14
1426.28
1298.49
1153.91
274
274
274
274
274
274
274
274
274
274
274
274
274
274
274
274
274
274
274
274
274
274
274
274
274
274
274
274
274
274
274
274
274
274
274
274
274
274
274
274
274
274
274
274
274
274
274
274
274
274
274
274
274
274
274
274
274
274
274
274
274
274
274
274
274
274
274
274
274
274
274
274
274
274
274
274.002
274.119
279.333
444.118
896.751
1013.74
1028.23
1059.69
1110.43
1160.56
1203.47
1251.21
1322.05
1434.06
1620.65
1812.07
1857.06
1856.74
1847.75
1831.04
1716.45
1635.34
1501.09
1443.82
1418.46
1382.93
1339.86
1318.61
1299.23
1270.87
1155.59
1058.48
1055.38
990.646
985.233
961.587
946.423
960.256
969.07
981.625
1011.67
1064.79
1113.53
1170.94
1254.52
1396.36
1538.75
1569.99
1352.91
1234.86
274
274
274
274
274
274
274
274
274
274
274
274
274
274
274
274
274
274
274
274
274
274
274
274
274
274
274
274
274
274
274
274
274
274
274
274
274
274
274
274
274
274
274
274
274
274
274
274
274
274
274
274
274
274
274
274
274
274
274
274
274
274
274
274
274
274
274
274
274
274
274
274
274
274
274.001
274.026
275.275
327.221
738.495
1001.05
1024.08
1045.49
1085.18
1135.43
1188.03
1256.29
1338.11
1437.98
1569.91
1745.96
1844.08
1857.83
1858.22
1859.62
1839.03
1677.75
1553.42
1437.59
1408.05
1398.82
1382.29
1384.26
1383.41
1352.73
1328.26
1310.92
1218.15
1177.37
1089.88
1062.17
1061.18
1058.16
1040.1
1035.93
1035.62
1042.64
1067.01
1118.19
1153.34
1199.23
1254.77
1315.78
1446.66
1653
1717.37
274
274
274
274
274
274
274
274
274
274
274
274
274
274
274
274
274
274
274
274
274
274
274
274
274
274
274
274
274
274
274
274
274
274
274
274
274
274
274
274
274
274
274
274
274
274
274
274
274
274
274
274
274
274
274
274
274
274
274
274
274
274
274
274
274
274
274
274
274
274
274
274
274
274
274.003
274.143
279.765
446.747
894.277
1015.34
1043.12
1079.28
1124.27
1173.69
1226.28
1294.48
1375.06
1484.06
1627.29
1790.43
1858.25
1868.73
1871.91
1873.74
1818.53
1730.1
1612.57
1499.6
1473.36
1450.46
1426.77
1421.79
1414.36
1407.9
1386.21
1356.16
1300.04
1225.71
1223.96
1156.65
1114.49
1134.46
1142.39
1125.5
1122.37
1123.73
1139.42
1194.2
1251.84
1318.04
1444.36
1559.27
1630.47
1722.82
1955.12
274
274
274
274
274
274
274
274
274
274
274
274
274
274
274
274
274
274
274
274
274
274
274
274
274
274
274
274
274
274
274
274
274
274
274
274
274
274
274
274
274
274
274
274
274
274
274
274
274
274
274
274
274
274
274
274
274
274
274
274
274
274
274
274
274
274
274
274
274
274
274
274
274
274
274.006
274.295
285.288
522.169
946.557
1028.58
1051.48
1083.77
1128.6
1178.28
1238.04
1310.05
1391.83
1497.1
1645.29
1804.77
1861.84
1870.77
1874.93
1877.2
1792.62
1746.56
1606.95
1529.74
1508.33
1485.87
1466.88
1459.89
1458.47
1448.65
1430.92
1417.06
1367.01
1274.63
1253.54
1218.65
1162.28
1166.14
1191.13
1175.28
1173.04
1176.72
1191.51
1213.72
1273.43
1326.42
1457.53
1595.83
1729.95
1891.09
2001.66
274
274
274
274
274
274
274
274
274
274
274
274
274
274
274
274
274
274
274
274
274
274
274
274
274
274
274
274
274
274
274
274
274
274
274
274
274
274
274
274
274
274
274
274
274
274
274
274
274
274
274
274
274
274
274
274
274
274
274
274
274
274
274
274
274
274
274
274
274
274
274
274
274
274
274.015
274.741
302.38
650.516
998.465
1035.74
1050.48
1084.78
1138.29
1196.51
1262.22
1330.94
1410.02
1520.42
1678.71
1822.67
1862.63
1870.77
1876.3
1878.08
1763.27
1720.35
1617.37
1564.5
1542.3
1509.14
1472.15
1458.69
1452.98
1458.29
1468.63
1471.9
1465.95
1328.94
1257.53
1259.69
1220.44
1199.98
1233.02
1228.01
1218.61
1245.76
1253.75
1271.39
1297.74
1315.91
1398.87
1493.53
1644.03
1812.41
2028.61
274
274
274
274
274
274
274
274
274
274
274
274
274
274
274
274
274
274
274
274
274
274
274
274
274
274
274
274
274
274
274
274
274
274
274
274
274
274
274
274
274
274
274
274
274
274
274
274
274
274
274
274
274
274
274
274
274
274
274
274
274
274
274
274
274
274
274
274
274
274
274
274
274
274.001
274.043
275.94
349.725
783.383
1017.8
1043.13
1068.4
1114.33
1170.28
1225.05
1285.81
1346.42
1426.3
1545.63
1711.23
1833.84
1861.41
1867.69
1871.61
1855.97
1768.67
1731.52
1638.39
1620.51
1613.06
1595.46
1573.72
1542.56
1513.28
1512.67
1492.26
1477.36
1478.51
1479.05
1379.93
1307.87
1285
1275.17
1270.33
1283.95
1262.75
1304.65
1342.13
1370.11
1424.43
1454.57
1521.29
1602
1681.79
1806.08
1914.52
274
274
274
274
274
274
274
274
274
274
274
274
274
274
274
274
274
274
274
274
274
274
274
274
274
274
274
274
274
274
274
274
274
274
274
274
274
274
274
274
274
274
274
274
274
274
274
274
274
274
274
274
274
274
274
274
274
274
274
274
274
274
274
274
274
274
274
274
274
274
274
274
274
274.003
274.126
279.133
433.889
895.441
1034.99
1051.4
1078.15
1124.17
1180.27
1243.84
1306.53
1370.74
1454.16
1574.41
1734.87
1835.13
1853.9
1859.12
1863.04
1834.7
1756.39
1700.11
1641.51
1630.3
1623.12
1610.3
1593.49
1576.89
1549.12
1580.99
1581.8
1550.29
1531.74
1522.63
1489.32
1408.4
1336.78
1335.43
1316.66
1313.53
1312.17
1318.45
1371.25
1397.17
1453.87
1504.41
1569.14
1668.99
1727.6
1809.41
1859.38
274
274
274
274
274
274
274
274
274
274
274
274
274
274
274
274
274
274
274
274
274
274
274
274
274
274
274
274
274
274
274
274
274
274
274
274
274
274
274
274
274
274
274
274
274
274
274
274
274
274
274
274
274
274
274
274
274
274
274
274
274
274
274
274
274
274
274
274
274
274
274
274
274
274.006
274.302
285.463
525.007
959.923
1041.03
1058.59
1094.83
1152.06
1215.75
1287.28
1350.13
1409.17
1484.15
1597.64
1749.33
1836.23
1851.39
1855.27
1859.73
1815.61
1747.27
1693.08
1654.93
1653.82
1657.11
1654.8
1645.22
1627.21
1606.65
1602.6
1622.84
1629.05
1619.74
1594.4
1588.08
1536.82
1442.35
1421.81
1411.27
1381.9
1395.1
1378.07
1418.43
1465.78
1507.95
1563.91
1610.86
1698.92
1722.13
1800.8
1834.49
274
274
274
274
274
274
274
274
274
274
274
274
274
274
274
274
274
274
274
274
274
274
274
274
274
274
274
274
274
274
274
274
274
274
274
274
274
274
274
274
274
274
274
274
274
274
274
274
274
274
274
274
274
274
274
274
274
274
274
274
274
274
274
274
274
274
274
274
274
274
274
274
274
274.013
274.645
298.127
625.775
1003.71
1051.14
1070.75
1112.83
1173.16
1242.37
1315.41
1381.37
1441.5
1513.89
1620.85
1762.82
1835.52
1848.57
1853.76
1859.72
1796.49
1764.9
1719.06
1705.89
1716.44
1714.75
1700.64
1686.54
1673.1
1668.55
1667.74
1650.09
1682
1700.14
1685.5
1671.34
1659.45
1587.71
1495.51
1512.2
1482.17
1467.61
1475.59
1493.26
1561.97
1575.8
1629.12
1661.49
1720.8
1767.98
1804.13
1852.58
274
274
274
274
274
274
274
274
274
274
274
274
274
274
274
274
274
274
274
274
274
274
274
274
274
274
274
274
274
274
274
274
274
274
274
274
274
274
274
274
274
274
274
274
274
274
274
274
274
274
274
274
274
274
274
274
274
274
274
274
274
274
274
274
274
274
274
274
274
274
274
274
274.001
274.026
275.186
320.385
714.583
1022.38
1056.52
1079.32
1126.28
1186.27
1258.63
1332.82
1402.18
1465.62
1536.95
1638.83
1770.76
1836.88
1850.44
1856.97
1858.45
1787.31
1754.39
1704.53
1700.79
1719.22
1723.34
1722.1
1717.04
1711.34
1712.7
1732.36
1739.58
1742.73
1746.62
1780.78
1784.74
1771.55
1738.51
1679.32
1564.15
1596.25
1554.47
1548.11
1570.61
1583.29
1663.43
1654.5
1721.28
1755.69
1801.83
1832.04
1856.96
274
274
274
274
274
274
274
274
274
274
274
274
274
274
274
274
274
274
274
274
274
274
274
274
274
274
274
274
274
274
274
274
274
274
274
274
274
274
274
274
274
274
274
274
274
274
274
274
274
274
274
274
274
274
274
274
274
274
274
274
274
274
274
274
274
274
274
274
274
274
274
274
274.001
274.047
276.059
352.538
789.247
1036.64
1062.93
1087.09
1134.06
1194.64
1262.69
1339.19
1410.79
1477.83
1552.46
1655.52
1779.09
1840.93
1854.54
1859.03
1847.3
1805.07
1769.44
1731.68
1736.56
1756
1758.93
1756.95
1752.41
1750.28
1757.47
1780.09
1789.33
1799.22
1825.23
1842.58
1876.48
1893.65
1897.86
1867.5
1833.09
1695.03
1702.41
1698.19
1646.32
1719.17
1702.44
1765.06
1784.28
1827.21
1868.74
1888.55
1936.76
274
274
274
274
274
274
274
274
274
274
274
274
274
274
274
274
274
274
274
274
274
274
274
274
274
274
274
274
274
274
274
274
274
274
274
274
274
274
274
274
274
274
274
274
274
274
274
274
274
274
274
274
274
274
274
274
274
274
274
274
274
274
274
274
274
274
274
274
274
274
274
274
274.002
274.077
277.195
385.414
841.593
1042.9
1066.91
1094.82
1145.5
1210.9
1274.97
1346.8
1417.33
1483.18
1559.72
1666.44
1788.36
1844.37
1855.88
1859.41
1836.77
1783.76
1735.03
1708.65
1713.41
1739.49
1753.19
1756.11
1757.86
1761.12
1781.54
1810.04
1833.47
1847.17
1865.18
1898.41
1923.4
1960.07
1996.9
2009.28
1999.77
1990.19
1865.22
1784.69
1844.24
1785.21
1847.91
1831.74
1885.3
1899.27
1934.61
1967.07
2000.38
274
274
274
274
274
274
274
274
274
274
274
274
274
274
274
274
274
274
274
274
274
274
274
274
274
274
274
274
274
274
274
274
274
274
274
274
274
274
274
274
274
274
274
274
274
274
274
274
274
274
274
274
274
274
274
274
274
274
274
274
274
274
274
274
274
274
274
274
274
274
274
274
274.003
274.118
278.687
420.785
883.833
1049.35
1071.24
1101.05
1152.79
1217.94
1282.06
1350.04
1420.36
1486.36
1562.68
1670.27
1792.41
1845.72
1856.47
1860.57
1823.02
1780.69
1728.4
1712.86
1728.67
1761.37
1769.85
1769.02
1765.4
1768.64
1794.56
1824.14
1848.96
1873.33
1905.82
1941.34
1965.59
1991.81
2035.98
2075.87
2098.46
2115.77
2122.5
2046.3
1909.83
1958.41
1899.99
1953.43
1929.14
1961.27
1985.99
1996.65
2023.96
274
274
274
274
274
274
274
274
274
274
274
274
274
274
274
274
274
274
274
274
274
274
274
274
274
274
274
274
274
274
274
274
274
274
274
274
274
274
274
274
274
274
274
274
274
274
274
274
274
274
274
274
274
274
274
274
274
274
274
274
274
274
274
274
274
274
274
274
274
274
274
274
274.003
274.161
280.245
450.545
910.897
1051.56
1073.47
1105.81
1159.59
1225.83
1291.04
1358.35
1426.19
1488.42
1561.94
1670.3
1794.23
1846.57
1858.7
1863.83
1806.93
1767.36
1718.58
1711.31
1729.66
1767.39
1783.25
1785.47
1782.83
1782.92
1801.96
1828.2
1858.89
1893.49
1934.29
1976.17
1998.67
2019.37
2054.66
2093.94
2133.69
2176.88
2192.24
2199.34
2198.3
2065.11
2047.65
1987.46
1976.53
1997.87
1992.98
2014.2
1983.05
274
274
274
274
274
274
274
274
274
274
274
274
274
274
274
274
274
274
274
274
274
274
274
274
274
274
274
274
274
274
274
274
274
274
274
274
274
274
274
274
274
274
274
274
274
274
274
274
274
274
274
274
274
274
274
274
274
274
274
274
274
274
274
274
274
274
274
274
274
274
274
274
274.004
274.208
281.961
477.902
933.135
1056.41
1080.96
1118.17
1176.08
1244.46
1309.75
1375.1
1436.41
1490.04
1558.2
1666.01
1793.25
1847.14
1859.89
1861.2
1796
1750.82
1708.2
1705.35
1726.28
1767.55
1789.1
1793.75
1792.27
1792.89
1805.11
1824.45
1857.78
1901.59
1951.06
1993.14
2023.83
2052.96
2083.65
2120.38
2148.24
2182.59
2220.57
2249.17
2282.65
2284.86
2171.64
2089.6
2088.99
2028.11
2012.8
1969.45
1841.72
274
274
274
274
274
274
274
274
274
274
274
274
274
274
274
274
274
274
274
274
274
274
274
274
274
274
274
274
274
274
274
274
274
274
274
274
274
274
274
274
274
274
274
274
274
274
274
274
274
274
274
274
274
274
274
274
274
274
274
274
274
274
274
274
274
274
274
274
274
274
274
274
274.005
274.244
283.241
495.285
945.619
1060.29
1088.02
1129.61
1190.99
1261.96
1329.23
1394.01
1447.92
1492.02
1554.52
1660.41
1792.65
1846.88
1858.32
1853.12
1792.51
1737.34
1698.24
1696.94
1718.01
1761.4
1790.51
1797.83
1796.66
1796.19
1802.46
1814.11
1840.44
1881.91
1934.77
1986.19
2030.04
2070.38
2103.74
2137.64
2169.94
2200.78
2228.09
2266.71
2301.56
2310.76
2320.33
2263.11
2143.55
2124.7
1903.87
1807.91
1711.77
274
274
274
274
274
274
274
274
274
274
274
274
274
274
274
274
274
274
274
274
274
274
274
274
274
274
274
274
274
274
274
274
274
274
274
274
274
274
274
274
274
274
274
274
274
274
274
274
274
274
274
274
274
274
274
274
274
274
274
274
274
274
274
274
274
274
274
274
274
274
274
274
274.005
274.261
283.866
503.293
951.89
1062.6
1090.74
1133.28
1195.32
1267.23
1336.71
1400.86
1451.26
1492.1
1553.62
1658.64
1790.85
1846.1
1857.19
1849.67
1791.26
1732.49
1695.74
1695.42
1718.64
1764.63
1803.86
1824.08
1833.25
1844.86
1858.53
1871.76
1889.55
1919.59
1959.7
2001.93
2041.07
2075.39
2107.78
2144.77
2182.53
2217.45
2245.55
2264.17
2290.83
2338.63
2361.89
2372.05
2386.18
2136.83
1879.62
1775.91
1714.56
274
274
274
274
274
274
274
274
274
274
274
274
274
274
274
274
274
274
274
274
274
274
274
274
274
274
274
274
274
274
274
274
274
274
274
274
274
274
274
274
274
274
274
274
274
274
274
274
274
274
274
274
274
274
274
274
274
274
274
274
274
274
274
274
274
274
274
274
274
274
274
274
274.005
274.246
283.304
496.123
946.353
1060.53
1088.14
1129.7
1191.1
1262.17
1329.52
1394.48
1448.14
1491.67
1554.08
1660.64
1792.83
1846.79
1857.99
1852.78
1791.47
1736.3
1698.53
1698.04
1721.8
1768.12
1805.12
1819.3
1821.7
1822.23
1824.46
1830.27
1850.12
1885.38
1931.62
1980.55
2026.35
2068.61
2109.1
2147.09
2176.73
2200.32
2228.67
2270.7
2296.21
2305.61
2314.5
2248.61
2140.58
2115.3
1904.28
1807.63
1712.32
274
274
274
274
274
274
274
274
274
274
274
274
274
274
274
274
274
274
274
274
274
274
274
274
274
274
274
274
274
274
274
274
274
274
274
274
274
274
274
274
274
274
274
274
274
274
274
274
274
274
274
274
274
274
274
274
274
274
274
274
274
274
274
274
274
274
274
274
274
274
274
274
274.004
274.211
282.067
479.435
934.378
1056.81
1081.5
1118.91
1176.96
1245.31
1310.53
1375.88
1437.04
1490
1557.68
1666.31
1793.89
1846.77
1858.59
1859.4
1792.67
1746.19
1703.19
1699.83
1719.05
1758.88
1786.23
1795.93
1798.75
1803.51
1816
1833.06
1862.51
1903.44
1954.42
2004.81
2040.99
2071.35
2102.15
2132.66
2159.69
2182.19
2219.54
2250.8
2275.47
2282.11
2172.77
2096.88
2083.5
2018.06
2002.41
1958.85
1842.24
274
274
274
274
274
274
274
274
274
274
274
274
274
274
274
274
274
274
274
274
274
274
274
274
274
274
274
274
274
274
274
274
274
274
274
274
274
274
274
274
274
274
274
274
274
274
274
274
274
274
274
274
274
274
274
274
274
274
274
274
274
274
274
274
274
274
274
274
274
274
274
274
274.003
274.164
280.359
452.554
912.764
1051.95
1073.8
1106.16
1159.93
1226
1290.91
1359.37
1427.86
1488.97
1561.76
1671.2
1795.44
1846.4
1856.86
1860.97
1802.22
1762.2
1714.19
1706.45
1723.84
1760.98
1778.6
1782.25
1781.13
1782.31
1802.25
1830.53
1862.43
1899.16
1944.71
1988.97
2008.65
2037.08
2075.11
2107.28
2141.8
2173.98
2186.18
2197.27
2193.28
2052.32
2058.92
1975.01
1987.05
1996.38
1989
1999.3
1989.56
274
274
274
274
274
274
274
274
274
274
274
274
274
274
274
274
274
274
274
274
274
274
274
274
274
274
274
274
274
274
274
274
274
274
274
274
274
274
274
274
274
274
274
274
274
274
274
274
274
274
274
274
274
274
274
274
274
274
274
274
274
274
274
274
274
274
274
274
274
274
274
274
274.003
274.121
278.807
423.433
886.853
1049.83
1071.38
1101.09
1152.73
1217.39
1281.48
1353.57
1423.7
1487.67
1563.45
1672.54
1794.26
1845.3
1854.21
1857.17
1816.88
1774.54
1724.02
1708.26
1723.57
1756.84
1766.69
1766.64
1762.85
1764.19
1787.85
1823.54
1855.95
1886.15
1922.69
1960.24
1977.4
2004.47
2044.5
2076.14
2098.13
2112.14
2118.64
2015.23
1899.17
1962.04
1907.01
1956.13
1928.25
1963.2
1978.18
1999.69
2026.25
274
274
274
274
274
274
274
274
274
274
274
274
274
274
274
274
274
274
274
274
274
274
274
274
274
274
274
274
274
274
274
274
274
274
274
274
274
274
274
274
274
274
274
274
274
274
274
274
274
274
274
274
274
274
274
274
274
274
274
274
274
274
274
274
274
274
274
274
274
274
274
274
274.002
274.08
277.305
388.531
846.444
1043.39
1066.61
1094.3
1144.65
1208.22
1276.2
1350.89
1419.48
1484.63
1562.12
1670.04
1791.3
1844.02
1853.53
1855.7
1830.69
1777.83
1732.02
1706.96
1713.59
1738.42
1745.41
1745.44
1744.77
1747.37
1772.11
1807.29
1841.28
1863.62
1889.71
1924.9
1940.57
1970.79
2004.91
2011.54
1997.43
1993.56
1847.39
1801.25
1843.24
1795.2
1858.51
1838.4
1886.37
1894.8
1928.36
1961.04
1999.19
274
274
274
274
274
274
274
274
274
274
274
274
274
274
274
274
274
274
274
274
274
274
274
274
274
274
274
274
274
274
274
274
274
274
274
274
274
274
274
274
274
274
274
274
274
274
274
274
274
274
274
274
274
274
274
274
274
274
274
274
274
274
274
274
274
274
274
274
274
274
274
274
274.001
274.049
276.154
355.839
796.432
1037.1
1061.95
1085.96
1132.73
1193.51
1263.63
1338.62
1410.32
1478.92
1555.74
1659.8
1783.25
1841.02
1852.32
1854.93
1840.15
1798.44
1764.27
1728.09
1734.14
1753.5
1755.48
1752.47
1747.32
1745.53
1756.4
1786.38
1805.61
1816.81
1832.42
1841.82
1881.13
1899.11
1903.24
1868.8
1818.86
1682.76
1704.08
1692.3
1655.14
1727.69
1706.71
1764.96
1784.28
1819.24
1861.28
1880.8
1928.33
274
274
274
274
274
274
274
274
274
274
274
274
274
274
274
274
274
274
274
274
274
274
274
274
274
274
274
274
274
274
274
274
274
274
274
274
274
274
274
274
274
274
274
274
274
274
274
274
274
274
274
274
274
274
274
274
274
274
274
274
274
274
274
274
274
274
274
274
274
274
274
274
274.001
274.027
275.243
322.624
720.306
1023.08
1056.55
1079.39
1126.49
1190.37
1259.83
1333.63
1401.2
1465.02
1539.02
1643.05
1775.5
1837.93
1849.27
1853.11
1850.43
1780.56
1747.56
1699.46
1697.01
1717.27
1721.8
1720.93
1717.73
1713.09
1718.81
1744.06
1751.21
1746.89
1759.26
1790.39
1792.77
1776
1745.69
1672.13
1553.65
1592.87
1561.31
1545.92
1572.68
1583.62
1664.64
1656.38
1718.05
1756.97
1800.24
1827.25
1850.75
274
274
274
274
274
274
274
274
274
274
274
274
274
274
274
274
274
274
274
274
274
274
274
274
274
274
274
274
274
274
274
274
274
274
274
274
274
274
274
274
274
274
274
274
274
274
274
274
274
274
274
274
274
274
274
274
274
274
274
274
274
274
274
274
274
274
274
274
274
274
274
274
274
274.014
274.674
299.061
629.509
1004.45
1052.14
1071.9
1114.03
1177.41
1245.71
1319.41
1382.64
1441.44
1514.13
1622.92
1766.44
1836.74
1848.11
1851.88
1855.49
1783.87
1757.66
1713.35
1702.26
1713.03
1711.06
1698.98
1688.12
1682.09
1681.71
1684.2
1666.98
1698.39
1716.07
1687.99
1673.16
1660.97
1578.3
1488.07
1503.1
1481.76
1460.96
1480.83
1491.48
1559.43
1581.21
1630.46
1670.67
1723.12
1772.22
1801.15
1853.26
274
274
274
274
274
274
274
274
274
274
274
274
274
274
274
274
274
274
274
274
274
274
274
274
274
274
274
274
274
274
274
274
274
274
274
274
274
274
274
274
274
274
274
274
274
274
274
274
274
274
274
274
274
274
274
274
274
274
274
274
274
274
274
274
274
274
274
274
274
274
274
274
274
274.006
274.313
285.782
526.899
959.933
1042.55
1060.94
1097.07
1155.74
1222.13
1290.98
1355.66
1413.04
1485.95
1597.99
1751.35
1837.71
1851.82
1854.99
1857.4
1802.25
1741.81
1687.46
1655.22
1656.27
1662.36
1660.48
1654.69
1640.78
1615.7
1612.23
1628.84
1629.08
1612.99
1595.07
1589.44
1532.8
1437.16
1429.4
1416.72
1383.85
1402.1
1383.32
1423.97
1474.5
1517.53
1578.64
1618.98
1714.58
1738.54
1809.76
1849
274
274
274
274
274
274
274
274
274
274
274
274
274
274
274
274
274
274
274
274
274
274
274
274
274
274
274
274
274
274
274
274
274
274
274
274
274
274
274
274
274
274
274
274
274
274
274
274
274
274
274
274
274
274
274
274
274
274
274
274
274
274
274
274
274
274
274
274
274
274
274
274
274
274.003
274.13
279.24
434.856
894.608
1036.14
1054.5
1081.27
1127.48
1185.07
1246.91
1312.52
1374.59
1455.7
1576.19
1738.13
1837.28
1854.84
1858.7
1861.27
1822.61
1750.59
1694.45
1641.47
1632.14
1625.95
1612.2
1595.74
1580.45
1554.78
1587.21
1582.79
1538.54
1522.36
1517.53
1490.7
1399.72
1338.31
1337.68
1313.84
1311.89
1311.94
1313.93
1368.04
1400.12
1457.11
1511.62
1575.01
1675.2
1723.48
1816.5
1862.83
274
274
274
274
274
274
274
274
274
274
274
274
274
274
274
274
274
274
274
274
274
274
274
274
274
274
274
274
274
274
274
274
274
274
274
274
274
274
274
274
274
274
274
274
274
274
274
274
274
274
274
274
274
274
274
274
274
274
274
274
274
274
274
274
274
274
274
274
274
274
274
274
274
274.001
274.044
275.965
350
781.561
1017.91
1047.08
1072.1
1116.52
1174.88
1230.03
1286.87
1349.76
1430.4
1551.47
1718.08
1838.25
1863.51
1868.19
1870.97
1844
1766.65
1723.24
1633.79
1618.41
1611.38
1594.32
1575.39
1546.87
1511.67
1509.44
1483.48
1465.48
1465.59
1465.71
1374.25
1312.59
1287.58
1277.16
1263.57
1282.55
1263.65
1296.63
1338.6
1367.61
1426.18
1455.66
1517.52
1601.07
1676.47
1799.17
1908.47
274
274
274
274
274
274
274
274
274
274
274
274
274
274
274
274
274
274
274
274
274
274
274
274
274
274
274
274
274
274
274
274
274
274
274
274
274
274
274
274
274
274
274
274
274
274
274
274
274
274
274
274
274
274
274
274
274
274
274
274
274
274
274
274
274
274
274
274
274
274
274
274
274
274
274.015
274.746
302.275
648.234
997.942
1039.17
1054.42
1086.73
1141.74
1202.33
1263.38
1333.27
1414.26
1528.48
1689.9
1829.69
1866.15
1872.2
1875.76
1870.77
1753.09
1711.36
1604.94
1555.75
1535.07
1505.34
1467.25
1450.28
1441.41
1444.15
1447.43
1454.85
1457.05
1336.99
1261.17
1262.8
1224.38
1194.71
1225.49
1224.01
1214.57
1237.78
1245.66
1268.1
1303.63
1322.2
1409.05
1513.56
1658.63
1816.18
2034.58
274
274
274
274
274
274
274
274
274
274
274
274
274
274
274
274
274
274
274
274
274
274
274
274
274
274
274
274
274
274
274
274
274
274
274
274
274
274
274
274
274
274
274
274
274
274
274
274
274
274
274
274
274
274
274
274
274
274
274
274
274
274
274
274
274
274
274
274
274
274
274
274
274
274
274.006
274.298
285.339
521.635
945.714
1031.17
1055.74
1086.46
1130.76
1182.36
1240.97
1311.99
1395.63
1505.83
1658.31
1814.01
1865.44
1871.71
1874.07
1872.5
1763.85
1738.03
1588.51
1523.21
1501.79
1477.45
1451.88
1440.52
1437.39
1427.9
1412.31
1404.27
1359.46
1266.5
1236.48
1222.38
1164.45
1159.45
1184.63
1172.21
1174.81
1182.69
1201.82
1221.87
1281.06
1334.64
1468.97
1615.78
1739.76
1889.94
2011.7
274
274
274
274
274
274
274
274
274
274
274
274
274
274
274
274
274
274
274
274
274
274
274
274
274
274
274
274
274
274
274
274
274
274
274
274
274
274
274
274
274
274
274
274
274
274
274
274
274
274
274
274
274
274
274
274
274
274
274
274
274
274
274
274
274
274
274
274
274
274
274
274
274
274
274.003
274.145
279.827
447.263
893.866
1017.36
1048.01
1082.92
1126.67
1177.49
1231.43
1295.74
1380.95
1493.01
1641.33
1801.44
1862.08
1869.34
1870.93
1871.38
1796.51
1727.94
1587.92
1485.5
1458.79
1432.22
1410.02
1403.97
1396.89
1386.49
1368.89
1349.05
1299.37
1225.15
1208.79
1155.38
1115.96
1127.47
1137.02
1124.74
1125.15
1128.71
1147.56
1197.11
1257.74
1327.33
1456.52
1574.9
1643.29
1724.77
1969.76
274
274
274
274
274
274
274
274
274
274
274
274
274
274
274
274
274
274
274
274
274
274
274
274
274
274
274
274
274
274
274
274
274
274
274
274
274
274
274
274
274
274
274
274
274
274
274
274
274
274
274
274
274
274
274
274
274
274
274
274
274
274
274
274
274
274
274
274
274
274
274
274
274
274
274.001
274.026
275.313
328.575
741.305
1002.94
1027.29
1049.53
1089.03
1139.68
1192.77
1259.42
1345.92
1447.51
1583.79
1761.64
1847.75
1856.99
1855.6
1854.93
1822.57
1663.27
1536.11
1420.03
1388.55
1373.71
1348.16
1347.91
1348.73
1336.38
1321.04
1304.45
1213.56
1178.67
1083.59
1056.94
1056.5
1052.15
1035.8
1033.1
1037.1
1046.07
1070.66
1122.7
1162.48
1210.41
1266.04
1328.18
1451.85
1662.62
1733.26
274
274
274
274
274
274
274
274
274
274
274
274
274
274
274
274
274
274
274
274
274
274
274
274
274
274
274
274
274
274
274
274
274
274
274
274
274
274
274
274
274
274
274
274
274
274
274
274
274
274
274
274
274
274
274
274
274
274
274
274
274
274
274
274
274
274
274
274
274
274
274
274
274
274
274
274.002
274.127
279.625
449.388
901.177
1016.22
1031.78
1063.88
1114.78
1165.6
1209.74
1260.95
1333.81
1450.56
1641.34
1821.18
1856.29
1851.25
1836.25
1811.52
1667.66
1592.02
1454.94
1408.54
1382.01
1344.88
1313.06
1291.11
1274.31
1260.3
1189.98
1074.06
1052.35
991.765
976.543
959.719
944.557
964.507
973.834
986.686
1018.21
1071.91
1119.84
1179.47
1262.29
1399.56
1549.91
1587.21
1371.36
1239.88
274
274
274
274
274
274
274
274
274
274
274
274
274
274
274
274
274
274
274
274
274
274
274
274
274
274
274
274
274
274
274
274
274
274
274
274
274
274
274
274
274
274
274
274
274
274
274
274
274
274
274
274
274
274
274
274
274
274
274
274
274
274
274
274
274
274
274
274
274
274
274
274
274
274
274
274
274.01
274.574
297.36
629.027
991.289
1023.7
1033.62
1062.91
1110.89
1158.61
1205.9
1269.84
1373.1
1543.77
1775.12
1873.01
1880.14
1866.74
1843.46
1779.29
1602.39
1471.16
1319.89
1282.07
1265.41
1248.66
1252.44
1268.74
1208.22
1072.5
1037.61
940.187
915.165
911.693
925.931
958.073
972.399
998.054
1055.09
1089.83
1136.81
1213.05
1315.77
1446.72
1500.3
1502.73
1438.96
1283.72
1151.66
274
274
274
274
274
274
274
274
274
274
274
274
274
274
274
274
274
274
274
274
274
274
274
274
274
274
274
274
274
274
274
274
274
274
274
274
274
274
274
274
274
274
274
274
274
274
274
274
274
274
274
274
274
274
274
274
274
274
274
274
274
274
274
274
274
274
274
274
274
274
274
274
274
274
274
274
274.001
274.042
276.171
363.546
818.603
1017.08
1027.36
1036.82
1063.34
1104.5
1153.52
1219.14
1320.13
1476.89
1701.91
1862.66
1889.61
1881.89
1857.7
1821.41
1701.65
1584.49
1442.41
1336.43
1333.98
1340.87
1343.06
1343.24
1152.94
1080.89
1023.39
969.288
977.881
996.865
1013.06
1017.35
1022.81
1052.52
1071.09
1118.41
1175.56
1271.18
1355.11
1429.85
1447.02
1365.16
1330.29
1371.77
1221.98
274
274
274
274
274
274
274
274
274
274
274
274
274
274
274
274
274
274
274
274
274
274
274
274
274
274
274
274
274
274
274
274
274
274
274
274
274
274
274
274
274
274
274
274
274
274
274
274
274
274
274
274
274
274
274
274
274
274
274
274
274
274
274
274
274
274
274
274
274
274
274
274
274
274
274
274
274
274.002
274.15
280.858
475.955
930.979
1022.71
1028.13
1039.48
1064.43
1100.29
1153.38
1238.16
1370.83
1565.19
1795.21
1883.93
1889.25
1874.15
1843.86
1781.27
1669.85
1650.9
1541.49
1456.14
1467.29
1458.69
1490.88
1393.6
1279.41
1131.91
1059.06
967.184
956.115
1003.31
1013.64
1034.39
1099.72
1154.86
1219.07
1281.94
1352.03
1407.51
1424.8
1377.11
1324.21
1415.39
1407.17
1139.3
274
274
274
274
274
274
274
274
274
274
274
274
274
274
274
274
274
274
274
274
274
274
274
274
274
274
274
274
274
274
274
274
274
274
274
274
274
274
274
274
274
274
274
274
274
274
274
274
274
274
274
274
274
274
274
274
274
274
274
274
274
274
274
274
274
274
274
274
274
274
274
274
274
274
274
274
274
274
274.006
274.392
291.021
588.668
980.602
1020.5
1025.06
1038.05
1061.1
1094.52
1150.37
1243.06
1386.06
1595.74
1820.41
1884.89
1882.53
1871.98
1847.46
1840.83
1814.66
1817.31
1801.83
1782.28
1907.72
2031.3
2020.35
1795.33
1448.85
1347.69
1280.54
1252.97
1270.72
1281.54
1296.08
1371.6
1458.41
1516.51
1545.61
1536.08
1472.04
1417.75
1392.94
1450.91
1420.04
1254.52
969.272
274
274
274
274
274
274
274
274
274
274
274
274
274
274
274
274
274
274
274
274
274
274
274
274
274
274
274
274
274
274
274
274
274
274
274
274
274
274
274
274
274
274
274
274
274
274
274
274
274
274
274
274
274
274
274
274
274
274
274
274
274
274
274
274
274
274
274
274
274
274
274
274
274
274
274
274
274
274
274
274.013
274.798
308.875
685.113
991.595
1012.09
1017.43
1031.62
1051.76
1083.54
1137.09
1222.99
1360.57
1579.7
1813.73
1879.35
1878.43
1857.71
1838.59
1821.99
1868.08
1885.4
1887.76
2053.36
2260.75
2296.33
2194.22
2052.95
1982.42
1891.19
1946.99
1902.58
1910.22
1916.91
1913.74
1839.12
1727.45
1635.35
1557.83
1524.02
1523.2
1571.5
1469.62
1336.69
1084.95
761.082
274
274
274
274
274
274
274
274
274
274
274
274
274
274
274
274
274
274
274
274
274
274
274
274
274
274
274
274
274
274
274
274
274
274
274
274
274
274
274
274
274
274
274
274
274
274
274
274
274
274
274
274
274
274
274
274
274
274
274
274
274
274
274
274
274
274
274
274
274
274
274
274
274
274
274
274
274
274
274
274
274.024
275.3
329.263
740.254
985.749
999.771
1004.99
1018.24
1036.63
1065.75
1110.67
1183.05
1309.97
1525.43
1780.73
1870.87
1878.66
1836.43
1817.12
1813.67
1855.07
1885.83
1985.19
2121.43
2170.98
2183
2193
2224.23
2229.16
2149.28
2095.32
2088.55
2050.78
2016.01
1946.12
1868.56
1828.47
1753.79
1740.6
1639.55
1546.35
1333.09
1095.09
794.416
596.941
274
274
274
274
274
274
274
274
274
274
274
274
274
274
274
274
274
274
274
274
274
274
274
274
274
274
274
274
274
274
274
274
274
274
274
274
274
274
274
274
274
274
274
274
274
274
274
274
274
274
274
274
274
274
274
274
274
274
274
274
274
274
274
274
274
274
274
274
274
274
274
274
274
274
274
274
274
274
274
274
274.001
274.035
275.695
340.881
753.708
974.632
985.728
989.14
1000.44
1017.18
1040.19
1073.5
1133.29
1246.18
1443.83
1715.76
1840.79
1842.75
1804.38
1765.25
1752.17
1758.62
1789.94
1826.65
1863.2
1926.1
2019.66
2106.81
2142
2121.78
2046.05
2016.25
2003.04
1986.75
1942.36
1873.52
1830.73
1701.48
1620.2
1443.63
1244.66
963.339
794.347
632.724
515.505
274
274
274
274
274
274
274
274
274
274
274
274
274
274
274
274
274
274
274
274
274
274
274
274
274
274
274
274
274
274
274
274
274
274
274
274
274
274
274
274
274
274
274
274
274
274
274
274
274
274
274
274
274
274
274
274
274
274
274
274
274
274
274
274
274
274
274
274
274
274
274
274
274
274
274
274
274
274
274
274
274
274.001
274.041
275.766
337.636
730.954
961.298
972.432
972.901
982.068
994.403
1010.09
1033.4
1081.19
1173.92
1336.76
1583.78
1756.21
1781
1750.95
1705.97
1682.14
1678.87
1681.74
1675.9
1677.99
1709.22
1762.47
1810.24
1816.99
1777.38
1732.6
1693.57
1655.33
1613.96
1535.83
1465.87
1318.8
1175.36
1023.23
891.771
740.875
641.904
543.287
465.276
274
274
274
274
274
274
274
274
274
274
274
274
274
274
274
274
274
274
274
274
274
274
274
274
274
274
274
274
274
274
274
274
274
274
274
274
274
274
274
274
274
274
274
274
274
274
274
274
274
274
274
274
274
274
274
274
274
274
274
274
274
274
274
274
274
274
274
274
274
274
274
274
274
274
274
274
274
274
274
274
274
274
274.001
274.041
275.484
321.667
672.911
942.789
961.102
959.099
964.025
971.844
980.849
995.591
1029.3
1096.52
1214.93
1389.54
1579.31
1671.51
1669.71
1660.86
1643.9
1633.27
1618.64
1599.07
1592.85
1611.91
1626.76
1617.42
1575.05
1505.76
1416.83
1334.55
1266.26
1175.01
1083.74
984.24
882.644
780.699
693.601
600.669
539.892
478.262
425.588
274
274
274
274
274
274
274
274
274
274
274
274
274
274
274
274
274
274
274
274
274
274
274
274
274
274
274
274
274
274
274
274
274
274
274
274
274
274
274
274
274
274
274
274
274
274
274
274
274
274
274
274
274
274
274
274
274
274
274
274
274
274
274
274
274
274
274
274
274
274
274
274
274
274
274
274
274
274
274
274
274
274
274
274.001
274.035
275.026
302.3
582.613
904.312
949.406
947.13
947.754
950.995
954.28
961.637
978.74
1018.96
1092.17
1199.39
1334.58
1474.81
1549.45
1567.72
1569.41
1562.01
1548.88
1530.4
1507.93
1481.57
1442.48
1387.28
1314.47
1216.36
1106.79
1012.98
931.139
858.706
782.342
710.902
640.164
581.136
520.635
479.517
438.806
402.465
274
274
274
274
274
274
274
274
274
274
274
274
274
274
274
274
274
274
274
274
274
274
274
274
274
274
274
274
274
274
274
274
274
274
274
274
274
274
274
274
274
274
274
274
274
274
274
274
274
274
274
274
274
274
274
274
274
274
274
274
274
274
274
274
274
274
274
274
274
274
274
274
274
274
274
274
274
274
274
274
274
274
274
274
274.001
274.026
274.602
288.041
473.988
823.425
932.976
935.387
932.287
931.995
930.684
929.167
931.975
949.62
987.027
1047.38
1131.46
1218.21
1291.85
1342.67
1370.67
1376.35
1360.72
1322.7
1272.04
1219.88
1159.83
1092.48
1009.1
916.11
836.387
771.118
712.831
657.483
607.264
556.49
516.205
474.295
443.331
415.565
391.041
274
274
274
274
274
274
274
274
274
274
274
274
274
274
274
274
274
274
274
274
274
274
274
274
274
274
274
274
274
274
274
274
274
274
274
274
274
274
274
274
274
274
274
274
274
274
274
274
274
274
274
274
274
274
274
274
274
274
274
274
274
274
274
274
274
274
274
274
274
274
274
274
274
274
274
274
274
274
274
274
274
274
274
274
274
274
274.016
274.309
279.845
371.885
684.266
896.839
920.384
917.558
913.495
908.833
899.123
892.643
895.042
907.581
930.46
969.072
1010.91
1047.12
1069.93
1078.05
1072.77
1053.05
1023.03
985.038
936.865
886.51
829.554
766.863
710.627
663.92
620.738
579.64
543.475
506.003
476.651
446.507
423.141
403.987
388.327
274
274
274
274
274
274
274
274
274
274
274
274
274
274
274
274
274
274
274
274
274
274
274
274
274
274
274
274
274
274
274
274
274
274
274
274
274
274
274
274
274
274
274
274
274
274
274
274
274
274
274
274
274
274
274
274
274
274
274
274
274
274
274
274
274
274
274
274
274
274
274
274
274
274
274
274
274
274
274
274
274
274
274
274
274
274
274
274.009
274.142
276.077
304.465
505.915
790.268
893.8
900.502
895.994
887.589
873.784
861.426
854.73
851.998
851.771
857.542
868.292
875.427
876.042
868.149
853.227
831.786
805.254
771.757
737.123
701.69
663.004
626.01
592.965
561.74
530.98
504.005
475.652
453.314
431.545
414.34
401.387
390.41
274
274
274
274
274
274
274
274
274
274
274
274
274
274
274
274
274
274
274
274
274
274
274
274
274
274
274
274
274
274
274
274
274
274
274
274
274
274
274
274
274
274
274
274
274
274
274
274
274
274
274
274
274
274
274
274
274
274
274
274
274
274
274
274
274
274
274
274
274
274
274
274
274
274
274
274
274
274
274
274
274
274
274
274
274
274
274
274
274.004
274.058
274.688
282.07
360.405
599.578
813.728
874.825
875.936
866.041
851.282
835.512
822.425
813.363
804.023
793.2
781.578
769.215
754.972
738.749
720.434
699.763
675.572
649.414
624.945
598.65
572.501
548.02
525.067
501.61
480.679
459.203
442.059
426.02
412.68
401.662
391.588
274
274
274
274
274
274
274
274
274
274
274
274
274
274
274
274
274
274
274
274
274
274
274
274
274
274
274
274
274
274
274
274
274
274
274
274
274
274
274
274
274
274
274
274
274
274
274
274
274
274
274
274
274
274
274
274
274
274
274
274
274
274
274
274
274
274
274
274
274
274
274
274
274
274
274
274
274
274
274
274
274
274
274
274
274
274
274
274
274
274.001
274.022
274.22
275.983
291.502
401.425
625.448
796.84
845.54
842.711
829.702
813.253
796.031
779.823
764.954
749.183
732.118
714.41
695.985
676.052
655.49
633.516
610.529
588.917
566.678
544.876
524.035
504.67
484.794
466.636
448.512
433.258
419.53
408.094
398.37
389.821
274
274
274
274
274
274
274
274
274
274
274
274
274
274
274
274
274
274
274
274
274
274
274
274
274
274
274
274
274
274
274
274
274
274
274
274
274
274
274
274
274
274
274
274
274
274
274
274
274
274
274
274
274
274
274
274
274
274
274
274
274
274
274
274
274
274
274
274
274
274
274
274
274
274
274
274
274
274
274
274
274
274
274
274
274
274
274
274
274
274
274
274.007
274.063
274.486
277.478
297.415
403.051
593.492
742.61
800.452
801.934
788.203
770.965
750.82
729.101
708.531
689.28
670.443
650.96
630.596
608.886
587.199
565.905
544.434
523.714
503.862
485.805
468.251
452.776
438.419
426.327
415.328
405.733
396.527
384.397
274
274
274
274
274
274
274
274
274
274
274
274
274
274
274
274
274
274
274
274
274
274
274
274
274
274
274
274
274
274
274
274
274
274
274
274
274
274
274
274
274
274
274
274
274
274
274
274
274
274
274
274
274
274
274
274
274
274
274
274
274
274
274
274
274
274
274
274
274
274
274
274
274
274
274
274
274
274
274
274
274
274
274
274
274
274
274
274
274
274
274
274
274.002
274.017
274.114
274.686
277.864
293.859
365.727
502.508
638.44
715.108
739.014
732.052
716.168
695.711
674.504
653.411
632.114
610.823
589.122
568.35
548.469
528.83
510.156
492.109
475.509
459.712
445.723
432.91
419.844
403.45
376.77
340.313
303.532
274
274
274
274
274
274
274
274
274
274
274
274
274
274
274
274
274
274
274
274
274
274
274
274
274
274
274
274
274
274
274
274
274
274
274
274
274
274
274
274
274
274
274
274
274
274
274
274
274
274
274
274
274
274
274
274
274
274
274
274
274
274
274
274
274
274
274
274
274
274
274
274
274
274
274
274
274
274
274
274
274
274
274
274
274
274
274
274
274
274
274
274
274
274
274.004
274.026
274.135
274.646
276.773
284.79
310.963
378.062
472.827
558.21
610.367
633.707
634.738
623.608
607.702
589.505
570.393
551.275
532.291
512.971
493.946
473.993
451.859
424.944
395.822
364.116
330.332
300.885
288.199
281.222
277.419
274
274
274
274
274
274
274
274
274
274
274
274
274
274
274
274
274
274
274
274
274
274
274
274
274
274
274
274
274
274
274
274
274
274
274
274
274
274
274
274
274
274
274
274
274
274
274
274
274
274
274
274
274
274
274
274
274
274
274
274
274
274
274
274
274
274
274
274
274
274
274
274
274
274
274
274
274
274
274
274
274
274
274
274
274
274
274
274
274
274
274
274
274
274
274
274.001
274.005
274.026
274.106
274.402
275.313
277.887
284.113
296.672
318.348
350.056
384.933
413.552
429.252
433.58
429.237
416.636
398.353
375.071
349.96
323.802
305.216
294.935
287.809
282.803
279.268
277.029
275.654
274.829
274.406
274
274
274
274
274
274
274
274
274
274
274
274
274
274
274
274
274
274
274
274
274
274
274
274
274
274
274
274
274
274
274
274
274
274
274
274
274
274
274
274
274
274
274
274
274
274
274
274
274
274
274
274
274
274
274
274
274
274
274
274
274
274
274
274
274
274
274
274
274
274
274
274
274
274
274
274
274
274
274
274
274
274
274
274
274
274
274
274
274
274
274
274
274
274
274
274
274
274.001
274.004
274.018
274.058
274.166
274.433
274.993
275.991
277.538
279.554
281.74
283.583
284.644
284.778
284.021
282.686
280.992
279.369
277.938
276.855
275.985
275.344
274.869
274.542
274.329
274.188
274.101
274.052
274
274
274
274
274
274
274
274
274
274
274
274
274
274
274
274
274
274
274
274
274
274
274
274
274
274
274
274
274
274
274
274
274
274
274
274
274
274
274
274
274
274
274
274
274
274
274
274
274
274
274
274
274
274
274
274
274
274
274
274
274
274
274
274
274
274
274
274
274
274
274
274
274
274
274
274
274
274
274
274
274
274
274
274
274
274
274
274
274
274
274
274
274
274
274
274
274
274
274
274.001
274.002
274.008
274.023
274.051
274.102
274.184
274.295
274.422
274.542
274.632
274.668
274.653
274.598
274.512
274.42
274.33
274.254
274.187
274.135
274.093
274.061
274.038
274.022
274.012
274.006
274
274
274
274
274
274
274
274
274
274
274
274
274
274
274
274
274
274
274
274
274
274
274
274
274
274
274
274
274
274
274
274
274
274
274
274
274
274
274
274
274
274
274
274
274
274
274
274
274
274
274
274
274
274
274
274
274
274
274
274
274
274
274
274
274
274
274
274
274
274
274
274
274
274
274
274
274
274
274
274
274
274
274
274
274
274
274
274
274
274
274
274
274
274
274
274
274
274
274
274
274
274
274.001
274.002
274.006
274.011
274.019
274.028
274.037
274.045
274.049
274.05
274.048
274.044
274.038
274.031
274.025
274.019
274.014
274.01
274.006
274.004
274.002
274.001
274.001
274
274
274
274
274
274
274
274
274
274
274
274
274
274
274
274
274
274
274
274
274
274
274
274
274
274
274
274
274
274
274
274
274
274
274
274
274
274
274
274
274
274
274
274
274
274
274
274
274
274
274
274
274
274
274
274
274
274
274
274
274
274
274
274
274
274
274
274
274
274
274
274
274
274
274
274
274
274
274
274
274
274
274
274
274
274
274
274
274
274
274
274
274
274
274
274
274
274
274
274
274
274
274
274
274
274
274.001
274.001
274.002
274.003
274.003
274.003
274.003
274.003
274.003
274.002
274.002
274.001
274.001
274.001
274
274
274
274
274
274
274
274
274
274
274
274
274
274
274
274
274
274
274
274
274
274
274
274
274
274
274
274
274
274
274
274
274
274
274
274
274
274
274
274
274
274
274
274
274
274
274
274
274
274
274
274
274
274
274
274
274
274
274
274
274
274
274
274
274
274
274
274
274
274
274
274
274
274
274
274
274
274
274
274
274
274
274
274
274
274
274
274
274
274
274
274
274
274
274
274
274
274
274
274
274
274
274
274
274
274
274
274
274
274
274
274
274
274
274
274
274
274
274
274
274
274
274
274
274
274
274
274
274
274
274
274
274
274
274
274
274
274
274
274
274
274
274
274
274
274
274
274
274
274
274
274
274
274
274
274
274
274
274
274
274
274
274
274
274
274
274
274
274
274
274
274
274
274
274
274
274
274
274
274
274
274
274
274
274
274
274
274
274
274
274
274
274
274
274
274
274
274
274
274
274
274
274
274
274
274
274
274
274
274
274
274
274
274
274
274
274
274
274
274
274
274
274
274
274
274
274
274
274
274
274
274
274
274
274
274
274
274
274
274
274
274
274
274
274
274
274
274
274
274
274
274
274
274
274
274
274
274
274
274
274
274
274
274
274
274
274
274
274
274
274
274
274
274
274
274
274
274
274
274
274
274
274
274
274
274
274
274
274
274
274
274
274
274
274
274
274
274
274
274
274
274
274
274
274
274
274
274
274
274
274
274
274
274
274
274
274
274
274
274
274
274
274
274
274
274
274
274
274
274
274
274
274
274
274
274
274
274
274
274
274
274
274
274
274
274
274
274
274
274
274
274
274
274
274
274
274
274
274
274
274
274
274
274
274
274
274
274
274
274
274
274
274
274
274
274
274
274
274
274
274
274
274
274
274
274
274
274
274
274
274
274
274
274
274
274
274
274
274
274
274
274
274
274
274
274
274
274
274
274
274
274
274
274
274
274
274
274
274
274
274
274
274
274
274
274
274
274
274
274
274
274
274
274
274
274
274
274
274
274
274
274
274
274
274
274
274
274
274
274
274
274
274
274
274
274
274
274
274
274
274
274
274
274
274
274
274
274
274
274
274
274
274
274
274
274
274
274
274
274
274
274
274
274
274
274
274
274
274
274
274
274
274
274
274
274
274
274
274
274
274
274
274
274
274
274.002
274.002
274.002
274.002
274.002
274.002
274.002
274.002
274.002
274.002
274.002
274.002
274.002
274.002
274.002
274.002
274.002
274.002
274.002
274.002
274.002
274.002
274.002
274.002
274.002
274.002
274.002
274.002
274.002
274.002
274.002
274.002
274.002
274.002
274.002
274.002
274.002
274.002
274.002
274.002
274.002
274.002
274.002
274.002
274.002
274.002
274.002
274.002
274.002
274.002
274.002
274.002
274.002
274.002
274.002
274.002
274.002
274.002
274.002
274.002
274.002
274.002
274.002
274.002
274.002
274.002
274.002
274.002
274.002
274.002
274.002
274.002
274.002
274.002
274.002
274.002
274.002
274.002
274.002
274.002
274.002
274.002
274.002
274.002
274.002
274.002
274.002
274.002
274.002
274.002
274.002
274.002
274.002
274.002
274.002
274.002
274.002
274.002
274.002
274.002
274.002
274.002
274.002
274.002
274.002
274.002
274.002
274.002
274.002
274.002
274.002
274.002
274.002
274.002
274.002
274.002
274.002
274.002
274.002
274.002
274.002
274.002
274.002
274.002
274.002
)
;

boundaryField
{
    wall
    {
        type            zeroGradient;
    }
    inlet
    {
        type            fixedValue;
        value           uniform 3673;
    }
    outlet-1
    {
        type            inletOutlet;
        inletValue      uniform 274;
        value           uniform 274;
    }
    outlet-2
    {
        type            inletOutlet;
        inletValue      uniform 274;
        value           nonuniform List<scalar> 
89
(
274.002
274
274
274
274
274
274
274
274
274
274
274
274
274
274
274
274
274
274
274
274
274
274
274
274
274
274
274
274
274
274
274
274
274
274
274
274
274
274
274
274
274
274
274
274
274
274
274
274
274
274
274
274
274
274
274
274
274
274
274
274
274
274
274
274
274
274
274
274
274
274
274
274
274
274
274
274
274
274
274
274
274
274
274
274
274
274
274
274.002
)
;
    }
    frontAndBackPlanes
    {
        type            empty;
    }
}


// ************************************************************************* //
