/*--------------------------------*- C++ -*----------------------------------*\
| =========                 |                                                 |
| \\      /  F ield         | OpenFOAM: The Open Source CFD Toolbox           |
|  \\    /   O peration     | Version:  2112                                  |
|   \\  /    A nd           | Website:  www.openfoam.com                      |
|    \\/     M anipulation  |                                                 |
\*---------------------------------------------------------------------------*/
FoamFile
{
    version     2.0;
    format      ascii;
    arch        "LSB;label=32;scalar=64";
    class       volScalarField;
    location    "0.00227";
    object      T;
}
// * * * * * * * * * * * * * * * * * * * * * * * * * * * * * * * * * * * * * //

dimensions      [0 0 0 1 0 0 0];

internalField   nonuniform List<scalar> 
13875
(
1411.84
1535.12
1482.69
1486.73
1481.04
1483.44
1483.44
1483.02
1484.18
1484.35
1484.53
1484.98
1484.47
1484.42
1484.68
1483.33
1483.65
1483.01
1483.4
1483.61
1480.91
1487.58
1480.75
1533.15
1398.51
1307
1356.08
1319.15
1322.06
1316.55
1317.06
1316.94
1317.68
1322.87
1323.63
1323.73
1324.39
1323.8
1323.64
1324.08
1322.87
1321.92
1317.95
1317.22
1317.26
1316.22
1322.01
1319.7
1356.58
1303.95
1307.13
1339.75
1314.62
1311.03
1303.87
1304.21
1303.6
1303.66
1305.41
1304.58
1305.39
1306.41
1305.11
1306.36
1306.45
1304.32
1303.88
1303.23
1303.39
1304.23
1303.53
1310.87
1311.57
1336.4
1296.76
1317.26
1344.93
1315.07
1308.69
1305.04
1304.67
1303.79
1303.8
1303.89
1303.23
1304.16
1304.91
1304.51
1304.83
1304.89
1303.37
1303.23
1303.4
1303.53
1304.58
1304.33
1307.63
1314.06
1343.59
1311.33
1329.43
1341.85
1316.08
1311.65
1303.43
1304.04
1303.91
1303.89
1303.74
1303.32
1304.37
1304.89
1304.56
1304.97
1304.83
1303.47
1303.25
1303.29
1303.57
1304.08
1303.19
1311.55
1312.21
1338.52
1315.98
1332.21
1351.38
1319.32
1309.94
1306.99
1306.13
1304.83
1304.52
1304
1303.58
1304.62
1305.02
1304.8
1305
1304.96
1303.96
1303.85
1303.92
1304.45
1305.94
1306.17
1308.4
1319.08
1349.22
1326.8
1339.11
1360.47
1329.47
1316.91
1306.99
1306.32
1305.43
1304.99
1304.52
1304.27
1305.58
1305.54
1305.37
1305.31
1305.64
1304.48
1304.68
1304.52
1304.99
1306.2
1306.67
1317.29
1326
1358.41
1322.1
1361.11
1385.66
1345.42
1321.77
1316.53
1312.17
1309.06
1307.39
1306.36
1305.81
1307.17
1306.82
1306.7
1306.44
1307.02
1305.78
1306.25
1306.86
1308.42
1311.43
1314.97
1320.75
1341.62
1381.32
1350.95
1534.89
1508.92
1388.62
1351.77
1323.67
1316.64
1312.91
1310.37
1309.36
1308.76
1310.04
1309.72
1309.61
1309.22
1309.65
1308.53
1309.37
1310.19
1311.91
1315.69
1322.04
1348.37
1384.34
1508.05
1522.87
1852.07
1583.88
1435.89
1367.05
1345.39
1328.74
1321.82
1318.05
1316.23
1315.17
1316.25
1315.94
1315.9
1315.35
1315.7
1315.04
1316.16
1317.55
1320.51
1327.09
1340.36
1363.58
1427.79
1568.37
1830.7
2515.93
1806.17
1534.56
1446.93
1365.51
1347.36
1337.86
1333.4
1330.74
1329.25
1329.89
1329.62
1329.76
1329.02
1329.36
1329.09
1330.33
1332.23
1336.73
1345.73
1361.09
1428.06
1515.39
1809.74
2447
2891.36
2277.61
1955.67
1520.17
1442.75
1406.89
1380.51
1372.58
1365.97
1363.55
1363.29
1362.69
1363.22
1362.28
1362.61
1363.08
1365.16
1370.5
1378.4
1405.55
1430.47
1490.01
1760.95
2307.66
2849.29
2850.84
2712.63
2604.28
2365.46
1633.07
1538.02
1510.6
1489.31
1477.32
1473.66
1473.35
1471.14
1474.42
1471.14
1471.92
1473.09
1476.97
1486.49
1505.29
1535.86
1647.27
2360.98
2425.94
2716.37
2788.27
2758.98
2696.47
2866.89
2852.05
2192.96
2165.44
2012.39
1915.26
1850.48
1821.91
1829.3
1803.89
1826.69
1810.89
1816.44
1822.47
1843.26
1903.09
2014.5
2176.11
2151.05
2856.49
2866.56
2732.1
2710.51
2666.23
2715.26
2853.19
2845.56
2858.95
3164.25
3413.01
3365.97
3587.46
3477.46
3627.18
3501.41
3618.11
3540.02
3590.93
3531.74
3565.43
3427.01
3422.21
3138.78
2882.67
2859.39
2854.92
2706.95
2673.02
2544.53
2627.99
2859.49
2979.76
2993.62
3329.33
3603.61
3690.5
3689.85
3679.97
3628.35
3649
3611.38
3645.89
3633.58
3666.71
3687.05
3724.49
3642.64
3418.95
3040.2
2971.83
2879.74
2665.92
2582.28
2479.18
2589.73
2722.27
2925.24
3014.77
3344.56
3575.48
3670.89
3670.28
3661.44
3615.42
3627.6
3600.23
3626.1
3614.28
3648.16
3673.13
3709.84
3637.26
3431.57
3069.66
2981.53
2782.23
2609.41
2499.44
2285.44
2538.21
2819.08
2942.71
2937.26
3194.59
3371.47
3466.35
3501.33
3506.8
3502.98
3500.4
3497.57
3503.82
3500.05
3510.01
3503.68
3488.3
3404.55
3228.78
3005.21
2999.53
2841.41
2544.98
2303.35
2193.4
2279.08
2587.08
2757.46
2734.76
2875.61
3117.89
3296.62
3382.83
3404.02
3406.49
3405.11
3405.4
3410.26
3403.25
3404.52
3402.56
3364.05
3182.97
2925.18
2770.1
2803.21
2646.05
2318.23
2232.97
2284.91
2229.33
2354.4
2514.44
2544.59
2628.08
2847.98
3086.62
3243.79
3306.88
3312.97
3316.08
3315.25
3318.28
3311.14
3314.1
3281.94
3146.27
2882.92
2661.21
2578.94
2557.62
2341.96
2238.5
2334.56
2923.5
2281.66
2175.62
2317.11
2386.54
2468.57
2670.53
2907.26
3090.03
3187.64
3214.18
3217.38
3217.93
3219.03
3213.92
3197.91
3123.05
2942.01
2685.46
2490.69
2414.03
2336.59
2160.89
2232.43
2864.77
2906.74
2053.67
1974.84
2165.75
2259.1
2358.32
2534.46
2760.88
2956.58
3072.33
3102.78
3113.08
3111.49
3113.12
3100.01
3077.35
2978.77
2778.32
2540.98
2382.53
2279.44
2170.83
1978.64
2038.06
2869.51
2906.34
2061.48
1883.25
2048.21
2158.07
2270.21
2419.92
2626.42
2820.81
2951.78
2995.96
3003.08
3004.3
3002.1
2992.9
2957.29
2842.5
2642.19
2430.77
2294.22
2178.58
2058.64
1864.8
2049.84
2977.67
2833.85
2038.49
1870.65
1994.44
2082.94
2185.88
2328.51
2528.68
2715.61
2841.35
2883.04
2897.89
2895.87
2896.01
2878.26
2844.72
2734.4
2540.99
2331.19
2203.58
2101.53
2003.18
1867.3
2015.09
2798.33
2757.98
2033.88
1899.56
1957.82
2019.82
2106.45
2241.09
2434.53
2611.87
2736.84
2782.22
2790.39
2792.87
2789.09
2778.3
2738.05
2622.46
2435.73
2241.84
2119.96
2045.93
1976.21
1887.08
2031.66
2772.9
2737.45
2059.1
1918.75
1943.89
1971.96
2039.01
2173.6
2358.64
2525.19
2638.15
2677.25
2692.19
2691.6
2690.99
2671.65
2638.53
2537.78
2364.64
2170.8
2048.96
1992.43
1964.95
1907.4
2032.3
2708.82
2706.27
2087.12
1942.71
1934.96
1929.72
1984.55
2111.24
2285.04
2440.15
2546.59
2588.1
2593.51
2596.6
2591.58
2582.32
2544.9
2448.75
2286.6
2110.6
1992.32
1951.48
1961.3
1934.99
2071.93
2697.93
2706.88
2153.1
1987.3
1935.31
1903.29
1943
2069.21
2231.56
2372.41
2460.78
2493.41
2505.79
2505.52
2504.76
2485.78
2458.06
2377.96
2230.9
2059.73
1947.03
1919.7
1957.31
1972.91
2132.37
2699.62
2735.44
2159.08
1982.64
1924.99
1885.42
1913.13
2021.05
2167.3
2295.25
2378.38
2415.58
2417.37
2421.83
2414.82
2410.27
2377.38
2306.17
2174.77
2023.77
1919.52
1905.26
1943.63
1990.7
2119.65
2693.46
2779.92
2173.15
2001.2
1929.1
1874.76
1892.81
1998.69
2129.75
2241.38
2306.51
2331.67
2342.11
2341.24
2339.69
2323.1
2303.08
2247.45
2134.47
1991.48
1896.67
1888.28
1945.68
2000.9
2152.06
2736.13
2747.24
2176.37
1987.34
1924.73
1852.83
1883.04
1970.91
2082.88
2177.96
2233.09
2267.01
2261.97
2268.81
2261.05
2260.19
2232.11
2184.29
2088.21
1968.65
1882.5
1870.98
1938.46
2003.14
2153.94
2730.17
2743.71
2183.75
2020.64
1933.48
1847.53
1866.86
1951.36
2052.91
2132.45
2174.55
2192.06
2198.95
2198.8
2197.38
2183.71
2172.29
2140.4
2064.53
1950.31
1868.77
1864.6
1940.15
2014.16
2160.98
2701
2716.44
2183.67
2037.27
1920.55
1837.66
1859.65
1932
2013.51
2079.65
2110.36
2139.44
2128.71
2136.69
2128.3
2132.03
2109.53
2084.03
2024
1933.51
1856.64
1852.17
1936.62
2035.34
2159.61
2695.55
2688.18
2176.53
2083.41
1943.93
1846.05
1847.18
1920.44
1992
2043.63
2064.24
2074.93
2075.94
2076.49
2075.79
2065.89
2062.67
2048.81
2003.75
1919.97
1843.14
1855.1
1946.9
2068.88
2160.76
2671.03
2681.47
2186.13
2112.11
1938.42
1854.4
1840.73
1898.39
1956.87
1994.1
2008.44
2031.7
2015.48
2023.86
2015.44
2025.03
2007.51
1999.07
1971.92
1909.17
1836.92
1867.26
1951.7
2125.6
2158.68
2650.95
2655.37
2177
2105.29
1962.48
1870.74
1836.24
1889.5
1937.54
1966.2
1973
1977.41
1973.22
1973.09
1973.1
1968.37
1972.19
1969.51
1949.47
1898
1833.06
1876.83
1972.81
2125.18
2163.14
2626.68
2626.31
2165.19
2102.77
1988.97
1885.86
1845.89
1873.65
1905.62
1920.99
1923.71
1943.23
1920.26
1929.74
1921.28
1937.07
1923.6
1924.24
1916.15
1890.05
1834.63
1888.81
2004
2118.37
2150.51
2600.52
2606.75
2148.18
2099.61
2045.5
1908.6
1855.83
1871.39
1888.38
1896.78
1895.49
1896.66
1888.15
1887.31
1888.71
1888.11
1895.75
1900.26
1897.93
1888.83
1858.62
1903.42
2052.72
2113.06
2133.79
2569.61
2589.84
2138.71
2083.59
2043.24
1930.93
1874.92
1866.5
1861.33
1857.47
1850.5
1868.69
1842.14
1852.05
1843.71
1862.22
1851.52
1860.98
1869.07
1887.15
1873.9
1933.97
2058.73
2094.67
2118.61
2555.72
2562.08
2117.58
2057.43
2036.05
1967.16
1891.29
1888.16
1853.52
1841.4
1830.89
1828.87
1816.8
1816.49
1818.6
1820.25
1831.6
1844.55
1860.31
1905.93
1895.31
1965.36
2046.95
2062.58
2110.41
2533.72
2550.79
2113.67
2023.86
2029.29
2039.86
1930.44
1893.92
1837.12
1809.63
1791.29
1806.4
1777.11
1787.28
1778.68
1799.78
1791.56
1815.31
1846.08
1915.42
1924.17
2042.44
2042.35
2026.46
2093.89
2515.12
2524.94
2101.28
2003.33
2010.48
2025.39
1952.46
1906.44
1854.47
1806.81
1782.44
1772.49
1758.11
1757.39
1759.06
1764.63
1784.3
1810.1
1857.58
1933.39
1963.39
2022.31
2018.87
2009.03
2089.74
2495.39
2504.51
2093.22
1977.62
1979.53
2029.83
2029.48
1924.52
1855.31
1791.72
1748.17
1755.71
1722.97
1733.34
1724.96
1749.67
1748.91
1797.44
1860.68
1953.55
2034.33
2021.8
1987.75
1983.53
2083.78
2481.28
2472.77
2085.46
1970.88
1948.72
1996.51
2038.59
1950.86
1877.24
1805.15
1760.37
1731.28
1709.84
1708.43
1711.68
1723.82
1764.75
1805.38
1874.33
1993.82
2040.14
1989.61
1959.21
1977.49
2065.97
2452.81
2458.59
2081.68
1952.95
1919.48
1974.06
2031.96
2003.08
1892.22
1800.96
1731.07
1725.73
1682.42
1690.38
1685.04
1720.45
1734.75
1810.39
1893.7
2064.82
2035.35
1961.13
1931.89
1960.62
2064.94
2437.42
2427.45
2059.62
1950.24
1901.03
1928.12
2008.51
2083.28
1952.84
1822.18
1766.82
1721.59
1685.33
1676.31
1686.08
1712.29
1769.01
1823.85
1937.5
2080.01
2003.8
1917.83
1912.86
1959.56
2048.73
2408.01
2414.81
2058.04
1936.48
1881.86
1906.44
1984.33
2062.8
2034.45
1840.4
1738.22
1727.09
1669.33
1672.28
1671.92
1720.81
1740.05
1846.19
2011.63
2063.03
1977.07
1902.43
1895.61
1943.29
2040.16
2397.9
2379.37
2035.71
1933.05
1877.73
1875.23
1942.88
2047.89
2068.5
1894.7
1786.46
1725.47
1686.51
1673.6
1689.13
1717.15
1788.7
1905.51
2057.75
2047.34
1930.18
1870.14
1891.09
1940.77
2023.8
2353.54
2349.87
2024.5
1915
1860.36
1868.88
1913.95
2016.95
2049.71
1994.61
1769.79
1740.92
1671.46
1676.87
1674.69
1735.47
1770.7
2000.82
2042.42
2016.46
1903.11
1867.09
1874.04
1920.95
2012.55
2328.73
2212.3
1975.65
1901.23
1860.59
1848.85
1881.41
1980.07
2038.32
2017.57
1872.82
1758.68
1699.91
1684.96
1701.81
1750.19
1866.1
2012.28
2032.45
1980.53
1873.34
1847.82
1874.47
1907.31
1962.72
2191
274.12
274.4
274.594
274.778
275.03
275.275
275.434
275.416
275.228
274.925
274.642
274.43
274.299
274.223
274.175
274.125
274.08
274.045
274.023
274.011
274.004
274.001
274
274
273.998
274
273.995
274.002
273.994
274.003
274.643
275.42
276.016
276.647
277.381
278.099
278.62
278.7
278.298
277.339
276.214
275.298
274.748
274.451
274.285
274.186
274.115
274.065
274.033
274.015
274.006
274.002
274
273.999
273.997
274
273.993
274.003
273.988
274.013
275.891
277.557
278.766
280.058
281.401
282.852
284.271
284.79
284.271
282.613
280.057
277.563
275.818
274.899
274.466
274.252
274.142
274.078
274.04
274.019
274.008
274.002
274
273.999
273.997
274
273.994
274.002
273.992
274.01
278.512
281.537
284.146
287.172
289.805
292.217
294.303
296
297.128
296.417
291.218
283.955
279.239
276.317
274.975
274.434
274.2
274.096
274.046
274.021
274.009
274.003
274
273.999
273.997
274
273.995
274.002
273.995
274.007
283.934
289.848
291.923
293.193
293.723
294.429
295.808
297.635
299.948
302.714
305.067
302.914
289.906
281.034
276.684
274.964
274.366
274.144
274.059
274.025
274.01
274.003
274
273.999
273.998
274
273.996
274.001
273.997
274.004
290.31
292.629
292.753
293.358
293.697
294.377
295.703
297.524
299.91
302.802
306.113
309.436
310.868
297.648
282.481
276.79
274.869
274.283
274.095
274.033
274.012
274.004
274.001
273.999
273.999
274
273.997
274.001
273.998
274.003
290.653
292.399
292.337
292.938
293.279
293.833
294.785
296.522
299.291
302.654
306.199
309.767
313.499
315.688
303.616
283.147
276.615
274.721
274.205
274.059
274.017
274.005
274.001
274
273.999
274
273.998
274
273.999
274.003
290.466
291.261
290.878
291.533
291.769
292.179
292.761
294.189
297.076
301.081
305.653
309.936
313.733
317.57
319.815
306.716
282.852
276.223
274.556
274.14
274.034
274.008
274.001
274
273.999
274
273.999
274
273.999
274.002
289.558
289.317
288.911
289.514
289.787
290.216
290.556
291.641
294.278
298.23
303.386
308.954
313.853
317.835
321.672
323.675
306.493
281.7
275.724
274.4
274.09
274.019
274.003
274
274
274
273.999
274
273.999
274.002
288.071
287.009
286.744
287.133
287.567
288.084
288.362
289.063
291.385
295.308
300.374
306.337
312.634
317.932
322.027
325.836
327.244
302.369
280.026
275.246
274.27
274.055
274.01
274.001
274
274
274
274
274
274.002
286.107
284.704
284.47
284.77
285.396
285.965
286.343
286.824
288.522
292.352
297.51
303.34
310.003
316.752
322.214
326.329
330.031
330.05
295.488
278.259
274.837
274.17
274.031
274.005
274
274
274
274
274
274.002
284.43
282.721
282.511
282.779
283.524
284.109
284.591
284.958
286.096
289.332
294.756
300.575
307.11
314.308
321.292
326.654
330.812
333.931
329.339
288.131
276.746
274.522
274.1
274.017
274.002
274
274
274
274
274.002
282.87
281.151
281.023
281.351
282.073
282.673
283.128
283.436
284.086
286.622
291.882
297.949
304.473
311.519
319.181
326.147
331.266
335.436
337.448
319.723
282.982
275.643
274.303
274.055
274.008
274.001
274
274
274
274.002
282.145
280.597
280.447
280.745
281.239
281.746
281.983
282.224
282.42
284.28
288.935
295.406
302.04
308.999
316.608
324.547
331.312
336.104
340.253
340.225
304.768
279.299
274.926
274.165
274.028
274.004
274.001
274
274
274.002
282.126
280.828
280.722
280.947
281.241
281.226
281.164
280.994
280.977
282.021
286.314
292.756
299.775
306.8
314.283
322.383
330.363
336.606
341.361
345.269
339.359
290.289
276.862
274.489
274.084
274.013
274.002
274
274
274.002
281.881
281.075
281.523
282.031
282.019
281.545
280.863
280.57
280.574
280.847
284.214
290.156
297.723
304.874
312.35
320.3
328.661
336.291
341.878
347.282
347.214
323.448
282.716
275.456
274.242
274.04
274.006
274.001
274.001
274.002
282.068
281.661
282.727
283.656
283.617
283.002
282.124
281.773
281.617
281.742
283.476
288.52
296.296
303.499
311.007
318.704
326.815
335.246
342.371
348.417
351.359
349.293
302.448
278.351
274.695
274.112
274.018
274.003
274.001
274.002
281.767
281.739
283.49
285.763
286.752
286.29
285.254
284.591
284.354
284.244
284.474
288.681
295.998
303.213
310.709
318.285
325.977
334.246
342.42
349.184
355.222
355.162
339.208
286.398
275.998
274.312
274.049
274.008
274.002
274.002
282.079
282.312
284.93
289.187
292.286
292.29
291.249
290.256
289.433
288.529
287.482
290.558
297.107
304.147
311.256
318.606
326.17
334.083
342.42
350.045
356.958
358.804
357.79
313.196
279.685
274.859
274.131
274.02
274.004
274.003
281.594
282.732
287.133
295.802
303.33
304.048
302.13
300.029
297.957
295.223
292.847
293.574
299.076
305.893
312.596
319.613
327.107
334.566
342.852
351.039
358.239
362.898
362.875
350.305
289.402
276.376
274.35
274.052
274.008
274.003
282.242
284.609
294.349
313.172
326.64
328.627
324.835
320.457
314.232
307.12
301.971
300.23
303.232
309.628
315.3
321.671
328.744
336.066
343.912
352.118
359.739
366.916
367.29
366.66
321.267
280.512
274.927
274.134
274.02
274.006
280.5
289.48
313.672
361.588
387.397
388.251
370.759
356.898
341.919
329.053
319.626
313.812
313.108
317.461
320.921
325.398
331.054
338.009
345.493
353.425
361.409
369.058
371.421
371.938
359.52
291.02
276.472
274.342
274.049
274.011
289.334
303.474
372.274
476.158
515.673
485.965
441.558
412.511
385.853
363.723
346.545
335.057
328.721
328.345
327.899
329.935
334.255
340.272
347.358
355.309
363.367
371.382
377.914
377.007
376.173
325.165
280.512
274.864
274.116
274.018
273.332
356.453
570.708
666.199
686.705
607.427
544.593
489.997
448.528
413.604
384.165
362.199
347.633
343.466
340.131
339.005
340.043
344.121
350.352
357.881
365.809
373.524
381.797
382.376
382.485
365.493
290.447
276.22
274.287
274.044
298.197
494.049
832.707
895.384
849.824
777.608
673.893
594.223
526.417
470.728
425.35
392.878
372.064
362.878
355.851
351.594
349.851
350.685
354.79
361.287
368.779
376.178
384.979
388.372
387.944
386.556
322.54
279.63
274.697
274.101
274.003
273.994
274.002
273.995
274
273.998
274
274
274.001
274.004
274.011
274.023
274.045
274.08
274.125
274.174
274.223
274.298
274.428
274.638
274.92
275.222
275.41
275.429
275.271
275.027
274.776
274.593
274.399
274.119
274.013
273.988
274.003
273.993
274
273.997
273.999
274
274.002
274.006
274.015
274.033
274.065
274.115
274.186
274.285
274.45
274.744
275.289
276.198
277.317
278.275
278.679
278.602
278.086
277.371
276.639
276.011
275.417
274.642
274.01
273.992
274.002
273.994
274
273.997
273.999
274
274.002
274.008
274.019
274.04
274.078
274.141
274.251
274.464
274.893
275.802
277.532
280.009
282.555
284.21
284.727
284.219
282.819
281.378
280.04
278.754
277.548
275.886
274.007
273.995
274.002
273.995
274
273.997
273.999
274
274.003
274.009
274.021
274.046
274.096
274.2
274.431
274.967
276.293
279.185
283.864
291.048
296.28
297.031
295.927
294.242
292.156
289.747
287.122
284.109
281.516
278.501
274.004
273.997
274.001
273.996
274
273.998
273.999
274
274.003
274.01
274.025
274.059
274.143
274.363
274.955
276.654
280.953
289.687
302.707
304.985
302.657
299.898
297.587
295.764
294.386
293.68
293.151
291.882
289.802
283.899
274.003
273.998
274.001
273.997
274
273.999
273.999
274.001
274.004
274.012
274.033
274.094
274.281
274.86
276.755
282.373
297.328
310.737
309.365
306.056
302.748
299.86
297.477
295.659
294.334
293.656
293.32
292.72
292.598
290.281
274.003
273.999
274
273.998
274
273.999
274
274.001
274.005
274.017
274.058
274.203
274.713
276.579
283.02
303.23
315.577
313.428
309.707
306.141
302.604
299.247
296.479
294.741
293.788
293.236
292.898
292.303
292.368
290.628
274.002
273.999
274
273.999
274
273.999
274
274.001
274.008
274.034
274.139
274.549
276.191
282.724
306.3
319.705
317.488
313.659
309.872
305.6
301.037
297.036
294.147
292.718
292.133
291.726
291.492
290.843
291.228
290.44
274.002
273.999
274
273.999
274
274
274
274.003
274.019
274.089
274.395
275.698
281.579
306.006
323.553
321.586
317.758
313.786
308.903
303.347
298.193
294.244
291.602
290.512
290.169
289.741
289.469
288.87
289.278
289.519
274.002
274
274
274
274
274
274.001
274.01
274.054
274.266
275.228
279.927
301.853
327.092
325.734
321.938
317.86
312.58
306.292
300.333
295.264
291.344
289.015
288.31
288.031
287.514
287.08
286.694
286.959
288.027
274.002
274
274
274
274
274
274.005
274.031
274.168
274.825
278.187
295.07
329.834
329.905
326.229
322.13
316.689
309.955
303.295
297.467
292.308
288.478
286.77
286.283
285.906
285.336
284.709
284.409
284.642
286.049
274.002
274
274
274
274
274.002
274.016
274.099
274.514
276.699
287.855
328.871
333.775
330.7
326.556
321.217
314.248
307.054
300.518
294.703
289.276
286.041
284.895
284.524
284.041
283.455
282.71
282.437
282.647
284.357
274.002
274
274
274
274.001
274.008
274.054
274.298
275.615
282.823
319.139
337.273
335.297
331.148
326.053
319.103
311.447
304.402
297.876
291.817
286.548
284.015
283.36
283.051
282.596
281.991
281.27
280.938
281.059
282.769
274.002
274
274
274.001
274.004
274.027
274.162
274.911
279.201
304.142
339.903
340.095
335.968
331.196
324.455
316.526
308.918
301.959
295.325
288.867
284.193
282.337
282.147
281.911
281.666
281.165
280.667
280.371
280.498
282.027
274.002
274
274
274.002
274.013
274.083
274.481
276.807
289.919
338.777
345.065
341.217
336.467
330.249
322.282
314.184
306.702
299.68
292.666
286.247
281.898
280.879
280.911
281.103
281.186
281.202
280.89
280.666
280.757
282.021
274.002
274.001
274.001
274.006
274.04
274.238
275.429
282.543
322.642
346.97
347.122
341.73
336.154
328.54
320.19
312.236
304.758
297.616
290.063
284.17
280.853
280.589
280.589
280.893
281.57
282.045
282.051
281.523
281.046
281.817
274.002
274.001
274.003
274.018
274.11
274.682
278.262
301.744
348.965
351.08
348.287
342.221
335.104
326.684
318.594
310.907
303.401
296.221
288.46
283.468
281.812
281.684
281.842
282.185
283.081
283.709
283.718
282.777
281.707
282.063
274.002
274.002
274.007
274.048
274.306
275.958
286.125
338.249
354.85
355.01
349.051
342.275
334.117
325.863
318.189
310.637
303.148
295.995
288.688
284.513
284.288
284.402
284.635
285.314
286.397
286.872
285.896
283.65
281.836
281.844
274.003
274.004
274.02
274.129
274.842
279.558
312.255
357.488
358.565
356.836
349.916
342.291
333.986
326.093
318.534
311.227
304.138
297.172
290.63
287.512
288.558
289.485
290.321
291.343
292.454
292.518
289.432
285.153
282.48
282.227
274.003
274.008
274.051
274.343
276.325
289.059
349.445
362.613
362.581
358.133
350.924
342.76
334.535
327.136
319.612
312.62
305.999
299.22
293.682
292.773
295.229
297.946
300.077
302.282
304.164
303.744
296.229
287.494
282.997
281.839
274.006
274.02
274.132
274.907
280.363
320.243
366.366
367.081
366.827
359.639
352.043
343.867
336.057
328.764
321.702
315.312
309.532
303.148
300.196
301.809
306.915
314.046
320.379
325.084
329.083
327.525
314.652
295.044
285.023
282.69
274.01
274.048
274.335
276.416
290.618
358.638
371.756
371.232
368.989
361.318
353.394
345.448
337.9
330.974
325.311
320.853
317.288
312.702
313.632
319.273
328.842
341.623
357.179
371.64
389.199
389.151
363.516
314.79
290.061
281.044
274.018
274.114
274.844
280.356
324.014
375.92
376.831
377.745
371.33
363.32
355.3
347.299
340.215
334.076
329.724
327.639
328.082
327.895
334.749
345.936
363.454
385.403
413.072
442.886
488.4
518.883
480.029
374.803
304.455
290.097
274.043
274.281
276.168
290.057
364.543
382.362
382.277
381.772
373.526
365.8
357.869
350.284
344.021
339.844
338.68
339.689
343.12
346.85
361.84
383.344
413.547
447.901
490.281
546.129
611.403
693.218
672.53
578.485
359.627
274.527
274.099
274.682
279.495
321.314
386.331
387.874
388.254
384.956
376.139
368.765
361.241
354.691
350.48
349.546
351.191
355.271
362.386
371.243
392.719
424.693
471.32
527.089
592.17
676.586
781.436
861.377
901.205
843.725
501.224
300.655
274.002
274.002
274.002
274.002
274.002
274.002
274.002
274.002
274.002
274.002
274.002
274.002
274.002
274.002
274.002
274.002
274.002
274.002
274.002
274.002
274.002
274.002
274.002
274.002
274.002
274.002
274.002
274.002
274.002
274.002
274.002
274.002
274.002
274.002
274.002
274.002
274.002
274.002
274.002
274.002
274.002
274.002
274.002
274.002
274.002
274.002
274.002
274.002
274.002
274.002
274.002
274.002
274.002
274.002
274.002
274.002
274.002
274.002
274.002
274.002
274.002
274.002
274.002
274.002
274.002
274.002
274.002
274.002
274.002
274.002
274.002
274.002
274.002
274.002
274.002
274.002
274.002
274.002
274.002
274.003
274.006
274.021
274.087
274.364
275.367
278.789
289.716
319.027
386.866
483.466
563.153
616.555
650.193
671.363
685.827
694.957
700.152
702.039
701.314
697.689
692.014
684.769
675.304
664.392
651.942
638.021
622.797
606.389
588.944
570.377
550.909
530.186
507.945
484.496
458.198
426.594
388.075
343.389
303.455
288.123
280.462
276.824
275.216
274.512
274.221
274.001
274.001
274.001
274.001
274.001
274.001
274.001
274.001
274.001
274.001
274.001
274.001
274.001
274.001
274.001
274.001
274.001
274.001
274.001
274.001
274.001
274.001
274.001
274.001
274.001
274.001
274.001
274.001
274.001
274.001
274.001
274.001
274.001
274.001
274.001
274.001
274.001
274.001
274.001
274.001
274.001
274.001
274.001
274.001
274.001
274.001
274.001
274.001
274.001
274.001
274.001
274.001
274.001
274.001
274.001
274.001
274.001
274.001
274
274
274
274
274
274
274
274
274
274
274
274
274
274
274
274
274
274
274
274.001
274.003
274.016
274.085
274.443
276.05
283.002
308.868
389.939
516.931
614.541
664.2
677.636
676.995
672.754
669.055
667.34
665.527
664.21
661.93
657.581
651.675
644.504
636.047
626.644
616.146
604.777
592.906
580.425
567.497
554.168
540.602
526.736
512.81
499.185
486.552
473.86
462.266
452.974
444.42
434.754
418.18
383.909
338.442
297.53
284.176
278.138
275.694
274
274
274
274
274
274
274
274
274
274
274
274
274
274
274
274
274
274
274
274
274
274
274
274
274
274
274
274
274
274
274
274
274
274
274
274
274
274
274
274
274
274
274
274
274
274
274
274
274
274
274
274
274
274
274
274
274
274
274
274
274
274
274
274
274
274
274
274
274
274
274
274
274
274
274
274
274.001
274.009
274.058
274.38
276.21
286.314
337.073
469.95
614.18
692.999
713.001
712.419
706.64
699.501
691.748
685.133
680.041
675.065
669.932
663.584
656.097
647.907
638.753
628.699
618.02
607.11
595.902
584.447
573.223
561.79
550.223
538.527
526.903
515.489
504.922
494.64
484.685
474.795
464.831
455.276
446.79
439.27
431.902
425.008
416.916
399.527
360.874
312.305
287.793
274
274
274
274
274
274
274
274
274
274
274
274
274
274
274
274
274
274
274
274
274
274
274
274
274
274
274
274
274
274
274
274
274
274
274
274
274
274
274
274
274
274
274
274
274
274
274
274
274
274
274
274
274
274
274
274
274
274
274
274
274
274
274
274
274
274
274
274
274
274
274
274
274
274
274
274.003
274.027
274.213
275.563
285.219
348.049
517.728
674.382
738.095
745.276
740.611
734.705
727.019
720.166
713.957
709.171
704.719
699.173
691.708
683.669
674.985
665.917
656.477
646.406
635.901
624.875
613.366
601.843
590.083
579.15
567.938
556.558
545.251
534.183
523.144
512.346
501.346
490.816
480.606
470.995
461.45
452.055
442.754
434.019
426.291
419.401
412.736
406.533
396.17
367.065
274
274
274
274
274
274
274
274
274
274
274
274
274
274
274
274
274
274
274
274
274
274
274
274
274
274
274
274
274
274
274
274
274
274
274
274
274
274
274
274
274
274
274
274
274
274
274
274
274
274
274
274
274
274
274
274
274
274
274
274
274
274
274
274
274
274
274
274
274
274
274
274
274
274.001
274.009
274.08
274.725
280.446
329.669
515.107
701.701
766.028
770.8
766.418
760.914
753.868
747.816
742.88
738.755
733.972
726.923
718.076
708.613
698.599
688.876
679.366
670.086
661.268
652.597
643.856
634.798
625.243
614.839
603.398
591.892
580.42
568.119
555.317
542.382
529.517
516.973
504.286
492.456
480.982
470.869
461.598
453.383
445.42
437.359
429.193
420.98
413.111
406.252
400.24
393.911
274
274
274
274
274
274
274
274
274
274
274
274
274
274
274
274
274
274
274
274
274
274
274
274
274
274
274
274
274
274
274
274
274
274
274
274
274
274
274
274
274
274
274
274
274
274
274
274
274
274
274
274
274
274
274
274
274
274
274
274
274
274
274
274
274
274
274
274
274
274
274
274
274.001
274.021
274.226
276.39
298.917
453.733
690.861
784.934
792.673
789.074
784.278
778.632
773.444
769.318
765.591
760.639
753.683
744.659
735.118
725.356
716.041
707.126
697.546
688.282
679.731
671.886
664.612
657.199
649.212
640.06
630.01
619.126
607.054
595.319
582.592
568.871
554.314
539.451
524.701
509.842
496.05
482.52
470.294
458.877
448.76
440.295
433.281
427.433
421.643
415.079
407.446
400.476
394.034
274
274
274
274
274
274
274
274
274
274
274
274
274
274
274
274
274
274
274
274
274
274
274
274
274
274
274
274
274
274
274
274
274
274
274
274
274
274
274
274
274
274
274
274
274
274
274
274
274
274
274
274
274
274
274
274
274
274
274
274
274
274
274
274
274
274
274
274
274
274
274
274.003
274.045
274.585
281.611
364.904
620.638
788.104
810.15
809.566
806.018
800.983
797.094
794.278
791.81
787.939
781.842
774.99
765.653
756.021
747.613
739.595
732.125
723.642
713.642
704.148
696.016
688.572
682.001
675.267
667.747
659.086
649.497
638.509
626.102
613.57
600.099
585.299
569.41
552.953
536.098
519.047
503.247
487.822
473.261
459.495
447.712
436.672
427.106
419.401
413.142
408.578
404.364
400.162
395.589
274
274
274
274
274
274
274
274
274
274
274
274
274
274
274
274
274
274
274
274
274
274
274
274
274
274
274
274
274
274
274
274
274
274
274
274
274
274
274
274
274
274
274
274
274
274
274
274
274
274
274
274
274
274
274
274
274
274
274
274
274
274
274
274
274
274
274
274
274
274
274.006
274.089
275.387
295.501
478.19
747.045
820.591
826.242
825.44
822.202
817.74
815.73
814.256
813.51
809.375
806.623
800.936
795.675
790.139
780.322
772.249
764.943
758.386
750.365
741.394
732.978
725.82
719.412
713.792
707.851
701.041
692.786
682.951
671.388
657.937
643.309
627.916
610.329
591.528
572.449
552.788
533.091
514.792
496.998
480.047
463.341
449.371
436.556
425.411
415.61
407.118
400.696
395.694
391.185
388.255
274
274
274
274
274
274
274
274
274
274
274
274
274
274
274
274
274
274
274
274
274
274
274
274
274
274
274
274
274
274
274
274
274
274
274
274
274
274
274
274
274
274
274
274
274
274
274
274
274
274
274
274
274
274
274
274
274
274
274
274
274
274
274
274
274
274
274
274
274
274.009
274.16
277.043
329.176
607.405
814.835
837.985
839.976
840.483
838.505
835.67
834.779
834.465
833.987
833.858
832.838
831.023
830.135
827.07
822.667
820.612
813.256
807.993
803.024
797.144
791.925
787.403
782.781
778.632
774.855
770.778
765.694
758.575
748.795
735.555
719.398
700.493
679.196
655.691
630.892
606.185
581.053
556.711
534.071
512.363
491.855
471.769
455.042
439.313
426.218
414.987
404.72
395.755
389.24
384.454
380.071
274
274
274
274
274
274
274
274
274
274
274
274
274
274
274
274
274
274
274
274
274
274
274
274
274
274
274
274
274
274
274
274
274
274
274
274
274
274
274
274
274
274
274
274
274
274
274
274
274
274
274
274
274
274
274
274
274
274
274
274
274
274
274
274
274
274
274
274
274.012
274.258
279.904
386.817
712.687
842.48
852.13
853.1
854.165
853.774
854.045
855.888
859.506
863.309
866.742
869.365
873.138
875.72
877.938
880.14
880.766
881.541
879.473
878.835
876.804
877.383
878.165
879.639
879.528
879.388
878.504
877.498
875.559
870.717
861.753
847.436
827.696
802.164
771.192
737.151
702.066
666.997
631.746
598.819
568.511
539.738
512.725
487.364
466.844
447.169
431.012
416.803
404.686
394.311
384.85
377.759
372.638
274
274
274
274
274
274
274
274
274
274
274
274
274
274
274
274
274
274
274
274
274
274
274
274
274
274
274
274
274
274
274
274
274
274
274
274
274
274
274
274
274
274
274
274
274
274
274
274
274
274
274
274
274
274
274
274
274
274
274
274
274
274
274
274
274
274
274
274.014
274.365
283.678
447.777
779.167
857.26
862.876
864.292
866.878
868.119
870.785
876.34
884.729
894.149
904.145
914.943
927.038
941.26
956.217
969.201
983.269
991.616
999.469
1005.52
1009.38
1010.1
1015.27
1020.49
1025.8
1029.84
1033.53
1035.82
1037.11
1037.41
1035.36
1028.32
1013.1
989.312
956.385
915.001
867.515
817.491
767.883
717.14
670.206
627.587
587.387
549.613
515.157
487.879
462.44
442.07
423.498
407.546
394.857
383.788
373.485
366.065
274
274
274
274
274
274
274
274
274
274
274
274
274
274
274
274
274
274
274
274
274
274
274
274
274
274
274
274
274
274
274
274
274
274
274
274
274
274
274
274
274
274
274
274
274
274
274
274
274
274
274
274
274
274
274
274
274
274
274
274
274
274
274
274
274
274
274.014
274.446
287.164
493.977
817.686
867.521
871.062
873.132
876.99
881.47
887.025
895.828
908.1
925.123
944.06
968.336
998.199
1033.37
1072.32
1108.44
1138.3
1165.57
1186.81
1201.57
1210.02
1220.73
1224.76
1228.63
1229.47
1232.85
1234.3
1236.08
1237.25
1237.64
1236.87
1234.12
1227.29
1212.6
1187.24
1150.46
1101.19
1043.99
980.306
915.301
846.445
780.352
720.241
663.425
609.673
561.218
522.937
488.238
461.47
436.844
415.66
398.784
384.768
372.532
361.742
274
274
274
274
274
274
274
274
274
274
274
274
274
274
274
274
274
274
274
274
274
274
274
274
274
274
274
274
274
274
274
274
274
274
274
274
274
274
274
274
274
274
274
274
274
274
274
274
274
274
274
274
274
274
274
274
274
274
274
274
274
274
274
274
274
274.013
274.462
288.824
518.966
837.746
875.071
877.349
879.9
885.481
892.419
901.653
914.633
932.377
956.2
989.036
1029.37
1087.48
1157.87
1236.29
1317.16
1391.19
1436.92
1460.46
1474.06
1480.25
1481.74
1479.99
1475.81
1466.28
1458.6
1452.72
1444.93
1435.84
1426.82
1415.57
1402.05
1386.85
1372.1
1355.18
1335.89
1313.06
1280.17
1229.15
1165.63
1095.31
1013.97
930.428
850.803
772.948
697.626
629.434
575.705
528.004
491.621
458.789
431.078
408.272
388.749
373.719
360.813
274
274
274
274
274
274
274
274
274
274
274
274
274
274
274
274
274
274
274
274
274
274
274
274
274
274
274
274
274
274
274
274
274
274
274
274
274
274
274
274
274
274
274
274
274
274
274
274
274
274
274
274
274
274
274
274
274
274
274
274
274
274
274
274
274.01
274.404
287.839
519.709
845.167
880.651
882.339
885.069
891.89
901.425
914.269
932.156
956.978
990.116
1035.62
1101.39
1188.24
1310.76
1449.32
1570.94
1650.03
1677.45
1681.83
1687.04
1678.57
1670.06
1664.47
1651.76
1635.35
1617.54
1601.88
1583.42
1561.89
1540.85
1521.25
1497.68
1474.23
1450.73
1431.49
1413.53
1397.19
1382.62
1369.86
1348.88
1308.66
1256.32
1184.49
1097.54
1008.4
914.402
816.27
722.937
647.923
582.382
533.851
490.336
454.228
424.888
398.524
377.723
362.266
274
274
274
274
274
274
274
274
274
274
274
274
274
274
274
274
274
274
274
274
274
274
274
274
274
274
274
274
274
274
274
274
274
274
274
274
274
274
274
274
274
274
274
274
274
274
274
274
274
274
274
274
274
274
274
274
274
274
274
274
274
274
274
274.006
274.297
284.705
496.038
841.423
884.133
886.101
889.016
896.721
909.052
925.297
948.318
980.614
1024.33
1083.72
1169.54
1299.03
1471.41
1676.18
1776.6
1788.72
1771.58
1747.35
1747.46
1766.85
1760.75
1754.78
1750.44
1736.71
1722.39
1707.29
1685.64
1657.2
1627.53
1600.43
1576.4
1547.83
1520.82
1494.94
1474.22
1454.7
1437.65
1423.79
1415.15
1406.24
1390.83
1362.77
1310.61
1235.34
1153.37
1061.28
952.848
838.482
741.241
654.552
591.039
533.98
487.856
449.295
414.873
387.162
366.796
274
274
274
274
274
274
274
274
274
274
274
274
274
274
274
274
274
274
274
274
274
274
274
274
274
274
274
274
274
274
274
274
274
274
274
274
274
274
274
274
274
274
274
274
274
274
274
274
274
274
274
274
274
274
274
274
274
274
274
274
274
274
274.004
274.183
280.869
451.566
822.931
885.451
888.503
891.676
900.566
915.448
935.132
962.556
1001.21
1054.45
1126.82
1229.3
1378.84
1598.21
1795.96
1856.51
1854.63
1821.36
1789.05
1775.18
1805.61
1855.78
1888.48
1910.2
1917.77
1908.35
1892.4
1856.72
1812.74
1780.27
1751.37
1724.04
1701.32
1677.17
1654.33
1628.96
1607.36
1584.39
1560.32
1535.76
1506.89
1480.74
1455.83
1432.67
1390.22
1326.42
1258.95
1178.71
1079.27
958.491
847.129
741.194
661.463
588.855
530.718
481.548
438.323
402.851
375.505
274
274
274
274
274
274
274
274
274
274
274
274
274
274
274
274
274
274
274
274
274
274
274
274
274
274
274
274
274
274
274
274
274
274
274
274
274
274
274
274
274
274
274
274
274
274
274
274
274
274
274
274
274
274
274
274
274
274
274
274
274
274.002
274.094
277.681
392.509
783.87
884.186
889.847
893.281
902.671
919.427
942.795
973.337
1015.76
1074.88
1156.87
1272.78
1436.67
1661.28
1827.23
1870.09
1875.67
1861.23
1825.3
1816.53
1829.61
1909.79
1962.39
2017.88
2090.48
2126.4
2117.35
2072.55
2040.41
2015.95
1995.32
1967.83
1941.46
1924.38
1906.98
1890.74
1873.34
1860.48
1842.19
1816.07
1785.99
1742.85
1685.18
1621.74
1550.7
1479.23
1402.85
1330.19
1253.27
1162.44
1052.63
944.711
828.39
735.601
647.823
578.102
517.998
466.086
423.955
388.858
274
274
274
274
274
274
274
274
274
274
274
274
274
274
274
274
274
274
274
274
274
274
274
274
274
274
274
274
274
274
274
274
274
274
274
274
274
274
274
274
274
274
274
274
274
274
274
274
274
274
274
274
274
274
274
274
274
274
274
274
274.001
274.039
275.686
334.35
713.214
879.051
889.648
894.048
903.49
921.061
946.442
979.242
1022.39
1082.42
1167.12
1289.4
1462.25
1684.62
1826.99
1859.5
1865.39
1856.49
1857.73
1835.33
1840.3
1888.94
1968.23
1984.74
2045.08
2127.06
2153.78
2134.01
2087.1
2070.14
2064.77
2063.63
2055.11
2043.62
2042.3
2043.37
2044.36
2040.62
2033.07
2016.87
1991.98
1958.96
1917.22
1870.89
1820.37
1757.57
1676.97
1564.5
1459.25
1350.12
1251.42
1139.3
1036.36
926.366
831.992
728.899
642.7
566.606
499.931
448.146
405.125
274
274
274
274
274
274
274
274
274
274
274
274
274
274
274
274
274
274
274
274
274
274
274
274
274
274
274
274
274
274
274
274
274
274
274
274
274
274
274
274
274
274
274
274
274
274
274
274
274
274
274
274
274
274
274
274
274
274
274
274
274.014
274.683
297.811
602.65
866.055
887.268
893.817
903.58
920.807
946.403
979.312
1021.2
1078.04
1159.01
1278.91
1454.68
1685.79
1826.54
1846.6
1835.47
1815.4
1810.24
1837.72
1847.79
1822.67
1881.32
1905.62
1912.66
1989.3
2057.37
2072.97
2036.14
2018.88
2046.21
2046.62
2047.33
2025.22
2020.27
2018
2029.17
2032.18
2032.2
2026.64
2009.1
1982.51
1950.23
1911.46
1883.4
1860.56
1832.08
1785.67
1723.51
1656.09
1578.09
1471.17
1337.43
1217.63
1063.12
946.027
828.079
730.61
635.713
551.317
486.113
435.042
274
274
274
274
274
274
274
274
274
274
274
274
274
274
274
274
274
274
274
274
274
274
274
274
274
274
274
274
274
274
274
274
274
274
274
274
274
274
274
274
274
274
274
274
274
274
274
274
274
274
274
274
274
274
274
274
274
274
274
274.005
274.237
282.504
472.011
828.592
881.398
891.805
902.955
919.772
943.799
975.275
1014.26
1065.33
1137.54
1246.47
1413.18
1652.03
1832.34
1862.6
1853.17
1850.02
1862.29
1871.4
1867.27
1822.65
1737.95
1729.77
1666.01
1682.36
1785.51
1923.83
2019.03
1990.86
1975.38
1987.17
1937.36
1849.18
1840.44
1819.41
1810.85
1848.71
1858.96
1869.27
1870.81
1845.03
1812.9
1780.29
1748.31
1731.45
1720.94
1735.56
1713.24
1697.84
1678.64
1680.12
1644.98
1559.22
1466.97
1325.63
1183.24
1008.51
861.636
737.215
632.361
546.962
480.411
274
274
274
274
274
274
274
274
274
274
274
274
274
274
274
274
274
274
274
274
274
274
274
274
274
274
274
274
274
274
274
274
274
274
274
274
274
274
274
274
274
274
274
274
274
274
274
274
274
274
274
274
274
274
274
274
274
274
274.001
274.066
276.604
360.921
741.936
871.842
888.249
901.09
917.841
940.037
968.4
1003.31
1047.75
1109.46
1202.92
1348.43
1567.74
1810.32
1890.56
1897.65
1901.04
1919.58
1932.93
1936.62
1933.86
1869.67
1648.86
1518.31
1478.66
1500.01
1595.51
1760.51
1838.59
1854.21
1858.81
1665.87
1446.84
1290.24
1230.31
1207.49
1254.18
1293.23
1300.86
1351.56
1419.4
1480.89
1524.79
1561.92
1579.14
1581.3
1537.22
1516.68
1531.06
1576.28
1597.73
1628.81
1642.24
1626.98
1589.06
1518.67
1417.28
1260.22
1075.47
893.543
728.268
624.425
541.404
274
274
274
274
274
274
274
274
274
274
274
274
274
274
274
274
274
274
274
274
274
274
274
274
274
274
274
274
274
274
274
274
274
274
274
274
274
274
274
274
274
274
274
274
274
274
274
274
274
274
274
274
274
274
274
274
274
274
274.016
274.74
298.192
595.805
854.412
883.729
898.088
914.451
935.498
960.884
991.366
1029.17
1080.74
1158.02
1277.7
1459.3
1708.86
1886.24
1921.41
1927.19
1934.45
1946.31
1961.67
1969.29
1964.24
1911.92
1682.83
1513.66
1461.91
1385.12
1396.56
1458.64
1470.11
1464.71
1375.45
1312.92
1227.84
1164.45
1121.27
1083.47
1074.65
1100.04
1084.58
1103.8
1130.55
1172.08
1240.25
1315.19
1420.3
1503.79
1539.33
1538.1
1493.06
1461.5
1454.62
1480.37
1508.24
1532.73
1539.29
1562.09
1534.97
1455.55
1320.95
1135.21
924.14
757.63
628.271
274
274
274
274
274
274
274
274
274
274
274
274
274
274
274
274
274
274
274
274
274
274
274
274
274
274
274
274
274
274
274
274
274
274
274
274
274
274
274
274
274
274
274
274
274
274
274
274
274
274
274
274
274
274
274
274
274
274.004
274.187
280.538
438.807
801.246
877.067
895.064
910.315
929.458
953.122
979.725
1012.16
1056.27
1120.82
1217.31
1360.61
1565.06
1807.71
1912
1930.44
1936.77
1945.46
1956.3
1961.51
1964.56
1970.18
1902.2
1666.88
1470.32
1325.07
1298.78
1324.42
1293.65
1272.97
1257.03
1182.36
1078.48
998.322
1005.56
950.84
913.483
887.496
881.13
864.056
862.817
863.485
863.505
883.834
906.536
953.804
1029.69
1137.68
1281.86
1378.06
1425.18
1435.29
1421.09
1424.96
1453.23
1462.29
1468.1
1493.81
1505.32
1471.79
1347.66
1175.12
937.736
737.349
274
274
274
274
274
274
274
274
274
274
274
274
274
274
274
274
274
274
274
274
274
274
274
274
274
274
274
274
274
274
274
274
274
274
274
274
274
274
274
274
274
274
274
274
274
274
274
274
274
274
274
274
274
274
274
274
274.001
274.039
275.574
325.807
684.033
867.044
891.997
907.199
923.771
944.112
967.51
995.81
1034.16
1090.1
1171.29
1286.92
1446.79
1660.06
1850.63
1914
1928.92
1934.34
1947.94
1958.48
1958.7
1958.07
1886.52
1703.68
1412.87
1270.37
1250.21
1207.44
1191.37
1199.44
1204.28
1163.04
1121.44
1069.61
1020.54
985.522
948.039
889.609
874.057
866.426
856.944
857.396
855.019
855.956
859.981
859.627
878.746
907.354
947.123
1025.41
1132.39
1255.75
1329.46
1390.3
1412.43
1430.17
1438.76
1441.59
1437.82
1444.66
1493.96
1452.63
1332.5
1127.73
859.886
274
274
274
274
274
274
274
274
274
274
274
274
274
274
274
274
274
274
274
274
274
274
274
274
274
274
274
274
274
274
274
274
274
274
274
274
274
274
274
274
274
274
274
274
274
274
274
274
274
274
274
274
274
274
274
274
274.007
274.351
285.612
499.959
837.041
888.529
903.555
917.834
934.916
955.058
979.603
1014.19
1065.16
1138.35
1238.06
1368.24
1533.16
1729.55
1874.22
1923.32
1938.36
1951.63
1961.91
1961.19
1960.49
1945.43
1649.54
1420.68
1185.91
1107
1085.72
1093.84
1077.49
1062.09
1053.73
1041.15
1071.44
1067.86
1063.31
1047.9
1022.3
935.707
895.869
886.937
884.037
888.448
895.299
891.818
892.56
885.366
882.687
880.687
883.178
901.959
948.949
1038.47
1189.84
1317.09
1378.51
1421.21
1437.29
1439.44
1432.12
1425.68
1435.8
1479.73
1429.94
1286.79
1016.58
274
274
274
274
274
274
274
274
274
274
274
274
274
274
274
274
274
274
274
274
274
274
274
274
274
274
274
274
274
274
274
274
274
274
274
274
274
274
274
274
274
274
274
274
274
274
274
274
274
274
274
274
274
274
274
274.001
274.057
276.204
346.524
722.614
880.086
898.693
910.644
925.423
942.753
965.346
996.634
1044.23
1112.42
1203.69
1317.42
1451.94
1608.88
1781.44
1899.13
1934.64
1949.96
1967.56
1983.09
1978.24
1979.24
1883.65
1637.63
1275.19
1120.83
1077.66
1059.51
1053.94
1066.32
1072.4
1074.69
1069.8
1049.54
1053.43
1069.93
1075.25
1048.82
1022.17
897.159
867.169
862.124
851.706
855.854
867.759
864.483
873.826
885.378
888.286
899.559
903.701
910.7
929.746
965.327
1063.52
1245.79
1374.06
1435.94
1441.88
1460.92
1466.76
1426.12
1432.64
1413.65
1280.88
1092.73
274
274
274
274
274
274
274
274
274
274
274
274
274
274
274
274
274
274
274
274
274
274
274
274
274
274
274
274
274
274
274
274
274
274
274
274
274
274
274
274
274
274
274
274
274
274
274
274
274
274
274
274
274
274
274
274.008
274.356
285.685
500.976
844.027
893.475
903.137
914.495
930.168
951.255
981.679
1026.31
1089.57
1174.95
1280.27
1402.36
1538.68
1690.93
1845.27
1927.18
1953.84
1969.14
1993.42
2003.94
1998.53
1999.31
1718.52
1530.93
1278.87
1207.48
1176.97
1154.27
1138.3
1130.1
1105.92
1083.53
1068.86
1081.4
1082.73
1072.36
1097.1
1105.5
1078.58
1061.02
942.174
932.452
900.232
887.207
873.402
894.889
877.862
883.202
891.062
900.064
912.994
919.145
932.177
947.902
966.045
1003.12
1088.34
1227.19
1395.86
1465.54
1495.77
1480.06
1423.12
1447.53
1197.85
1084.44
274
274
274
274
274
274
274
274
274
274
274
274
274
274
274
274
274
274
274
274
274
274
274
274
274
274
274
274
274
274
274
274
274
274
274
274
274
274
274
274
274
274
274
274
274
274
274
274
274
274
274
274
274
274
274.001
274.042
275.657
328.611
693.628
879.917
896.434
905.26
919.075
938.8
967.089
1008.02
1066.08
1141.46
1235.98
1350.56
1483.95
1633.13
1793.3
1911.21
1955.66
1971.81
1989.82
2003.26
2003.87
1995.36
1889.73
1601.2
1304.6
1173.08
1121.41
1094.89
1079.44
1074.94
1073.22
1074.31
1082.92
1078.18
1060.47
1079.44
1085.13
1082.75
1081.45
1083.46
1086.37
1077.83
996.462
929.654
932.692
919.628
898.476
914.406
907.002
917.562
910.513
916.737
931.106
940.858
956.096
975.885
1001.86
1049.3
1136.71
1269.47
1424.07
1530.6
1565.76
1511.26
1450
1346.53
970.31
274
274
274
274
274
274
274
274
274
274
274
274
274
274
274
274
274
274
274
274
274
274
274
274
274
274
274
274
274
274
274
274
274
274
274
274
274
274
274
274
274
274
274
274
274
274
274
274
274
274
274
274
274
274
274.005
274.228
281.692
456.113
822.245
888.128
897.201
908.732
927.201
952.479
987.103
1032.51
1091.99
1169.45
1268.34
1393.07
1546.48
1719.05
1875.82
1943.19
1963.97
1980.27
2009.95
2019.36
2018.64
2005
1806.43
1535.28
1288.76
1220.07
1188.3
1173.64
1165.78
1158.41
1154.28
1144.68
1134.69
1122.05
1136.01
1131.28
1122.77
1137.8
1132.87
1131.38
1135.81
1139.07
1096.96
1080.09
963.882
989.825
959.518
952.369
952.992
952.629
960.686
966.467
969.357
978.639
983.438
994.164
1001.71
1015.89
1032.08
1052.77
1117.24
1236.93
1440.63
1561.15
1578.93
1394.57
1335.93
274
274
274
274
274
274
274
274
274
274
274
274
274
274
274
274
274
274
274
274
274
274
274
274
274
274
274
274
274
274
274
274
274
274
274
274
274
274
274
274
274
274
274
274
274
274
274
274
274
274
274
274
274
274.001
274.024
274.979
304.436
623.162
868.796
890.201
900.557
918.311
942.012
972.835
1012.22
1064
1133.13
1222.26
1332.93
1465.7
1617.58
1776.77
1900.72
1947.08
1963.53
1981.06
2016.55
2040.43
2054.61
2061.86
1815.05
1617.22
1370.14
1281.73
1241.86
1208.65
1188.15
1179.48
1167.08
1158.33
1163.48
1163.3
1162.78
1162.94
1180.12
1183.75
1173.52
1169.74
1164.68
1163.17
1163.8
1143.29
1130.33
1032.49
1038.86
996.574
1002.14
1000.57
997.876
995.829
994.249
990.433
994.121
1001.18
1022.78
1043.97
1073.01
1115.21
1143.91
1182.22
1240.8
1318.12
1489.55
1666.25
1742.19
274
274
274
274
274
274
274
274
274
274
274
274
274
274
274
274
274
274
274
274
274
274
274
274
274
274
274
274
274
274
274
274
274
274
274
274
274
274
274
274
274
274
274
274
274
274
274
274
274
274
274
274
274
274.002
274.073
276.602
355.368
731.39
874.924
892.654
908.932
930.163
955.071
988.046
1032.09
1091.3
1168.76
1264.69
1378.82
1508.07
1648.58
1793.56
1907.86
1950.8
1967.59
1988.81
2025.95
2041.41
2046.74
2006.66
1754.48
1501.35
1319.39
1268.94
1245.99
1236.28
1232.89
1228.21
1210.95
1201.91
1194.7
1194.07
1194.88
1190.66
1217.73
1235.15
1242.18
1234.6
1241.26
1238.96
1226.56
1222.24
1223.85
1165.18
1120.3
1092.99
1049.54
1069.53
1068.91
1079.27
1088.08
1086.21
1094.65
1096.78
1100.16
1112.14
1134.33
1180.56
1241.95
1323.08
1445.24
1562.33
1630.06
1731.26
1968.77
274
274
274
274
274
274
274
274
274
274
274
274
274
274
274
274
274
274
274
274
274
274
274
274
274
274
274
274
274
274
274
274
274
274
274
274
274
274
274
274
274
274
274
274
274
274
274
274
274
274
274
274
274
274.003
274.133
278.492
399.66
777.121
882.145
900.013
915.297
933.663
958.263
994.491
1044.01
1109.69
1190.31
1287.33
1398.65
1522.93
1657.63
1796.6
1907.85
1951.24
1968.71
1991.24
2031.29
2048.06
2052.92
1996.31
1757.55
1533.4
1366.53
1308.79
1279.94
1260.62
1247.32
1244.89
1242.01
1236.95
1236.32
1232.59
1230.24
1227.49
1226.08
1256.19
1256.4
1247.43
1270.54
1282.53
1264.53
1253.9
1255.27
1223.29
1150.33
1149.85
1095.49
1091.33
1105.51
1095.54
1118.38
1116.68
1139.09
1149.05
1159
1164.03
1169.52
1202.45
1251.46
1329.61
1456.82
1601.54
1738.59
1886
2013.79
274
274
274
274
274
274
274
274
274
274
274
274
274
274
274
274
274
274
274
274
274
274
274
274
274
274
274
274
274
274
274
274
274
274
274
274
274
274
274
274
274
274
274
274
274
274
274
274
274
274
274
274
274
274.007
274.276
282.777
464.624
822.801
888.887
902.265
915.695
935.818
966.058
1009.15
1065.37
1135.89
1218.87
1314.52
1423.37
1542.2
1670
1800.05
1907.08
1954.17
1974.04
1998.79
2036.35
2048.41
2048.62
1963.14
1715.74
1476.57
1356.54
1316.12
1295.18
1278.59
1267.62
1256.09
1251.69
1250.07
1247.6
1249.75
1257.06
1249.35
1248.51
1281.39
1283.93
1266.1
1291.6
1332.15
1326.73
1317.28
1300.69
1294.11
1224.19
1172.1
1174.39
1134.22
1161.24
1136.73
1157.65
1148.8
1170.59
1189.58
1207.15
1233.24
1253.32
1264.69
1297.75
1326.05
1397.95
1496.52
1653.2
1813.22
2037.63
274
274
274
274
274
274
274
274
274
274
274
274
274
274
274
274
274
274
274
274
274
274
274
274
274
274
274
274
274
274
274
274
274
274
274
274
274
274
274
274
274
274
274
274
274
274
274
274
274
274
274
274
274
274.013
274.535
290.091
532.409
851.431
893.305
906.177
922.061
944.214
976.439
1021.84
1081.24
1157.39
1246.21
1346.74
1456.48
1567.46
1684.1
1799.43
1904.2
1963.49
1989.65
2010.8
2043.73
2053.93
2051.19
1935.14
1690.48
1491.36
1398.62
1361.93
1350.99
1341.01
1329.5
1318.33
1311.7
1308.35
1295.88
1292.63
1301.25
1295.1
1280.56
1297.61
1296.82
1277.83
1294.88
1344.91
1339.02
1336.69
1357.16
1352.92
1346.44
1278.44
1225.88
1221.83
1200.52
1204.57
1193.03
1206.2
1201.8
1232.42
1251.91
1282.35
1324.95
1356.96
1407.41
1456.41
1519.55
1595.1
1684.36
1803.98
1912.38
274
274
274
274
274
274
274
274
274
274
274
274
274
274
274
274
274
274
274
274
274
274
274
274
274
274
274
274
274
274
274
274
274
274
274
274
274
274
274
274
274
274
274
274
274
274
274
274
274
274
274
274
274.001
274.027
275.019
304.187
615.903
872.125
897.271
906.433
920.974
943.805
978.416
1026.85
1090.77
1175.08
1275.37
1384.58
1494.69
1598.52
1700.98
1801.91
1900.22
1967.44
1996.99
2014.4
2045.12
2058.67
2059.29
1955.91
1727.21
1479.61
1372.01
1339.3
1325.69
1322.53
1323.09
1323.17
1313.93
1325.57
1331.87
1343.6
1353.39
1343.11
1342.79
1364.97
1361.89
1346.62
1366.91
1390.87
1370.25
1367.36
1406.48
1405.38
1403.95
1397.26
1336.05
1262.62
1277.7
1248.81
1255.07
1235.95
1258.7
1251.22
1286.51
1302.85
1350.6
1388.35
1440.63
1501.24
1569.09
1652.42
1724.1
1802.15
1847.96
274
274
274
274
274
274
274
274
274
274
274
274
274
274
274
274
274
274
274
274
274
274
274
274
274
274
274
274
274
274
274
274
274
274
274
274
274
274
274
274
274
274
274
274
274
274
274
274
274
274
274
274
274.001
274.049
275.732
326.284
679.548
878.038
899.394
911.148
928.766
954.803
992.124
1041.3
1104.74
1189.92
1293
1406.1
1518.8
1621.84
1718.27
1812.07
1903.15
1968.29
1996.06
2009.35
2027.1
2037.12
2038.68
1895.74
1710.11
1501.29
1413.63
1382.82
1367.42
1358.39
1346.4
1335.34
1329.95
1323.41
1315.36
1338.88
1350
1346.63
1360.01
1385.01
1383.78
1386.96
1414.04
1423.74
1402.48
1418.86
1454.67
1463.37
1465.33
1468.04
1455.22
1419.89
1330.37
1363.52
1308.72
1340.18
1305.06
1328.74
1327.58
1368.91
1394.04
1450.42
1498.98
1559.07
1618.94
1671.22
1731.86
1779.52
1829.35
274
274
274
274
274
274
274
274
274
274
274
274
274
274
274
274
274
274
274
274
274
274
274
274
274
274
274
274
274
274
274
274
274
274
274
274
274
274
274
274
274
274
274
274
274
274
274
274
274
274
274
274
274.002
274.089
276.964
361.026
737.425
885.906
901.112
910.99
928.035
955.186
993.852
1043.33
1108.28
1195.85
1301.75
1418.39
1535.23
1641.86
1737.3
1826.78
1909.45
1967.86
1994.21
2009.01
2031.54
2048.6
2053.79
1898.06
1729.45
1513.96
1429.34
1398.38
1385.05
1381.77
1382.82
1383.47
1381.97
1385.94
1384.55
1404.1
1406.15
1398.63
1412.05
1438.04
1437.27
1438.35
1461.48
1468.73
1465.62
1480.31
1506.12
1512.87
1521.17
1534.41
1528.59
1514.59
1500.16
1415.26
1441.4
1391.79
1420.13
1395.35
1417.93
1437.33
1489.12
1520.91
1575.97
1608.55
1672.43
1717.36
1772.26
1804.08
1846.33
274
274
274
274
274
274
274
274
274
274
274
274
274
274
274
274
274
274
274
274
274
274
274
274
274
274
274
274
274
274
274
274
274
274
274
274
274
274
274
274
274
274
274
274
274
274
274
274
274
274
274
274
274.004
274.144
278.628
397.741
773.785
886.456
902.126
914.797
935.193
965.382
1004.79
1052.63
1116.77
1205.71
1313.93
1431.84
1548.7
1655.95
1752.78
1840.75
1916.73
1969.62
1995.21
2010.85
2030.62
2038.37
2036.72
1829.13
1645.88
1471.58
1414.99
1392.42
1382.1
1375.5
1371.74
1371.54
1371.28
1376.32
1385.78
1419.1
1427.89
1426.19
1442.95
1475.97
1481.44
1484.4
1501.73
1519.37
1527.43
1538.12
1548.49
1568
1590.37
1602.27
1621.69
1626.93
1615.93
1587.39
1535.44
1522.55
1497.59
1498.95
1491.8
1508.68
1534.82
1578.06
1615.09
1667.39
1706.86
1757.93
1801.06
1832.42
1855.41
274
274
274
274
274
274
274
274
274
274
274
274
274
274
274
274
274
274
274
274
274
274
274
274
274
274
274
274
274
274
274
274
274
274
274
274
274
274
274
274
274
274
274
274
274
274
274
274
274
274
274
274
274.006
274.229
281.156
439.711
807.261
890.192
902.365
914.787
935.86
966.426
1005.11
1052.48
1118.16
1209.69
1320.87
1441.67
1560.49
1669.68
1767.65
1852.91
1921.03
1962.31
1981.3
1995.57
2019.14
2033.54
2040.2
1841.11
1679.62
1477.07
1412.93
1390.09
1381.52
1379.72
1381.74
1384.47
1382.65
1401.4
1405.99
1433.5
1445.73
1447.77
1460.22
1494.01
1508.28
1520.95
1546.26
1559.98
1576.52
1600.86
1615.64
1628.66
1652.96
1669.42
1694.84
1721.71
1737.99
1753.15
1714.63
1678.67
1631.59
1634.43
1616.68
1629.77
1629.74
1663.82
1695.65
1748.65
1783.04
1830.43
1860.5
1895.66
1930.7
274
274
274
274
274
274
274
274
274
274
274
274
274
274
274
274
274
274
274
274
274
274
274
274
274
274
274
274
274
274
274
274
274
274
274
274
274
274
274
274
274
274
274
274
274
274
274
274
274
274
274
274
274.008
274.33
284.049
474.777
827.641
890.743
901.946
916.195
939.995
972.874
1012.31
1059.5
1125.48
1217.8
1329.86
1450.51
1567.94
1676.6
1774.35
1857.35
1919.48
1957.92
1977.27
1993.87
2023.29
2044.73
2054.03
1852.6
1699.42
1494.84
1430.67
1406.06
1394.87
1390.87
1390.07
1391.7
1395.71
1415.6
1423.05
1442.65
1459.8
1464.84
1479.11
1510.74
1528.08
1541.57
1568.64
1592.81
1614.24
1640.17
1666.11
1690.12
1716.51
1739.9
1770.12
1803.23
1832.76
1862.59
1878.54
1881.32
1849.05
1793.63
1775.36
1766.42
1771.27
1776.84
1802.63
1835.05
1870.6
1896.27
1926.7
1963.67
2001.85
274
274
274
274
274
274
274
274
274
274
274
274
274
274
274
274
274
274
274
274
274
274
274
274
274
274
274
274
274
274
274
274
274
274
274
274
274
274
274
274
274
274
274
274
274
274
274
274
274
274
274
274
274.012
274.46
287.681
509.115
846.184
893.446
902.61
918.011
943.746
977.761
1017.28
1065.12
1133.48
1228.51
1342.34
1460.91
1573.9
1678.78
1774.18
1855.69
1916.07
1954.19
1975.72
1994.76
2027.45
2045.84
2053.51
1843.8
1694.98
1491.23
1430.33
1408.57
1400.22
1397.97
1397.93
1399.26
1398.76
1416.44
1430.44
1448.19
1468.62
1475.34
1489.15
1518.51
1538.02
1552.66
1581.33
1607.17
1630.01
1659.11
1689.26
1719.49
1751.27
1777
1807.5
1843.3
1876.27
1912.49
1954.28
1992.46
2016.66
2017.16
1994.4
1934.15
1913.35
1895.93
1908.86
1912.37
1931.41
1941.86
1971.45
1988.46
2012.54
274
274
274
274
274
274
274
274
274
274
274
274
274
274
274
274
274
274
274
274
274
274
274
274
274
274
274
274
274
274
274
274
274
274
274
274
274
274
274
274
274
274
274
274
274
274
274
274
274
274
274
274
274.015
274.583
291.054
536.595
857.626
894.965
901.959
918.018
945.756
982.427
1024.91
1077.19
1150.5
1248.53
1361.39
1473.04
1576.83
1674.91
1768.1
1851.38
1913.54
1944.84
1959.05
1977.28
2008.43
2027.64
2037.16
1831.29
1687.15
1494.97
1437.19
1415.22
1405.94
1402.73
1401.98
1403.39
1408.89
1422.09
1435.94
1454.53
1479.2
1489.68
1505.53
1532.91
1554.83
1572.65
1600.28
1625.17
1651.43
1683.07
1712.1
1741.65
1773.89
1804.28
1832.13
1863.83
1895.7
1926.74
1966.43
2015.12
2063.01
2106.16
2121.27
2139
2039.25
2027.6
1979.79
1972.87
1966.17
1968.01
1977.88
2001.83
1969.11
274
274
274
274
274
274
274
274
274
274
274
274
274
274
274
274
274
274
274
274
274
274
274
274
274
274
274
274
274
274
274
274
274
274
274
274
274
274
274
274
274
274
274
274
274
274
274
274
274
274
274
274.001
274.018
274.705
294.454
561.318
868.088
898.496
903.485
920.369
951.264
992.978
1041.22
1100.22
1179.37
1278.76
1385.78
1484.76
1574.96
1662.57
1753.63
1842.83
1903.26
1926.69
1946.01
1970.5
2006.96
2032.59
2043.85
1849.29
1708.01
1503.83
1443.66
1422.67
1414.69
1412.08
1411.1
1411.42
1410.81
1422.97
1446.31
1459.8
1475.3
1501.42
1518.11
1544.47
1565.98
1586.88
1614.46
1637.97
1668.35
1698.36
1728.56
1760.79
1794.78
1829.89
1864.38
1898.28
1930.64
1964.41
2002.52
2044.37
2091.08
2143.58
2178.11
2205.61
2212.49
2220.1
2125.74
2079.84
2041.56
2019.86
1993.61
1966.74
1832.71
274
274
274
274
274
274
274
274
274
274
274
274
274
274
274
274
274
274
274
274
274
274
274
274
274
274
274
274
274
274
274
274
274
274
274
274
274
274
274
274
274
274
274
274
274
274
274
274
274
274
274
274.001
274.02
274.779
296.536
574.507
872.048
899.897
904.746
922.174
954.468
999.272
1052.18
1116.73
1200.37
1300.76
1403.19
1493.01
1571.39
1650.95
1741.35
1835.85
1895.81
1918.43
1937.8
1963.91
2005.68
2034.87
2046.02
1854.33
1703.65
1507.51
1447.32
1424.97
1415.68
1412.15
1410.51
1411.82
1412.54
1424.73
1441.49
1455.17
1471.73
1492.46
1507.12
1532.41
1559.56
1582.91
1610.53
1636.2
1662.68
1691.56
1722.61
1755.9
1790.39
1825.62
1860.38
1898.49
1938.41
1975.57
2014.71
2050.32
2082.24
2117.52
2156.68
2200.09
2219.35
2244.39
2235.33
2229.27
2122.36
2101.84
1901.63
1795.03
1701.83
274
274
274
274
274
274
274
274
274
274
274
274
274
274
274
274
274
274
274
274
274
274
274
274
274
274
274
274
274
274
274
274
274
274
274
274
274
274
274
274
274
274
274
274
274
274
274
274
274
274
274
274.001
274.021
274.814
297.544
580.521
873.771
900.522
905.601
923.492
956.253
1001.93
1056.4
1123.22
1208.61
1308.98
1409.64
1495.17
1569.13
1645.35
1734.93
1831.14
1889.35
1910.2
1929.35
1957.18
2003.37
2040.43
2053.75
1883.05
1735.2
1523.75
1463.11
1441.06
1431.86
1428.18
1426.61
1427.53
1428.77
1444.36
1461.93
1482.8
1502.25
1521.42
1538.56
1555.46
1579.82
1604.58
1627.69
1659.01
1686.93
1715.95
1744.91
1775.59
1809.51
1843.76
1880.5
1921.44
1963.39
2004.56
2045.19
2080.25
2106.34
2127.81
2149.49
2179.05
2226.44
2285.09
2311.49
2321.93
2340.68
2104.62
1863.44
1763.91
1706.19
274
274
274
274
274
274
274
274
274
274
274
274
274
274
274
274
274
274
274
274
274
274
274
274
274
274
274
274
274
274
274
274
274
274
274
274
274
274
274
274
274
274
274
274
274
274
274
274
274
274
274
274.001
274.02
274.78
296.582
574.812
871.922
900.041
905.326
922.7
954.425
999.008
1052.32
1117.66
1201.46
1301.05
1403.82
1493.49
1569.68
1648.09
1736.69
1830.42
1891.19
1914.45
1933.76
1961.2
2006.53
2038.69
2050.33
1851.73
1706.59
1508.05
1447.53
1424.7
1415.09
1411.04
1408.98
1407.71
1410.04
1424.05
1438.46
1456.05
1474.49
1491.55
1510.53
1534.43
1560.67
1585.29
1610.55
1635.47
1663.66
1691.41
1721.77
1755.24
1791.03
1826.14
1861.76
1899.66
1938.52
1976.97
2014.55
2048.68
2078.01
2110.22
2152.09
2203.07
2227.09
2243.3
2250.02
2210.89
2121.2
2085.17
1903.29
1784.27
1704.4
274
274
274
274
274
274
274
274
274
274
274
274
274
274
274
274
274
274
274
274
274
274
274
274
274
274
274
274
274
274
274
274
274
274
274
274
274
274
274
274
274
274
274
274
274
274
274
274
274
274
274
274.001
274.018
274.706
294.516
561.81
867.778
899.128
905.095
921.327
950.615
992.073
1041.46
1101.39
1180.15
1277.58
1383.67
1483.35
1571.02
1656.46
1745.17
1833.81
1896.52
1921.32
1937.85
1964.59
2006.12
2035.11
2046.35
1850.72
1709.95
1503
1440.32
1418.31
1409.52
1406.35
1405.01
1403.98
1405.43
1421.34
1440.96
1452.15
1473.36
1497.06
1510.64
1539.62
1566.42
1585.4
1611.87
1636.95
1664.17
1694.83
1724.86
1757.27
1792.31
1828.47
1863.3
1899.41
1933.84
1967.69
2005.17
2045.59
2089.61
2144.97
2181.28
2206.55
2223.45
2226.32
2129.03
2065.25
2038.89
2002.95
1980.22
1949.3
1822.15
274
274
274
274
274
274
274
274
274
274
274
274
274
274
274
274
274
274
274
274
274
274
274
274
274
274
274
274
274
274
274
274
274
274
274
274
274
274
274
274
274
274
274
274
274
274
274
274
274
274
274
274
274.015
274.587
291.175
537.617
857.658
896.115
904.147
919.086
944.81
981.156
1024.67
1077.68
1150.98
1247.19
1358
1469.73
1571.93
1666.95
1757.91
1841.32
1904.16
1938.99
1955.78
1974.22
2010.46
2031.36
2039.84
1841.17
1704.13
1501.94
1437.67
1414.38
1404.15
1400.25
1399.2
1399.13
1404.39
1421.89
1434.97
1450.1
1477.37
1491.96
1504.78
1534.58
1561.01
1578.23
1604.89
1631.59
1656.77
1687.3
1716.72
1747.9
1781.75
1812.47
1841.38
1873.06
1905.65
1938.11
1977.55
2026.47
2075.08
2123.6
2137.34
2159.89
2054.23
2037.72
1986.06
1971.52
1970.25
1969.89
1974.26
1996.6
1962.72
274
274
274
274
274
274
274
274
274
274
274
274
274
274
274
274
274
274
274
274
274
274
274
274
274
274
274
274
274
274
274
274
274
274
274
274
274
274
274
274
274
274
274
274
274
274
274
274
274
274
274
274
274.012
274.468
287.887
510.773
846.902
894.906
904.853
919.134
943.101
976.984
1017.53
1066.18
1134.82
1228.28
1339.62
1457.09
1568.37
1670.34
1763.76
1845.86
1907.95
1947.13
1970.2
1992.81
2028.73
2051.3
2059.98
1858.02
1701.7
1497.04
1433.18
1409.63
1399.82
1396.47
1395.84
1396.83
1398.82
1417.66
1430.31
1446.27
1472
1480.54
1492.14
1522.43
1546.26
1559.75
1586.41
1613.34
1636.02
1665.11
1694.34
1722.05
1754.02
1779.85
1809.26
1843.47
1876.37
1911.61
1954.08
1996.56
2028.6
2028.33
2014.65
1942.02
1922.98
1894.84
1918.46
1913.7
1932.95
1941.82
1968.91
1986.11
2010.63
274
274
274
274
274
274
274
274
274
274
274
274
274
274
274
274
274
274
274
274
274
274
274
274
274
274
274
274
274
274
274
274
274
274
274
274
274
274
274
274
274
274
274
274
274
274
274
274
274
274
274
274
274.008
274.342
284.373
477.919
829.604
892.367
904.024
917.534
939.884
972.245
1012.39
1060.28
1126.75
1217.81
1327.55
1446.33
1562.19
1668.77
1764.48
1847.6
1911.6
1951.94
1972.84
1991.65
2023.73
2044.47
2052.84
1860.25
1706.42
1501.69
1433.39
1406.88
1395.1
1391.68
1391.31
1393.6
1396.89
1415.86
1423.61
1443.73
1464.34
1470.79
1483.75
1515.58
1536.1
1548.05
1574.19
1598.83
1620.34
1645.8
1671.33
1694.1
1720.19
1743.72
1773.64
1807.02
1839.64
1869.06
1889.71
1901.03
1869.13
1808.36
1787.93
1774.79
1784.36
1783.12
1812.65
1839.22
1875.95
1897.28
1925.52
1961.9
1998.52
274
274
274
274
274
274
274
274
274
274
274
274
274
274
274
274
274
274
274
274
274
274
274
274
274
274
274
274
274
274
274
274
274
274
274
274
274
274
274
274
274
274
274
274
274
274
274
274
274
274
274
274
274.006
274.242
281.534
444.826
811.071
891.755
903.968
915.975
936.051
966.032
1005.1
1053.03
1119.33
1209.7
1318.43
1436.94
1554.33
1662.62
1758.84
1843.34
1912.44
1957.55
1978.77
1994.64
2020.84
2034.44
2040.44
1851.08
1691.52
1484
1414.1
1390.66
1382.43
1380.66
1382.2
1385.69
1386.67
1406.42
1411.89
1437.89
1449.52
1450.83
1462.66
1498.8
1515.86
1524.97
1544.1
1562.47
1581.73
1603.53
1619.03
1636.88
1661.18
1680.17
1706.53
1737.18
1758.45
1773.18
1733.63
1695.32
1646.42
1647.34
1625.25
1645.46
1639.16
1673.97
1703.08
1757.44
1791.24
1835.76
1864.81
1897.43
1932.83
274
274
274
274
274
274
274
274
274
274
274
274
274
274
274
274
274
274
274
274
274
274
274
274
274
274
274
274
274
274
274
274
274
274
274
274
274
274
274
274
274
274
274
274
274
274
274
274
274
274
274
274
274.004
274.155
278.966
404.297
780.059
887.957
903.137
915.636
935.502
964.924
1004.21
1052.49
1117.64
1205.98
1311.67
1427.25
1542.79
1650.04
1745.78
1832.17
1908.13
1963.94
1992.28
2009.08
2029.98
2038.11
2038.3
1843.24
1662.23
1475.8
1411.82
1386.99
1375.47
1370.87
1369.68
1371.13
1376.08
1379.89
1392.41
1422.31
1428.27
1425.69
1444.26
1479.03
1484.69
1489.8
1510.69
1531.66
1538.31
1550.19
1563.22
1582.48
1604.95
1618.32
1636.73
1643.21
1637.95
1603.2
1557.59
1533.54
1517.01
1508.95
1503.55
1517.36
1542.73
1581.79
1621.79
1666.32
1713.68
1757.86
1803.09
1831.47
1854.16
274
274
274
274
274
274
274
274
274
274
274
274
274
274
274
274
274
274
274
274
274
274
274
274
274
274
274
274
274
274
274
274
274
274
274
274
274
274
274
274
274
274
274
274
274
274
274
274
274
274
274
274
274.002
274.097
277.223
367.8
746.37
887.453
901.813
911.673
928.598
955.079
993.075
1042.62
1108.85
1196.55
1300.06
1414.21
1529.68
1636.92
1731.93
1819.18
1900.14
1962.31
1991.42
2007.57
2032.2
2053.07
2059.35
1907.88
1738.11
1512.22
1423.38
1393.94
1383.28
1381.6
1384.62
1385.92
1386.02
1388.85
1386.44
1405.84
1407.8
1400.26
1414.72
1445.6
1448.5
1446.67
1467.49
1475.14
1472.54
1484.85
1514.26
1521.37
1533.58
1552.08
1543.71
1525.86
1510.35
1449.36
1447.14
1413.45
1425.43
1409.61
1428.15
1443.23
1497.21
1528.75
1583.76
1618.45
1675.42
1720.53
1773.12
1808.79
1845.38
274
274
274
274
274
274
274
274
274
274
274
274
274
274
274
274
274
274
274
274
274
274
274
274
274
274
274
274
274
274
274
274
274
274
274
274
274
274
274
274
274
274
274
274
274
274
274
274
274
274
274
274
274.001
274.054
275.898
331.631
691.532
880.232
900.15
911.895
929.41
954.686
991.091
1040.04
1104.91
1190.64
1291.42
1402.38
1514.03
1617.94
1714.54
1805.75
1893.74
1962.63
1993.01
2007.5
2026.04
2039.35
2041.14
1897.23
1707.94
1498.05
1409.99
1380.08
1365.21
1355.77
1344.04
1335.59
1329.68
1325.35
1318
1337.03
1350.11
1349.1
1359.75
1388.27
1390.09
1391.24
1408.08
1423
1404.92
1421.29
1469.11
1470.89
1473.03
1474.96
1459.66
1438.06
1373.27
1373.38
1345.94
1346.33
1334.45
1343.55
1347.58
1382.32
1409.01
1460.83
1514.3
1570.24
1632.56
1681.49
1744.49
1792.45
1841.08
274
274
274
274
274
274
274
274
274
274
274
274
274
274
274
274
274
274
274
274
274
274
274
274
274
274
274
274
274
274
274
274
274
274
274
274
274
274
274
274
274
274
274
274
274
274
274
274
274
274
274
274
274.001
274.03
275.124
307.665
630.797
875.338
898.071
907.097
921.698
943.864
977.425
1025.27
1090.46
1175.46
1273.76
1381.73
1490.8
1595.58
1698.96
1797.48
1891.99
1962.33
1994.42
2012.59
2043.82
2060.47
2062.87
1956.86
1727.34
1473.58
1369.81
1337.51
1323.77
1320.09
1323.09
1324.24
1317.35
1324.89
1326.24
1347.23
1353.23
1344.15
1345.6
1364.52
1363.78
1356.91
1377.4
1395.96
1377.03
1380.08
1419.27
1416.39
1416.76
1412.67
1356.17
1297.45
1293.03
1264.75
1268.6
1254.31
1268.42
1263.24
1293.82
1312.58
1354.9
1396.56
1445.81
1507.72
1572.96
1656.82
1725.65
1805.86
1852.3
274
274
274
274
274
274
274
274
274
274
274
274
274
274
274
274
274
274
274
274
274
274
274
274
274
274
274
274
274
274
274
274
274
274
274
274
274
274
274
274
274
274
274
274
274
274
274
274
274
274
274
274
274
274.015
274.598
291.984
548.47
857.092
894.532
906.938
922.981
944.594
975.682
1020.29
1080.54
1156.57
1244.1
1344.64
1453.08
1564.32
1682.33
1796.55
1897.91
1959.45
1987.39
2008.54
2042.19
2053.62
2052.43
1931.67
1687.97
1485.43
1397.42
1361.96
1352.93
1343.76
1333.42
1322.71
1316.56
1308
1288.94
1298.01
1307.01
1292.21
1283.08
1298.42
1297.07
1281.67
1312.31
1356.21
1347.01
1349.89
1372.36
1370.35
1364.65
1284.34
1245.9
1227.98
1210.71
1223.41
1200.91
1222.11
1209.76
1241.68
1256.46
1287.68
1324.88
1360.2
1405.82
1454.98
1513.77
1588.69
1675.55
1793.53
1900.95
274
274
274
274
274
274
274
274
274
274
274
274
274
274
274
274
274
274
274
274
274
274
274
274
274
274
274
274
274
274
274
274
274
274
274
274
274
274
274
274
274
274
274
274
274
274
274
274
274
274
274
274
274
274.007
274.314
283.937
478.614
831.731
890.364
903.057
916.717
936.503
965.727
1008.12
1064.75
1136.1
1219.3
1314.25
1420.61
1539.48
1668.32
1798.2
1903.38
1950.5
1971.5
1996.59
2038.87
2054.98
2056.8
1962.73
1705.3
1467.5
1356.48
1317.02
1297.01
1281.5
1270.2
1261.34
1255.51
1252.09
1240.08
1250.39
1258.41
1244.67
1253.31
1286.98
1285.77
1261.99
1299.57
1340.37
1329.08
1324
1316.06
1312.03
1236.31
1190.96
1189.75
1142.81
1172.32
1144.65
1163.88
1153.93
1172.59
1192.03
1207.82
1231.39
1244.69
1259.62
1287.06
1318.05
1387.85
1488.29
1639.27
1802.46
2021.78
274
274
274
274
274
274
274
274
274
274
274
274
274
274
274
274
274
274
274
274
274
274
274
274
274
274
274
274
274
274
274
274
274
274
274
274
274
274
274
274
274
274
274
274
274
274
274
274
274
274
274
274
274
274.004
274.153
279.13
411.991
787.918
884.49
901.521
916.581
934.694
958.116
993.175
1042.35
1108.87
1191.95
1288.23
1397.78
1520.68
1656.24
1796.82
1904.71
1948.79
1966.35
1987.39
2028.76
2052.49
2059.03
1995.4
1757.1
1521.58
1369.36
1314.49
1284.86
1262.34
1252.29
1247.65
1241.73
1234.18
1228.57
1230.05
1232.99
1228.19
1236.23
1260.37
1256.4
1247.86
1278
1290.84
1273.04
1262.19
1266.22
1236.24
1160.38
1167.65
1104.28
1107.96
1114.77
1099.57
1124.6
1121.25
1138.74
1145.87
1150.18
1152.8
1163.12
1192.53
1243.85
1319.9
1446.8
1593.07
1728.56
1877.19
2001.53
274
274
274
274
274
274
274
274
274
274
274
274
274
274
274
274
274
274
274
274
274
274
274
274
274
274
274
274
274
274
274
274
274
274
274
274
274
274
274
274
274
274
274
274
274
274
274
274
274
274
274
274
274
274.002
274.084
276.966
365.474
744.81
878.011
894.669
910.458
931.322
955.296
987.329
1030.88
1091.97
1170.66
1266.29
1378.25
1505.97
1647.27
1794.15
1906.14
1949.7
1966.63
1987.15
2026.51
2045.05
2050.21
1999.66
1757.55
1484.76
1320.34
1270.63
1248.23
1239.33
1237.48
1229.4
1212.41
1201.02
1191.1
1195.25
1198.52
1196.9
1223.15
1240.86
1242.9
1238.79
1248.85
1251.44
1235.73
1229.18
1232.53
1184.31
1139.53
1115.1
1063.77
1086.52
1078.36
1081.45
1092.74
1086.68
1089.98
1090.29
1090.96
1106.76
1128.39
1172.42
1235.02
1314.26
1435.94
1554.34
1618.1
1721.05
1957.54
274
274
274
274
274
274
274
274
274
274
274
274
274
274
274
274
274
274
274
274
274
274
274
274
274
274
274
274
274
274
274
274
274
274
274
274
274
274
274
274
274
274
274
274
274
274
274
274
274
274
274
274
274
274.001
274.028
275.104
308.914
641.197
871.874
892.16
902.749
920.072
943.282
973.854
1013.32
1067.52
1137.51
1225.42
1333.54
1464.05
1615.09
1775.15
1901.04
1948.02
1964.37
1980.12
2014.72
2044.95
2065.55
2069.99
1806.49
1596.39
1368.78
1287.33
1249.45
1214.77
1190.76
1179.65
1165.67
1159.78
1164.74
1163.33
1167.29
1168.16
1184.49
1187.27
1181.37
1181.36
1174.52
1173.31
1175.88
1166.66
1148.45
1046.79
1054.4
1004.78
1010.08
1005.57
999.462
999.711
999.385
997.955
1006.06
1007.64
1015.88
1031.92
1062.15
1100.98
1131.59
1167.73
1223.78
1298.14
1476.86
1660.04
1739.69
274
274
274
274
274
274
274
274
274
274
274
274
274
274
274
274
274
274
274
274
274
274
274
274
274
274
274
274
274
274
274
274
274
274
274
274
274
274
274
274
274
274
274
274
274
274
274
274
274
274
274
274
274
274
274.006
274.261
282.775
471.374
831.282
889.861
899.848
911.895
929.248
954.248
988.46
1035.81
1096.85
1174.54
1271.98
1394.54
1545.36
1716.5
1874.96
1945.39
1968
1982.9
2010.14
2019.36
2022.07
2013.85
1779.03
1509.37
1273.9
1206.8
1180.46
1169
1164.15
1158.99
1156.66
1146.85
1135.68
1122.99
1139.95
1141.44
1135.74
1139.92
1140.37
1143.94
1143.29
1149.49
1117.26
1101.39
972.951
991.854
955.444
944.307
941.124
937.094
937.746
941.81
951.445
961.962
972.245
993.577
1003.47
1016.93
1037.43
1070.38
1144.17
1253.34
1443.62
1576.52
1586.32
1389.06
1321.44
274
274
274
274
274
274
274
274
274
274
274
274
274
274
274
274
274
274
274
274
274
274
274
274
274
274
274
274
274
274
274
274
274
274
274
274
274
274
274
274
274
274
274
274
274
274
274
274
274
274
274
274
274
274
274.001
274.049
275.908
338.475
716.351
884.174
898.691
907.103
920.005
939.032
967.475
1008.73
1066.8
1142.68
1237.88
1350.92
1481.73
1629.76
1791.36
1911.56
1958.53
1976.59
1993.63
2009.98
2014.23
1999.32
1870.25
1588.57
1289.54
1176.22
1127.78
1101.12
1084.45
1080.54
1077.9
1081.62
1088.69
1084.81
1075.76
1090.88
1092.97
1093.22
1092.19
1092.79
1093.26
1084.1
1029.25
934.761
930.026
919.726
896.279
907.839
900.683
914.764
907.749
919.772
927.457
931.378
933.451
937.365
952.171
997.846
1066.39
1190.77
1384.87
1513.19
1546.79
1476.16
1441.12
1334.07
957.271
274
274
274
274
274
274
274
274
274
274
274
274
274
274
274
274
274
274
274
274
274
274
274
274
274
274
274
274
274
274
274
274
274
274
274
274
274
274
274
274
274
274
274
274
274
274
274
274
274
274
274
274
274
274
274
274.009
274.417
287.839
527.484
858.778
896.625
905.127
916.735
931.875
952.26
982.109
1027.76
1094.01
1182.11
1290.46
1413.61
1547.15
1692.56
1840.32
1937.31
1970.93
1985.83
2008.35
2016.44
2007.78
1998.33
1721.68
1499.76
1274.25
1206.18
1179.75
1159.81
1152.42
1147.8
1118.56
1094.12
1083.35
1093.46
1093.52
1081.85
1104.07
1111.96
1092.5
1062.73
945.651
930.943
900.408
885.224
871.189
886.074
872.489
885.169
892.987
912.196
925.111
931.517
946.636
968.132
1003.28
1080.16
1208.41
1354.01
1460.86
1491.91
1492.88
1484.89
1420.6
1430.44
1190.42
1072.76
274
274
274
274
274
274
274
274
274
274
274
274
274
274
274
274
274
274
274
274
274
274
274
274
274
274
274
274
274
274
274
274
274
274
274
274
274
274
274
274
274
274
274
274
274
274
274
274
274
274
274
274
274
274
274
274.002
274.07
276.716
364.532
752.474
886.642
901.207
913.186
927.855
944.824
966.813
999.731
1050.04
1123.48
1219.78
1336.53
1470.1
1618.48
1788.61
1907.55
1945.95
1963.41
1984.69
1998.84
1990.74
1990.72
1853.24
1597.46
1238.61
1116.51
1073.43
1060.07
1057.04
1060.14
1062
1075.91
1078.16
1053.04
1060.71
1074.44
1080.49
1053.66
1025.81
898.998
868.943
862.182
852.107
863.596
876.024
863.38
875.976
886.389
893.001
909.749
916.569
923.149
940.77
975.129
1042.89
1176.84
1332.9
1413.34
1453.25
1467.33
1454.1
1428.43
1428.38
1405.87
1274.22
1083.52
274
274
274
274
274
274
274
274
274
274
274
274
274
274
274
274
274
274
274
274
274
274
274
274
274
274
274
274
274
274
274
274
274
274
274
274
274
274
274
274
274
274
274
274
274
274
274
274
274
274
274
274
274
274
274
274
274.009
274.447
288.913
535.544
853.177
892.406
906.214
921.041
938.384
958.165
983.024
1018.97
1071.73
1147.74
1251.37
1384.25
1542.45
1736.14
1884.42
1931.76
1946.87
1965.71
1979.41
1973.56
1968.95
1933.76
1647.29
1381
1172.98
1111.81
1103.91
1103.02
1085.9
1075.97
1057.08
1051.78
1070.81
1066.02
1070.65
1032.63
1023.94
931.747
893.262
884.894
876.389
886.899
893.893
888.419
887.288
883.799
883.701
879.711
879.341
892.672
935.732
1006.01
1126.2
1289.29
1367.77
1397.48
1412.91
1421.21
1421.31
1422.11
1438.89
1480.43
1422.85
1278.89
1007.09
274
274
274
274
274
274
274
274
274
274
274
274
274
274
274
274
274
274
274
274
274
274
274
274
274
274
274
274
274
274
274
274
274
274
274
274
274
274
274
274
274
274
274
274
274
274
274
274
274
274
274
274
274
274
274
274
274.001
274.052
276.09
345.185
722.159
874.555
894.93
910.159
927.582
947.793
970.808
999.502
1038.93
1097.18
1181.95
1302.1
1465.79
1678.36
1860.41
1916.57
1927.98
1938.6
1958.84
1965.16
1965.75
1957.27
1846.42
1667.38
1383.84
1289.54
1257.69
1213.48
1187.99
1205.7
1212.05
1182.82
1143.8
1073.08
1010.71
968.04
950.528
889.629
876.179
872.261
862.031
871.609
860.257
858.055
864.586
863.252
880.271
902.97
940.82
1014.42
1109.64
1233.02
1320.75
1377.99
1402.69
1411.26
1417.96
1419.58
1410.64
1427.33
1475.04
1438.13
1327.38
1130.09
861.733
274
274
274
274
274
274
274
274
274
274
274
274
274
274
274
274
274
274
274
274
274
274
274
274
274
274
274
274
274
274
274
274
274
274
274
274
274
274
274
274
274
274
274
274
274
274
274
274
274
274
274
274
274
274
274
274
274
274.005
274.256
282.966
475.569
827.592
882.723
898.189
913.767
932.974
956.22
983.031
1016.23
1060.87
1127.91
1229.32
1380.3
1591.98
1820.99
1906.76
1921.65
1928.9
1940.99
1950.49
1958.25
1968.77
1971.26
1840.79
1629.28
1429.78
1318.01
1298.7
1327.31
1299.96
1289.34
1277.26
1223.02
1106.6
1010.34
1007.87
953.751
916.221
890.68
885.416
867.308
869.68
865.457
862.239
882.218
902.334
947.019
1020.52
1126.97
1275.36
1376.17
1423.72
1435.71
1415.14
1414.21
1433.73
1441.41
1450.69
1470.94
1481.21
1455.73
1333.09
1171.17
939.923
740.495
274
274
274
274
274
274
274
274
274
274
274
274
274
274
274
274
274
274
274
274
274
274
274
274
274
274
274
274
274
274
274
274
274
274
274
274
274
274
274
274
274
274
274
274
274
274
274
274
274
274
274
274
274
274
274
274
274
274.001
274.022
274.995
308.13
645.324
866.958
888.536
901.254
917.196
938.264
964.801
996.564
1034.98
1087.62
1168.18
1293.69
1483.23
1738.13
1884.73
1908.1
1911.24
1918.78
1935.39
1956.18
1965.67
1965.52
1877.61
1658.29
1491.18
1448.05
1384.46
1416.91
1472.68
1501.24
1510.28
1441.9
1331.17
1254.57
1169.3
1143.79
1089.48
1076.38
1102.37
1090.27
1105.35
1127.42
1163.88
1217.75
1299.85
1399.38
1502.02
1544.3
1547.7
1485.53
1459.18
1450.06
1464.89
1489.52
1506.48
1513.74
1543.52
1516.66
1443.8
1309.13
1130.91
925.801
757.234
626.536
274
274
274
274
274
274
274
274
274
274
274
274
274
274
274
274
274
274
274
274
274
274
274
274
274
274
274
274
274
274
274
274
274
274
274
274
274
274
274
274
274
274
274
274
274
274
274
274
274
274
274
274
274
274
274
274
274
274
274.002
274.091
277.572
389.015
776.995
880.363
892.893
904.068
920.624
944.066
974.207
1011.43
1057.45
1120.94
1218.08
1372.51
1605.71
1824.12
1877.25
1878.91
1882.4
1901.31
1920.66
1927.64
1924.79
1832.62
1631.44
1499.48
1473
1508.74
1617.07
1769.1
1845.14
1874.81
1898.66
1739.78
1510.7
1322.03
1254.65
1219.1
1259.82
1299.84
1307.16
1358.04
1414.04
1479.52
1528.1
1558.46
1576.48
1582.3
1544.37
1516.82
1525.26
1568.63
1588.99
1609.38
1625.46
1612.81
1573.05
1508.67
1411.73
1260.47
1083.63
899.948
730.421
623.47
541.105
274
274
274
274
274
274
274
274
274
274
274
274
274
274
274
274
274
274
274
274
274
274
274
274
274
274
274
274
274
274
274
274
274
274
274
274
274
274
274
274
274
274
274
274
274
274
274
274
274
274
274
274
274
274
274
274
274
274
274
274.006
274.325
285.55
508.948
849.836
888.609
896.018
905.908
923.251
948.757
981.849
1023.67
1077.78
1153.48
1267.95
1445.6
1691.54
1832.63
1845.54
1833.27
1833.95
1850.83
1863.83
1861
1811.67
1742.43
1716.48
1667.72
1707.03
1815.15
1961.4
2027.93
2000.16
1977.56
1998.21
1969.15
1890.93
1852.97
1848.82
1831.38
1858.84
1870.18
1877.16
1876.65
1853.04
1828.14
1788.79
1756.15
1729.27
1716.74
1734.57
1717.21
1694.72
1672.35
1668.6
1635.84
1554.85
1466.89
1334.73
1195.96
1018.66
867.236
738.801
633.851
547.758
480.89
274
274
274
274
274
274
274
274
274
274
274
274
274
274
274
274
274
274
274
274
274
274
274
274
274
274
274
274
274
274
274
274
274
274
274
274
274
274
274
274
274
274
274
274
274
274
274
274
274
274
274
274
274
274
274
274
274
274
274
274.001
274.02
274.93
307.067
646.242
877.543
892.865
897.728
907.314
925.13
951.378
986.242
1030.99
1091.47
1176.67
1303.46
1490.96
1724.22
1825.82
1832.89
1816.58
1803.61
1806.52
1845.62
1858.39
1834.45
1887.78
1892.03
1917.24
2025.82
2092.51
2102.85
2066.53
2031.13
2044.76
2060.28
2059.91
2044.16
2034.57
2030.84
2036.53
2037.87
2035.2
2026.97
2008.27
1981.98
1950.05
1911.24
1876.61
1852.31
1824.14
1779.52
1720.26
1651.5
1577.79
1480.45
1347.89
1227.95
1072.84
952.093
833.439
734.992
638.774
553.132
487.033
435.354
274
274
274
274
274
274
274
274
274
274
274
274
274
274
274
274
274
274
274
274
274
274
274
274
274
274
274
274
274
274
274
274
274
274
274
274
274
274
274
274
274
274
274
274
274
274
274
274
274
274
274
274
274
274
274
274
274
274
274
274
274.001
274.056
276.341
357.157
750.713
886.962
894.463
898.375
908.075
925.715
951.517
986.251
1032.43
1096.2
1186.03
1316.9
1502.04
1726.46
1831.36
1852.08
1854.11
1850.57
1854.22
1830.03
1833.12
1906.61
1967.64
1985.95
2052.99
2149.37
2172.87
2153.29
2097.66
2073.57
2067.56
2066.62
2063.65
2050.99
2046.26
2045.68
2046.07
2042.88
2033.4
2016.11
1990.78
1957.97
1915.88
1864.86
1812.79
1755.94
1679.54
1575.36
1464.67
1351.94
1253.35
1141.09
1038.03
926.354
833.105
730.152
644.289
568.206
501.663
449.469
406.307
274
274
274
274
274
274
274
274
274
274
274
274
274
274
274
274
274
274
274
274
274
274
274
274
274
274
274
274
274
274
274
274
274
274
274
274
274
274
274
274
274
274
274
274
274
274
274
274
274
274
274
274
274
274
274
274
274
274
274
274
274
274.003
274.133
279.173
425.424
812.477
890.537
894.459
897.945
907.54
924.206
948.087
980.568
1026.22
1088.74
1176.15
1300.81
1478.5
1711.39
1835.94
1865.41
1870.19
1852.06
1814.02
1808.34
1836.69
1917.06
1959.01
2013.59
2094.42
2122.01
2115.26
2070.86
2034.91
2010.4
1987.14
1956.21
1927.95
1911.3
1896.56
1885.9
1871.92
1855.49
1838.31
1814.09
1784.22
1745.27
1691.76
1629.96
1560.58
1482.96
1404.86
1331.39
1251.42
1160.43
1051.5
945.264
829.966
737.456
649.633
579.794
519.246
467.056
424.975
389.644
274
274
274
274
274
274
274
274
274
274
274
274
274
274
274
274
274
274
274
274
274
274
274
274
274
274
274
274
274
274
274
274
274
274
274
274
274
274
274
274
274
274
274
274
274
274
274
274
274
274
274
274
274
274
274
274
274
274
274
274
274
274
274.005
274.26
283.65
488.984
845.467
891.013
892.891
896.261
905.183
920.083
940.585
970.105
1011.39
1068.01
1145.5
1257.43
1419.04
1646.85
1810.14
1852.84
1842.39
1805.85
1776.38
1774.53
1811.09
1848.85
1863.45
1875.65
1872.76
1879.2
1874.05
1838.96
1798.64
1762.34
1733.21
1706.49
1684.82
1660.8
1640.83
1622.55
1601.62
1578.92
1556.38
1532.65
1506.82
1482.31
1457.54
1431.65
1389.53
1323.97
1256.14
1175.94
1077.53
958.231
848.092
743.268
663.726
590.937
532.394
482.943
439.488
403.848
376.284
274
274
274
274
274
274
274
274
274
274
274
274
274
274
274
274
274
274
274
274
274
274
274
274
274
274
274
274
274
274
274
274
274
274
274
274
274
274
274
274
274
274
274
274
274
274
274
274
274
274
274
274
274
274
274
274
274
274
274
274
274
274
274
274.009
274.422
289.011
537.655
859.297
889.213
890.049
893.149
901.186
913.478
930.715
955.108
989.527
1036.08
1100.68
1195.16
1328.6
1508.79
1694.48
1769.95
1773.85
1753.45
1737.75
1742.7
1745.77
1740.31
1733.76
1727.65
1720.24
1709.51
1701.11
1677.61
1647.69
1622.05
1594.42
1568.14
1538.54
1511.31
1489.65
1470.28
1451.67
1435.64
1422.26
1414.21
1405.16
1386.34
1357.03
1306.47
1231.01
1150.3
1059.1
951.612
838.462
742.027
656.018
592.475
535.287
488.835
450.152
415.578
387.767
367.289
274
274
274
274
274
274
274
274
274
274
274
274
274
274
274
274
274
274
274
274
274
274
274
274
274
274
274
274
274
274
274
274
274
274
274
274
274
274
274
274
274
274
274
274
274
274
274
274
274
274
274
274
274
274
274
274
274
274
274
274
274
274
274
274
274.014
274.575
293.435
564.804
860.982
885.35
885.803
888.754
895.789
905.359
918.607
937.43
963.401
999.635
1050.71
1119.21
1210.71
1329.93
1458.52
1571.66
1635.87
1656.47
1660.12
1661.42
1654.81
1648.39
1637.97
1627.18
1615.01
1603.69
1587.36
1569.09
1552.39
1532.61
1510.98
1486.29
1463.1
1444.02
1426.54
1409.62
1394.05
1379.76
1365.75
1341.84
1300.15
1248.99
1179.93
1093.86
1005.9
912.88
815.367
722.929
648.471
583.377
534.86
491.23
454.992
425.497
399.045
378.121
362.603
274
274
274
274
274
274
274
274
274
274
274
274
274
274
274
274
274
274
274
274
274
274
274
274
274
274
274
274
274
274
274
274
274
274
274
274
274
274
274
274
274
274
274
274
274
274
274
274
274
274
274
274
274
274
274
274
274
274
274
274
274
274
274
274
274
274.018
274.658
294.849
564.517
854.344
879.671
880.435
882.892
888.605
895.543
904.845
917.947
937.181
964.52
998.822
1042.37
1099.71
1164.85
1236.58
1306.45
1362.08
1399.57
1419.23
1432.21
1438.79
1436.9
1437.93
1438.38
1435.93
1431.28
1423.8
1418.44
1414.24
1407.84
1399.91
1388.78
1376.99
1363.74
1347.47
1328.19
1304.31
1267.6
1216.37
1156.19
1088.57
1010.1
927.591
849.279
772.115
697.156
629.485
576.067
528.616
492.228
459.333
431.569
408.691
389.076
373.984
361.074
274
274
274
274
274
274
274
274
274
274
274
274
274
274
274
274
274
274
274
274
274
274
274
274
274
274
274
274
274
274
274
274
274
274
274
274
274
274
274
274
274
274
274
274
274
274
274
274
274
274
274
274
274
274
274
274
274
274
274
274
274
274
274
274
274
274.001
274.02
274.634
292.525
536.325
838.431
872.409
873.761
875.53
879.451
883.699
888.944
898.069
912.045
929.921
950.438
974.912
1002.03
1034.64
1068
1096.65
1123.95
1143.97
1161.35
1173.55
1179.55
1188.13
1195.32
1200.76
1205.85
1207.54
1210.75
1215.05
1218.13
1220.11
1221.03
1218.82
1212.34
1197.81
1172.64
1136.26
1088.49
1033.66
972.905
910.37
843.776
778.716
719.529
663.019
609.475
561.344
523.241
488.666
461.873
437.214
416.003
399.073
384.981
372.736
361.912
274
274
274
274
274
274
274
274
274
274
274
274
274
274
274
274
274
274
274
274
274
274
274
274
274
274
274
274
274
274
274
274
274
274
274
274
274
274
274
274
274
274
274
274
274
274
274
274
274
274
274
274
274
274
274
274
274
274
274
274
274
274
274
274
274
274
274.001
274.019
274.517
287.662
486.249
805.99
863.052
865.588
866.588
869.079
869.695
872.377
877.756
886.102
895.921
905.972
915.933
927.048
939.226
951.223
964.472
971.771
979.022
985.639
988.264
989.715
992.708
997.181
1003.71
1008.26
1013.01
1017.67
1020.75
1023.33
1024.15
1021.68
1014.46
999.722
976.91
945.183
905.241
860.292
812.423
764.684
715.558
669.359
627.436
587.354
549.691
515.386
488.154
462.745
442.364
423.764
407.794
395.061
383.979
373.638
366.136
274
274
274
274
274
274
274
274
274
274
274
274
274
274
274
274
274
274
274
274
274
274
274
274
274
274
274
274
274
274
274
274
274
274
274
274
274
274
274
274
274
274
274
274
274
274
274
274
274
274
274
274
274
274
274
274
274
274
274
274
274
274
274
274
274
274
274
274
274.016
274.361
282.36
420.048
746.995
849.714
855.812
856.384
857.197
855.751
854.712
855.764
858.918
862.738
866.045
867.177
870.837
872.697
875.451
876.867
876.603
874.493
869.557
867.122
867.302
867.962
868.171
868.398
868.606
868.833
868.346
868.064
866.007
860.652
851.619
837.852
818.909
794.513
764.899
732.722
699.076
665.211
631.046
598.622
568.728
539.933
512.939
487.632
467.118
447.428
431.246
417.003
404.859
394.485
384.99
377.825
372.68
274
274
274
274
274
274
274
274
274
274
274
274
274
274
274
274
274
274
274
274
274
274
274
274
274
274
274
274
274
274
274
274
274
274
274
274
274
274
274
274
274
274
274
274
274
274
274
274
274
274
274
274
274
274
274
274
274
274
274
274
274
274
274
274
274
274
274
274
274
274.012
274.22
278.273
350.765
647.692
827.397
844.121
845.234
844.809
840.724
836.313
834.356
833.103
832.099
831.583
830.556
831.47
829.224
825.765
820.327
816.524
807.922
803.065
798.375
791.651
786.02
780.67
776.388
772.795
769.008
764.982
759.545
752.344
742.722
729.9
714.101
695.992
675.59
653.327
629.389
605.408
580.962
556.901
534.452
512.633
492.083
472.012
455.255
439.501
426.388
415.144
404.87
395.881
389.31
384.485
380.103
274
274
274
274
274
274
274
274
274
274
274
274
274
274
274
274
274
274
274
274
274
274
274
274
274
274
274
274
274
274
274
274
274
274
274
274
274
274
274
274
274
274
274
274
274
274
274
274
274
274
274
274
274
274
274
274
274
274
274
274
274
274
274
274
274
274
274
274
274
274
274.008
274.12
275.893
303.226
515.373
769.45
827.993
832.231
830.319
825.081
818.762
815.446
813.433
812.957
809.648
805.547
799.105
793.406
787.904
778.48
771.13
764.771
756.357
747.539
738.208
729.854
722.88
716.936
711.142
704.756
697.648
689.532
679.857
668.461
655.168
640.896
626.099
609.225
590.973
572.287
553
533.406
515.149
497.219
480.223
463.476
449.481
436.661
425.538
415.729
407.213
400.756
395.743
391.214
388.256
274
274
274
274
274
274
274
274
274
274
274
274
274
274
274
274
274
274
274
274
274
274
274
274
274
274
274
274
274
274
274
274
274
274
274
274
274
274
274
274
274
274
274
274
274
274
274
274
274
274
274
274
274
274
274
274
274
274
274
274
274
274
274
274
274
274
274
274
274
274
274
274.004
274.059
274.771
284.13
387.343
648.917
798.097
815.405
813.706
808.759
802.434
797.43
793.776
791.065
786.867
780.432
773.154
762.928
753.902
746.135
739.316
731.388
722.047
712.343
703.254
695.065
687.77
681.128
673.871
666.125
657.557
648.057
637.151
624.8
612.45
599.309
584.895
569.276
552.974
536.299
519.274
503.474
487.947
473.325
459.507
447.735
436.718
427.157
419.437
413.167
408.557
404.358
400.159
395.628
274
274
274
274
274
274
274
274
274
274
274
274
274
274
274
274
274
274
274
274
274
274
274
274
274
274
274
274
274
274
274
274
274
274
274
274
274
274
274
274
274
274
274
274
274
274
274
274
274
274
274
274
274
274
274
274
274
274
274
274
274
274
274
274
274
274
274
274
274
274
274
274
274.002
274.027
274.294
277.114
305.964
478.752
706.802
789.674
795.801
791.63
786.127
779.617
773.653
768.831
764.767
759.868
752.13
742.965
733.369
724.431
715.122
705.914
696.948
687.822
679.327
671.441
664.14
656.406
648.278
639.197
629.247
618.48
606.499
594.846
582.247
568.674
554.232
539.408
524.743
509.893
496.098
482.514
470.189
458.786
448.683
440.209
433.185
427.352
421.58
415.05
407.468
400.497
394.076
274
274
274
274
274
274
274
274
274
274
274
274
274
274
274
274
274
274
274
274
274
274
274
274
274
274
274
274
274
274
274
274
274
274
274
274
274
274
274
274
274
274
274
274
274
274
274
274
274
274
274
274
274
274
274
274
274
274
274
274
274
274
274
274
274
274
274
274
274
274
274
274
274
274.001
274.011
274.102
274.913
282.05
341.376
533.874
712.016
769.4
773.107
768.22
762.025
754.057
747.296
742.182
738.047
733.03
725.447
717.015
707.008
697.477
688.395
679.032
669.753
660.688
651.895
643.183
634.18
624.723
614.333
602.916
591.484
580.033
567.761
554.987
542.088
529.269
516.778
504.094
492.267
480.774
470.615
461.348
453.153
445.228
437.207
429.09
420.921
413.076
406.227
400.225
393.942
274
274
274
274
274
274
274
274
274
274
274
274
274
274
274
274
274
274
274
274
274
274
274
274
274
274
274
274
274
274
274
274
274
274
274
274
274
274
274
274
274
274
274
274
274
274
274
274
274
274
274
274
274
274
274
274
274
274
274
274
274
274
274
274
274
274
274
274
274
274
274
274
274
274
274
274.004
274.034
274.264
275.892
287.207
357.936
530.925
681.085
740.061
746.038
740.897
734.31
726.008
719.209
713.243
708.096
703.65
697.575
690.761
682.874
674.426
665.311
655.74
645.439
635.072
624.116
612.688
601.192
589.503
578.628
567.439
556.064
544.738
533.666
522.584
511.757
500.845
490.338
480.145
470.611
461.118
451.777
442.526
433.836
426.141
419.282
412.646
406.484
396.382
368.019
274
274
274
274
274
274
274
274
274
274
274
274
274
274
274
274
274
274
274
274
274
274
274
274
274
274
274
274
274
274
274
274
274
274
274
274
274
274
274
274
274
274
274
274
274
274
274
274
274
274
274
274
274
274
274
274
274
274
274
274
274
274
274
274
274
274
274
274
274
274
274
274
274
274
274
274
274.001
274.011
274.07
274.446
276.542
287.788
342.727
476.823
617.335
693.636
712.627
711.495
705.394
698.434
690.697
684.185
678.373
673.851
668.595
662.428
654.827
646.661
637.285
627.382
616.798
605.978
594.831
583.459
572.298
560.9
549.364
537.692
526.115
514.747
504.236
493.919
484.001
474.18
464.348
454.897
446.485
439.015
431.687
424.825
416.823
399.849
361.711
313.359
288.103
274.001
274.001
274.001
274.001
274.001
274.001
274.001
274.001
274.001
274.001
274.001
274.001
274.001
274.001
274.001
274.001
274.001
274.001
274.001
274.001
274.001
274.001
274.001
274.001
274.001
274.001
274.001
274.001
274.001
274.001
274.001
274.001
274.001
274.001
274.001
274.001
274.001
274.001
274.001
274.001
274.001
274.001
274.001
274.001
274.001
274.001
274.001
274.001
274.001
274.001
274.001
274.001
274.001
274.001
274.001
274.001
274.001
274.001
274
274
274
274
274
274
274
274
274
274
274
274
274
274
274
274
274
274
274
274.001
274.004
274.019
274.097
274.495
276.241
283.602
310.481
392.694
519.131
615.1
663.318
676.082
675.372
671.329
667.458
665.56
663.82
662.488
660.134
655.83
649.869
642.721
634.299
624.973
614.527
603.25
591.472
579.061
566.209
552.948
539.472
525.688
511.875
498.361
485.839
473.244
461.801
452.6
444.101
434.494
418.105
384.168
339.056
297.889
284.351
278.226
275.733
274.002
274.002
274.002
274.002
274.002
274.002
274.002
274.002
274.002
274.002
274.002
274.002
274.002
274.002
274.002
274.002
274.002
274.002
274.002
274.002
274.002
274.002
274.002
274.002
274.002
274.002
274.002
274.002
274.002
274.002
274.002
274.002
274.002
274.002
274.002
274.002
274.002
274.002
274.002
274.002
274.002
274.002
274.002
274.002
274.002
274.002
274.002
274.002
274.002
274.002
274.002
274.002
274.002
274.002
274.002
274.002
274.002
274.002
274.002
274.002
274.002
274.002
274.002
274.002
274.002
274.002
274.002
274.002
274.002
274.002
274.002
274.002
274.002
274.002
274.002
274.002
274.002
274.002
274.002
274.003
274.007
274.024
274.095
274.389
275.433
278.97
290.159
319.871
387.78
483.325
562.075
615.072
649.006
669.718
684.06
693.039
698.136
699.927
699.25
695.577
689.895
682.637
673.163
662.282
649.896
636.043
620.922
604.603
587.292
568.86
549.541
528.962
506.885
483.642
457.496
426.061
387.776
343.394
303.589
288.235
280.543
276.868
275.238
274.522
274.226
)
;

boundaryField
{
    wall
    {
        type            zeroGradient;
    }
    inlet
    {
        type            fixedValue;
        value           uniform 3673;
    }
    outlet-1
    {
        type            inletOutlet;
        inletValue      uniform 274;
        value           uniform 274;
    }
    outlet-2
    {
        type            inletOutlet;
        inletValue      uniform 274;
        value           nonuniform List<scalar> 
89
(
274.002
274.001
274
274
274
274
274
274
274
274
274
274
274
274
274
274
274
274
274
274
274
274
274
274
274
274
274
274
274
274
274
274
274
274
274
274
274
274
274
274
274
274
274
274
274
274
274
274
274
274
274
274
274
274
274
274
274
274
274
274
274
274
274
274
274
274
274
274
274
274
274
274
274
274
274
274
274
274
274
274
274
274
274
274
274
274
274
274.001
274.002
)
;
    }
    frontAndBackPlanes
    {
        type            empty;
    }
}


// ************************************************************************* //
