/*--------------------------------*- C++ -*----------------------------------*\
| =========                 |                                                 |
| \\      /  F ield         | OpenFOAM: The Open Source CFD Toolbox           |
|  \\    /   O peration     | Version:  2112                                  |
|   \\  /    A nd           | Website:  www.openfoam.com                      |
|    \\/     M anipulation  |                                                 |
\*---------------------------------------------------------------------------*/
FoamFile
{
    version     2.0;
    format      ascii;
    arch        "LSB;label=32;scalar=64";
    class       volScalarField;
    location    "0.00172";
    object      T;
}
// * * * * * * * * * * * * * * * * * * * * * * * * * * * * * * * * * * * * * //

dimensions      [0 0 0 1 0 0 0];

internalField   nonuniform List<scalar> 
13875
(
1411.73
1534.92
1482.69
1486.74
1481.09
1483.44
1483.49
1483.13
1484.04
1483.25
1484.36
1483.65
1483.78
1483.49
1482.99
1483.08
1483.15
1483.31
1483.14
1483.54
1480.86
1487.42
1480.78
1532.95
1397.88
1306.97
1356.03
1319.13
1322.05
1316.65
1317.11
1317.07
1317.87
1322.55
1322.45
1322.83
1317.93
1317.54
1317.37
1317.75
1321.95
1321.76
1318.25
1316.85
1317.18
1316.27
1322.02
1319.7
1356.39
1304
1307.06
1339.63
1314.67
1311.12
1303.96
1304.3
1303.73
1303.76
1304.97
1303.4
1305.56
1303.81
1303.75
1303.25
1303.5
1303.97
1303.92
1303.65
1303.37
1304.24
1303.54
1310.79
1311.59
1336.44
1297.29
1317.19
1345.02
1315.13
1308.75
1305.12
1304.77
1303.92
1303.88
1303.81
1302.16
1303.77
1303.86
1303.78
1303.33
1303.56
1303.06
1302.45
1303.72
1303.49
1304.6
1304.37
1307.69
1314.07
1343.71
1311.44
1329.36
1341.74
1316.16
1311.74
1303.5
1304.12
1304.01
1303.89
1303.58
1302.27
1304.1
1304.07
1303.94
1303.55
1303.76
1303.19
1302.31
1303.48
1303.67
1304.27
1303.23
1311.43
1312.19
1338.49
1315.85
1332.2
1351.53
1319.43
1310.01
1307.07
1306.22
1304.92
1304.51
1304.1
1302.59
1303.99
1304.3
1304.3
1303.94
1304.07
1303.57
1302.62
1304.27
1304.49
1306.1
1306.25
1308.43
1319.08
1349.16
1326.45
1339.2
1360.53
1329.7
1317.09
1307.13
1306.43
1305.5
1304.91
1304.39
1303.32
1304.76
1305.09
1305.07
1304.72
1304.78
1304.42
1303.18
1304.61
1305.21
1306.49
1306.73
1317.17
1326.01
1358.39
1321.9
1361.73
1386.26
1345.84
1322.03
1316.8
1312.43
1309.2
1307.4
1306.33
1305.03
1305.86
1306.44
1306.66
1306.28
1306.12
1305.69
1305.06
1307
1308.41
1311.73
1315.09
1320.73
1341.64
1381.3
1351
1535.17
1509.1
1389.64
1352.51
1324.16
1316.98
1313.11
1310.38
1309.53
1308.19
1308.81
1309.59
1309.94
1309.57
1309.24
1308.64
1308.04
1309.99
1312.05
1316.12
1322.22
1348.27
1384.42
1508.2
1523.45
1861.52
1589.74
1438.67
1368.43
1346.11
1329.66
1322.31
1318.41
1316.75
1315
1315.44
1316.22
1316.8
1316.4
1315.93
1315.16
1314.98
1317.48
1321.01
1328.14
1340.15
1363.96
1427.98
1568.71
1831.51
2522.25
1803.52
1541.35
1447.46
1367.81
1348.64
1339.05
1334.6
1332
1330
1330.38
1330.86
1331.66
1331.25
1330.84
1330.12
1330.16
1333.15
1337.35
1345.91
1361.87
1429.87
1516.02
1809.94
2448.07
2891.32
2307.97
2107.35
1533.38
1447.31
1411.15
1384.01
1376.08
1369.42
1366.74
1366.75
1366.23
1367.54
1366.77
1366.6
1366.47
1367.25
1372.7
1380.2
1406.5
1431.14
1491.37
1763.86
2311.26
2850.53
2851.21
2767.8
2640.35
2389.14
1648.13
1549.29
1522.87
1502.57
1490.01
1486.41
1486.53
1482.81
1487.41
1483.53
1483.85
1484.73
1487.08
1496.06
1515.38
1545.02
1657.87
2370.36
2429.28
2716.52
2789.51
2769.07
2746.01
2858.71
2852.91
2222.21
2246.74
2043.47
1950.45
1906.29
1858.77
1885.89
1836.96
1876.88
1847.71
1857.21
1860.37
1877.57
1929.34
2041.83
2199.97
2153.43
2863.17
2871.78
2737.64
2712.27
2652.8
2741.57
2864.3
2849.57
2878.86
3176.84
3444.97
3421.25
3686.33
3536.16
3678.23
3575.32
3665.17
3618.23
3652.57
3613.74
3634.9
3510.06
3459.88
3189.31
2905.74
2868.17
2859.09
2696.12
2675.92
2536.38
2662.52
2875.86
2983.66
2996.05
3326.15
3598.12
3682.95
3688.72
3674.62
3622.34
3647.14
3602.67
3638.92
3635.11
3661.13
3681.86
3720.28
3648.33
3446.2
3051.69
2983.43
2890.65
2689.21
2589.56
2479.51
2608.48
2741.1
2942.58
3032.89
3346.27
3572.11
3666.83
3664.88
3654.08
3612.38
3625.86
3595.24
3620.57
3615.41
3641.18
3664.58
3711.3
3637.73
3450.27
3106.59
3004.87
2799.89
2611.13
2507.85
2294.45
2577.78
2839.87
2947.44
2950.92
3197.7
3366.02
3459.27
3504.51
3500.5
3505.69
3498.48
3496.54
3499.74
3500.48
3507.51
3502.14
3484.61
3402.17
3240.79
3024.94
3020.14
2854.76
2589.33
2327.87
2214.53
2307.37
2613.99
2765.72
2739.56
2873.51
3118.94
3289.51
3380.52
3397
3401.83
3400.81
3401.54
3405.58
3400.16
3403.08
3404.75
3372.63
3195.43
2933.49
2784.14
2828.89
2666.61
2347.25
2259.71
2305.36
2246.15
2365.75
2534.04
2556.81
2630.51
2845.95
3082.03
3243.87
3301.65
3308.51
3309.81
3312.11
3313.91
3311.43
3316.52
3290.38
3156.72
2888.77
2671.06
2595.93
2579.2
2360.12
2261.65
2358.89
2897.92
2258.93
2187
2334.89
2400.08
2476.7
2669.25
2902.78
3087.76
3182.64
3214.59
3216.38
3217.12
3218.88
3216.55
3202.14
3130.34
2948.93
2690.47
2506.38
2428.53
2353.49
2170.79
2222.22
2796.67
2840.64
2043.09
1989.73
2180.58
2272.71
2366.92
2536.25
2760.08
2958.02
3066.93
3099.83
3110.55
3111.59
3111.4
3102.06
3081.2
2986.36
2784.95
2547.56
2395.56
2291.97
2183.69
1995.16
2036.53
2838.29
2863.41
2050.62
1890.94
2063.9
2172.67
2279.81
2422.04
2626.31
2822.98
2949.6
2997.87
3004.33
3005.1
3003.86
2996.34
2962.29
2848.72
2645.44
2435.46
2306.95
2193.37
2073.35
1875.42
2046.6
2952.78
2813.47
2033.99
1879.69
2008.45
2097.2
2196.54
2332.17
2530.67
2719.42
2838.41
2883.41
2897.63
2897.96
2895.93
2880.92
2848.96
2740.67
2544.29
2336.94
2217.04
2115.52
2016.19
1874.55
2014.56
2773.74
2749.77
2033.55
1908.16
1975.98
2032.53
2115.55
2244.08
2437.31
2616.1
2737.43
2787.48
2793.45
2794.62
2791.44
2782.31
2743.43
2628.27
2438.19
2244.99
2132.2
2059.2
1992.77
1893.85
2033.89
2760.01
2716.87
2054.27
1924.78
1957.85
1984.66
2050.33
2176.5
2361.91
2530.22
2637.36
2678.78
2693.36
2695.21
2692.79
2674.18
2642.77
2543.59
2367.21
2174.16
2063.4
2005.88
1977.62
1914.46
2029.6
2698.16
2688.16
2080.95
1948.89
1954.25
1941.5
1991.32
2113.53
2289.22
2444.42
2549.38
2595.1
2598.44
2600.92
2595.27
2586.7
2549.57
2455.06
2289.52
2112.16
2003.12
1966.1
1977.18
1938.9
2062.04
2678.48
2690.04
2145.92
1994.73
1944.37
1911.88
1953.48
2070.74
2235.29
2377.16
2462.64
2496.91
2509.3
2511.33
2509.2
2489.47
2461.89
2383.48
2234.92
2061.59
1960.23
1931.16
1965.06
1973.08
2119.84
2677.32
2720.68
2158.3
1991.29
1937.93
1899.01
1916.77
2022
2171.79
2298.78
2381.84
2422.58
2423.58
2428.28
2420.61
2415.53
2380.99
2310.69
2177.84
2023.85
1927.29
1922.07
1961.91
1998.66
2115.21
2669.52
2769.35
2179.57
2016.12
1940.8
1880.19
1899.73
1999.2
2134.37
2245.33
2310.42
2336.92
2347.82
2348.82
2345.87
2329.04
2307.23
2251.27
2137.51
1992.72
1905.4
1895.45
1954.62
2004.52
2151.78
2720.7
2737.23
2174.64
1999.65
1939.49
1864.9
1885.44
1970.56
2087.81
2181.24
2237.28
2274.07
2268.49
2276.09
2268.69
2267.27
2237.03
2188.33
2090.79
1964.78
1887.43
1884.74
1955.02
2009.78
2145.98
2721.81
2732.29
2183.76
2035.9
1941.23
1853.58
1870.93
1951.56
2058.27
2136.56
2179.59
2197.27
2205.76
2206.65
2203.83
2190.54
2177.97
2144.82
2067.71
1949.59
1872.33
1866
1944.33
2018.97
2154.93
2698.69
2699.86
2182.2
2046.58
1931.79
1848.39
1859.4
1931.46
2018.37
2082.47
2114.63
2147.35
2135.04
2143.9
2136.29
2139.75
2115.47
2088.52
2026.57
1930.56
1858.08
1863.57
1948.92
2037.92
2152.07
2690.73
2668.34
2174.94
2093.98
1949.36
1849.08
1846.76
1920.87
1997.53
2047.61
2069.21
2078.25
2082.51
2084.05
2082.52
2072.67
2069.85
2054.14
2007.74
1916.36
1844.17
1851.74
1946.9
2066.9
2155.52
2661.61
2667.18
2183.36
2116.21
1943.81
1860.68
1839.35
1899.77
1960.61
1997.46
2012.91
2040.81
2022.65
2030.7
2023
2033.12
2013.3
2003.93
1976.09
1906.63
1839.33
1871.79
1955.14
2122.84
2150.11
2637.93
2645.48
2176.51
2114.57
1969.66
1870.74
1835.54
1888.84
1942.56
1969.46
1977.69
1979.25
1978.69
1980.77
1979.8
1973.6
1978.66
1974.23
1951.27
1890.47
1832.63
1870.66
1976.4
2122.28
2159.16
2614.14
2617.62
2163.66
2111.08
1989.51
1885.91
1841.45
1876.95
1909.49
1925.62
1928.24
1951.08
1929.24
1936.72
1929.66
1945.16
1929.26
1928.76
1922.06
1883.72
1834.35
1888.97
1999.57
2120.9
2151.65
2590.36
2598.65
2148.91
2105.95
2048.02
1910.41
1857.93
1869.63
1892.76
1900.23
1901.24
1899.21
1892.43
1895.22
1894.66
1892.67
1901.93
1904.45
1896.37
1875.62
1854.8
1902.23
2048.95
2114.46
2137.54
2565.82
2582.28
2138.82
2099.7
2044.62
1927.46
1870.23
1869.96
1865.74
1862.69
1855.55
1876.52
1852.4
1859.58
1853.16
1870.04
1857.62
1863.96
1879.31
1875.98
1865.56
1928.52
2054.3
2106.82
2122.24
2554.93
2555.25
2117.52
2066.82
2036.13
1965.72
1894.96
1883.65
1856.74
1845.7
1838.68
1832.46
1822.1
1824.69
1824.73
1825.22
1838.66
1847.59
1853.06
1883.96
1883.22
1960.03
2045.62
2076.18
2113.36
2538.7
2541.84
2115.4
2037.04
2036.04
2033.47
1918.81
1901.88
1841.58
1816.54
1796.59
1814.03
1786.41
1795.55
1788.68
1807.64
1797.03
1816.78
1854.16
1907.9
1904.94
2029.73
2045.99
2043.26
2093.15
2515.61
2511.36
2099.79
2009.4
2014.63
2022.39
1950.02
1902.57
1856.06
1810.72
1791.15
1777.02
1766.14
1766.17
1766.69
1769.73
1793.42
1810.32
1848.66
1905.61
1933.93
2019.2
2024.38
2014.51
2085.21
2492.28
2489.11
2091.89
1988.84
1986.77
2024.6
2006.49
1930.97
1858.79
1798.79
1753.12
1763.7
1731.64
1742.11
1735.21
1757.43
1753.86
1799.19
1867.06
1939.72
1974.54
2011.42
2001.62
1993.65
2075.7
2479.72
2458.73
2079.54
1976.64
1953.57
1995.59
2044.63
1947.32
1875.82
1807.35
1769.84
1737.05
1718.64
1717.59
1720.42
1730.34
1773.15
1801.73
1865.46
1959.31
2045.48
1989.85
1966.9
1977.61
2062.99
2451.35
2445.76
2076.94
1958.59
1925.52
1974.24
2025.75
2007.21
1890.16
1810.93
1736.12
1733.64
1691.66
1699.09
1694.79
1728.28
1738.15
1814.82
1894.37
2029.77
2029.22
1967.61
1942.07
1962.84
2064.24
2444.71
2420.64
2057.31
1958.74
1910.84
1930.18
2015.09
2080.72
1940
1822.29
1773.85
1724.84
1693.11
1685.04
1693.97
1714.86
1774.32
1819.04
1912.92
2083.98
2009.81
1929.54
1922.4
1962.68
2055
2422.76
2410.49
2056.06
1944.06
1887.9
1910.9
1985.05
2062.93
2011.59
1847.19
1744.79
1736.26
1677.81
1680
1680.04
1730.2
1747.23
1849.43
1984.29
2066.79
1981.14
1913.55
1906.18
1950.81
2050.23
2415.9
2377.99
2035.74
1942.37
1889.06
1879
1944.85
2042.11
2068.01
1888.22
1792.02
1727.65
1693.8
1681.16
1697.54
1718.08
1792.28
1902.9
2073.95
2045.85
1937.4
1880.65
1900.79
1951.02
2039.41
2373.81
2348.35
2025.39
1926.05
1867.38
1870.24
1912.13
2019.42
2048.38
1992.69
1777.67
1749.08
1679.7
1684.23
1682.47
1746.44
1784.63
2008.42
2053.65
2022.63
1906.12
1872.54
1882.22
1932.99
2026.63
2346.9
2211.69
1977.76
1911.45
1875.8
1854.1
1881.08
1973.23
2037.56
2025.06
1875.11
1760.07
1708.62
1691.94
1711.58
1752.74
1869.1
2033.62
2042.73
1975.88
1876.23
1854
1887.87
1917.21
1975.55
2203.23
273.889
273.963
274.033
274.069
274.035
274.036
274.077
274.148
274.23
274.263
274.24
274.178
274.112
274.061
274.03
274.014
274.006
274.002
274
274
274
274
274
274
273.999
274.001
273.995
274.003
273.991
274.008
274.095
274.155
274.229
274.27
274.231
274.217
274.234
274.294
274.371
274.383
274.336
274.247
274.155
274.084
274.041
274.019
274.008
274.003
274
274
273.999
273.999
273.999
273.999
273.998
274
273.993
274.004
273.988
274.016
274.245
274.281
274.341
274.366
274.311
274.254
274.249
274.31
274.396
274.421
274.375
274.278
274.175
274.096
274.047
274.021
274.009
274.003
274
274
274
273.999
273.999
273.999
273.998
274
273.994
274.003
273.992
274.011
274.273
274.319
274.381
274.399
274.325
274.244
274.227
274.309
274.416
274.451
274.406
274.303
274.191
274.105
274.052
274.024
274.01
274.003
274.001
274
274
274
274
273.999
273.999
274
273.996
274.003
273.996
274.007
274.28
274.338
274.406
274.433
274.355
274.255
274.227
274.315
274.443
274.479
274.432
274.321
274.203
274.112
274.055
274.025
274.01
274.003
274.001
274
274
274
274
273.999
273.999
274
273.997
274.002
273.998
274.005
274.306
274.385
274.473
274.526
274.431
274.315
274.271
274.344
274.48
274.506
274.452
274.333
274.209
274.115
274.057
274.025
274.01
274.003
274.001
274
274
274
274
274
273.999
274
273.998
274.001
273.999
274.004
274.369
274.51
274.647
274.764
274.687
274.551
274.455
274.48
274.56
274.542
274.469
274.339
274.212
274.116
274.057
274.025
274.01
274.003
274.001
274
274
274
274
274
274
274
273.999
274.001
273.999
274.003
274.555
274.853
275.103
275.374
275.435
275.293
275.051
274.898
274.776
274.633
274.5
274.345
274.213
274.116
274.057
274.025
274.01
274.003
274
274
274
274
274
274
274
274
273.999
274.001
274
274.003
275.076
275.787
276.348
277.142
277.668
277.652
277.092
276.243
275.436
274.899
274.591
274.37
274.217
274.116
274.056
274.025
274.01
274.003
274
274
274
274
274
274
274
274
273.999
274
274
274.003
276.551
278.165
279.369
281.25
282.966
283.63
282.976
280.701
277.838
275.826
274.902
274.46
274.239
274.12
274.056
274.025
274.01
274.003
274
274
274
274
274
274
274
274
274
274
274
274.002
280.187
283.282
286.314
290.9
295.429
298.861
299.986
295.907
285.84
279.543
276.091
274.788
274.325
274.138
274.059
274.024
274.009
274.003
274
274
274
274
274
274
274
274
274
274
274
274.002
289
293.674
294.616
295.601
298.393
302.562
307.581
312.326
311.857
293.725
280.961
276.082
274.639
274.21
274.073
274.026
274.009
274.003
274
274
274
274
274
274
274
274
274
274
274
274.002
294.301
295.631
295.098
295.647
298.188
302.397
307.665
313.284
318.816
321.728
301.696
281.458
275.84
274.476
274.128
274.035
274.01
274.003
274
274
274
274
274
274
274
274
274
274
274
274.002
293.904
295.034
294.517
294.802
295.943
300.116
306.658
313.221
319.105
324.797
328.063
304.561
280.8
275.44
274.326
274.073
274.016
274.004
274.001
274
274
274
274
274
274
274
274
274
274
274.002
291.92
292.829
292.265
292.293
292.591
295.447
302.594
310.952
318.91
325.058
330.89
333.404
301.078
279.292
275.017
274.206
274.04
274.007
274.001
274
274
274
274
274
274
274.001
274
274
274
274.001
288.956
289.621
289.26
289.005
289.131
290.59
297.277
306.133
316.24
324.986
331.361
337.055
336.779
293.929
277.569
274.643
274.119
274.02
274.003
274
274
274
274
274
274
274
274
274
274.001
274.002
283.915
285.048
285.705
285.589
285.837
286.261
291.633
301.109
311.63
322.677
331.709
338.074
342.978
332.407
286.296
276.124
274.365
274.062
274.009
274.001
274
274
274
274
274
274
274
274.001
274.001
274.003
281.353
282.036
283.307
282.929
283.083
283.27
286.655
295.947
306.975
318.708
330.387
338.893
345.318
347.66
318.043
281.132
275.149
274.188
274.029
274.004
274
274
274
274
274
274
274.001
274
274
274.001
278.056
279.935
280.794
281.505
282.557
283.002
284.503
292.562
304.661
315.648
327.662
338.752
346.31
352.672
350.149
298.139
277.629
274.559
274.088
274.012
274.001
274
274
274
274
274
274.001
274.001
274.001
274.002
276.644
280.235
281.204
283.388
286.492
287.089
286.683
292.275
304.363
314.95
326.062
337.604
347.283
354.63
355.902
337.858
284.962
275.671
274.247
274.037
274.004
274
274
274
274
274
274
274.001
274.001
274.003
279.34
283.287
286.226
292.962
300.569
300.8
297.557
296.743
306.91
316.38
326.398
337.01
347.894
356.358
360.304
359.444
310.665
278.862
274.689
274.099
274.013
274.001
274
274
274
274
274
274
274.001
274.002
274.999
286.436
298.701
323.516
343.361
337.658
324.428
316.135
319.386
324.757
331.026
338.802
348.698
358.444
364.567
365.101
349.066
287.19
275.898
274.259
274.036
274.004
274
274
274
274
274
274
274
274.001
287.964
298.654
344.486
417.918
447.182
417.662
379.692
357.908
346.411
342.136
340.618
343.929
351.319
360.835
369.359
369.773
369.442
315.367
279.016
274.656
274.088
274.012
274.001
274
274
274
274
274
274
274.002
260.743
338.468
525.449
649.302
661.254
559.598
477.379
420.223
385.971
369.689
358.974
356.218
358.084
365.061
373.549
375.733
376.299
354.342
286.29
275.638
274.209
274.027
274.003
274
274
274
274
274
274
274.002
285.388
454.347
835.465
960.974
910.122
736.836
594.258
496.915
441.314
410.929
386.945
374.591
371.759
373.216
379.284
383.238
382.303
379.052
306.836
277.843
274.473
274.061
274.007
274.001
274
274
274
274
274
274.002
274.008
273.991
274.003
273.995
274.001
273.999
274
274
274
274
274
274
274.002
274.006
274.014
274.03
274.061
274.112
274.178
274.24
274.263
274.229
274.148
274.076
274.036
274.035
274.069
274.034
273.963
273.889
274.016
273.988
274.004
273.993
274
273.998
273.999
273.999
273.999
273.999
274
274
274.003
274.008
274.019
274.041
274.084
274.155
274.247
274.336
274.383
274.37
274.294
274.233
274.217
274.231
274.271
274.229
274.156
274.095
274.011
273.992
274.003
273.994
274
273.998
273.999
273.999
273.999
274
274
274
274.003
274.009
274.021
274.047
274.096
274.175
274.278
274.375
274.421
274.396
274.31
274.249
274.254
274.311
274.366
274.341
274.282
274.245
274.007
273.996
274.003
273.996
274
273.999
273.999
274
274
274
274
274.001
274.003
274.01
274.024
274.052
274.105
274.191
274.303
274.406
274.451
274.416
274.309
274.227
274.244
274.325
274.399
274.381
274.319
274.273
274.005
273.998
274.002
273.997
274
273.999
273.999
274
274
274
274
274.001
274.003
274.01
274.025
274.055
274.112
274.203
274.321
274.432
274.478
274.443
274.315
274.226
274.255
274.355
274.433
274.406
274.338
274.28
274.004
273.999
274.001
273.998
274
273.999
274
274
274
274
274
274.001
274.003
274.01
274.025
274.057
274.115
274.209
274.333
274.452
274.506
274.48
274.344
274.271
274.315
274.43
274.526
274.473
274.385
274.306
274.003
273.999
274.001
273.999
274
274
274
274
274
274
274
274.001
274.003
274.01
274.025
274.057
274.116
274.212
274.339
274.469
274.542
274.56
274.48
274.454
274.551
274.687
274.764
274.647
274.51
274.369
274.003
274
274.001
273.999
274
274
274
274
274
274
274
274
274.003
274.01
274.025
274.057
274.116
274.213
274.345
274.499
274.633
274.775
274.897
275.049
275.291
275.434
275.374
275.103
274.853
274.555
274.003
274
274
273.999
274
274
274
274
274
274
274
274
274.003
274.01
274.025
274.056
274.116
274.217
274.37
274.591
274.898
275.432
276.236
277.084
277.645
277.663
277.139
276.346
275.785
275.075
274.002
274
274
274
274
274
274
274
274
274
274
274
274.003
274.01
274.025
274.056
274.12
274.239
274.459
274.9
275.819
277.822
280.674
282.948
283.604
282.948
281.241
279.362
278.158
276.546
274.002
274
274
274
274
274
274
274
274
274
274
274
274.003
274.009
274.024
274.059
274.138
274.324
274.785
276.079
279.51
285.776
295.794
299.897
298.795
295.383
290.868
286.286
283.262
280.172
274.002
274
274
274
274
274
274
274
274
274
274
274
274.003
274.009
274.026
274.073
274.21
274.636
276.068
280.909
293.534
311.691
312.241
307.523
302.515
298.356
295.563
294.577
293.636
288.963
274.002
274
274
274
274
274
274
274
274
274
274
274
274.003
274.01
274.035
274.128
274.473
275.826
281.396
301.423
321.591
318.721
313.206
307.603
302.346
298.149
295.607
295.061
295.6
294.273
274.002
274
274
274
274
274
274
274
274
274
274
274.001
274.004
274.016
274.073
274.325
275.43
280.738
304.23
327.923
324.691
319.014
313.145
306.601
300.067
295.903
294.757
294.478
295.002
293.878
274.001
274
274
274
274.001
274
274
274
274
274
274
274.001
274.007
274.039
274.205
275.009
279.242
300.77
333.245
330.775
324.954
318.825
310.885
302.547
295.403
292.546
292.247
292.222
292.793
291.892
274.002
274.001
274
274
274
274
274
274
274
274
274
274.003
274.02
274.118
274.638
277.537
293.681
336.541
336.925
331.247
324.889
316.172
306.076
297.24
290.539
289.076
288.953
289.208
289.579
288.933
274.003
274.001
274.001
274
274
274
274
274
274
274
274.001
274.009
274.062
274.363
276.106
286.18
332.057
342.821
337.949
331.599
322.597
311.578
301.053
291.602
286.203
285.77
285.518
285.631
284.988
283.872
274.001
274
274
274.001
274
274
274
274
274
274
274.004
274.029
274.187
275.14
281.065
317.637
347.484
345.176
338.768
330.293
318.644
306.922
295.889
286.616
283.181
282.993
282.828
283.183
281.94
281.283
274.002
274.001
274.001
274.001
274
274
274
274
274
274.001
274.012
274.087
274.555
277.598
297.848
349.922
352.502
346.166
338.628
327.561
315.518
304.522
292.393
284.389
282.86
282.427
281.357
280.623
279.797
277.986
274.003
274.001
274.001
274
274
274
274
274
274
274.004
274.037
274.245
275.658
284.864
337.447
355.702
354.452
347.126
337.461
325.904
314.768
304.169
292.038
286.405
286.789
286.258
283.221
281.025
280.075
276.548
274.002
274.001
274
274
274
274
274
274
274.001
274.013
274.098
274.684
278.82
310.3
359.214
360.098
356.173
347.735
336.833
326.172
316.102
306.609
296.329
296.899
300.133
300.121
292.727
286.099
283.099
279.197
274.001
274
274
274
274
274
274
274
274.004
274.036
274.257
275.883
287.065
348.597
364.872
364.34
358.239
348.491
338.531
330.644
324.203
318.724
315.386
323.728
336.476
342.561
323.207
298.65
286.278
274.955
274.002
274
274
274
274
274
274
274.001
274.012
274.087
274.651
278.973
314.939
369.151
369.517
369.109
360.655
351.058
343.574
340.096
341.37
345.391
356.475
378.608
415.175
445.529
416.694
344.107
298.446
287.853
274.002
274
274
274
274
274
274
274.003
274.027
274.208
275.625
286.172
353.822
376.022
375.445
373.271
364.731
357.651
355.618
358.16
368.396
384.435
418.133
474.8
555.488
658.801
645.435
524.815
338.549
260.72
274.002
274
274
274
274
274
274.001
274.007
274.06
274.47
277.809
306.4
378.681
382
382.917
378.96
372.782
371.232
373.846
385.777
409.112
439.23
494.43
588.129
730.552
906.248
951.384
838.835
455.873
285.25
274.002
274.002
274.002
274.002
274.002
274.002
274.002
274.002
274.002
274.002
274.002
274.002
274.002
274.002
274.002
274.002
274.002
274.002
274.002
274.002
274.002
274.002
274.002
274.002
274.002
274.002
274.002
274.002
274.002
274.002
274.002
274.002
274.002
274.002
274.002
274.002
274.002
274.002
274.002
274.002
274.002
274.002
274.002
274.002
274.002
274.002
274.002
274.002
274.002
274.002
274.002
274.002
274.002
274.002
274.002
274.002
274.002
274.002
274.002
274.002
274.002
274.002
274.002
274.002
274.002
274.002
274.002
274.002
274.002
274.002
274.002
274.002
274.002
274.002
274.002
274.002
274.002
274.002
274.002
274.002
274.002
274.002
274.002
274.002
274.002
274.002
274.002
274.002
274.002
274.002
274.002
274.002
274.002
274.002
274.002
274.002
274.002
274.002
274.002
274.002
274.002
274.002
274.002
274.002
274.002
274.002
274.002
274.002
274.002
274.002
274.002
274.002
274.002
274.002
274.002
274.002
274.002
274.002
274.002
274.002
274.002
274.002
274.002
274.002
274.002
274
274
274
274
274
274
274
274
274
274
274
274
274
274
274
274
274
274
274
274
274
274
274
274
274
274
274
274
274
274
274
274
274
274
274
274
274
274
274
274
274
274
274
274
274
274
274
274
274
274
274
274
274
274
274
274
274
274
274
274
274
274
274
274
274
274
274
274
274
274
274
274
274
274
274
274
274
274
274
274
274
274
274
274
274
274
274
274
274
274
274
274
274
274
274
274
274
274
274
274
274
274
274
274
274
274
274
274
274
274
274
274
274
274
274
274
274
274
274
274
274
274
274
274
274
274
274
274
274
274
274
274
274
274
274
274
274
274
274
274
274
274
274
274
274
274
274
274
274
274
274
274
274
274
274
274
274
274
274
274
274
274
274
274
274
274
274
274
274
274
274
274
274
274
274
274
274
274
274
274
274
274
274
274
274
274
274
274
274
274
274
274
274
274
274
274
274
274
274
274
274
274
274
274
274
274
274
274
274
274
274
274
274
274
274
274
274
274
274
274
274
274
274
274
274
274
274
274
274
274
274
274
274
274
274
274
274
274
274
274
274
274
274
274
274
274
274
274
274
274
274
274
274
274
274
274
274
274
274
274
274
274
274
274
274
274
274
274
274
274
274
274
274
274
274
274
274
274
274
274
274
274
274
274
274
274
274
274
274
274
274
274
274
274
274
274
274
274
274
274
274
274
274
274
274
274
274
274
274
274
274
274
274
274
274
274
274
274
274
274
274
274
274
274
274
274
274
274
274
274
274
274
274
274
274
274
274
274
274
274
274
274
274
274
274
274
274
274
274
274
274
274
274
274
274
274
274
274
274
274
274
274
274
274
274
274
274
274
274
274
274
274
274
274
274
274
274
274
274
274
274
274
274
274
274
274
274
274
274
274
274
274
274
274
274
274
274
274
274
274
274
274
274
274
274
274
274
274
274
274
274
274
274
274
274
274
274
274
274
274
274
274
274
274
274
274
274
274
274
274
274
274
274
274
274
274
274
274
274
274
274
274
274
274
274
274
274
274
274
274
274
274
274
274
274
274
274
274
274
274
274
274
274
274
274
274
274
274
274
274
274
274
274
274
274
274
274
274
274
274
274
274
274
274.001
274.001
274.001
274.001
274.001
274.001
274.001
274.001
274.001
274
274
274
274
274
274
274
274
274
274
274
274
274
274
274
274
274
274
274
274
274
274
274
274
274
274
274
274
274
274
274
274
274
274
274
274
274
274
274
274
274
274
274
274
274
274
274
274
274
274
274
274
274
274
274
274
274
274
274
274
274
274
274
274
274
274
274
274
274
274
274
274
274
274
274
274
274
274
274
274
274
274
274
274
274
274
274
274
274
274
274
274
274
274
274
274
274
274
274
274
274
274
274
274
274
274
274
274
274
274
274
274.001
274.002
274.004
274.007
274.01
274.013
274.016
274.017
274.017
274.016
274.014
274.012
274.009
274.007
274.005
274.004
274.003
274.002
274.001
274.001
274
274
274
274
274
274
274
274
274
274
274
274
274
274
274
274
274
274
274
274
274
274
274
274
274
274
274
274
274
274
274
274
274
274
274
274
274
274
274
274
274
274
274
274
274
274
274
274
274
274
274
274
274
274
274
274
274
274
274
274
274
274
274
274
274
274
274
274
274
274
274
274
274
274
274
274
274
274
274
274
274
274
274
274
274
274
274
274
274
274
274
274
274
274
274
274
274
274
274
274
274
274
274.001
274.004
274.01
274.023
274.043
274.073
274.111
274.152
274.188
274.211
274.218
274.21
274.191
274.163
274.134
274.104
274.079
274.058
274.042
274.029
274.019
274.011
274.006
274.003
274.002
274
274
274
274
274
274
274
274
274
274
274
274
274
274
274
274
274
274
274
274
274
274
274
274
274
274
274
274
274
274
274
274
274
274
274
274
274
274
274
274
274
274
274
274
274
274
274
274
274
274
274
274
274
274
274
274
274
274
274
274
274
274
274
274
274
274
274
274
274
274
274
274
274
274
274
274
274
274
274
274
274
274
274
274
274
274
274
274
274
274
274
274
274
274
274
274
274
274
274.002
274.01
274.03
274.078
274.185
274.398
274.763
275.288
275.914
276.525
276.998
277.224
277.206
276.956
276.558
276.072
275.6
275.17
274.832
274.573
274.393
274.262
274.168
274.102
274.059
274.032
274.016
274
274
274
274
274
274
274
274
274
274
274
274
274
274
274
274
274
274
274
274
274
274
274
274
274
274
274
274
274
274
274
274
274
274
274
274
274
274
274
274
274
274
274
274
274
274
274
274
274
274
274
274
274
274
274
274
274
274
274
274
274
274
274
274
274
274
274
274
274
274
274
274
274
274
274
274
274
274
274
274
274
274
274
274
274
274
274
274
274
274
274
274
274
274
274
274
274.003
274.016
274.06
274.204
274.627
275.67
278.009
282.554
289.996
299.422
309.635
318.429
323.303
324.409
321.944
315.625
308.395
300.793
293.931
288.122
283.72
280.322
278.049
276.562
275.55
274.891
274.49
274.258
274.129
274
274
274
274
274
274
274
274
274
274
274
274
274
274
274
274
274
274
274
274
274
274
274
274
274
274
274
274
274
274
274
274
274
274
274
274
274
274
274
274
274
274
274
274
274
274
274
274
274
274
274
274
274
274
274
274
274
274
274
274
274
274
274
274
274
274
274
274
274
274
274
274
274
274
274
274
274
274
274
274
274
274
274
274
274
274
274
274
274
274
274
274
274
274
274.003
274.018
274.085
274.377
275.452
279.132
289.849
316.898
371.039
442.723
505.383
544.74
563.891
567.811
562.356
550.826
535.772
517.216
496.148
471.978
445.811
415.988
384.305
350.08
318.255
297.815
288.29
282.258
278.398
276.194
275.042
274
274
274
274
274
274
274
274
274
274
274
274
274
274
274
274
274
274
274
274
274
274
274
274
274
274
274
274
274
274
274
274
274
274
274
274
274
274
274
274
274
274
274
274
274
274
274
274
274
274
274
274
274
274
274
274
274
274
274
274
274
274
274
274
274
274
274
274
274
274
274
274
274
274
274
274
274
274
274
274
274
274
274
274
274
274
274
274
274
274
274
274
274.002
274.014
274.084
274.463
276.299
284.691
319.27
409.795
536.921
632.869
684.036
697.255
689.105
673.934
655.044
635.183
615.204
594.955
574.763
555.428
536.661
518.2
500.8
484.196
468.742
452.9
435.742
414.071
385.614
352.612
316.994
291.629
282.675
274
274
274
274
274
274
274
274
274
274
274
274
274
274
274
274
274
274
274
274
274
274
274
274
274
274
274
274
274
274
274
274
274
274
274
274
274
274
274
274
274
274
274
274
274
274
274
274
274
274
274
274
274
274
274
274
274
274
274
274
274
274
274
274
274
274
274
274
274
274
274
274
274
274
274
274
274
274
274
274
274
274
274
274
274
274
274
274
274
274
274
274.007
274.055
274.382
276.415
288.59
355.853
509.2
667.833
754.32
774.5
766.583
751.36
732.415
711.916
690.848
670.845
651.525
631.945
611.613
590.588
569.957
549.918
529.995
510.983
492.959
476.762
461.348
447.429
434.147
422.482
411.954
400.666
379.356
346.16
274
274
274
274
274
274
274
274
274
274
274
274
274
274
274
274
274
274
274
274
274
274
274
274
274
274
274
274
274
274
274
274
274
274
274
274
274
274
274
274
274
274
274
274
274
274
274
274
274
274
274
274
274
274
274
274
274
274
274
274
274
274
274
274
274
274
274
274
274
274
274
274
274
274
274
274
274
274
274
274
274
274
274
274
274
274
274
274
274
274.002
274.023
274.205
275.641
286.878
366.604
560.779
741.916
816.493
821.903
810.7
796.485
779.685
761.817
744.737
728.077
710.54
692.759
674.343
654.859
634.453
612.601
591.266
570.438
549.254
528.517
508.596
490.199
471.84
455.372
439.681
426.656
415.288
405.554
396.745
388.938
274
274
274
274
274
274
274
274
274
274
274
274
274
274
274
274
274
274
274
274
274
274
274
274
274
274
274
274
274
274
274
274
274
274
274
274
274
274
274
274
274
274
274
274
274
274
274
274
274
274
274
274
274
274
274
274
274
274
274
274
274
274
274
274
274
274
274
274
274
274
274
274
274
274
274
274
274
274
274
274
274
274
274
274
274
274
274
274
274.005
274.066
274.693
281.167
343.871
554.054
771.843
852.206
856.447
846.792
833.745
818.166
804.174
793.398
781.361
767.467
752.011
735.539
718.327
700.118
680.672
660.133
636.688
613.799
592.213
569.491
547.024
525.919
506.51
486.693
468.81
450.581
435.296
421.131
408.866
398.66
389.682
274
274
274
274
274
274
274
274
274
274
274
274
274
274
274
274
274
274
274
274
274
274
274
274
274
274
274
274
274
274
274
274
274
274
274
274
274
274
274
274
274
274
274
274
274
274
274
274
274
274
274
274
274
274
274
274
274
274
274
274
274
274
274
274
274
274
274
274
274
274
274
274
274
274
274
274
274
274
274
274
274
274
274
274
274
274
274
274.013
274.177
276.284
303.47
487.152
759.266
874.254
883.68
878.53
869.298
855.594
843.416
834.443
827.432
820.129
813.219
809.615
805.667
799.277
786.645
768.631
747.625
723.593
695.026
666.97
639.879
610.528
581.263
554.497
529.594
504.558
482.671
459.801
441.597
424.799
411.044
400.275
391.252
274
274
274
274
274
274
274
274
274
274
274
274
274
274
274
274
274
274
274
274
274
274
274
274
274
274
274
274
274
274
274
274
274
274
274
274
274
274
274
274
274
274
274
274
274
274
274
274
274
274
274
274
274
274
274
274
274
274
274
274
274
274
274
274
274
274
274
274
274
274
274
274
274
274
274
274
274
274
274
274
274
274
274
274
274
274.001
274.026
274.425
281.087
377.99
675.823
879.16
904.351
901.831
897.512
891.013
880.62
871.832
869.357
870.384
876.607
891.569
913.012
934.117
945.222
947.148
937.2
915.927
886.923
852.744
811.771
772.045
730.054
684.903
641.934
604.716
570.175
536.96
508.582
478.517
454.846
431.488
412.904
398.936
387.206
274
274
274
274
274
274
274
274
274
274
274
274
274
274
274
274
274
274
274
274
274
274
274
274
274
274
274
274
274
274
274
274
274
274
274
274
274
274
274
274
274
274
274
274
274
274
274
274
274
274
274
274
274
274
274
274
274
274
274
274
274
274
274
274
274
274
274
274
274
274
274
274
274
274
274
274
274
274
274
274
274
274
274
274
274.001
274.046
274.932
293.058
494.628
822.828
918.698
920.278
916.313
915.436
913.713
908.583
906.338
914.124
934.164
967.991
1016.57
1071.65
1121.85
1166.09
1194.89
1201.44
1184.14
1147.94
1106.55
1059
1000.28
939.882
871.93
799.325
734.082
681.282
633.493
588.898
550.723
511.152
480.13
448.119
423.04
402.548
385.929
274
274
274
274
274
274
274
274
274
274
274
274
274
274
274
274
274
274
274
274
274
274
274
274
274
274
274
274
274
274
274
274
274
274
274
274
274
274
274
274
274
274
274
274
274
274
274
274
274
274
274
274
274
274
274
274
274
274
274
274
274
274
274
274
274
274
274
274
274
274
274
274
274
274
274
274
274
274
274
274
274
274
274
274.002
274.071
275.831
319.069
625.342
904.125
935.19
932.194
931.945
933.903
936.471
940.76
949.774
975.449
1024.18
1098.26
1189.53
1293.26
1386.58
1449.28
1483.68
1490.33
1475.38
1448.31
1403.66
1355.64
1300.23
1229.61
1153.42
1058.62
956.326
867.026
794.789
730.73
670.732
617.666
564.307
522.043
477.687
444.774
415.334
389.469
274
274
274
274
274
274
274
274
274
274
274
274
274
274
274
274
274
274
274
274
274
274
274
274
274
274
274
274
274
274
274
274
274
274
274
274
274
274
274
274
274
274
274
274
274
274
274
274
274
274
274
274
274
274
274
274
274
274
274
274
274
274
274
274
274
274
274
274
274
274
274
274
274
274
274
274
274
274
274
274
274
274
274.002
274.096
277.088
359.154
734.782
937.562
946.109
943.531
947.924
953.872
961.529
973.172
999.171
1049.71
1138.62
1266.69
1411.3
1538.79
1603.12
1623.91
1626.98
1618.58
1594.74
1567.13
1560.99
1566.73
1558.45
1520.57
1453.64
1370.41
1262.83
1149.3
1049.29
960.768
882.327
799.67
724.655
650.93
590.159
526.219
482.275
439.796
402.147
274
274
274
274
274
274
274
274
274
274
274
274
274
274
274
274
274
274
274
274
274
274
274
274
274
274
274
274
274
274
274
274
274
274
274
274
274
274
274
274
274
274
274
274
274
274
274
274
274
274
274
274
274
274
274
274
274
274
274
274
274
274
274
274
274
274
274
274
274
274
274
274
274
274
274
274
274
274
274
274
274
274.002
274.114
278.298
397.245
803.699
952.662
955.913
956.32
964.549
975.486
988.868
1009.1
1050.11
1129.9
1267.43
1470.07
1660.42
1717.09
1711.11
1693.41
1680.3
1671.31
1648.5
1620.39
1626.77
1651.71
1680.68
1691.22
1670.94
1611.61
1550.38
1467.86
1393.66
1320.09
1216.67
1115.52
1004.3
899.967
795.479
707.155
609.663
544.192
480.984
426.733
274
274
274
274
274
274
274
274
274
274
274
274
274
274
274
274
274
274
274
274
274
274
274
274
274
274
274
274
274
274
274
274
274
274
274
274
274
274
274
274
274
274
274
274
274
274
274
274
274
274
274
274
274
274
274
274
274
274
274
274
274
274
274
274
274
274
274
274
274
274
274
274
274
274
274
274
274
274
274
274
274.002
274.114
278.825
418.815
839.848
963.045
967.093
971.247
982.616
998.434
1018.49
1048.01
1102.61
1206.23
1388.09
1654.19
1799.69
1805.12
1778.4
1749.7
1725.93
1716.01
1703.72
1700.51
1731.28
1787.06
1852.71
1901.58
1908.59
1874.99
1837.53
1818.79
1786.19
1746.69
1694.16
1593.6
1506.34
1332.74
1192.21
1036.32
906.501
748.532
645.505
545.177
465.176
274
274
274
274
274
274
274
274
274
274
274
274
274
274
274
274
274
274
274
274
274
274
274
274
274
274
274
274
274
274
274
274
274
274
274
274
274
274
274
274
274
274
274
274
274
274
274
274
274
274
274
274
274
274
274
274
274
274
274
274
274
274
274
274
274
274
274
274
274
274
274
274
274
274
274
274
274
274
274
274.001
274.094
278.315
416.128
850.571
973.529
980.708
988.238
1001.15
1020.32
1047.53
1087.59
1154.57
1276.41
1485.83
1758.36
1864.61
1862.15
1816.34
1798.32
1808.33
1839.41
1864.07
1874.19
1910.33
1998.26
2117.33
2175.99
2189.92
2150.09
2091.06
2072.78
2051.62
2038.23
2003.97
1943.25
1863.95
1812.69
1695.9
1626.76
1452.96
1248.67
961
790.824
632.797
513.869
274
274
274
274
274
274
274
274
274
274
274
274
274
274
274
274
274
274
274
274
274
274
274
274
274
274
274
274
274
274
274
274
274
274
274
274
274
274
274
274
274
274
274
274
274
274
274
274
274
274
274
274
274
274
274
274
274
274
274
274
274
274
274
274
274
274
274
274
274
274
274
274
274
274
274
274
274
274
274.001
274.062
277.057
389.326
835.423
984.648
994.445
1002.95
1017.85
1038.24
1070.8
1121.78
1201.6
1335.2
1556.07
1799.72
1880.15
1888.63
1856.41
1836.88
1847.18
1896.62
1935.31
1984.26
2127.28
2191.93
2209.14
2214.86
2231.15
2223.81
2134.45
2115.73
2117.55
2021.57
1989.3
1934
1852.34
1806
1777.78
1730.89
1736.54
1635.39
1545.81
1333.53
1092.93
799.016
602.253
274
274
274
274
274
274
274
274
274
274
274
274
274
274
274
274
274
274
274
274
274
274
274
274
274
274
274
274
274
274
274
274
274
274
274
274
274
274
274
274
274
274
274
274
274
274
274
274
274
274
274
274
274
274
274
274
274
274
274
274
274
274
274
274
274
274
274
274
274
274
274
274
274
274
274
274
274
274.001
274.032
275.724
347.165
783.289
992.307
1005.6
1013.78
1029.96
1051.05
1085.77
1143.73
1236.06
1378.68
1594.56
1820.41
1882.39
1882.98
1856.26
1843.08
1837.72
1895.52
1908.12
1882.41
2011.59
2223.05
2268.32
2155.8
1972.94
1874.69
1857.01
1810.57
1777.43
1797.64
1803.46
1820.26
1828.82
1749.58
1681.2
1600.81
1542.42
1512.5
1512.52
1569.33
1479.23
1339.72
1092.91
764.491
274
274
274
274
274
274
274
274
274
274
274
274
274
274
274
274
274
274
274
274
274
274
274
274
274
274
274
274
274
274
274
274
274
274
274
274
274
274
274
274
274
274
274
274
274
274
274
274
274
274
274
274
274
274
274
274
274
274
274
274
274
274
274
274
274
274
274
274
274
274
274
274
274
274
274
274
274
274.013
274.788
308.18
683.049
989.904
1012.73
1019.44
1034.96
1058.59
1093.84
1152.24
1248.02
1393.73
1604.9
1817.66
1882.22
1887.72
1885.43
1867.69
1849.71
1802.61
1785.87
1749.36
1697.65
1734
1850.3
1857.28
1714.53
1364.92
1256.39
1195.02
1178.98
1197.8
1214.74
1210.62
1268.89
1345.24
1410.99
1488.15
1523.93
1532.09
1452.54
1409.54
1387.02
1456.01
1421.58
1251.99
969.332
274
274
274
274
274
274
274
274
274
274
274
274
274
274
274
274
274
274
274
274
274
274
274
274
274
274
274
274
274
274
274
274
274
274
274
274
274
274
274
274
274
274
274
274
274
274
274
274
274
274
274
274
274
274
274
274
274
274
274
274
274
274
274
274
274
274
274
274
274
274
274
274
274
274
274
274
274.005
274.297
286.681
547.069
961.484
1014.71
1020.92
1034.22
1060.58
1097.61
1150.38
1234.84
1367.23
1560.31
1788.83
1875.46
1882.64
1883.81
1868.97
1828.87
1718.65
1653.81
1554.47
1444.24
1444.93
1430.63
1433.27
1363.42
1270.88
1121.85
1012.35
937.478
913.671
955.126
972.871
980.162
1038.46
1096.79
1145.42
1215.18
1278.78
1374.05
1417.54
1425.88
1371.18
1320.09
1421.57
1393.72
1124.79
274
274
274
274
274
274
274
274
274
274
274
274
274
274
274
274
274
274
274
274
274
274
274
274
274
274
274
274
274
274
274
274
274
274
274
274
274
274
274
274
274
274
274
274
274
274
274
274
274
274
274
274
274
274
274
274
274
274
274
274
274
274
274
274
274
274
274
274
274
274
274
274
274
274
274
274.001
274.084
277.934
414.205
874.81
1010.49
1019.07
1030.69
1058.45
1100.45
1147.81
1212.32
1309.73
1461.86
1679.14
1853.13
1887.82
1884.13
1872.47
1858.84
1795.84
1633.94
1501.69
1359.33
1333.79
1340.27
1337.88
1348.87
1234.43
1082.24
1035.7
962.101
961.912
954.247
973.934
990.611
989.488
1007.2
1028.01
1057
1100.74
1170.6
1268.36
1377.58
1427.65
1437.1
1363.78
1340.72
1371.28
1203.24
274
274
274
274
274
274
274
274
274
274
274
274
274
274
274
274
274
274
274
274
274
274
274
274
274
274
274
274
274
274
274
274
274
274
274
274
274
274
274
274
274
274
274
274
274
274
274
274
274
274
274
274
274
274
274
274
274
274
274
274
274
274
274
274
274
274
274
274
274
274
274
274
274
274
274
274.019
274.997
315.667
705.287
994.583
1015.52
1026.85
1057.31
1105.81
1150.42
1201.6
1264.46
1360.64
1523.99
1751.35
1861.43
1872.9
1865.79
1860.53
1835.5
1665.75
1560.2
1385.72
1333.71
1309.91
1282.84
1271.66
1276.8
1234.07
1125.4
1036.97
983.113
914.099
904.289
902.972
920.083
948.589
965.054
997.226
1041.79
1076.5
1139.56
1211.78
1323.19
1449.9
1504.45
1494.9
1431.44
1295.49
1136.38
274
274
274
274
274
274
274
274
274
274
274
274
274
274
274
274
274
274
274
274
274
274
274
274
274
274
274
274
274
274
274
274
274
274
274
274
274
274
274
274
274
274
274
274
274
274
274
274
274
274
274
274
274
274
274
274
274
274
274
274
274
274
274
274
274
274
274
274
274
274
274
274
274
274
274.004
274.228
283.499
506.808
933.731
1008.8
1022.4
1055.45
1107.13
1157.57
1204.73
1259.55
1333.69
1443.32
1617.2
1803.38
1849.09
1847.84
1841.36
1837.15
1772.28
1666.9
1524.49
1449.89
1417.99
1381.78
1339.21
1321.3
1302.26
1277.72
1246.91
1172.95
1068.65
1054.76
993.158
976.205
950.162
953.098
955.031
960.204
984.584
1031.18
1075.31
1109.97
1154.59
1231.35
1391.48
1537.23
1567.41
1354.49
1226.68
274
274
274
274
274
274
274
274
274
274
274
274
274
274
274
274
274
274
274
274
274
274
274
274
274
274
274
274
274
274
274
274
274
274
274
274
274
274
274
274
274
274
274
274
274
274
274
274
274
274
274
274
274
274
274
274
274
274
274
274
274
274
274
274
274
274
274
274
274
274
274
274
274
274.001
274.047
276.196
360.467
802.347
999.349
1016.7
1039.56
1079.75
1130.01
1182.74
1251.88
1339
1446.71
1580.14
1744.95
1837.65
1850.88
1852.59
1859.33
1862.21
1707.83
1590.34
1444.09
1398.27
1384.86
1366.06
1366.12
1367.39
1350.04
1321.26
1304.5
1235.47
1193.52
1138.51
1071.27
1054.37
1053.88
1043.33
1031.27
1031.63
1034.91
1047.03
1075.86
1116.83
1149.52
1204.42
1257.91
1309.07
1464.95
1653.59
1716.18
274
274
274
274
274
274
274
274
274
274
274
274
274
274
274
274
274
274
274
274
274
274
274
274
274
274
274
274
274
274
274
274
274
274
274
274
274
274
274
274
274
274
274
274
274
274
274
274
274
274
274
274
274
274
274
274
274
274
274
274
274
274
274
274
274
274
274
274
274
274
274
274
274
274.005
274.248
283.493
500.829
925.498
1010.42
1036.23
1071.99
1117.24
1167.93
1222.23
1292.37
1377.24
1488.84
1630.39
1787.97
1852.35
1862.91
1868.51
1875.34
1851.95
1753.29
1649.58
1504.27
1470.01
1446.01
1414.82
1407.99
1402.17
1396.08
1387.19
1369.39
1345.99
1270.25
1221.47
1193.65
1122.16
1111.63
1135.39
1123.61
1117.44
1123.4
1132.49
1148.41
1187.82
1247.57
1320.88
1449.75
1546.63
1643.33
1719.52
1956.79
274
274
274
274
274
274
274
274
274
274
274
274
274
274
274
274
274
274
274
274
274
274
274
274
274
274
274
274
274
274
274
274
274
274
274
274
274
274
274
274
274
274
274
274
274
274
274
274
274
274
274
274
274
274
274
274
274
274
274
274
274
274
274
274
274
274
274
274
274
274
274
274
274
274.01
274.492
292.233
583.998
965.804
1022.64
1043.58
1075.97
1121.41
1172.85
1234.21
1307.4
1392.84
1501.54
1648.17
1802.08
1856.9
1865.28
1872.77
1879.83
1842.09
1759.02
1636.47
1529.98
1499.64
1475.87
1452.6
1442.21
1437.62
1432.33
1424.3
1416.71
1401.62
1341.08
1241.52
1223.32
1186.59
1149.14
1175.62
1175.47
1165.57
1179.83
1189.25
1197.91
1209.52
1265.36
1331.14
1462.93
1588.4
1741.24
1886.71
2004.66
274
274
274
274
274
274
274
274
274
274
274
274
274
274
274
274
274
274
274
274
274
274
274
274
274
274
274
274
274
274
274
274
274
274
274
274
274
274
274
274
274
274
274
274
274
274
274
274
274
274
274
274
274
274
274
274
274
274
274
274
274
274
274
274
274
274
274
274
274
274
274
274
274.001
274.026
275.208
321.582
717.084
1001.21
1027.67
1042.54
1077.86
1132.92
1192.33
1258.2
1328.63
1410.54
1522.8
1681.86
1819.2
1858.92
1865.08
1874.66
1882.19
1811.36
1742.21
1633.26
1562.1
1538.27
1505.49
1464.71
1449.25
1438.21
1446.06
1455.11
1452.72
1452.34
1420.05
1316.41
1229.77
1241.36
1197.5
1213.62
1219.07
1202.9
1226.83
1243.03
1246.93
1267.38
1282.54
1322.45
1402.49
1487.71
1647.47
1812.36
2030.81
274
274
274
274
274
274
274
274
274
274
274
274
274
274
274
274
274
274
274
274
274
274
274
274
274
274
274
274
274
274
274
274
274
274
274
274
274
274
274
274
274
274
274
274
274
274
274
274
274
274
274
274
274
274
274
274
274
274
274
274
274
274
274
274
274
274
274
274
274
274
274
274
274.002
274.075
277.152
385.542
834.564
1014.26
1034.82
1060.82
1106.76
1163.99
1219.62
1281.83
1345.4
1427
1546.01
1712.69
1829.01
1856.79
1860.29
1872.95
1879.16
1779.3
1752.93
1649.06
1615.11
1605.86
1590.69
1572.33
1543.32
1510.05
1504.44
1493.47
1472.72
1467.85
1468.79
1420.98
1344.75
1289.9
1281.56
1268.35
1264.1
1268.73
1266.41
1317.05
1333.22
1362.68
1413.03
1453.57
1532.12
1595.96
1687.16
1807.72
1912.93
274
274
274
274
274
274
274
274
274
274
274
274
274
274
274
274
274
274
274
274
274
274
274
274
274
274
274
274
274
274
274
274
274
274
274
274
274
274
274
274
274
274
274
274
274
274
274
274
274
274
274
274
274
274
274
274
274
274
274
274
274
274
274
274
274
274
274
274
274
274
274
274
274.004
274.212
282.151
482.697
927.124
1027.61
1042.07
1069.6
1116.43
1174.19
1240.07
1305.71
1371.19
1453.78
1573.81
1734.14
1832.09
1852.13
1854.53
1865.27
1859.81
1767.06
1713.6
1641.01
1619.88
1610.63
1597.55
1582.65
1570.02
1545.13
1556.39
1565.27
1554.06
1529.01
1518.76
1503.43
1448.73
1366.88
1336.19
1330.77
1294.32
1305.99
1301.4
1331.25
1362.91
1387.08
1450.32
1499.58
1581.83
1658.69
1725.41
1810.15
1860.58
274
274
274
274
274
274
274
274
274
274
274
274
274
274
274
274
274
274
274
274
274
274
274
274
274
274
274
274
274
274
274
274
274
274
274
274
274
274
274
274
274
274
274
274
274
274
274
274
274
274
274
274
274
274
274
274
274
274
274
274
274
274
274
274
274
274
274
274
274
274
274
274
274.01
274.484
291.665
577.592
976.448
1033.05
1049.92
1087.07
1145.57
1211.66
1284.17
1348.36
1408.47
1483.41
1594.97
1747.82
1836
1853.21
1853.4
1861.16
1845.41
1769.75
1711.37
1659.61
1655.73
1655.44
1649.72
1634.37
1615.83
1594.23
1583.04
1586.6
1611.97
1620.81
1602.64
1583.56
1581.01
1485.22
1435.13
1416.59
1393.81
1368.44
1381.9
1379.16
1427.66
1453.27
1502
1562.83
1627.36
1687.25
1729.62
1798.41
1826.95
274
274
274
274
274
274
274
274
274
274
274
274
274
274
274
274
274
274
274
274
274
274
274
274
274
274
274
274
274
274
274
274
274
274
274
274
274
274
274
274
274
274
274
274
274
274
274
274
274
274
274
274
274
274
274
274
274
274
274
274
274
274
274
274
274
274
274
274
274
274
274
274.001
274.022
275.011
312.499
686.772
1007.55
1041.69
1060.76
1102.98
1165.79
1234.48
1308.7
1375.4
1440.59
1513.8
1619.27
1761.51
1837.41
1853.31
1852.47
1859.35
1834.08
1788.5
1746.42
1713.82
1711.06
1703.51
1682.49
1666.32
1655.59
1651.38
1651.25
1650.39
1639.68
1671.83
1680.47
1684.57
1663.58
1638.52
1541.41
1487.13
1496.04
1449.41
1465.74
1470.28
1507.11
1538.62
1555.35
1635.69
1660.77
1736.13
1756.64
1818.87
1837.92
274
274
274
274
274
274
274
274
274
274
274
274
274
274
274
274
274
274
274
274
274
274
274
274
274
274
274
274
274
274
274
274
274
274
274
274
274
274
274
274
274
274
274
274
274
274
274
274
274
274
274
274
274
274
274
274
274
274
274
274
274
274
274
274
274
274
274
274
274
274
274
274.001
274.042
275.856
344.971
770.816
1020.53
1045.74
1068.79
1115.72
1178.97
1248.48
1322.9
1395.05
1463.05
1537.71
1638.74
1770.08
1839.26
1854.5
1855.87
1863.9
1821.34
1782.46
1722.42
1702.22
1706.38
1707.64
1703.97
1697.95
1691.14
1689.49
1710.6
1721.66
1723.63
1721.51
1753.93
1768.03
1771.72
1754.75
1728.8
1640.97
1544.24
1583.07
1517.29
1566.03
1566.32
1599.28
1634.95
1654.02
1731.27
1753.26
1803.57
1834.36
1854.95
274
274
274
274
274
274
274
274
274
274
274
274
274
274
274
274
274
274
274
274
274
274
274
274
274
274
274
274
274
274
274
274
274
274
274
274
274
274
274
274
274
274
274
274
274
274
274
274
274
274
274
274
274
274
274
274
274
274
274
274
274
274
274
274
274
274
274
274
274
274
274
274.002
274.077
277.184
384.792
838.442
1032.06
1051.57
1075.55
1121.9
1180.97
1253.87
1331.67
1405.79
1476.63
1553.3
1654.94
1779.04
1842.03
1858.03
1862.81
1873.31
1813.47
1793.09
1739.16
1732.14
1741.03
1742.3
1737.47
1731.25
1726.8
1729.02
1749.81
1763.85
1774.83
1799.66
1818.55
1833.32
1868.3
1882.84
1885
1846.89
1792.05
1660.67
1712.82
1648.52
1670.24
1718.11
1699.3
1761.37
1782.82
1833.65
1861.25
1889.14
1936.36
274
274
274
274
274
274
274
274
274
274
274
274
274
274
274
274
274
274
274
274
274
274
274
274
274
274
274
274
274
274
274
274
274
274
274
274
274
274
274
274
274
274
274
274
274
274
274
274
274
274
274
274
274
274
274
274
274
274
274
274
274
274
274
274
274
274
274
274
274
274
274
274.003
274.124
278.874
423.999
881.898
1036.86
1055.96
1083.83
1133.88
1196.27
1264.78
1342.03
1414.57
1482.34
1559.27
1664.52
1787.18
1844.53
1859.68
1864.9
1863.93
1796.43
1751.24
1710.67
1710.05
1727.37
1734.39
1733.44
1731.28
1730.49
1745.88
1776.61
1798.13
1814.27
1831.72
1862.93
1891.24
1912.07
1954.1
1983.69
1991.99
1980.81
1966.43
1820.87
1824.51
1823.81
1786.09
1843.88
1828.77
1881.44
1895.41
1938.24
1958.98
2002.28
274
274
274
274
274
274
274
274
274
274
274
274
274
274
274
274
274
274
274
274
274
274
274
274
274
274
274
274
274
274
274
274
274
274
274
274
274
274
274
274
274
274
274
274
274
274
274
274
274
274
274
274
274
274
274
274
274
274
274
274
274
274
274
274
274
274
274
274
274
274
274
274.004
274.186
281.083
463.784
917.652
1042.29
1060.27
1090.11
1141.31
1204.81
1269.22
1344.89
1418.86
1486.34
1562.03
1667.09
1788.95
1846.13
1860.16
1864.34
1852.58
1799.45
1746.54
1716.48
1724.16
1747.37
1750.23
1745.54
1738.68
1737.7
1757.88
1789.27
1813.2
1840.47
1872.34
1907.62
1928.23
1949.73
1985.77
2028.65
2057.56
2082.61
2107.45
2108.17
1996.77
1906.17
1949.09
1898.47
1946.81
1927.17
1967.52
1975.1
1997.76
2022.39
274
274
274
274
274
274
274
274
274
274
274
274
274
274
274
274
274
274
274
274
274
274
274
274
274
274
274
274
274
274
274
274
274
274
274
274
274
274
274
274
274
274
274
274
274
274
274
274
274
274
274
274
274
274
274
274
274
274
274
274
274
274
274
274
274
274
274
274
274
274
274
274.005
274.252
283.394
496.278
940.463
1043.87
1062.31
1094.8
1148.25
1213.1
1279.22
1351.99
1425.19
1489.92
1562.66
1667.14
1790.75
1847.11
1859.12
1863.74
1844.18
1789.18
1733.23
1713.05
1724.97
1755.93
1762.77
1760.49
1752.61
1749.62
1763.42
1794.54
1826.94
1861.53
1898.68
1937.26
1959.69
1978.53
2011.72
2049.46
2082.62
2123.67
2157.87
2176.46
2189.01
2179.31
2045.74
2038.37
1968.74
1983.83
1995.36
1989.46
2013.07
1979.92
274
274
274
274
274
274
274
274
274
274
274
274
274
274
274
274
274
274
274
274
274
274
274
274
274
274
274
274
274
274
274
274
274
274
274
274
274
274
274
274
274
274
274
274
274
274
274
274
274
274
274
274
274
274
274
274
274
274
274
274
274
274
274
274
274
274
274
274
274
274
274
274.007
274.324
285.965
525.59
959.39
1048.29
1069.46
1107.13
1165.35
1232.48
1298.84
1370
1436.41
1492.63
1559.9
1663.93
1790.71
1846.25
1857.22
1862.58
1833.33
1776.6
1720.45
1706.43
1721.25
1758.27
1768.67
1767.6
1759.43
1755.76
1764.06
1790.44
1825.7
1871.25
1914.85
1954.14
1983.36
2012.88
2044.33
2074.8
2102.74
2127.88
2166.83
2208.87
2248.15
2267.42
2273.51
2167.62
2095.01
2083.98
2024.61
2011.89
1967.16
1841.67
274
274
274
274
274
274
274
274
274
274
274
274
274
274
274
274
274
274
274
274
274
274
274
274
274
274
274
274
274
274
274
274
274
274
274
274
274
274
274
274
274
274
274
274
274
274
274
274
274
274
274
274
274
274
274
274
274
274
274
274
274
274
274
274
274
274
274
274
274
274
274
274.008
274.379
287.885
543.827
969.896
1051.9
1075.9
1118.17
1180.59
1249.41
1317.15
1390.44
1448.36
1494.29
1556.51
1661.22
1789.16
1844.15
1856.12
1860.99
1822.82
1765.88
1709.26
1697.95
1713.43
1755.6
1771.38
1771.41
1762.52
1757.45
1759.98
1778.73
1809.56
1854.2
1902.4
1951.48
1991.25
2027.2
2061.74
2094.92
2129.3
2156.57
2181.25
2213.58
2275.54
2294.45
2304.2
2308.9
2232.93
2144.43
2116.21
1904.87
1806.57
1710.2
274
274
274
274
274
274
274
274
274
274
274
274
274
274
274
274
274
274
274
274
274
274
274
274
274
274
274
274
274
274
274
274
274
274
274
274
274
274
274
274
274
274
274
274
274
274
274
274
274
274
274
274
274
274
274
274
274
274
274
274
274
274
274
274
274
274
274
274
274
274
274
274.008
274.405
288.823
552.153
975.256
1053.98
1078.35
1121.8
1185.3
1255
1324.22
1396.61
1451.45
1493.9
1555.61
1660.93
1787.89
1842.62
1855.48
1859.82
1818.08
1762.65
1707.12
1697.01
1713.49
1760.55
1794.41
1803.67
1804.96
1805.87
1816.7
1831.75
1853.38
1884.59
1921.96
1963.59
1999.02
2031.24
2065.54
2105.25
2148.06
2185.58
2216.66
2234.92
2249.08
2282.94
2333.22
2357.58
2369.07
2379.78
2120.35
1875.68
1773.09
1712.92
274
274
274
274
274
274
274
274
274
274
274
274
274
274
274
274
274
274
274
274
274
274
274
274
274
274
274
274
274
274
274
274
274
274
274
274
274
274
274
274
274
274
274
274
274
274
274
274
274
274
274
274
274
274
274
274
274
274
274
274
274
274
274
274
274
274
274
274
274
274
274
274.008
274.381
287.98
544.704
970.523
1052.1
1076
1118.24
1180.66
1249.15
1317.46
1391.08
1448.6
1494.18
1556.17
1661.55
1789.52
1843.66
1855.23
1859.76
1821.74
1766.13
1710.42
1699.69
1717.4
1766.57
1791.92
1794.9
1788.01
1780.85
1779.85
1789.79
1815.36
1854.4
1897.7
1945.35
1988.09
2027.83
2067.08
2103.67
2133.28
2155.14
2179.98
2216.11
2268.6
2287.81
2299.15
2303.76
2222.76
2142.55
2108.23
1903.95
1806.06
1712.24
274
274
274
274
274
274
274
274
274
274
274
274
274
274
274
274
274
274
274
274
274
274
274
274
274
274
274
274
274
274
274
274
274
274
274
274
274
274
274
274
274
274
274
274
274
274
274
274
274
274
274
274
274
274
274
274
274
274
274
274
274
274
274
274
274
274
274
274
274
274
274
274.007
274.329
286.126
527.248
960.454
1048.61
1069.89
1107.78
1166.16
1233.08
1299
1371.76
1437.55
1492.97
1559.88
1664.78
1791.07
1845.31
1855.23
1859.75
1829.97
1773.44
1715.08
1700.12
1712.23
1752.36
1770.73
1772.51
1768.84
1766.78
1776.51
1796.86
1829.94
1872.92
1919.88
1966.52
2000.29
2028.34
2059.16
2085.81
2106.77
2129.34
2165.45
2215.91
2238.58
2266.3
2275.08
2169.47
2092.78
2072.19
2013.54
2001.17
1960.64
1840.29
274
274
274
274
274
274
274
274
274
274
274
274
274
274
274
274
274
274
274
274
274
274
274
274
274
274
274
274
274
274
274
274
274
274
274
274
274
274
274
274
274
274
274
274
274
274
274
274
274
274
274
274
274
274
274
274
274
274
274
274
274
274
274
274
274
274
274
274
274
274
274
274.005
274.257
283.573
498.599
942.16
1044.05
1062.44
1094.98
1148.42
1212.87
1278.55
1355.26
1427.23
1490.7
1563.4
1669.03
1791.7
1845.77
1856.45
1860.26
1840.93
1784.03
1728.24
1707.81
1718.14
1750.59
1759.64
1758.65
1752.85
1750.56
1766.53
1798.64
1831.28
1867.33
1906.6
1949.98
1971.64
1995.22
2031.14
2060.15
2085.86
2123.47
2155
2178.18
2190.14
2171.54
2050.13
2043.35
1963.89
1992.85
1986.75
1985.62
2010
1986.74
274
274
274
274
274
274
274
274
274
274
274
274
274
274
274
274
274
274
274
274
274
274
274
274
274
274
274
274
274
274
274
274
274
274
274
274
274
274
274
274
274
274
274
274
274
274
274
274
274
274
274
274
274
274
274
274
274
274
274
274
274
274
274
274
274
274
274
274
274
274
274
274.004
274.191
281.277
466.988
920.361
1042.37
1060.12
1089.98
1141.11
1204.03
1270.78
1348.65
1421.27
1487.65
1563.99
1670.47
1790.93
1844.68
1856.92
1859.97
1848.51
1793.45
1741.37
1711.12
1718.3
1743.27
1747.5
1743.84
1736.65
1735.03
1754.41
1790.93
1821.91
1851.86
1887.55
1922.13
1939
1960.92
1996.06
2027.97
2056.57
2082.72
2095.18
2097.94
1991.4
1918.84
1956.89
1900.86
1946.61
1924.15
1964.83
1974.98
2004.92
2027.23
274
274
274
274
274
274
274
274
274
274
274
274
274
274
274
274
274
274
274
274
274
274
274
274
274
274
274
274
274
274
274
274
274
274
274
274
274
274
274
274
274
274
274
274
274
274
274
274
274
274
274
274
274
274
274
274
274
274
274
274
274
274
274
274
274
274
274
274
274
274
274
274.003
274.129
279.053
427.803
885.761
1036.73
1055.39
1083.39
1133.42
1198.07
1266.32
1342.56
1412.97
1482.18
1561.92
1668.73
1790.01
1843.66
1856.62
1860.52
1860.48
1790.22
1747.64
1708.25
1708.18
1722.43
1725.15
1722.61
1720.22
1719.82
1736.92
1779.23
1808.63
1832.35
1857.05
1888.14
1906.24
1917.31
1961.83
1985.49
1992.19
1979.46
1954.6
1812.03
1841.97
1819.23
1799.4
1845.12
1827.58
1874.99
1886.46
1933.67
1957.18
2008.17
274
274
274
274
274
274
274
274
274
274
274
274
274
274
274
274
274
274
274
274
274
274
274
274
274
274
274
274
274
274
274
274
274
274
274
274
274
274
274
274
274
274
274
274
274
274
274
274
274
274
274
274
274
274
274
274
274
274
274
274
274
274
274
274
274
274
274
274
274
274
274
274.002
274.081
277.315
387.824
841.442
1032.06
1051.71
1076.15
1122.88
1186.37
1254.72
1329.47
1401.73
1474.21
1554.86
1659.08
1782.9
1841.54
1854.96
1857.85
1868.33
1807.42
1788.28
1735.4
1728.87
1736.79
1737.01
1730.86
1724.83
1721.97
1728.9
1760.53
1781.51
1792.48
1808.8
1819.73
1842.83
1871.98
1883.48
1886.53
1841.79
1776.61
1654.74
1713.48
1645.17
1683.24
1716.11
1697.61
1755.7
1776.96
1824.52
1856.43
1881.45
1934.83
274
274
274
274
274
274
274
274
274
274
274
274
274
274
274
274
274
274
274
274
274
274
274
274
274
274
274
274
274
274
274
274
274
274
274
274
274
274
274
274
274
274
274
274
274
274
274
274
274
274
274
274
274
274
274
274
274
274
274
274
274
274
274
274
274
274
274
274
274
274
274
274.001
274.044
275.918
346.471
771.88
1020.95
1046.95
1069.85
1116.72
1182.11
1251.57
1324.25
1393.11
1461.62
1538.65
1641.96
1773.54
1838.74
1851.23
1850.7
1858.75
1812.6
1775.94
1716.65
1697.54
1703.23
1704.74
1701.25
1695.76
1692.49
1693.59
1720.48
1729.91
1729.19
1729.41
1765.54
1777.99
1777.11
1756.37
1727.25
1631.77
1537.18
1585.6
1514.27
1563.64
1572.45
1600.46
1637.63
1653.9
1730.67
1753.02
1800.25
1828.89
1851.65
274
274
274
274
274
274
274
274
274
274
274
274
274
274
274
274
274
274
274
274
274
274
274
274
274
274
274
274
274
274
274
274
274
274
274
274
274
274
274
274
274
274
274
274
274
274
274
274
274
274
274
274
274
274
274
274
274
274
274
274
274
274
274
274
274
274
274
274
274
274
274
274.001
274.023
275.038
313.168
687.019
1007.52
1043.47
1062.89
1104.73
1168.08
1238.83
1312.44
1377.99
1440.7
1515.19
1621.44
1764.16
1836.82
1849.95
1847.79
1854.45
1825.88
1783.63
1740.46
1708.6
1705.44
1697.07
1678.7
1668.4
1664.7
1664.59
1667.87
1667.38
1658.53
1687.82
1689.84
1680.51
1665.14
1633.02
1535.32
1478.67
1490.91
1450.42
1455.53
1481.73
1504.84
1545.87
1561.32
1640.01
1665.61
1737.06
1759.06
1818.18
1840.47
274
274
274
274
274
274
274
274
274
274
274
274
274
274
274
274
274
274
274
274
274
274
274
274
274
274
274
274
274
274
274
274
274
274
274
274
274
274
274
274
274
274
274
274
274
274
274
274
274
274
274
274
274
274
274
274
274
274
274
274
274
274
274
274
274
274
274
274
274
274
274
274
274.01
274.493
291.887
577.815
975.744
1034.82
1052.94
1089.76
1149.03
1217.42
1287.11
1354.52
1414.3
1487.77
1597.58
1750.3
1835.5
1851.18
1849.93
1856.87
1837.45
1764.3
1704.87
1659.36
1656.77
1658.98
1654.93
1643.05
1628.48
1604.85
1592.68
1596.35
1616.92
1622.91
1604.51
1581.13
1582.88
1481.51
1431.9
1424.63
1394.02
1373.56
1387.8
1383.83
1439.19
1465.63
1514.18
1576.55
1635.9
1703.02
1743.03
1812.05
1835.45
274
274
274
274
274
274
274
274
274
274
274
274
274
274
274
274
274
274
274
274
274
274
274
274
274
274
274
274
274
274
274
274
274
274
274
274
274
274
274
274
274
274
274
274
274
274
274
274
274
274
274
274
274
274
274
274
274
274
274
274
274
274
274
274
274
274
274
274
274
274
274
274
274.004
274.215
282.222
482.69
925.647
1028.71
1045.55
1073.22
1120.23
1178.98
1243.21
1311.85
1376.47
1458.35
1576.33
1736.04
1833.55
1851.86
1852.97
1861.65
1849.46
1766.26
1707.99
1638.15
1620.83
1613.8
1601.73
1587.59
1576.59
1547.21
1566.86
1570.62
1548.83
1529.81
1519.93
1506.68
1445.54
1359.9
1343.39
1328.94
1290.7
1305.81
1299.52
1332.44
1369.62
1395.03
1456.77
1506.54
1583.4
1659.9
1727.72
1816.56
1858.9
274
274
274
274
274
274
274
274
274
274
274
274
274
274
274
274
274
274
274
274
274
274
274
274
274
274
274
274
274
274
274
274
274
274
274
274
274
274
274
274
274
274
274
274
274
274
274
274
274
274
274
274
274
274
274
274
274
274
274
274
274
274
274
274
274
274
274
274
274
274
274
274
274.002
274.076
277.167
385.535
832.807
1014.27
1038.92
1065.56
1109.6
1167.76
1224.89
1284.12
1350.66
1432.27
1552.94
1716.76
1832.25
1857.28
1859.78
1870.48
1872.36
1776.49
1745.81
1642.33
1614.73
1606.22
1592.65
1575.75
1549.05
1510.29
1505.02
1489.43
1463.27
1457.29
1462.42
1427.6
1341.11
1293.19
1283.08
1267.13
1258.93
1268.06
1260.65
1316.8
1337.48
1365.43
1416
1452.87
1527.29
1588.87
1676.23
1801.86
1907.73
274
274
274
274
274
274
274
274
274
274
274
274
274
274
274
274
274
274
274
274
274
274
274
274
274
274
274
274
274
274
274
274
274
274
274
274
274
274
274
274
274
274
274
274
274
274
274
274
274
274
274
274
274
274
274
274
274
274
274
274
274
274
274
274
274
274
274
274
274
274
274
274
274.001
274.026
275.208
321.487
716.084
1000.89
1031.18
1047.44
1080.58
1135.34
1197.52
1261.23
1332.44
1416.65
1531.65
1689.85
1823.93
1859.99
1863.87
1872.26
1879.96
1789.98
1736.6
1620.55
1556.29
1533.89
1504.19
1464.86
1445.17
1433.36
1437.43
1442.61
1440.44
1445.64
1423.48
1310.17
1231.51
1240.17
1200.38
1202.55
1213.97
1196.67
1214.46
1237.55
1244.89
1269.75
1288.11
1324.89
1409.35
1496.09
1648.1
1810.4
2032.48
274
274
274
274
274
274
274
274
274
274
274
274
274
274
274
274
274
274
274
274
274
274
274
274
274
274
274
274
274
274
274
274
274
274
274
274
274
274
274
274
274
274
274
274
274
274
274
274
274
274
274
274
274
274
274
274
274
274
274
274
274
274
274
274
274
274
274
274
274
274
274
274
274
274.01
274.495
292.371
584.78
965.879
1025.03
1048.18
1079.31
1123.39
1176.53
1238.2
1311.56
1398.31
1509.73
1659.36
1809.36
1858.69
1863.91
1869.76
1876.64
1823.97
1760.91
1618.21
1525.39
1497.43
1472.39
1443.74
1429.09
1423.5
1417.25
1410.49
1405.06
1389.82
1334.03
1249.06
1224.78
1185.29
1143.2
1168.3
1170.42
1162.31
1175.96
1191.63
1203.59
1221.83
1272.3
1337.65
1472.42
1597.62
1733.38
1893.89
2006.09
274
274
274
274
274
274
274
274
274
274
274
274
274
274
274
274
274
274
274
274
274
274
274
274
274
274
274
274
274
274
274
274
274
274
274
274
274
274
274
274
274
274
274
274
274
274
274
274
274
274
274
274
274
274
274
274
274
274
274
274
274
274
274
274
274
274
274
274
274
274
274
274
274
274.005
274.252
283.662
503.036
926.296
1011.84
1040.59
1076.26
1119.65
1171.12
1227.54
1295.66
1382.64
1495.64
1643.62
1797.72
1855.1
1861.85
1865.58
1871.76
1840.06
1746.5
1626.5
1494.91
1463.53
1436.26
1403.4
1392.53
1385.68
1378.14
1370.35
1359.98
1338.38
1264.71
1218.55
1197.54
1119.88
1104.81
1129.24
1122.12
1117.5
1126.57
1139.01
1154.48
1194.42
1254.07
1327.57
1459.72
1555.21
1636.99
1724.56
1958.77
274
274
274
274
274
274
274
274
274
274
274
274
274
274
274
274
274
274
274
274
274
274
274
274
274
274
274
274
274
274
274
274
274
274
274
274
274
274
274
274
274
274
274
274
274
274
274
274
274
274
274
274
274
274
274
274
274
274
274
274
274
274
274
274
274
274
274
274
274
274
274
274
274
274.001
274.049
276.262
362.746
806.084
1001.28
1019.93
1043.95
1083.81
1134.02
1187.84
1256.13
1346.14
1454.98
1591.63
1760.79
1841.84
1849.84
1849.28
1854.95
1851.26
1693.3
1574.61
1429.02
1383.22
1366.61
1340.37
1337.98
1341.27
1331.63
1313.16
1298.37
1248.47
1184.77
1139.27
1068.24
1050.58
1046.64
1039.58
1028.73
1033.02
1039.09
1049.3
1081.01
1123.64
1160.22
1215.24
1270.49
1316.8
1457.9
1659.35
1724.61
274
274
274
274
274
274
274
274
274
274
274
274
274
274
274
274
274
274
274
274
274
274
274
274
274
274
274
274
274
274
274
274
274
274
274
274
274
274
274
274
274
274
274
274
274
274
274
274
274
274
274
274
274
274
274
274
274
274
274
274
274
274
274
274
274
274
274
274
274
274
274
274
274
274
274.004
274.241
283.994
512.995
938.448
1011.52
1025.84
1059.92
1111.79
1162.21
1211.35
1268.51
1345.22
1462.12
1640.65
1812.76
1848.21
1843.39
1831.45
1818.03
1716.5
1634.55
1482.17
1421.04
1389.65
1349.32
1313.22
1300.66
1282.72
1273.25
1254.93
1162.5
1062.25
1048.34
985.608
969.588
948.735
955.33
961.667
964.776
993.345
1044.54
1085.51
1122.2
1165.04
1236.87
1390.77
1544.31
1579.43
1371.83
1229.24
274
274
274
274
274
274
274
274
274
274
274
274
274
274
274
274
274
274
274
274
274
274
274
274
274
274
274
274
274
274
274
274
274
274
274
274
274
274
274
274
274
274
274
274
274
274
274
274
274
274
274
274
274
274
274
274
274
274
274
274
274
274
274
274
274
274
274
274
274
274
274
274
274
274
274
274.02
275.067
318.806
715.269
998.004
1018.4
1030.38
1061.69
1111.09
1159.03
1211.25
1278.75
1380.61
1544.37
1768.39
1863.98
1869.52
1852.77
1840.45
1801.91
1624.42
1499.38
1338.57
1293.7
1272.3
1254.64
1245.88
1257.16
1238.45
1121.2
1024.32
989.179
916.692
907.985
906.774
921.363
946.355
962.683
999.981
1043.68
1072.28
1137.87
1213.02
1329.36
1460.09
1517.62
1508.01
1444.81
1280.95
1133.23
274
274
274
274
274
274
274
274
274
274
274
274
274
274
274
274
274
274
274
274
274
274
274
274
274
274
274
274
274
274
274
274
274
274
274
274
274
274
274
274
274
274
274
274
274
274
274
274
274
274
274
274
274
274
274
274
274
274
274
274
274
274
274
274
274
274
274
274
274
274
274
274
274
274
274
274.002
274.094
278.319
423.352
884.243
1013.64
1022.34
1034.25
1062.4
1105.25
1155.59
1222.85
1323.85
1478.46
1701.14
1859.96
1886.76
1875.65
1856.13
1826.17
1722.93
1599.77
1453.35
1332.26
1318.18
1327.55
1328.23
1338.85
1253.36
1100.12
1039.79
969.521
966.033
964.834
982.519
995.49
997.255
1008.14
1032.59
1059
1107.21
1177.9
1277.08
1382.74
1442.24
1454.99
1375.42
1337.43
1362.98
1210.8
274
274
274
274
274
274
274
274
274
274
274
274
274
274
274
274
274
274
274
274
274
274
274
274
274
274
274
274
274
274
274
274
274
274
274
274
274
274
274
274
274
274
274
274
274
274
274
274
274
274
274
274
274
274
274
274
274
274
274
274
274
274
274
274
274
274
274
274
274
274
274
274
274
274
274
274
274.005
274.334
288.146
561.369
968.449
1018.21
1024.62
1037.65
1064.08
1102.2
1157.31
1244.74
1380.93
1582.7
1804.18
1875.82
1880.77
1875.9
1847.53
1792.44
1676.34
1649.76
1530.51
1435.49
1437
1426.61
1432.95
1398.74
1281.05
1155.12
1029.7
957.788
932.043
969.178
983.819
994.453
1045.41
1099.95
1145.12
1216.21
1279.91
1368.29
1419.35
1432.22
1374.15
1320.2
1417.35
1398.55
1131.92
274
274
274
274
274
274
274
274
274
274
274
274
274
274
274
274
274
274
274
274
274
274
274
274
274
274
274
274
274
274
274
274
274
274
274
274
274
274
274
274
274
274
274
274
274
274
274
274
274
274
274
274
274
274
274
274
274
274
274
274
274
274
274
274
274
274
274
274
274
274
274
274
274
274
274
274
274
274.015
274.892
312.98
700.252
994.239
1016.17
1022.7
1037.88
1062.47
1098.9
1159.18
1258.43
1410.65
1631.71
1830.35
1879.18
1883.07
1874.9
1847.97
1834.53
1788.95
1787.13
1749.55
1712.87
1763.49
1883.41
1900.3
1778.89
1438.25
1275.24
1212.56
1193.33
1207.38
1221.76
1217.11
1264.83
1330.52
1392.36
1465.95
1510.08
1526.12
1459.12
1409.62
1385.09
1442.72
1416.78
1262.2
975.314
274
274
274
274
274
274
274
274
274
274
274
274
274
274
274
274
274
274
274
274
274
274
274
274
274
274
274
274
274
274
274
274
274
274
274
274
274
274
274
274
274
274
274
274
274
274
274
274
274
274
274
274
274
274
274
274
274
274
274
274
274
274
274
274
274
274
274
274
274
274
274
274
274
274
274
274
274
274.001
274.037
275.97
356.322
799.577
995.938
1008.53
1016.74
1033.44
1055.81
1091.55
1151.59
1247.81
1398.58
1624.29
1832.97
1879.46
1875.4
1845.31
1827.12
1818.78
1879.62
1883.06
1868.44
2007.16
2220.82
2271.34
2187.82
2017.99
1918.23
1902.03
1861.44
1803.93
1811.45
1812.99
1827.75
1836.82
1764.18
1689.25
1598.05
1541.65
1505.81
1504.81
1567.02
1471.68
1337.1
1094.38
773.713
274
274
274
274
274
274
274
274
274
274
274
274
274
274
274
274
274
274
274
274
274
274
274
274
274
274
274
274
274
274
274
274
274
274
274
274
274
274
274
274
274
274
274
274
274
274
274
274
274
274
274
274
274
274
274
274
274
274
274
274
274
274
274
274
274
274
274
274
274
274
274
274
274
274
274
274
274
274
274.001
274.072
277.514
402.025
850.137
988.112
997.177
1006.06
1022.08
1043.21
1076.93
1129.94
1214.13
1354.22
1585.31
1812.94
1876.48
1880.17
1836.57
1817.65
1827.71
1874.66
1914.27
1976.85
2121.42
2180.59
2205.45
2210.68
2231.56
2231.79
2139.16
2118.43
2124.96
2027.66
1982.81
1940.48
1851.54
1800.17
1765.2
1711.9
1715.15
1627.26
1541.78
1344.79
1110.84
808.539
605.922
274
274
274
274
274
274
274
274
274
274
274
274
274
274
274
274
274
274
274
274
274
274
274
274
274
274
274
274
274
274
274
274
274
274
274
274
274
274
274
274
274
274
274
274
274
274
274
274
274
274
274
274
274
274
274
274
274
274
274
274
274
274
274
274
274
274
274
274
274
274
274
274
274
274
274
274
274
274
274
274.002
274.109
278.967
430.427
864.211
976.705
983.438
991.549
1005.15
1025.21
1053.97
1095.74
1165.76
1293.23
1510.39
1769.51
1856.84
1844.88
1798.79
1774.6
1781.95
1810.6
1837.31
1853.36
1889.82
1978.28
2094.49
2161.53
2178.17
2141.51
2085.28
2068.43
2049.16
2036.13
2011.12
1952.7
1875.69
1821.8
1697.34
1624.34
1457.02
1265.64
974.892
799.37
637.695
516.891
274
274
274
274
274
274
274
274
274
274
274
274
274
274
274
274
274
274
274
274
274
274
274
274
274
274
274
274
274
274
274
274
274
274
274
274
274
274
274
274
274
274
274
274
274
274
274
274
274
274
274
274
274
274
274
274
274
274
274
274
274
274
274
274
274
274
274
274
274
274
274
274
274
274
274
274
274
274
274
274
274.002
274.132
279.552
433.03
852.813
965.556
969.429
974.175
986.3
1003.48
1024.45
1055.34
1111.92
1219.18
1403.73
1662.28
1787.58
1787.92
1757.1
1725.22
1701.96
1694
1689.21
1686.48
1712.18
1764.71
1828.44
1878.66
1890.16
1859.46
1824.3
1806.8
1780.96
1746.14
1697.84
1603.38
1524.29
1362.41
1209.34
1046.14
914.336
754.817
649.996
548.439
467.495
274
274
274
274
274
274
274
274
274
274
274
274
274
274
274
274
274
274
274
274
274
274
274
274
274
274
274
274
274
274
274
274
274
274
274
274
274
274
274
274
274
274
274
274
274
274
274
274
274
274
274
274
274
274
274
274
274
274
274
274
274
274
274
274
274
274
274
274
274
274
274
274
274
274
274
274
274
274
274
274
274
274.003
274.131
278.941
410.077
816.762
954.667
957.682
958.685
968.138
980.178
993.972
1014.87
1056.26
1137.39
1273.07
1468.28
1645.83
1700.14
1690.91
1673.9
1659.98
1652.86
1633.3
1606.55
1611.15
1635.45
1663.69
1676.11
1658.36
1601.74
1539.57
1462.48
1389.64
1320.15
1218.66
1121.78
1013.98
907.014
800.388
710.906
612.751
546.893
482.991
428.207
274
274
274
274
274
274
274
274
274
274
274
274
274
274
274
274
274
274
274
274
274
274
274
274
274
274
274
274
274
274
274
274
274
274
274
274
274
274
274
274
274
274
274
274
274
274
274
274
274
274
274
274
274
274
274
274
274
274
274
274
274
274
274
274
274
274
274
274
274
274
274
274
274
274
274
274
274
274
274
274
274
274
274.003
274.11
277.542
369.147
749.566
939.652
947.269
945.684
951.113
957.679
965.769
977.333
1002.18
1052.77
1139.26
1262.34
1400.31
1521.49
1586.11
1606.15
1606.94
1598.26
1577.79
1549.93
1545.48
1552.89
1544.43
1508.56
1446.15
1364.68
1261.68
1149.52
1051.66
962.364
885.854
803.679
727.954
653.724
592.261
527.962
483.965
441.111
403.144
274
274
274
274
274
274
274
274
274
274
274
274
274
274
274
274
274
274
274
274
274
274
274
274
274
274
274
274
274
274
274
274
274
274
274
274
274
274
274
274
274
274
274
274
274
274
274
274
274
274
274
274
274
274
274
274
274
274
274
274
274
274
274
274
274
274
274
274
274
274
274
274
274
274
274
274
274
274
274
274
274
274
274
274.002
274.08
276.088
325.113
640.429
907.752
935.804
933.807
934.443
937.431
940.173
942.802
950.678
976.012
1022.79
1093.29
1181.32
1278.96
1365.58
1422.11
1457.56
1466.37
1452.23
1425.88
1383.86
1338.93
1286.04
1219.54
1146.24
1055.29
954.203
867.513
795.234
731.966
672.34
619.034
565.64
523.161
478.774
445.841
416.207
390.128
274
274
274
274
274
274
274
274
274
274
274
274
274
274
274
274
274
274
274
274
274
274
274
274
274
274
274
274
274
274
274
274
274
274
274
274
274
274
274
274
274
274
274
274
274
274
274
274
274
274
274
274
274
274
274
274
274
274
274
274
274
274
274
274
274
274
274
274
274
274
274
274
274
274
274
274
274
274
274
274
274
274
274
274
274.002
274.051
275.053
295.384
506.566
828.378
918.709
921.052
918.322
918.484
916.219
909.46
907.001
913.673
931.833
963.784
1010.42
1059.71
1105.86
1145.98
1173.06
1179.57
1163.11
1132.32
1093.6
1048.77
993.07
934.577
868.759
796.842
733.211
681.023
633.814
589.49
551.258
511.865
480.843
448.881
423.789
403.169
386.414
274
274
274
274
274
274
274
274
274
274
274
274
274
274
274
274
274
274
274
274
274
274
274
274
274
274
274
274
274
274
274
274
274
274
274
274
274
274
274
274
274
274
274
274
274
274
274
274
274
274
274
274
274
274
274
274
274
274
274
274
274
274
274
274
274
274
274
274
274
274
274
274
274
274
274
274
274
274
274
274
274
274
274
274
274
274.001
274.029
274.476
281.85
384.993
682.687
879.374
904.046
902.778
899.606
892.483
881.44
872.237
868.602
868.017
871.785
885.906
904.86
923.955
934.526
936.311
926.363
906.68
879.236
847.011
807.761
768.846
727.78
682.931
640.988
604.325
570.211
537.234
508.92
479.056
455.418
432.085
413.465
399.424
387.61
274
274
274
274
274
274
274
274
274
274
274
274
274
274
274
274
274
274
274
274
274
274
274
274
274
274
274
274
274
274
274
274
274
274
274
274
274
274
274
274
274
274
274
274
274
274
274
274
274
274
274
274
274
274
274
274
274
274
274
274
274
274
274
274
274
274
274
274
274
274
274
274
274
274
274
274
274
274
274
274
274
274
274
274
274
274
274
274.014
274.196
276.5
305.748
492.785
761.342
873.493
883.649
879.326
869.917
856.22
843.67
834.048
825.978
817.261
809.466
804.779
800.303
793.582
781.227
764.275
744.037
721.064
693.621
665.729
638.862
609.622
580.891
554.42
529.733
504.857
483.055
460.31
442.116
425.303
411.522
400.691
391.606
274
274
274
274
274
274
274
274
274
274
274
274
274
274
274
274
274
274
274
274
274
274
274
274
274
274
274
274
274
274
274
274
274
274
274
274
274
274
274
274
274
274
274
274
274
274
274
274
274
274
274
274
274
274
274
274
274
274
274
274
274
274
274
274
274
274
274
274
274
274
274
274
274
274
274
274
274
274
274
274
274
274
274
274
274
274
274
274
274.006
274.072
274.747
281.609
346.674
558.67
773.998
851.854
856.114
847.014
834.05
818.262
803.982
792.825
780.323
766.051
750.156
733.598
716.461
698.657
679.517
659.312
636.409
613.526
591.999
569.363
547.183
526.185
506.832
487.088
469.259
451.088
435.8
421.605
409.29
399.039
390.019
274
274
274
274
274
274
274
274
274
274
274
274
274
274
274
274
274
274
274
274
274
274
274
274
274
274
274
274
274
274
274
274
274
274
274
274
274
274
274
274
274
274
274
274
274
274
274
274
274
274
274
274
274
274
274
274
274
274
274
274
274
274
274
274
274
274
274
274
274
274
274
274
274
274
274
274
274
274
274
274
274
274
274
274
274
274
274
274
274
274.002
274.025
274.219
275.727
287.461
369.754
565.825
744.714
816.466
821.476
810.447
796.07
779.232
761.376
744.427
727.559
710.002
692.316
674.028
654.623
634.301
612.646
591.344
570.584
549.474
528.91
509.034
490.652
472.315
455.854
440.161
427.112
415.71
405.939
397.092
389.265
274
274
274
274
274
274
274
274
274
274
274
274
274
274
274
274
274
274
274
274
274
274
274
274
274
274
274
274
274
274
274
274
274
274
274
274
274
274
274
274
274
274
274
274
274
274
274
274
274
274
274
274
274
274
274
274
274
274
274
274
274
274
274
274
274
274
274
274
274
274
274
274
274
274
274
274
274
274
274
274
274
274
274
274
274
274
274
274
274
274
274.001
274.007
274.058
274.4
276.527
289.275
359.089
514.119
670.313
754.776
773.777
765.656
750.548
731.787
711.399
690.43
670.565
651.342
631.846
611.578
590.653
570.056
550.094
530.2
511.29
493.296
477.108
461.711
447.838
434.582
422.911
412.376
401.11
379.924
346.747
274
274
274
274
274
274
274
274
274
274
274
274
274
274
274
274
274
274
274
274
274
274
274
274
274
274
274
274
274
274
274
274
274
274
274
274
274
274
274
274
274
274
274
274
274
274
274
274
274
274
274
274
274
274
274
274
274
274
274
274
274
274
274
274
274
274
274
274
274
274
274
274
274
274
274
274
274
274
274
274
274
274
274
274
274
274
274
274
274
274
274
274
274.002
274.015
274.088
274.485
276.412
285.169
320.967
412.28
539.26
633.494
683.649
696.252
688.197
673.125
654.396
634.669
614.807
594.68
574.565
555.307
536.628
518.215
500.913
484.368
468.997
453.285
436.287
414.815
386.383
353.328
317.55
291.803
282.757
274
274
274
274
274
274
274
274
274
274
274
274
274
274
274
274
274
274
274
274
274
274
274
274
274
274
274
274
274
274
274
274
274
274
274
274
274
274
274
274
274
274
274
274
274
274
274
274
274
274
274
274
274
274
274
274
274
274
274
274
274
274
274
274
274
274
274
274
274
274
274
274
274
274
274
274
274
274
274
274
274
274
274
274
274
274
274
274
274
274
274
274
274
274
274.003
274.019
274.089
274.395
275.508
279.293
290.236
317.63
371.681
443.206
505.359
544.397
563.4
567.31
561.961
550.546
535.668
517.362
496.548
472.582
446.588
416.932
385.383
351.189
319.14
298.119
288.445
282.341
278.438
276.213
275.051
274
274
274
274
274
274
274
274
274
274
274
274
274
274
274
274
274
274
274
274
274
274
274
274
274
274
274
274
274
274
274
274
274
274
274
274
274
274
274
274
274
274
274
274
274
274
274
274
274
274
274
274
274
274
274
274
274
274
274
274
274
274
274
274
274
274
274
274
274
274
274
274
274
274
274
274
274
274
274
274
274
274
274
274
274
274
274
274
274
274
274
274
274
274
274
274
274.003
274.017
274.062
274.211
274.644
275.703
278.065
282.628
290.08
299.483
309.657
318.42
323.347
324.581
322.298
316.018
308.74
301.11
294.187
288.309
283.859
280.413
278.099
276.589
275.565
274.898
274.493
274.26
274.13
274
274
274
274
274
274
274
274
274
274
274
274
274
274
274
274
274
274
274
274
274
274
274
274
274
274
274
274
274
274
274
274
274
274
274
274
274
274
274
274
274
274
274
274
274
274
274
274
274
274
274
274
274
274
274
274
274
274
274
274
274
274
274
274
274
274
274
274
274
274
274
274
274
274
274
274
274
274
274
274
274
274
274
274
274
274
274
274
274
274
274
274
274
274
274
274
274
274
274.002
274.01
274.031
274.08
274.188
274.402
274.769
275.296
275.922
276.534
277.011
277.243
277.233
276.987
276.588
276.099
275.621
275.186
274.843
274.579
274.397
274.265
274.169
274.103
274.059
274.032
274.016
274
274
274
274
274
274
274
274
274
274
274
274
274
274
274
274
274
274
274
274
274
274
274
274
274
274
274
274
274
274
274
274
274
274
274
274
274
274
274
274
274
274
274
274
274
274
274
274
274
274
274
274
274
274
274
274
274
274
274
274
274
274
274
274
274
274
274
274
274
274
274
274
274
274
274
274
274
274
274
274
274
274
274
274
274
274
274
274
274
274
274
274
274
274
274
274
274
274
274
274
274.001
274.004
274.011
274.023
274.044
274.074
274.112
274.153
274.189
274.213
274.22
274.213
274.193
274.165
274.135
274.106
274.08
274.059
274.042
274.029
274.019
274.011
274.006
274.003
274.002
274
274
274
274
274
274
274
274
274
274
274
274
274
274
274
274
274
274
274
274
274
274
274
274
274
274
274
274
274
274
274
274
274
274
274
274
274
274
274
274
274
274
274
274
274
274
274
274
274
274
274
274
274
274
274
274
274
274
274
274
274
274
274
274
274
274
274
274
274
274
274
274
274
274
274
274
274
274
274
274
274
274
274
274
274
274
274
274
274
274
274
274
274
274
274
274
274
274
274
274
274
274
274
274.001
274.002
274.004
274.007
274.01
274.013
274.016
274.017
274.017
274.016
274.014
274.012
274.01
274.007
274.005
274.004
274.003
274.002
274.001
274.001
274
274
274
274
274
274
274
274
274
274
274
274
274
274
274
274
274
274
274
274
274
274
274
274
274
274
274
274
274
274
274
274
274
274
274
274
274
274
274
274
274
274
274
274
274
274
274
274
274
274
274
274
274
274
274
274
274
274
274
274
274
274
274
274
274
274
274
274
274
274
274
274
274
274
274
274
274
274
274
274
274
274
274
274
274
274
274
274
274
274
274
274
274
274
274
274
274
274
274
274
274
274
274
274
274
274
274
274
274
274
274.001
274.001
274.001
274.001
274.001
274.001
274.001
274.001
274.001
274
274
274
274
274
274
274
274
274
274
274
274
274
274
274
274
274
274
274
274
274
274
274
274
274
274
274
274
274
274
274
274
274
274
274
274
274
274
274
274
274
274
274
274
274
274
274
274
274
274
274
274
274
274
274
274
274
274
274
274
274
274
274
274
274
274
274
274
274
274
274
274
274
274
274
274
274
274
274
274
274
274
274
274
274
274
274
274
274
274
274
274
274
274
274
274
274
274
274
274
274
274
274
274
274
274
274
274
274
274
274
274
274
274
274
274
274
274
274
274
274
274
274
274
274
274
274
274
274
274
274
274
274
274
274
274
274
274
274
274
274
274
274
274
274
274
274
274
274
274
274
274
274
274
274
274
274
274
274
274
274
274
274
274
274
274
274
274
274
274
274
274
274
274
274
274
274
274
274
274
274
274
274
274
274
274
274
274
274
274
274
274
274
274
274
274
274
274
274
274
274
274
274
274
274
274
274
274
274
274
274
274
274
274
274
274
274
274
274
274
274
274
274
274
274
274
274
274
274
274
274
274
274
274
274
274
274
274
274
274
274
274
274
274
274
274
274
274
274
274
274
274
274
274
274
274
274
274
274
274
274
274
274
274
274
274
274
274
274
274
274
274
274
274
274
274
274
274
274
274
274
274
274
274
274
274
274
274
274
274
274
274
274
274
274
274
274
274
274
274
274
274
274
274
274
274
274
274
274
274
274
274
274
274
274
274
274
274
274
274
274
274
274
274
274
274
274
274
274
274
274
274
274
274
274
274
274
274
274
274
274
274
274
274
274
274
274
274
274
274
274
274
274
274
274
274
274
274
274
274
274
274
274
274
274
274
274
274
274
274
274
274
274
274
274
274
274
274
274
274
274
274
274
274.002
274.002
274.002
274.002
274.002
274.002
274.002
274.002
274.002
274.002
274.002
274.002
274.002
274.002
274.002
274.002
274.002
274.002
274.002
274.002
274.002
274.002
274.002
274.002
274.002
274.002
274.002
274.002
274.002
274.002
274.002
274.002
274.002
274.002
274.002
274.002
274.002
274.002
274.002
274.002
274.002
274.002
274.002
274.002
274.002
274.002
274.002
274.002
274.002
274.002
274.002
274.002
274.002
274.002
274.002
274.002
274.002
274.002
274.002
274.002
274.002
274.002
274.002
274.002
274.002
274.002
274.002
274.002
274.002
274.002
274.002
274.002
274.002
274.002
274.002
274.002
274.002
274.002
274.002
274.002
274.002
274.002
274.002
274.002
274.002
274.002
274.002
274.002
274.002
274.002
274.002
274.002
274.002
274.002
274.002
274.002
274.002
274.002
274.002
274.002
274.002
274.002
274.002
274.002
274.002
274.002
274.002
274.002
274.002
274.002
274.002
274.002
274.002
274.002
274.002
274.002
274.002
274.002
274.002
274.002
274.002
274.002
274.002
274.002
274.002
)
;

boundaryField
{
    wall
    {
        type            zeroGradient;
    }
    inlet
    {
        type            fixedValue;
        value           uniform 3673;
    }
    outlet-1
    {
        type            inletOutlet;
        inletValue      uniform 274;
        value           uniform 274;
    }
    outlet-2
    {
        type            inletOutlet;
        inletValue      uniform 274;
        value           nonuniform List<scalar> 
89
(
274.002
274
274
274
274
274
274
274
274
274
274
274
274
274
274
274
274
274
274
274
274
274
274
274
274
274
274
274
274
274
274
274
274
274
274
274
274
274
274
274
274
274
274
274
274
274
274
274
274
274
274
274
274
274
274
274
274
274
274
274
274
274
274
274
274
274
274
274
274
274
274
274
274
274
274
274
274
274
274
274
274
274
274
274
274
274
274
274
274.002
)
;
    }
    frontAndBackPlanes
    {
        type            empty;
    }
}


// ************************************************************************* //
