/*--------------------------------*- C++ -*----------------------------------*\
| =========                 |                                                 |
| \\      /  F ield         | OpenFOAM: The Open Source CFD Toolbox           |
|  \\    /   O peration     | Version:  2112                                  |
|   \\  /    A nd           | Website:  www.openfoam.com                      |
|    \\/     M anipulation  |                                                 |
\*---------------------------------------------------------------------------*/
FoamFile
{
    version     2.0;
    format      ascii;
    arch        "LSB;label=32;scalar=64";
    class       volScalarField;
    location    "0.00219";
    object      T;
}
// * * * * * * * * * * * * * * * * * * * * * * * * * * * * * * * * * * * * * //

dimensions      [0 0 0 1 0 0 0];

internalField   nonuniform List<scalar> 
13875
(
1411.82
1535.09
1482.69
1486.72
1481.09
1483.45
1483.53
1483.18
1483.82
1483.77
1485.08
1484.72
1484.12
1483.88
1484.85
1483.95
1484.11
1483.11
1483.28
1483.47
1480.87
1487.59
1480.76
1533.41
1398.54
1306.99
1356.07
1319.15
1322.06
1316.62
1317.08
1317.05
1317.87
1322.57
1323.02
1324.41
1323.66
1323.33
1323.32
1324.16
1323.14
1322.56
1318.38
1317.01
1317.07
1316.21
1322.01
1319.69
1356.53
1302.87
1307.12
1339.73
1314.63
1311.05
1303.92
1304.24
1303.68
1303.77
1305.19
1304.25
1305.4
1306.21
1305.23
1304.44
1306.74
1306.35
1304.99
1303.38
1303.46
1304.11
1303.5
1310.87
1311.59
1336.14
1296.49
1317.25
1344.95
1315.08
1308.71
1305.08
1304.72
1303.86
1303.9
1303.88
1302.92
1304.27
1305.27
1304.71
1303.73
1303.75
1303.61
1303.81
1303.44
1303.62
1304.49
1304.32
1307.63
1314.05
1343.61
1311.9
1329.42
1341.83
1316.1
1311.67
1303.46
1304.07
1303.97
1303.95
1303.68
1302.96
1304.37
1305.21
1304.83
1303.86
1303.77
1303.74
1303.93
1303.44
1303.79
1304.02
1303.15
1311.54
1312.21
1338.64
1316.5
1332.21
1351.4
1319.34
1309.96
1307.02
1306.16
1304.88
1304.55
1304.12
1303.14
1304.54
1305.28
1305.25
1304.2
1303.9
1303.74
1304.48
1304.13
1304.67
1305.91
1306.16
1308.36
1319.06
1349.24
1326.84
1339.12
1360.48
1329.5
1316.95
1307.03
1306.35
1305.44
1304.96
1304.44
1303.81
1305.12
1305.86
1305.75
1304.92
1304.43
1304.33
1304.95
1304.81
1305.29
1306.21
1306.63
1317.28
1326
1358.43
1321.93
1361.21
1385.75
1345.49
1321.82
1316.59
1312.22
1309.08
1307.4
1306.33
1305.36
1306.24
1307.17
1306.82
1306.39
1305.56
1305.58
1306.94
1307.04
1308.59
1311.44
1314.93
1320.72
1341.63
1381.32
1350.59
1534.64
1508.93
1388.78
1351.92
1323.73
1316.66
1312.87
1310.28
1309.44
1308.41
1309.08
1310
1309.45
1309.49
1308.4
1308.33
1309.7
1309.9
1312.39
1315.71
1321.99
1348.38
1384.37
1507.97
1522.7
1853.5
1584.74
1436.37
1367.27
1345.49
1328.78
1321.78
1318.03
1316.28
1315.13
1315.62
1316.15
1315.67
1315.93
1314.69
1314.61
1316.45
1317.51
1320.99
1327.22
1339.82
1363.43
1427.74
1568.36
1830.92
2516.58
1806
1535.51
1447.38
1365.62
1347.25
1337.87
1333.57
1330.89
1329.54
1329.95
1329.9
1329.95
1330.04
1328.85
1328.72
1330.98
1332.74
1336.48
1345.41
1360.94
1428.41
1515.25
1809.37
2447.27
2892.94
2280.56
1976.19
1521.49
1443.06
1407.2
1381.03
1373.28
1366.42
1364.4
1364.24
1363.38
1364.39
1363.84
1362.93
1363.06
1366.11
1371.84
1378.49
1404.75
1429.85
1489.48
1760.64
2307.86
2849
2852.24
2719.48
2609.42
2367.23
1634.37
1539.62
1513.34
1491.64
1479.09
1476.15
1475.97
1473.02
1477.23
1473.81
1473.94
1474.18
1478.84
1490.52
1508.11
1537
1648.34
2360.03
2424.61
2716.19
2787.9
2761.21
2703.1
2865.77
2851.38
2199.03
2191.08
2015.32
1923.28
1859.24
1828.1
1838.21
1808.86
1834.39
1816.89
1822.23
1827.04
1848.84
1910.35
2022.58
2179.84
2146.71
2856.33
2866.76
2732.57
2710.11
2665.39
2718.51
2854.56
2845.31
2862.3
3166.65
3412.64
3380.44
3609.72
3486.28
3638.61
3516.56
3629.14
3556.08
3607.27
3545.97
3578.92
3445.85
3436.99
3150.76
2886.79
2859.68
2855.43
2705.53
2672.71
2543.86
2632.27
2861.08
2979.4
2994.07
3328.38
3599.56
3689.2
3690.65
3679.54
3630.83
3649.12
3611.83
3645.53
3633.37
3667.12
3687.71
3725.07
3644.19
3420.8
3035.68
2973.67
2881.24
2667.55
2582.62
2478.88
2591.29
2724.55
2925.52
3015.94
3343.35
3571.94
3669.76
3670.03
3660.55
3615.61
3626.97
3598.7
3624.65
3612.72
3647.3
3672.53
3709.96
3637.68
3431.47
3078.01
2983.32
2783.68
2609.05
2499.64
2285.47
2542.13
2819.97
2942.34
2939.64
3193.61
3368.85
3463.5
3501.88
3504.81
3498.93
3498.5
3493.81
3499.86
3496.22
3506.76
3500.03
3485.02
3402.83
3230.75
3009.97
3003.27
2844.36
2550.8
2305.59
2194.75
2281.52
2591.25
2757.22
2734.53
2875.03
3117.06
3295.12
3382.9
3403.08
3403.28
3402.95
3402.63
3407.32
3400.22
3402.06
3401.79
3365.08
3185.78
2927.72
2773.65
2807.98
2647.64
2321.59
2237
2286.39
2230.9
2356.18
2516.88
2546.15
2627.81
2846.48
3084.24
3242.5
3305.62
3310.19
3313.95
3313.03
3315.94
3308.69
3311.76
3279.42
3144.93
2883.31
2663.21
2582.44
2562.02
2344.88
2242.74
2338.84
2918.58
2278.69
2177.28
2319.73
2388.5
2470.97
2670.48
2906.75
3090.1
3187.15
3213.12
3215.81
3216.49
3217.39
3212.69
3196.94
3123.5
2943.8
2687.58
2494.5
2418.09
2341.42
2162.79
2229.74
2843.87
2893.2
2049.75
1976.55
2167.56
2261.04
2359.81
2535.29
2760.02
2956.37
3071.49
3101.47
3111.99
3110.73
3112.18
3099.15
3076.86
2979.08
2779.22
2542.71
2384.05
2281.58
2173.1
1981.91
2035.87
2862.5
2896.87
2058.02
1884.34
2051.43
2160.12
2272.58
2420.8
2626.84
2821.26
2951.32
2995.41
3002.52
3004.21
3001.76
2992.68
2956.99
2843.11
2644.46
2431.72
2296.31
2181.92
2062.5
1867.32
2047.69
2970.33
2831.14
2038.02
1871.47
1995.94
2085.76
2188.8
2329.31
2528.68
2716.05
2840.75
2882.46
2898.05
2896.48
2896.15
2878.06
2844.83
2735.73
2541.7
2333.78
2207.17
2104.57
2005.81
1869.09
2014.17
2795.9
2754.12
2032.41
1900.89
1961.5
2021.31
2108.09
2242.21
2434.82
2611.94
2736.11
2782.13
2790.82
2793.88
2789.67
2778.91
2738.34
2622.9
2438.25
2241.95
2120.94
2048.93
1980.69
1889.42
2034.38
2771.87
2732.33
2057.11
1918.62
1945.2
1975.33
2042.72
2173.74
2358.78
2525.88
2637.88
2677.36
2693.16
2692.86
2691.91
2672.16
2639.01
2539.12
2365.23
2173.27
2054.33
1995.41
1967.25
1907.87
2028.97
2702.46
2704.76
2086.79
1944.49
1939.54
1930.82
1984.8
2111.91
2285.42
2440.04
2546.26
2588.83
2594.47
2598.01
2592.78
2583.54
2545.45
2449.25
2288.44
2110.26
1992.45
1955.13
1965.23
1936.99
2068.03
2690.69
2706.39
2155.16
1988.19
1936.05
1904.89
1946.7
2069.33
2231.85
2373.19
2461.2
2494.17
2506.69
2506.65
2505.95
2487.03
2458.99
2378.76
2232.07
2061.51
1951.74
1921.81
1956.41
1971.78
2130.68
2692.94
2736.12
2162.24
1985.29
1929.59
1887.87
1912.47
2021.4
2167.91
2295.75
2378.79
2416.52
2418.24
2422.94
2415.97
2411.69
2378.22
2306.81
2174.81
2023.72
1919.24
1910.26
1949.37
1993.59
2120.9
2688.8
2780.85
2177.59
2006.37
1931.39
1875
1895.17
1999.27
2130.93
2242.33
2307.1
2332.29
2342.32
2341.97
2340.62
2324.52
2304.4
2248.41
2136.2
1991.68
1899.46
1889.17
1950.09
2003.67
2155.29
2736.88
2746.08
2175.56
1987.13
1926.75
1855.7
1883.28
1971.62
2083.36
2178.77
2233.65
2267.58
2262.53
2269.54
2261.79
2261.26
2232.92
2184.94
2087.67
1969.5
1882.81
1873.26
1941.98
2002.42
2151.3
2731.71
2741.68
2185.63
2026.2
1935.4
1849.68
1868.37
1952.1
2054.87
2133.54
2174.78
2192.39
2198.7
2199.29
2198
2184.66
2173.59
2141.53
2065.75
1948.74
1871.35
1866.72
1943.25
2020.6
2161.98
2701.66
2712.83
2183.28
2036.71
1921.12
1840.31
1859.44
1933.5
2013.44
2079.81
2110.56
2139.79
2129.13
2137.22
2128.72
2132.73
2110.01
2084.06
2024.15
1935.77
1855.73
1854.04
1938.64
2038.18
2158.47
2694.85
2685.27
2177.45
2090.16
1945.41
1848.28
1847.69
1920.45
1994.17
2044.5
2064.45
2075.17
2075.84
2076.94
2076.22
2066.36
2063.71
2050.06
2002.78
1917.62
1845.4
1857.15
1947.46
2074.43
2160.35
2667.54
2680
2185.91
2111.11
1938.12
1856.34
1840.48
1900.56
1955.94
1993.54
2008.37
2032.47
2015.8
2024.38
2015.78
2025.6
2007.62
1998.22
1973.3
1910.77
1835.96
1868.26
1953.4
2124.86
2157.6
2645.72
2655.65
2177.9
2107.48
1965.57
1873.65
1837.51
1887.82
1939.14
1967.15
1973.7
1977.62
1973.52
1973.6
1973.43
1968.53
1972.88
1970.99
1946
1893.62
1835.58
1880.24
1973.78
2123.19
2161.95
2621.02
2627.28
2165.92
2105.5
1989.42
1884.86
1844.07
1877.73
1905.53
1920.39
1923.42
1944.21
1920.64
1930.31
1921.65
1937.51
1923.47
1922.88
1920.64
1891.33
1832.39
1887.71
2006.46
2120.34
2149.76
2597.03
2606.57
2149.13
2098.78
2045.44
1912.3
1859.44
1869.03
1888.45
1897.84
1896.73
1896.92
1888.68
1887.99
1889.01
1888.23
1896.08
1901.51
1892.2
1887.12
1860.42
1904.91
2050.68
2110.31
2132.3
2567.98
2587.01
2140.15
2088.47
2044.21
1927.63
1872.81
1868.65
1863.38
1857.42
1850.23
1869.73
1842.73
1852.67
1844.2
1862.68
1851.46
1860.13
1873.44
1886.87
1872.88
1932.62
2058.21
2098.49
2118.92
2555.2
2558.1
2118.4
2055.89
2035.28
1972.14
1896.23
1884.89
1852.06
1842.08
1832.56
1829.26
1817.44
1817.45
1819.03
1820.56
1831.72
1844.78
1856.58
1902.8
1898.75
1968.84
2047.31
2061.53
2109.6
2534.59
2546.4
2114.45
2027.56
2029.88
2032.61
1926.58
1896.87
1840.89
1810.86
1791.38
1807.33
1777.92
1788.1
1779.44
1800.36
1791.6
1815.49
1848.52
1916.75
1920.35
2033.88
2042.9
2032.55
2093.06
2513.86
2520.49
2101.4
2000.38
2009.36
2032.43
1955.97
1905.66
1853.35
1806.72
1784.07
1773.08
1758.96
1758.77
1759.92
1765.38
1784.87
1809.72
1858.73
1931.52
1967.99
2029.35
2019.73
2007.22
2087.8
2493.32
2503.52
2092.84
1982.3
1980.57
2019.46
2024.54
1925.91
1857.07
1794.37
1748.73
1756.82
1724.11
1734.56
1726.18
1750.7
1749.99
1798.1
1862.69
1951.74
2026.2
2014.21
1990.5
1989.26
2082.3
2479.11
2473.42
2084.88
1966.89
1947.11
2004.43
2043.63
1953.01
1878.76
1806.16
1761.86
1732.12
1711.06
1710.26
1713.03
1724.98
1765.7
1805.46
1877.71
1994.26
2046.17
1996.81
1959.16
1973.68
2065.3
2450.48
2459.28
2082.61
1958.67
1923.2
1969.08
2029.29
2003.75
1892.69
1804.57
1732.81
1727.37
1684.11
1692.02
1686.81
1721.94
1736.52
1810.83
1895.38
2062.16
2030.82
1957.72
1936.21
1963.31
2064.79
2437.68
2428.17
2060.5
1949.82
1898.66
1934.15
2012.68
2086.89
1955.63
1824.31
1767.45
1722.7
1686.72
1678.29
1687.56
1713.85
1769.89
1824.67
1940.55
2081.62
2007.71
1924.76
1910.2
1957.05
2049.32
2409.95
2414.59
2059.4
1941.72
1889.28
1903.22
1984.48
2065.49
2036.04
1842.69
1741.72
1729.05
1671.01
1674.48
1673.68
1723.3
1742.71
1847.55
2010.3
2063.75
1974.92
1902.08
1900.6
1944.33
2041.24
2399.46
2377.3
2036.6
1935.82
1873.25
1877.43
1943.32
2050.16
2070.8
1894.23
1787.11
1725.96
1687.83
1675.7
1690.7
1719.09
1789.19
1903.75
2060.24
2047.8
1930.89
1873.07
1885.47
1941.86
2024.59
2356.65
2346.97
2025.12
1917.68
1869.23
1871.3
1915.35
2018.09
2050.86
1999.16
1776.81
1742.63
1672.66
1678.8
1676.13
1737.84
1775.11
2007.64
2042.83
2014.28
1900.7
1870.23
1881.9
1921.72
2013.33
2330.69
2209.03
1974.83
1902.87
1854.43
1847.44
1880.19
1981.28
2038.62
2015.39
1871.51
1759.35
1701.09
1686.76
1703.25
1752.29
1865.51
2008.76
2031.49
1981.7
1873.11
1846.94
1867.02
1907.6
1963.16
2191.64
274.01
274.148
274.221
274.315
274.447
274.552
274.575
274.519
274.418
274.32
274.263
274.23
274.213
274.193
274.151
274.102
274.06
274.032
274.015
274.007
274.003
274.001
274
273.999
273.998
274
273.995
274.002
273.994
274.004
274.307
274.635
274.853
275.12
275.468
275.775
275.909
275.782
275.45
275.049
274.728
274.51
274.38
274.292
274.218
274.145
274.086
274.046
274.022
274.01
274.004
274.001
273.999
273.999
273.997
274
273.993
274.003
273.988
274.014
274.908
275.63
276.154
276.779
277.524
278.199
278.564
278.466
277.828
276.77
275.737
275.026
274.624
274.4
274.265
274.171
274.101
274.054
274.026
274.012
274.004
274.001
273.999
273.999
273.997
274
273.994
274.002
273.992
274.01
276.1
277.698
278.824
280.093
281.49
282.976
284.181
284.37
283.521
281.481
278.877
276.676
275.337
274.691
274.376
274.209
274.117
274.061
274.03
274.013
274.005
274.001
274
273.999
273.997
274
273.995
274.002
273.995
274.007
278.736
281.736
284.269
287.303
290.115
292.759
294.99
296.673
297.347
295.162
287.965
281.866
277.776
275.585
274.689
274.314
274.148
274.071
274.033
274.015
274.006
274.002
274
273.999
273.998
274
273.997
274.001
273.997
274.005
284.512
290.364
292.352
293.578
294.117
295.021
296.716
298.836
301.537
304.515
306.159
298.961
285.334
278.73
275.678
274.617
274.236
274.095
274.039
274.016
274.006
274.002
274
273.999
273.998
274
273.998
274.001
273.998
274.003
290.933
293.124
293.215
293.762
294.111
294.958
296.598
298.745
301.551
304.853
308.533
311.63
308.916
288.864
279.277
275.596
274.506
274.164
274.056
274.02
274.007
274.002
274
273.999
273.999
274
273.998
274.001
273.999
274.003
291.182
292.848
292.78
293.364
293.681
294.273
295.504
297.74
301.067
304.839
308.636
312.542
316.039
315.637
291.731
279.266
275.386
274.386
274.108
274.031
274.009
274.002
274
273.999
273.999
274
273.999
274
273.999
274.002
290.885
291.558
291.255
291.915
292.074
292.408
293.18
295.169
298.823
303.507
308.418
312.748
316.72
320.349
320.206
292.31
278.714
275.111
274.277
274.067
274.016
274.004
274
274
273.999
274
273.999
274
274
274.002
289.769
289.403
289.191
289.76
289.985
290.287
290.68
292.274
295.749
300.531
306.419
312.232
317.006
321.036
324.599
323.239
290.447
277.791
274.824
274.187
274.04
274.008
274.001
274
274
274
274
274
274
274.002
287.99
286.898
286.809
287.257
287.62
288.037
288.268
289.328
292.577
297.359
303.228
309.919
316.361
321.383
325.503
328.723
323.585
287.02
276.756
274.565
274.118
274.022
274.003
274
274
274
274
274
274
274.002
286.075
284.49
284.391
284.782
285.352
285.84
286.121
286.786
289.351
294.24
300.146
306.75
314.119
320.866
325.92
330.124
332.623
318.946
283.432
275.822
274.359
274.069
274.011
274.001
274
274
274
274
274
274.002
283.899
282.222
282.16
282.686
283.389
283.912
284.289
284.699
286.546
291.003
297.231
303.777
311.113
318.924
325.715
330.605
334.837
336.227
307.703
280.177
275.129
274.212
274.037
274.005
274
274
274
274
274
274.002
282.686
280.836
280.815
281.3
281.982
282.435
282.792
283.038
284.211
287.866
294.347
301.012
308.274
316.17
324.262
330.798
335.549
339.437
337.941
294.898
277.668
274.649
274.117
274.019
274.002
274
274
274
274
274.002
282.053
280.191
280.172
280.656
281.118
281.47
281.557
281.767
282.251
285.123
291.267
298.378
305.714
313.486
321.94
330.018
336.118
340.824
343.785
331.398
285.536
276.01
274.347
274.06
274.009
274.001
274
274
274
274.002
281.664
280.368
280.534
281.063
281.136
280.897
280.756
280.628
280.56
282.602
288.204
295.832
303.389
311.171
319.484
328.257
335.914
341.479
346.493
345.802
312.188
280.273
275.037
274.173
274.028
274.004
274
274
274.001
274.002
282.189
281.124
281.933
282.402
282.057
281.301
280.715
280.316
280.274
281.035
285.905
293.311
301.271
309.11
317.286
326.05
334.776
341.862
347.754
349.943
345.726
293.26
277.109
274.5
274.081
274.012
274.002
274
274.001
274.002
281.849
281.32
282.841
284.62
284.339
283.584
282.768
282.401
282.39
282.43
285.487
292.129
300.34
308.012
316.041
324.351
333.194
341.736
348.501
353.842
353.289
328.343
283.088
275.44
274.225
274.035
274.005
274.001
274.001
274.002
282.103
281.935
284.398
287.906
289.35
289.187
288.264
287.596
287.014
286.427
287.382
292.872
300.879
308.168
316.021
324.109
332.507
341.341
349.148
356.32
357.513
355.174
302.324
278.1
274.619
274.094
274.014
274.002
274.001
274.002
281.397
282.196
286.762
295.016
300.961
300.249
298.594
296.651
294.718
292.778
291.148
295.853
302.874
309.655
317.045
324.837
332.865
341.341
349.993
357.63
360.497
360.971
339.561
285.222
275.707
274.251
274.037
274.006
274.002
274.003
282.109
283.817
293.825
313.446
323.725
324.164
320.117
316.039
309.845
303.919
299.425
301.134
307.121
313.168
319.799
326.92
334.43
342.274
351.142
359.167
365.529
365.185
363.434
308.37
278.628
274.657
274.094
274.014
274.002
274.003
279.856
288.126
311.778
358.502
382.506
382.82
364.687
351.081
336.612
324.678
316.053
313.257
316.51
319.958
324.507
330.254
336.806
344.348
352.665
360.972
368.732
369.448
369.935
347.542
286.087
275.735
274.24
274.033
274.004
274.002
288.384
301.315
366.027
466.485
511.243
479.413
433.965
405.09
378.634
357.686
341.707
333.205
329.873
328.761
329.78
333.397
339.392
346.598
354.672
363.141
371.326
374.594
374.524
372.439
309.38
278.467
274.595
274.082
274.013
274.005
271.758
352.327
566.017
669.508
686.185
603.726
537.018
481.575
439.449
404.146
376.031
355.971
346.888
343.574
340.861
340.858
344.034
350.11
357.555
365.943
374.179
381.654
380.218
380.158
350.735
285.188
275.487
274.196
274.027
274.006
295.224
481.396
830.309
921.083
853.228
776.599
666.574
579.837
512.747
458.446
415.854
385.501
369.812
362.341
355.48
352.474
352.394
355.367
361.627
369.379
377.502
385.83
386.368
386.085
380.806
303.159
277.638
274.454
274.058
274.009
274.004
273.994
274.002
273.995
274
273.998
273.999
274
274.001
274.003
274.007
274.015
274.032
274.06
274.102
274.151
274.192
274.213
274.23
274.262
274.319
274.416
274.517
274.574
274.55
274.446
274.314
274.221
274.148
274.01
274.014
273.988
274.003
273.993
274
273.997
273.999
273.999
274.001
274.004
274.01
274.022
274.046
274.086
274.145
274.218
274.292
274.38
274.509
274.725
275.044
275.444
275.776
275.903
275.771
275.465
275.118
274.851
274.634
274.307
274.01
273.992
274.002
273.994
274
273.997
273.999
273.999
274.001
274.004
274.012
274.026
274.054
274.101
274.171
274.264
274.399
274.621
275.02
275.725
276.752
277.808
278.447
278.548
278.187
277.516
276.772
276.149
275.627
274.907
274.007
273.995
274.002
273.995
274
273.997
273.999
274
274.001
274.005
274.013
274.03
274.061
274.116
274.209
274.375
274.687
275.327
276.653
278.839
281.429
283.467
284.315
284.132
282.944
281.469
280.076
278.812
277.689
276.096
274.005
273.997
274.001
273.997
274
273.998
273.999
274
274.002
274.006
274.015
274.033
274.071
274.147
274.313
274.685
275.572
277.739
281.794
287.819
295.014
297.24
296.594
294.927
292.701
290.06
287.256
284.234
281.715
278.725
274.003
273.998
274.001
273.998
274
273.998
273.999
274
274.002
274.006
274.016
274.039
274.094
274.234
274.612
275.662
278.678
285.216
298.72
306.046
304.449
301.484
298.788
296.671
294.978
294.075
293.535
292.311
290.318
284.476
274.003
273.999
274.001
273.998
274
273.999
273.999
274
274.002
274.007
274.02
274.056
274.163
274.502
275.579
279.211
288.653
308.652
311.546
308.472
304.798
301.5
298.697
296.553
294.914
294.069
293.722
293.181
293.093
290.904
274.002
273.999
274
273.999
274
273.999
273.999
274
274.002
274.009
274.031
274.107
274.383
275.37
279.196
291.44
315.419
315.953
312.471
308.569
304.78
301.017
297.694
295.461
294.228
293.639
293.324
292.747
292.818
291.157
274.002
274
274
273.999
274
273.999
274
274
274.004
274.016
274.067
274.274
275.097
278.646
291.989
319.98
320.255
316.648
312.679
308.361
303.462
298.784
295.129
293.138
292.362
292.029
291.872
291.218
291.524
290.854
274.002
274
274
274
274
274
274
274.001
274.008
274.039
274.185
274.814
277.735
290.158
322.957
324.49
320.953
316.931
312.173
306.373
300.489
295.709
292.23
290.633
290.236
289.936
289.713
289.149
289.362
289.735
274.002
274
274
274
274
274
274
274.003
274.022
274.116
274.558
276.714
286.81
323.185
328.596
325.409
321.299
316.296
309.871
303.188
297.318
292.542
289.284
288.217
287.984
287.567
287.205
286.758
286.849
287.946
274.002
274
274
274
274
274
274.001
274.011
274.068
274.355
275.795
283.28
318.403
332.479
330.019
325.827
320.794
314.064
306.701
300.099
294.191
289.309
286.734
286.062
285.78
285.291
284.72
284.329
284.429
286.017
274.002
274
274
274
274
274
274.005
274.037
274.209
275.112
280.076
307.158
336.054
334.709
330.493
325.625
318.853
311.049
303.713
297.171
290.94
286.488
284.631
284.215
283.839
283.314
282.61
282.08
282.141
283.817
274.002
274
274
274
274
274.002
274.018
274.115
274.639
277.607
294.456
337.615
339.273
335.423
330.689
324.177
316.098
308.205
300.94
294.281
287.794
284.145
282.963
282.714
282.352
281.893
281.217
280.729
280.747
282.587
274.002
274
274
274
274.001
274.008
274.059
274.342
275.977
285.333
330.759
343.584
340.673
335.988
329.913
321.848
313.398
305.627
298.292
291.196
285.04
282.175
281.691
281.481
281.39
281.031
280.57
280.082
280.088
281.941
274.002
274.001
274
274
274.004
274.028
274.171
275.021
280.161
311.531
345.583
346.33
341.329
335.786
328.148
319.378
311.064
303.283
295.729
288.131
282.472
280.474
280.556
280.697
280.855
281.098
281.019
280.491
280.295
281.55
274.002
274.001
274
274.002
274.012
274.079
274.492
277.053
292.798
345.287
349.716
347.601
341.708
334.642
325.932
317.165
308.985
301.146
293.197
285.842
280.995
280.247
280.316
280.751
281.328
282.095
282.406
281.924
281.094
282.106
274.002
274.001
274.001
274.005
274.035
274.221
275.414
282.917
327.528
352.965
353.502
348.343
341.579
333.044
324.222
315.917
307.88
300.211
292.027
285.448
282.44
282.401
282.42
282.845
283.639
284.425
284.723
282.921
281.394
281.826
274.002
274.001
274.002
274.014
274.092
274.608
278.02
301.631
354.775
357.244
356.186
348.99
341.182
332.338
323.974
315.905
308.05
300.776
292.808
287.391
286.465
287.045
287.606
288.29
289.253
289.466
287.965
284.533
282.032
282.153
274.003
274.002
274.006
274.036
274.247
275.675
285.002
338.726
360.683
360.22
357.505
349.833
341.184
332.714
324.719
316.986
309.611
302.972
295.81
291.283
292.789
294.7
296.619
298.638
300.281
301.1
295.193
287.009
282.381
281.594
274.003
274.002
274.014
274.093
274.645
278.533
307.557
363.062
364.859
365.186
359.049
350.999
342.127
334.427
326.894
319.793
313.17
307.086
301.2
299.24
303.792
309.627
315.773
320.067
324.109
324.077
314.281
294.309
284.131
282.404
274.002
274.004
274.032
274.236
275.699
285.83
346.623
369.678
369.213
368.63
360.863
352.54
344.275
336.721
330.208
324.484
319.84
316.368
313.127
315.591
324.443
336.149
350.628
364.574
382.57
383.67
359.951
312.555
288.458
280.243
274.005
274.013
274.081
274.584
278.37
308.405
372.028
374.304
374.333
371.245
363.067
354.613
346.572
339.311
333.251
329.59
328.586
329.633
332.813
340.915
357.281
377.863
404.845
434.026
479.72
514.531
471.194
368.388
301.989
288.963
274.006
274.027
274.192
275.455
284.943
349.679
379.947
380.005
381.48
374.125
365.917
357.555
350.057
343.932
340.6
340.504
343.21
346.256
355.484
374.807
403.357
438.008
481.062
536.89
605.328
692.267
677.226
572.872
354.731
272.47
274.009
274.057
274.445
277.558
302.211
380.29
385.917
386.209
385.777
377.455
369.364
361.567
355.25
352.149
352.142
354.989
361.782
368.767
385.016
414.661
457.838
511.538
578.082
669.221
782.745
864.145
925.536
841.645
489.342
297.336
274.002
274.002
274.002
274.002
274.002
274.002
274.002
274.002
274.002
274.002
274.002
274.002
274.002
274.002
274.002
274.002
274.002
274.002
274.002
274.002
274.002
274.002
274.002
274.002
274.002
274.002
274.002
274.002
274.002
274.002
274.002
274.002
274.002
274.002
274.002
274.002
274.002
274.002
274.002
274.002
274.002
274.002
274.002
274.002
274.002
274.002
274.002
274.002
274.002
274.002
274.002
274.002
274.002
274.002
274.002
274.002
274.002
274.002
274.002
274.002
274.002
274.002
274.002
274.002
274.002
274.002
274.002
274.002
274.002
274.002
274.002
274.002
274.002
274.002
274.002
274.002
274.002
274.002
274.002
274.002
274.002
274.002
274.002
274.002
274.004
274.009
274.028
274.09
274.279
274.811
276.133
279.236
286.157
299.018
320.116
352.651
402.01
444.719
475.732
496.439
508.973
515.053
515.754
512.288
505.119
494.676
480.903
464.099
444.158
420.556
393.305
362.189
329.229
305.224
293.075
285.066
279.953
277.108
275.572
274.759
274.367
274.175
274.084
274.042
274.021
274.001
274.001
274.001
274.001
274.001
274.001
274.001
274.001
274.001
274.001
274.001
274.001
274.001
274.001
274.001
274.001
274.001
274.001
274.001
274.001
274.001
274.001
274.001
274.001
274.001
274.001
274.001
274.001
274.001
274.001
274.001
274.001
274.001
274.001
274.001
274.001
274.001
274.001
274.001
274.001
274.001
274
274
274
274
274
274
274
274
274
274
274
274
274
274
274
274
274
274
274
274
274
274
274
274
274
274
274
274
274
274
274
274
274
274
274
274
274
274
274
274
274.001
274.002
274.008
274.035
274.143
274.554
275.903
280.167
292.159
321.723
383.495
469.141
538.678
582.356
604.686
609.374
606.522
600.306
592.828
584.673
576.038
566.943
557.297
547.492
537.695
527.718
517.614
507.584
497.636
487.792
477.333
465.057
446.225
418.248
382.817
340.67
303.12
288.677
281.117
277.253
275.471
274.649
274.294
274.131
274
274
274
274
274
274
274
274
274
274
274
274
274
274
274
274
274
274
274
274
274
274
274
274
274
274
274
274
274
274
274
274
274
274
274
274
274
274
274
274
274
274
274
274
274
274
274
274
274
274
274
274
274
274
274
274
274
274
274
274
274
274
274
274
274
274
274
274
274
274
274
274
274
274
274
274
274
274
274
274
274.001
274.006
274.034
274.173
274.823
277.549
288.103
324.785
415.023
531.851
614.978
657.234
668.275
665.782
658.097
650.119
641.699
632.356
622.629
612.514
602.11
591.632
581.091
570.368
559.586
549.014
538.431
527.823
517.379
507.113
497.328
487.846
478.823
469.821
461.181
452.656
442.562
425.707
393.155
349.601
304.985
287.391
279.894
276.501
275.055
274
274
274
274
274
274
274
274
274
274
274
274
274
274
274
274
274
274
274
274
274
274
274
274
274
274
274
274
274
274
274
274
274
274
274
274
274
274
274
274
274
274
274
274
274
274
274
274
274
274
274
274
274
274
274
274
274
274
274
274
274
274
274
274
274
274
274
274
274
274
274
274
274
274
274
274
274
274
274
274.003
274.023
274.144
274.846
278.634
297.19
375.938
519.918
640.816
699.667
711.476
708.316
701.277
693.744
684.779
676.694
669.751
663.438
656.275
647.274
636.922
625.831
614.494
603.1
591.48
579.903
568.23
556.422
544.437
532.465
520.465
508.796
497.221
486.265
475.948
466.541
457.754
449.45
441.164
433.389
424.871
410.878
377.43
331.861
294.363
282.782
274
274
274
274
274
274
274
274
274
274
274
274
274
274
274
274
274
274
274
274
274
274
274
274
274
274
274
274
274
274
274
274
274
274
274
274
274
274
274
274
274
274
274
274
274
274
274
274
274
274
274
274
274
274
274
274
274
274
274
274
274
274
274
274
274
274
274
274
274
274
274
274
274
274
274
274
274
274.001
274.011
274.08
274.595
278.096
300.176
407.868
590.292
708.477
743.336
744.189
737.862
731.339
723.005
715.726
709.746
704.318
699.459
693.403
685.218
675.51
664.885
653.876
642.731
631.347
619.576
607.303
594.994
583.075
570.811
558.404
546.183
533.938
521.779
509.548
497.86
486.416
475.478
464.566
454.041
444.232
435.426
427.494
419.976
412.862
404.381
384.792
346.12
274
274
274
274
274
274
274
274
274
274
274
274
274
274
274
274
274
274
274
274
274
274
274
274
274
274
274
274
274
274
274
274
274
274
274
274
274
274
274
274
274
274
274
274
274
274
274
274
274
274
274
274
274
274
274
274
274
274
274
274
274
274
274
274
274
274
274
274
274
274
274
274
274
274
274
274
274.003
274.03
274.275
276.341
293.486
404.718
615.915
747.684
772.919
770.987
765.658
758.522
751.116
745.782
740.93
735.871
729.683
720.544
710.897
700.847
690.394
680.187
670.206
660.506
650.875
640.754
629.914
618.321
605.8
593.339
580.696
567.393
553.772
540.268
527.066
513.752
501.296
489.089
478.011
467.576
458.03
448.634
439.255
429.995
421.028
413.029
405.97
398.932
392.09
274
274
274
274
274
274
274
274
274
274
274
274
274
274
274
274
274
274
274
274
274
274
274
274
274
274
274
274
274
274
274
274
274
274
274
274
274
274
274
274
274
274
274
274
274
274
274
274
274
274
274
274
274
274
274
274
274
274
274
274
274
274
274
274
274
274
274
274
274
274
274
274
274
274
274
274.007
274.081
274.859
283.082
363.294
592.428
764.233
797.271
794.992
789.23
783.458
778.099
772.753
768.917
765.776
759.226
750.084
739.274
727.53
716.444
705.628
695.598
686.759
679.106
671.767
663.78
654.734
644.845
633.651
621.226
607.59
594.593
580.592
565.583
550.07
534.37
518.693
504.289
490.166
477.14
465.028
454.546
445.515
437.697
430.679
423.011
415.015
406.928
399.192
392.015
274
274
274
274
274
274
274
274
274
274
274
274
274
274
274
274
274
274
274
274
274
274
274
274
274
274
274
274
274
274
274
274
274
274
274
274
274
274
274
274
274
274
274
274
274
274
274
274
274
274
274
274
274
274
274
274
274
274
274
274
274
274
274
274
274
274
274
274
274
274
274
274
274
274.001
274.016
274.205
276.6
306.421
502.701
746.959
816.49
817.772
812.461
806.569
801.934
799.069
796.848
792.69
784.153
778.814
769.793
759.592
749.927
740.253
729.968
719.994
711.654
704.092
697.293
690.408
683.249
675.111
665.751
654.902
642.36
628.325
614.527
599.188
582.778
565.602
547.469
529.221
512.332
495.869
480.343
465.58
453.224
441.561
431.374
423.114
416.603
411.651
406.561
401.381
393.242
274
274
274
274
274
274
274
274
274
274
274
274
274
274
274
274
274
274
274
274
274
274
274
274
274
274
274
274
274
274
274
274
274
274
274
274
274
274
274
274
274
274
274
274
274
274
274
274
274
274
274
274
274
274
274
274
274
274
274
274
274
274
274
274
274
274
274
274
274
274
274
274
274.001
274.03
274.468
281.379
376.811
660.608
821.741
835.468
832.693
829.107
824.202
821.644
821.149
821.279
819.036
812.858
806.065
796.278
789.43
781.731
775.229
767.06
758.006
749.81
743.442
737.702
732.528
726.944
720.954
714.012
705.432
694.257
680.272
663.93
647.187
629.004
609.272
589.172
567.966
546.712
526.765
507.247
488.679
470.649
455.716
441.875
430.196
419.844
410.593
403.526
398.036
393.665
389.712
274
274
274
274
274
274
274
274
274
274
274
274
274
274
274
274
274
274
274
274
274
274
274
274
274
274
274
274
274
274
274
274
274
274
274
274
274
274
274
274
274
274
274
274
274
274
274
274
274
274
274
274
274
274
274
274
274
274
274
274
274
274
274
274
274
274
274
274
274
274
274
274.002
274.051
274.967
292.23
481.09
773.975
846.443
848.661
846.122
844.788
843.209
842.963
843.148
844.244
844.648
843.035
840.274
837.721
831.271
824.896
818.834
814.367
811.635
806.695
804.456
802.795
801.511
800.001
798.057
795.496
791.214
783.702
771.81
755.268
734.659
711.032
685.263
658.475
631.255
603.42
576.586
551.455
527.114
503.94
481.934
463.803
446.338
432.206
419.736
408.861
399.246
391.5
385.902
381.311
274
274
274
274
274
274
274
274
274
274
274
274
274
274
274
274
274
274
274
274
274
274
274
274
274
274
274
274
274
274
274
274
274
274
274
274
274
274
274
274
274
274
274
274
274
274
274
274
274
274
274
274
274
274
274
274
274
274
274
274
274
274
274
274
274
274
274
274
274
274
274.003
274.079
275.792
313.404
594.564
836.701
860.932
859.979
859.219
859.85
862.051
865.535
868.763
872.349
875.539
877.862
880.18
882.87
885.525
889.153
886.792
885.028
885.207
890.512
895.238
900.334
905.89
911.467
916.331
920.318
922.787
922.253
916.276
903.769
884.315
857.248
823.688
785.478
746.128
707.095
667.096
629.884
595.406
562.363
531.123
502.511
479.469
457.392
439.574
423.243
409.558
398.407
388.009
379.39
373.569
274
274
274
274
274
274
274
274
274
274
274
274
274
274
274
274
274
274
274
274
274
274
274
274
274
274
274
274
274
274
274
274
274
274
274
274
274
274
274
274
274
274
274
274
274
274
274
274
274
274
274
274
274
274
274
274
274
274
274
274
274
274
274
274
274
274
274
274
274
274.004
274.107
276.905
346.853
689.239
863.299
872.121
870.612
871.575
874.285
879.062
886.367
894.42
902.428
912.279
922.673
933.854
945.449
959.693
978.211
993.22
1003.99
1016.01
1027.67
1041.45
1053.3
1065.87
1075.4
1084.95
1093.99
1103.22
1110.22
1112.1
1107.1
1093.64
1070.08
1035.82
991.541
940.233
884.915
829.451
771.927
718.497
669.352
622.333
577.879
538.255
506.621
477.2
454.203
432.458
414.238
400.026
387.652
376.191
367.135
274
274
274
274
274
274
274
274
274
274
274
274
274
274
274
274
274
274
274
274
274
274
274
274
274
274
274
274
274
274
274
274
274
274
274
274
274
274
274
274
274
274
274
274
274
274
274
274
274
274
274
274
274
274
274
274
274
274
274
274
274
274
274
274
274
274
274
274
274.004
274.127
277.992
380.431
748.807
875.663
879.84
879.294
882.311
887.422
895.139
905.085
917.919
933.335
952.114
978.34
1009.01
1043.7
1080.17
1121.57
1155.51
1186.12
1211.82
1237.06
1254.3
1272.56
1286.21
1298.69
1303.98
1309.79
1316.1
1322.74
1326.33
1325.55
1318.49
1302.93
1278.62
1243.65
1195.04
1136.19
1069.98
1000.17
924.435
850.845
781.854
714.839
651.057
594.786
550.138
509.708
478.536
449.379
425.339
405.832
389.493
375.999
363.972
274
274
274
274
274
274
274
274
274
274
274
274
274
274
274
274
274
274
274
274
274
274
274
274
274
274
274
274
274
274
274
274
274
274
274
274
274
274
274
274
274
274
274
274
274
274
274
274
274
274
274
274
274
274
274
274
274
274
274
274
274
274
274
274
274
274
274
274.003
274.131
278.559
400.778
779.627
882.506
884.815
885.414
890.249
898.312
909.179
923.972
942.424
965.756
998.19
1042.48
1103.12
1175.95
1256.32
1337.87
1420.03
1470.86
1499.45
1519.53
1528.93
1527.78
1528.8
1528.24
1521.14
1510.11
1499.86
1490.52
1477.37
1462.32
1445.86
1430.94
1414.02
1396.47
1378.16
1354.53
1313.43
1256.55
1191.28
1108.27
1019.49
932.684
843.063
754.269
675.032
612.224
556.733
514.851
476.044
444.649
418.857
395.58
377.912
363.919
274
274
274
274
274
274
274
274
274
274
274
274
274
274
274
274
274
274
274
274
274
274
274
274
274
274
274
274
274
274
274
274
274
274
274
274
274
274
274
274
274
274
274
274
274
274
274
274
274
274
274
274
274
274
274
274
274
274
274
274
274
274
274
274
274
274
274.003
274.115
278.298
402.005
789.376
887.181
888.9
889.975
895.945
906.792
921.645
941.612
968.089
1001.7
1047.21
1114.09
1208.93
1336.89
1480.92
1603.48
1674.85
1699.65
1707.06
1717.71
1711.98
1700.09
1682.54
1659.62
1644.01
1624.57
1602.19
1584.22
1567.31
1544.41
1520.98
1497.78
1478.91
1461.15
1445.73
1433.57
1425.7
1413.19
1383.3
1338.33
1268.71
1184.51
1096.13
995.488
885.059
780.4
695.63
621.273
565.984
514.648
473.504
439.697
409.027
384.576
366.458
274
274
274
274
274
274
274
274
274
274
274
274
274
274
274
274
274
274
274
274
274
274
274
274
274
274
274
274
274
274
274
274
274
274
274
274
274
274
274
274
274
274
274
274
274
274
274
274
274
274
274
274
274
274
274
274
274
274
274
274
274
274
274
274
274
274.002
274.085
277.355
384.231
780.598
890.535
892.552
894.337
901.707
914.554
932.982
958.871
992.828
1037.27
1096.29
1182.34
1315.26
1500.42
1705.02
1791.99
1799.92
1784.07
1756.65
1760.63
1776.47
1770.53
1776.24
1772.68
1745.87
1726.75
1714.84
1694.7
1672.99
1651.51
1623.01
1596.66
1568.04
1542.54
1518.27
1496.2
1477.15
1465.7
1461.92
1451.87
1429.34
1378
1304.65
1226.57
1132.78
1019.87
900.127
796.603
702.887
632.672
566.656
514.025
469.375
429.423
398.096
373.486
274
274
274
274
274
274
274
274
274
274
274
274
274
274
274
274
274
274
274
274
274
274
274
274
274
274
274
274
274
274
274
274
274
274
274
274
274
274
274
274
274
274
274
274
274
274
274
274
274
274
274
274
274
274
274
274
274
274
274
274
274
274
274
274
274.001
274.052
276.189
352.868
749.83
891.982
895.127
897.532
906.699
921.903
943.677
973.752
1014.42
1067.27
1139.16
1243.03
1395.22
1621.12
1806.95
1858.59
1860.6
1832.34
1806.43
1780.57
1805.15
1836.13
1895.35
1938.24
1959.53
1965.63
1945.11
1922.77
1883.35
1839.87
1806.98
1778.54
1756.15
1733.49
1716.78
1698.39
1675.19
1649.99
1622.26
1595.59
1570.82
1529.83
1468.72
1394.93
1319.64
1231.38
1128.92
1015.16
906.125
798.161
714.586
632.464
567.237
509.327
458.58
419.277
386.613
274
274
274
274
274
274
274
274
274
274
274
274
274
274
274
274
274
274
274
274
274
274
274
274
274
274
274
274
274
274
274
274
274
274
274
274
274
274
274
274
274
274
274
274
274
274
274
274
274
274
274
274
274
274
274
274
274
274
274
274
274
274
274
274.001
274.026
275.216
319.18
689.035
889.792
896.482
899.292
909.883
927.074
951.479
984.621
1028.36
1087.33
1168.24
1284.74
1454.86
1687.15
1833.74
1868.78
1876.48
1872.18
1845.43
1836.44
1842.01
1887.92
1921.77
1989.92
2061.06
2130.24
2150.82
2131.66
2080.4
2040.25
2024.23
2018.29
2010.97
2003.88
1997.55
1995.76
1986.75
1968.16
1942.47
1902.73
1848.93
1790.24
1735.5
1659.99
1554.4
1459.23
1349.87
1245.87
1124.74
1013.78
898.04
802.632
704.758
626.238
552.942
489.569
441.686
400.934
274
274
274
274
274
274
274
274
274
274
274
274
274
274
274
274
274
274
274
274
274
274
274
274
274
274
274
274
274
274
274
274
274
274
274
274
274
274
274
274
274
274
274
274
274
274
274
274
274
274
274
274
274
274
274
274
274
274
274
274
274
274
274
274.011
274.583
295.219
594.099
879.036
896.397
899.923
911.339
930.183
955.453
989.084
1033.61
1093.78
1178.58
1301.36
1479.95
1710.79
1838.01
1858.13
1854.97
1842.31
1856.43
1857.82
1841.96
1878.95
1907.48
1938.78
2005.12
2088.4
2149.67
2161.61
2131.95
2071.18
2059.16
2063.58
2071.16
2073.97
2074.19
2080.15
2084.42
2079.24
2066.48
2046.21
2018
1979.37
1930.65
1868.39
1801.59
1730.8
1664.19
1567.72
1458.13
1312.19
1186.14
1034.77
917.449
795.785
702.332
612.099
534.577
474.534
425.997
274
274
274
274
274
274
274
274
274
274
274
274
274
274
274
274
274
274
274
274
274
274
274
274
274
274
274
274
274
274
274
274
274
274
274
274
274
274
274
274
274
274
274
274
274
274
274
274
274
274
274
274
274
274
274
274
274
274
274
274
274
274
274.004
274.236
282.789
480.696
845.404
893.629
899.944
911.52
930.966
956.389
988.533
1030.29
1086.96
1168.64
1290.64
1471.9
1714.5
1841.35
1852.26
1832.43
1810.98
1805.95
1824.04
1842.38
1814.25
1824.54
1833.61
1834.85
1921.01
2020.37
2110.19
2130.73
2084.69
2004.73
1988.54
1984.05
1982.43
1992.16
1997.29
2023.57
2025.75
2015.34
2002.32
1982.15
1956.15
1928.48
1893.73
1840.1
1797.37
1754.64
1724.43
1699.19
1653.35
1549.99
1461.08
1319.66
1167.18
984.117
844.582
721.344
616.365
533.894
468.455
274
274
274
274
274
274
274
274
274
274
274
274
274
274
274
274
274
274
274
274
274
274
274
274
274
274
274
274
274
274
274
274
274
274
274
274
274
274
274
274
274
274
274
274
274
274
274
274
274
274
274
274
274
274
274
274
274
274
274
274
274
274.002
274.077
277.122
378.903
772.249
887.279
899.365
910.924
929.679
954.676
984.656
1021.79
1071.52
1144.16
1255.97
1428.41
1675.16
1849.83
1876.23
1868.26
1862.24
1866.45
1867.77
1857.4
1814.96
1690.32
1654.74
1598.02
1624.09
1750.07
1891.83
2026.37
2048.7
2036.42
2024.41
1856.27
1708.43
1607.61
1567.66
1560.19
1571.15
1546.54
1562.19
1585.6
1608.08
1634.52
1639.4
1631.29
1633.09
1626.35
1640.41
1661.36
1666.94
1668.06
1640.05
1607.73
1521.85
1412.74
1250.02
1063.31
873.633
714.146
609.078
525.253
274
274
274
274
274
274
274
274
274
274
274
274
274
274
274
274
274
274
274
274
274
274
274
274
274
274
274
274
274
274
274
274
274
274
274
274
274
274
274
274
274
274
274
274
274
274
274
274
274
274
274
274
274
274
274
274
274
274
274
274
274.001
274.022
275.002
309.346
651.927
875.612
896.76
909.406
927.044
950.467
978.152
1010.64
1052.51
1114.29
1210.64
1360.03
1583.73
1824.09
1901.93
1909.91
1913.32
1921.26
1922.42
1915.52
1907.38
1863.08
1661.14
1507.35
1457.39
1452.77
1513.72
1623.06
1668.31
1710.26
1685.06
1486.77
1262.31
1203.82
1197.11
1167.42
1177.25
1211.87
1236.83
1279.69
1338.71
1426.02
1506.22
1584.17
1612.77
1611.27
1560.7
1510.87
1484.43
1483.84
1528.33
1545.53
1568.42
1574.52
1537.14
1449.48
1313.4
1115.25
907.742
739.786
609.379
274
274
274
274
274
274
274
274
274
274
274
274
274
274
274
274
274
274
274
274
274
274
274
274
274
274
274
274
274
274
274
274
274
274
274
274
274
274
274
274
274
274
274
274
274
274
274
274
274
274
274
274
274
274
274
274
274
274
274
274
274.006
274.293
284.506
497.853
846.318
891.814
905.942
923.311
945.102
970.077
999.036
1035.22
1086.95
1165.98
1286.89
1468.37
1715.57
1892.55
1931.13
1938.1
1941.23
1941.19
1936.89
1941.8
1947.05
1918.97
1670.35
1491.53
1363.47
1296.12
1323.28
1359.31
1356.05
1342.92
1325.34
1257.98
1081.29
1028.95
982.188
962.836
962.058
953.636
955.931
950.065
959.648
989.679
1025.18
1091.9
1213.32
1330.38
1423.62
1457.1
1461.66
1432.65
1422.92
1441.56
1459.55
1464.62
1491.87
1492.38
1456.15
1334.99
1157.92
926.463
720.279
274
274
274
274
274
274
274
274
274
274
274
274
274
274
274
274
274
274
274
274
274
274
274
274
274
274
274
274
274
274
274
274
274
274
274
274
274
274
274
274
274
274
274
274
274
274
274
274
274
274
274
274
274
274
274
274
274
274
274
274.001
274.066
276.698
367.88
761.285
887.626
903.139
918.762
938.37
961.093
986.601
1018.46
1063.96
1130.81
1228.83
1369.4
1565.86
1802.8
1916.76
1940.5
1947.98
1956.82
1962.5
1949.57
1931.51
1927.39
1732.33
1559.72
1365.62
1307.69
1293.85
1263.47
1257.47
1231.99
1190.48
1121.44
991.648
977.947
954.848
892.177
863.536
850.776
835.373
837.281
831.963
826.994
848.003
864.59
895.702
939.171
1004.16
1103.47
1229.34
1304.46
1376.03
1404.27
1412.93
1424.71
1426.72
1421.59
1430.29
1482.41
1446.29
1332.37
1145.36
865.33
274
274
274
274
274
274
274
274
274
274
274
274
274
274
274
274
274
274
274
274
274
274
274
274
274
274
274
274
274
274
274
274
274
274
274
274
274
274
274
274
274
274
274
274
274
274
274
274
274
274
274
274
274
274
274
274
274
274
274
274.012
274.594
294.625
588.977
875.139
903.144
915.747
931.7
950.795
973.437
1002.13
1043.77
1105.54
1191.87
1306.93
1458.53
1654.28
1847.05
1920.14
1941.13
1952.59
1960.31
1964.69
1959.82
1914.5
1646.09
1456.62
1249.35
1202.96
1215.66
1202.14
1199.77
1208.22
1177.75
1131.34
1115.3
1067.55
1052.51
976.244
933.77
898.681
902.477
893.057
905.472
911.78
894.309
895.658
888.989
891.752
895.053
911.066
949.086
1020.74
1150.91
1271.59
1362.49
1393.27
1419.75
1427.8
1421.75
1418.53
1421.73
1477.15
1434.2
1299.6
1031.73
274
274
274
274
274
274
274
274
274
274
274
274
274
274
274
274
274
274
274
274
274
274
274
274
274
274
274
274
274
274
274
274
274
274
274
274
274
274
274
274
274
274
274
274
274
274
274
274
274
274
274
274
274
274
274
274
274
274
274.002
274.104
278.006
400.299
797.016
901.274
912.429
925.111
941.292
960.177
986.35
1026.03
1084.89
1164.2
1264.76
1387.64
1538.51
1719.88
1872.6
1926.47
1945.6
1959.54
1969.56
1972.64
1953.59
1772.44
1546.53
1270.87
1120.84
1078.9
1063.26
1061.47
1061.9
1059.09
1069.28
1072.96
1061.18
1072.09
1072.28
1060.68
961.909
899.237
874.583
851.216
842.499
852.5
862.692
869.009
886.642
894.25
898.065
905.196
907.666
918.967
957.265
1030.69
1171.85
1328.73
1391.56
1436.9
1455.76
1449.47
1418.34
1422.93
1416.76
1293.45
1095.86
274
274
274
274
274
274
274
274
274
274
274
274
274
274
274
274
274
274
274
274
274
274
274
274
274
274
274
274
274
274
274
274
274
274
274
274
274
274
274
274
274
274
274
274
274
274
274
274
274
274
274
274
274
274
274
274
274
274
274.014
274.656
295.873
590.962
882.993
911.232
919.552
931.512
948.576
973.356
1011.03
1066.83
1142.88
1236.83
1346.45
1471.96
1617.99
1779.43
1899.12
1941.41
1960.6
1981.1
1986.58
1983.65
1947.42
1668.5
1465.86
1256.67
1201.82
1173.66
1150.06
1141.97
1148.91
1148.89
1122.67
1111.9
1118.3
1119.58
1118.48
1120.14
1059.4
1023.34
928.395
922.502
911.26
888.132
898.287
903.914
902.212
911.324
915.223
926.4
940.574
952.546
966.687
992.434
1039.54
1152.06
1321.37
1412.64
1469.69
1494.85
1473.67
1408.1
1438.38
1226.62
1101.06
274
274
274
274
274
274
274
274
274
274
274
274
274
274
274
274
274
274
274
274
274
274
274
274
274
274
274
274
274
274
274
274
274
274
274
274
274
274
274
274
274
274
274
274
274
274
274
274
274
274
274
274
274
274
274
274
274
274.002
274.088
277.311
379.937
774.651
901.402
913.644
922.936
937.827
960.385
994.764
1046.32
1116.05
1203.52
1305.79
1424.07
1562.68
1716.41
1861.81
1931
1954.94
1974.88
1989.44
1990.38
1978.54
1843.38
1602.6
1371.49
1244.43
1201.41
1173.21
1145.81
1126.58
1111.7
1108.43
1115.8
1114.17
1108.07
1097.62
1100.17
1114.15
1117.3
1075
1058.35
944.202
941.894
930
904.385
910.91
912.267
916.007
922.375
923.968
933.723
942.939
953.379
965.273
978.815
1001.01
1074.32
1227.87
1423
1522.4
1564.93
1496.37
1440.7
1334.48
971.923
274
274
274
274
274
274
274
274
274
274
274
274
274
274
274
274
274
274
274
274
274
274
274
274
274
274
274
274
274
274
274
274
274
274
274
274
274
274
274
274
274
274
274
274
274
274
274
274
274
274
274
274
274
274
274
274
274
274.011
274.488
289.923
543.415
870.484
907.107
915.386
928.406
949.576
978.551
1021.52
1076.69
1145.77
1233.52
1345.01
1484.73
1649.47
1819.47
1914.66
1945.07
1959.9
1985.34
1993.93
1993.1
1977.11
1727.37
1476.09
1253.21
1180.78
1150.8
1139.79
1137.41
1136.37
1140.82
1144.36
1141.37
1134.65
1135.71
1126.22
1121.62
1122.33
1131.57
1138.3
1119.23
1094.19
947.346
989.766
954.162
944.791
941.713
945.855
949.674
956.675
959.498
969.865
980.102
988.612
1006.63
1019.07
1032.9
1072.14
1137.82
1246.53
1440.32
1570.76
1579.34
1385.62
1322.3
274
274
274
274
274
274
274
274
274
274
274
274
274
274
274
274
274
274
274
274
274
274
274
274
274
274
274
274
274
274
274
274
274
274
274
274
274
274
274
274
274
274
274
274
274
274
274
274
274
274
274
274
274
274
274
274
274.001
274.059
276.216
346.195
727.789
892.583
909.239
921.558
940.942
968.066
1001.63
1050.64
1113.06
1191.36
1292.34
1417.55
1562.13
1719.62
1866.14
1930.87
1951.62
1961.85
1987.97
2011.64
2022.89
2011.06
1750.83
1546.13
1362.99
1299.05
1268.75
1243.88
1221.8
1207.94
1188.83
1184.53
1184.02
1190.98
1194.15
1189.52
1200.8
1196.3
1174.55
1167.09
1164.77
1167.85
1131.21
1044.22
1044.78
1000.94
992.045
999.458
993.757
995.156
998.12
997.076
999.949
1010
1024.92
1050.48
1076.35
1098.91
1134.43
1178.66
1233.33
1307.55
1478.06
1660.1
1743.81
274
274
274
274
274
274
274
274
274
274
274
274
274
274
274
274
274
274
274
274
274
274
274
274
274
274
274
274
274
274
274
274
274
274
274
274
274
274
274
274
274
274
274
274
274
274
274
274
274
274
274
274
274
274
274
274
274.004
274.191
280.393
435.153
811.234
896.884
914.325
931.89
954.336
984.051
1021.35
1076.16
1146.03
1232.48
1338.42
1461.52
1598.06
1747.3
1879.32
1932.88
1950.88
1963.71
1996.45
2017.04
2022.6
1966.64
1735.76
1507.06
1345.87
1297.78
1270.81
1253.32
1246.4
1236.39
1223.76
1213.23
1209.99
1210.59
1215.05
1226.76
1249.8
1256.86
1260.51
1251.7
1237.85
1231.93
1228.2
1163.66
1124.54
1115.62
1052.42
1071.65
1077.65
1078.65
1094.76
1095.9
1097.9
1098.95
1098.17
1109.87
1136.67
1174.19
1238.75
1319.8
1441.38
1566.35
1631.03
1724.43
1965.52
274
274
274
274
274
274
274
274
274
274
274
274
274
274
274
274
274
274
274
274
274
274
274
274
274
274
274
274
274
274
274
274
274
274
274
274
274
274
274
274
274
274
274
274
274
274
274
274
274
274
274
274
274
274
274
274
274.008
274.349
285.147
492.808
846.065
904.908
920.546
936.077
957.4
988.514
1030.2
1089.89
1163.64
1252.69
1358.19
1477.61
1609.79
1755.08
1881.27
1932.09
1949.96
1964.79
2000.36
2017.12
2020.03
1947.44
1734.15
1519.91
1385.3
1335.96
1305.21
1284.47
1279.04
1276.21
1269.56
1258.28
1253.86
1246.67
1240.11
1240.62
1266.21
1277.19
1286.56
1288.64
1272.87
1267.69
1262.72
1235.11
1135.72
1160.2
1100.15
1082.83
1102.16
1092.4
1119.78
1131.5
1142.71
1153.15
1159.69
1163.64
1172.99
1196.43
1248.15
1325.8
1451.7
1602.45
1741.03
1884.02
2011.36
274
274
274
274
274
274
274
274
274
274
274
274
274
274
274
274
274
274
274
274
274
274
274
274
274
274
274
274
274
274
274
274
274
274
274
274
274
274
274
274
274
274
274
274
274
274
274
274
274
274
274
274
274
274
274
274.001
274.018
274.717
296.052
580.081
876.713
910.089
920.509
935.517
961.667
1001.29
1050.71
1114.98
1191
1280.26
1383.38
1497.69
1623.76
1763.03
1882.78
1932.13
1950.49
1966.79
2005.17
2022.11
2023.99
1934.14
1720.1
1516.59
1398.51
1356.73
1325.44
1297.97
1288.47
1282.96
1279.82
1276.02
1272.52
1271.51
1275.75
1279.64
1278.59
1295.2
1323.81
1339.21
1325.34
1329.3
1320.43
1310.79
1229.89
1178.29
1184.24
1134.3
1157.72
1142.87
1140.53
1162.74
1170.5
1194.01
1212.9
1227.82
1254.62
1265.69
1295.8
1325.77
1393.07
1495.93
1650.85
1809.11
2036.22
274
274
274
274
274
274
274
274
274
274
274
274
274
274
274
274
274
274
274
274
274
274
274
274
274
274
274
274
274
274
274
274
274
274
274
274
274
274
274
274
274
274
274
274
274
274
274
274
274
274
274
274
274
274
274
274.001
274.037
275.398
317.757
666.182
889.766
913.307
924.887
943.281
972.297
1015.05
1068.78
1137.02
1218.13
1312.19
1416.02
1523.19
1638.83
1764.64
1882.1
1938.74
1962.34
1983.51
2021.16
2031.88
2024.96
1893.24
1669.29
1485.3
1411.38
1383.7
1375.04
1372.29
1364.33
1347.78
1335.34
1330.67
1317.78
1312.47
1311.62
1309.77
1308.08
1306.48
1336.54
1337.86
1331.29
1350.93
1359.43
1352.24
1351.98
1282.72
1230.85
1219.94
1194.34
1213.26
1197.42
1197.74
1216.6
1224.28
1259.24
1279.38
1323.01
1360.4
1404.8
1461.89
1517.26
1596.12
1685.14
1799.87
1914.75
274
274
274
274
274
274
274
274
274
274
274
274
274
274
274
274
274
274
274
274
274
274
274
274
274
274
274
274
274
274
274
274
274
274
274
274
274
274
274
274
274
274
274
274
274
274
274
274
274
274
274
274
274
274
274
274.002
274.081
276.825
360.784
746.559
900.842
914.609
924.387
942.847
973.608
1019.41
1078.31
1154.46
1246.56
1350.49
1456.19
1555.49
1658.39
1767.79
1877.5
1945.95
1975.25
1993.6
2029.38
2045.94
2045.47
1924.71
1731.19
1516.28
1421.36
1389.01
1373.21
1364.49
1362.2
1359.25
1347.21
1366.57
1372.28
1366.92
1388.88
1397.29
1381.11
1370.84
1397.38
1389.1
1367.46
1403.45
1423.84
1403.4
1400.21
1397.28
1352.55
1268.87
1282.84
1240.33
1266.01
1238.35
1259.1
1255.22
1278.34
1310.74
1342.76
1394.47
1437.76
1508.79
1569.99
1656.47
1726.74
1801.35
1851.12
274
274
274
274
274
274
274
274
274
274
274
274
274
274
274
274
274
274
274
274
274
274
274
274
274
274
274
274
274
274
274
274
274
274
274
274
274
274
274
274
274
274
274
274
274
274
274
274
274
274
274
274
274
274
274
274.004
274.153
279.078
410.049
795.204
903.074
916.883
930.555
953.113
987.1
1034.4
1094.2
1171.28
1266.31
1373.73
1481.36
1580.25
1676.87
1776.98
1877.98
1948.9
1980.06
1997.66
2019.52
2025.6
2022.43
1851.9
1682.26
1504.84
1434.55
1407.87
1394.89
1389.61
1385.55
1376.71
1371.88
1371.85
1371.14
1353.02
1372.21
1395.45
1398.48
1406.78
1422.54
1414.67
1408.95
1446.67
1467.35
1453.14
1466.36
1463.93
1444.94
1430.04
1356.6
1351.82
1322.16
1335.54
1317.2
1327.42
1332.57
1360.28
1403.4
1440.26
1505.9
1554.36
1629.12
1668.82
1738.39
1775.9
1835.74
274
274
274
274
274
274
274
274
274
274
274
274
274
274
274
274
274
274
274
274
274
274
274
274
274
274
274
274
274
274
274
274
274
274
274
274
274
274
274
274
274
274
274
274
274
274
274
274
274
274
274
274
274
274
274
274.007
274.283
282.946
466.825
836.754
907.76
917.054
930.208
953.512
988.37
1036.18
1097.05
1176.51
1275.52
1387.24
1498.78
1600.92
1696.81
1792.59
1884.59
1949.53
1978.2
1993.51
2016.75
2028.1
2031.08
1841.12
1702.23
1542.14
1480.93
1456.08
1434.21
1421.37
1417.6
1414.12
1407.94
1417.51
1418.24
1412.8
1443.83
1451.44
1441.65
1451.15
1460.94
1460.58
1475.63
1497.38
1507.2
1509.23
1534.65
1543.83
1539.92
1516.86
1500.61
1438.73
1433.43
1404.44
1415.33
1393.32
1422.08
1439.35
1489.77
1531.19
1575.82
1617.44
1673.82
1707.53
1765.98
1795.9
1855.54
274
274
274
274
274
274
274
274
274
274
274
274
274
274
274
274
274
274
274
274
274
274
274
274
274
274
274
274
274
274
274
274
274
274
274
274
274
274
274
274
274
274
274
274
274
274
274
274
274
274
274
274
274
274
274
274.011
274.458
287.929
514.84
858.495
907.908
919.072
936.654
963.721
999.758
1046.62
1106.86
1187.6
1289.35
1401.71
1512.67
1615.69
1712.27
1805.99
1891.32
1952.17
1981.34
2000.67
2026.16
2035.77
2032.84
1795.49
1629.74
1489.56
1448.76
1436.1
1433.26
1431.69
1427.22
1422.91
1424.64
1429.02
1425.62
1429.33
1466.55
1482.83
1481.89
1493.13
1519.29
1530.78
1538.39
1551.5
1564.9
1573.11
1589.15
1607.9
1630.14
1636.06
1623.31
1591.08
1541.63
1522.36
1496.43
1507.65
1487.52
1517.43
1533.07
1583.89
1616.02
1664.37
1706.63
1754.77
1796.57
1829.61
1858.15
274
274
274
274
274
274
274
274
274
274
274
274
274
274
274
274
274
274
274
274
274
274
274
274
274
274
274
274
274
274
274
274
274
274
274
274
274
274
274
274
274
274
274
274
274
274
274
274
274
274
274
274
274
274
274.001
274.018
274.709
295.146
569.405
876.441
910.169
920.426
938.626
965.444
1000.55
1046.51
1107.59
1191.03
1295.91
1410.38
1523.42
1629.12
1727.19
1818.32
1897.46
1948.09
1971.08
1988.57
2013.51
2023.42
2016.03
1788.4
1643.07
1496.95
1448.36
1430.04
1423.7
1419.71
1418.07
1417.52
1419.7
1435.5
1437.61
1448.12
1484.84
1507.31
1511.68
1529.9
1550.4
1565.26
1591.11
1602.94
1620.46
1637.81
1651.85
1671.73
1701.16
1725.55
1738.15
1754.1
1712.83
1679.45
1631.43
1637.28
1619.09
1627.64
1631.01
1662.38
1698.43
1746.42
1781.07
1829.85
1861.03
1895.91
1931.31
274
274
274
274
274
274
274
274
274
274
274
274
274
274
274
274
274
274
274
274
274
274
274
274
274
274
274
274
274
274
274
274
274
274
274
274
274
274
274
274
274
274
274
274
274
274
274
274
274
274
274
274
274
274
274.001
274.026
274.993
303.614
614.712
883.554
910.035
921.53
942.446
971.361
1007.37
1053.24
1114.55
1199.08
1304.65
1418.28
1529.8
1635.92
1734.37
1822.51
1895.62
1942.07
1964.12
1984.43
2016.88
2030.32
2019.95
1803.54
1652.27
1512.42
1468.68
1449.81
1440.14
1435.68
1433.45
1428.86
1423.08
1451.54
1469.66
1479.37
1508.11
1529.94
1536.67
1554.47
1577.73
1598.96
1625.66
1646.64
1669.04
1695.04
1717.34
1744.04
1773.34
1800.69
1834.53
1863.47
1877.09
1877.02
1851.39
1798.67
1777.53
1761.74
1773.46
1778.71
1803.6
1829.76
1866.65
1897.79
1928.39
1959.97
2002.09
274
274
274
274
274
274
274
274
274
274
274
274
274
274
274
274
274
274
274
274
274
274
274
274
274
274
274
274
274
274
274
274
274
274
274
274
274
274
274
274
274
274
274
274
274
274
274
274
274
274
274
274
274
274
274.001
274.037
275.351
315.356
657.591
890.97
911.729
923.624
945.797
975.355
1011.36
1057.55
1121.32
1208.62
1315.25
1427.23
1535.03
1638.52
1734.72
1819.63
1889.81
1937.75
1961.91
1986.41
2026
2041.45
2025.24
1810.55
1660.27
1521.28
1477.4
1457.12
1444.44
1438.55
1436.72
1435.79
1432.27
1465.14
1480.07
1490.95
1517.98
1540.56
1548.83
1568.96
1593.46
1613
1640.23
1666.15
1695.72
1724.76
1747.57
1779.83
1814.56
1842.67
1877.56
1917.44
1958.14
1993.1
2019.88
2022.39
1990.34
1932.05
1912.8
1893.62
1908.31
1907.29
1930.74
1943.52
1971.49
1987.7
2016.25
274
274
274
274
274
274
274
274
274
274
274
274
274
274
274
274
274
274
274
274
274
274
274
274
274
274
274
274
274
274
274
274
274
274
274
274
274
274
274
274
274
274
274
274
274
274
274
274
274
274
274
274
274
274
274.001
274.047
275.702
326.944
687.691
895.498
911.784
923.629
947.261
978.813
1017.54
1067.44
1136.59
1226.5
1332.77
1439.56
1539.49
1636.47
1729.45
1813.98
1885.36
1929.12
1949.65
1972.34
2005.96
2018.86
1999.97
1790.58
1638.09
1512.13
1472.71
1456.74
1449.75
1446.51
1444.47
1443.62
1450.19
1473.55
1489.91
1501.6
1526.5
1550.04
1562.87
1585.92
1609.85
1634.08
1663.31
1690.02
1716.63
1747.95
1778.22
1807.88
1841.78
1871.6
1898.5
1933.83
1973.15
2018.43
2066.1
2110.01
2119.96
2138.94
2038.83
2029.13
1976.17
1967.86
1965.98
1967.75
1977.09
2001.53
1970.17
274
274
274
274
274
274
274
274
274
274
274
274
274
274
274
274
274
274
274
274
274
274
274
274
274
274
274
274
274
274
274
274
274
274
274
274
274
274
274
274
274
274
274
274
274
274
274
274
274
274
274
274
274
274
274.002
274.058
276.07
338.394
712.489
901.94
913.83
925.314
951.439
987.551
1032.3
1088.76
1163.76
1255.91
1358.75
1455.48
1541.79
1627.48
1716.48
1802.89
1877.38
1917.78
1936.01
1960.64
2003.09
2021.24
2006.21
1804.39
1657.39
1528.23
1484.6
1464.54
1455.24
1451.12
1450.22
1454.59
1459.03
1476.81
1494.94
1508.73
1530.67
1548.73
1570.74
1596.51
1622.03
1650.02
1677.78
1704.52
1733.41
1766.41
1799.33
1833.37
1868.98
1903.73
1937.78
1973.07
2008.92
2047.74
2093.31
2146.85
2182.2
2207.91
2211.82
2220.63
2122.82
2076.23
2040.78
2018.35
1992.1
1966.57
1832.48
274
274
274
274
274
274
274
274
274
274
274
274
274
274
274
274
274
274
274
274
274
274
274
274
274
274
274
274
274
274
274
274
274
274
274
274
274
274
274
274
274
274
274
274
274
274
274
274
274
274
274
274
274
274
274.002
274.066
276.309
345.298
724.775
904.689
915.141
926.52
953.789
993.158
1042.65
1104.15
1183.31
1277.81
1378.4
1467.17
1542.49
1618.85
1705.15
1793.94
1871.46
1910.53
1926.97
1953.56
2000
2022.92
2013.73
1806.51
1645.95
1523.62
1482.22
1465.68
1459.09
1455.9
1454.62
1458.53
1462.25
1481.3
1496.53
1506.96
1527.23
1547.02
1565.32
1587.37
1611.5
1639.53
1669.43
1701.06
1731.79
1762.86
1795.37
1827.61
1867.34
1906.33
1944.3
1984.28
2019.15
2051.12
2084.38
2122.44
2161.32
2202.67
2221.48
2244.45
2233.02
2228.66
2119.1
2097.87
1896.42
1796.12
1702.48
274
274
274
274
274
274
274
274
274
274
274
274
274
274
274
274
274
274
274
274
274
274
274
274
274
274
274
274
274
274
274
274
274
274
274
274
274
274
274
274
274
274
274
274
274
274
274
274
274
274
274
274
274
274
274.002
274.069
276.423
348.455
729.983
905.875
916.155
927.716
955.263
995.551
1046.57
1110.05
1191.31
1286.1
1385.1
1470.43
1541.09
1614.33
1700.36
1791.39
1868.01
1903.25
1919.39
1947.55
1997.24
2032.25
2035.15
1835.92
1679.89
1536.67
1496.08
1480.51
1474.27
1471.73
1470.89
1472.29
1482.74
1497.94
1512.2
1526.85
1543.44
1571.92
1595.78
1618.01
1642.09
1666.71
1692.38
1719.31
1750.83
1785.3
1818.66
1852.87
1890.36
1927.53
1965.87
2008.61
2049.43
2083.48
2112.39
2133.41
2151.39
2181.28
2228.48
2285.89
2311.46
2320.8
2338.28
2099.68
1862.09
1763.97
1707.87
274
274
274
274
274
274
274
274
274
274
274
274
274
274
274
274
274
274
274
274
274
274
274
274
274
274
274
274
274
274
274
274
274
274
274
274
274
274
274
274
274
274
274
274
274
274
274
274
274
274
274
274
274
274
274.002
274.066
276.317
345.261
724.295
905.055
915.94
927.028
953.734
993.226
1043.04
1104.42
1184.08
1279.35
1377.42
1465.02
1538.64
1616.01
1702.97
1793.56
1869.58
1905.7
1922.76
1952.07
2001.78
2028.68
2022.16
1806
1648.02
1523.56
1485.33
1468.32
1460.27
1456.27
1454.43
1454.38
1462.25
1479.51
1490.96
1504.81
1524.87
1544.86
1566.11
1586.9
1612.14
1642.12
1672
1701.37
1732.52
1764.2
1795.07
1828.06
1865.87
1905.72
1944.93
1984.09
2018.87
2048.72
2082.53
2120.77
2159.7
2203.89
2223.68
2243.08
2251.57
2214.41
2116.67
2084.5
1900.95
1783.9
1705.64
274
274
274
274
274
274
274
274
274
274
274
274
274
274
274
274
274
274
274
274
274
274
274
274
274
274
274
274
274
274
274
274
274
274
274
274
274
274
274
274
274
274
274
274
274
274
274
274
274
274
274
274
274
274
274.002
274.059
276.09
338.507
711.687
903.012
915.579
925.93
950.883
987.633
1033.62
1089.6
1163.16
1255.62
1356.44
1452.08
1536.9
1622.62
1712.01
1800.05
1873.32
1910.11
1927.58
1956.28
2000.98
2023.82
2016.53
1805.15
1658.89
1527.96
1485.57
1465.94
1455.46
1450.05
1448.15
1448.86
1448.19
1474.57
1494.04
1502.83
1524.01
1547.58
1564.19
1588.95
1616.29
1645.65
1676.12
1704.79
1734
1766.91
1799.2
1831.78
1868.53
1905.27
1938.3
1973.38
2009.32
2047.68
2095.91
2153.11
2185.79
2204.86
2226.9
2227.57
2126.5
2061.76
2040.73
2001.71
1979.29
1950.32
1823.1
274
274
274
274
274
274
274
274
274
274
274
274
274
274
274
274
274
274
274
274
274
274
274
274
274
274
274
274
274
274
274
274
274
274
274
274
274
274
274
274
274
274
274
274
274
274
274
274
274
274
274
274
274
274
274.001
274.049
275.736
327.46
687.545
897.134
913.933
924.384
946.653
978.773
1019.02
1068.65
1135.59
1225.14
1330.35
1436.65
1535.63
1631.27
1724.41
1809.94
1880
1922.6
1943.25
1968.68
2007.19
2022.24
2011.73
1795.4
1656.89
1527.03
1483.19
1463.49
1453.08
1447.15
1444.42
1443.94
1444.63
1469.62
1489.01
1499.21
1522.8
1549.31
1561.39
1584.45
1611.49
1637.22
1668.04
1695.35
1724.26
1756.19
1786.28
1816.3
1849.44
1880.21
1906.87
1942.68
1983.55
2027.62
2077.53
2126.85
2138.15
2161.8
2054.31
2036.45
1986.05
1970.26
1970.38
1970.45
1974.42
1996.53
1965.11
274
274
274
274
274
274
274
274
274
274
274
274
274
274
274
274
274
274
274
274
274
274
274
274
274
274
274
274
274
274
274
274
274
274
274
274
274
274
274
274
274
274
274
274
274
274
274
274
274
274
274
274
274
274
274.001
274.038
275.395
316.428
659.529
893.026
913.826
924.433
945.445
975.57
1013.26
1059.49
1121.82
1207.86
1313.53
1425.05
1532.23
1634.2
1729.72
1814.97
1884.58
1931.03
1955.33
1981.82
2025.46
2042.82
2036.87
1817.7
1672.42
1528.44
1479.65
1458.2
1448.1
1442.13
1438.31
1436.48
1432.67
1464.94
1480.43
1491.48
1516.94
1543.11
1552.06
1570.81
1597.68
1618.3
1646.65
1671.44
1698.58
1728.37
1753.13
1783.5
1817.13
1844.82
1879.1
1918.15
1956.86
1997.8
2031.05
2030.18
2012.72
1941.53
1923.01
1898.01
1917.3
1911.81
1933.17
1943.03
1969.79
1984.78
2015.8
274
274
274
274
274
274
274
274
274
274
274
274
274
274
274
274
274
274
274
274
274
274
274
274
274
274
274
274
274
274
274
274
274
274
274
274
274
274
274
274
274
274
274
274
274
274
274
274
274
274
274
274
274
274
274.001
274.027
275.035
304.833
619.901
886.079
912.019
922.323
941.954
970.844
1008.16
1054.4
1115.36
1198.71
1302.74
1415.95
1527.27
1632.41
1729.57
1817.03
1889.76
1936.02
1958.32
1981.02
2015.07
2028.12
2022.56
1803.91
1661.78
1523.44
1476.42
1456.81
1445.46
1437.09
1432.88
1427.87
1422.75
1455.26
1472.56
1482.02
1509.38
1535.16
1541.51
1558.58
1584.04
1606.36
1630.39
1652.44
1675.79
1701.32
1722.5
1748.74
1778.43
1806.12
1840.74
1871.33
1889.32
1902.99
1869.4
1810.15
1792.99
1773.18
1784.19
1787.64
1810.73
1837.11
1871.77
1898.13
1929.07
1957.68
1996.3
274
274
274
274
274
274
274
274
274
274
274
274
274
274
274
274
274
274
274
274
274
274
274
274
274
274
274
274
274
274
274
274
274
274
274
274
274
274
274
274
274
274
274
274
274
274
274
274
274
274
274
274
274
274
274.001
274.019
274.745
296.204
576.56
879.519
912.043
921.319
938.526
965.031
1001.05
1047.47
1108.6
1191.05
1293.51
1407.01
1520
1625.55
1722.5
1812.37
1890.69
1941.75
1965.43
1984.74
2010.14
2019.41
2014.83
1790.14
1658.3
1514.29
1459.09
1436.63
1426.66
1419.51
1416.71
1412.65
1413.87
1436.36
1443.3
1454.41
1491.03
1514.87
1518.35
1531.2
1552.16
1572.75
1591.98
1606.02
1621.68
1643.01
1654.51
1677.55
1709.2
1736.38
1754.84
1773.87
1737.88
1699.3
1639.19
1651.47
1629.61
1643.73
1638
1672.66
1704.7
1753.31
1785.98
1834.38
1866.06
1899.63
1931.23
274
274
274
274
274
274
274
274
274
274
274
274
274
274
274
274
274
274
274
274
274
274
274
274
274
274
274
274
274
274
274
274
274
274
274
274
274
274
274
274
274
274
274
274
274
274
274
274
274
274
274
274
274
274
274
274.012
274.484
288.719
522.089
862.694
909.741
920.359
937.114
963.331
999.672
1047.17
1107.91
1188.16
1287.09
1397.88
1508.88
1612.38
1708.22
1800.22
1884.06
1945.57
1975.84
1996.45
2022.85
2031.91
2029.65
1804.14
1648.24
1502.74
1455.74
1439.3
1432.46
1426.36
1417.97
1415.85
1418.17
1423.83
1424.06
1433.42
1472.65
1485.81
1483.17
1495.42
1522.81
1533.14
1540.85
1563.65
1573.03
1583.65
1600.52
1620.42
1640.8
1648.8
1640.09
1614.83
1562.26
1534.06
1510.59
1514.98
1503.76
1523.96
1545.54
1586.73
1622.05
1669.51
1709.88
1755.08
1799.36
1830.06
1854.11
274
274
274
274
274
274
274
274
274
274
274
274
274
274
274
274
274
274
274
274
274
274
274
274
274
274
274
274
274
274
274
274
274
274
274
274
274
274
274
274
274
274
274
274
274
274
274
274
274
274
274
274
274
274
274
274.007
274.302
283.54
474.249
842.299
909.487
918.403
931.112
953.616
988.19
1036.28
1097.79
1177.37
1273.81
1383.67
1495.16
1598.06
1693.48
1786.92
1876.45
1942.87
1972.76
1989.54
2015.53
2028.22
2030.67
1851
1716.66
1550.92
1482.02
1454.77
1430.59
1418.58
1415.89
1411.65
1408.64
1419.83
1418.59
1414.46
1444.41
1452.68
1444.28
1445.62
1466.43
1469.32
1482.55
1507.15
1510.52
1512.87
1535.97
1549.79
1544.67
1531.53
1516.93
1458.06
1445.36
1410.56
1428.28
1405.61
1431.04
1449.44
1497.48
1539.92
1582.58
1622.98
1678.29
1710.32
1770.62
1800.23
1855.94
274
274
274
274
274
274
274
274
274
274
274
274
274
274
274
274
274
274
274
274
274
274
274
274
274
274
274
274
274
274
274
274
274
274
274
274
274
274
274
274
274
274
274
274
274
274
274
274
274
274
274
274
274
274
274
274.004
274.165
279.458
417.379
802.448
905.014
918.516
931.811
953.335
986.613
1033.8
1094.04
1172.06
1264.71
1371.19
1478.41
1577.87
1674.34
1771.7
1869.55
1942.82
1975.71
1994.26
2017.09
2023.47
2019.83
1851.83
1683.57
1506.36
1433.22
1407.17
1394.99
1390.53
1385.48
1376.99
1373.07
1371.34
1368
1349.45
1372.35
1394.82
1398.68
1401.95
1416.62
1414.57
1413.03
1450.47
1471.26
1458.35
1477.8
1478.1
1464.03
1446.58
1386.17
1370.96
1340.26
1352.6
1335.61
1341.67
1351.27
1371.79
1418.66
1454.15
1522
1567.52
1641.35
1682.25
1753.58
1788.85
1849.45
274
274
274
274
274
274
274
274
274
274
274
274
274
274
274
274
274
274
274
274
274
274
274
274
274
274
274
274
274
274
274
274
274
274
274
274
274
274
274
274
274
274
274
274
274
274
274
274
274
274
274
274
274
274
274
274.002
274.088
277.058
367.254
755.988
903.319
916.559
925.955
943.427
973.18
1018.27
1078.07
1156.21
1246.27
1348.17
1453.39
1553.46
1656.84
1763.46
1870.33
1941.15
1971.8
1991.02
2028.97
2046.57
2045.96
1926.18
1735.51
1515.16
1418.58
1387.53
1372
1364.97
1364.71
1359.93
1353.06
1369.32
1372.78
1362.95
1390.04
1398.79
1380.48
1376.71
1394.17
1383.89
1369.12
1415
1435.65
1419.27
1421.35
1412.78
1361.37
1308.55
1295.38
1262.77
1272.76
1254.06
1265.46
1269.37
1283.92
1319.79
1348.9
1403.08
1442.31
1513.55
1573.85
1658.38
1728.93
1803.59
1853.75
274
274
274
274
274
274
274
274
274
274
274
274
274
274
274
274
274
274
274
274
274
274
274
274
274
274
274
274
274
274
274
274
274
274
274
274
274
274
274
274
274
274
274
274
274
274
274
274
274
274
274
274
274
274
274
274.001
274.041
275.52
322.031
677.951
893.072
915.702
927.058
944.511
972.288
1013.06
1069.07
1139.57
1219.48
1310.5
1412.39
1519.78
1636.89
1760.97
1876.43
1934.87
1959.5
1981.63
2021.5
2033.41
2027.44
1889.33
1668
1482.23
1410
1383.97
1377.08
1376.34
1370.21
1352.6
1340.66
1335.73
1318.23
1310.82
1312.4
1311.8
1309.26
1308.81
1337.97
1337.56
1333.43
1363.62
1369.78
1358.06
1355.43
1295.26
1248.99
1235.6
1203.84
1215.75
1202.91
1210.01
1225.05
1231.91
1264.26
1284.66
1325.34
1363.73
1402.44
1459.22
1511.97
1587.57
1677.01
1789.92
1903.64
274
274
274
274
274
274
274
274
274
274
274
274
274
274
274
274
274
274
274
274
274
274
274
274
274
274
274
274
274
274
274
274
274
274
274
274
274
274
274
274
274
274
274
274
274
274
274
274
274
274
274
274
274
274
274
274.001
274.019
274.786
298.245
593.805
881.551
912.846
922.785
936.991
961.869
999.051
1051.18
1118.01
1193.33
1279.85
1380.38
1494.28
1621.38
1759.87
1879.02
1929.34
1948.76
1966.01
2007.52
2029.3
2032.99
1930.36
1712.71
1507.79
1398.14
1359
1330
1301.99
1292.12
1286.32
1282.8
1275.66
1272.48
1272.18
1275.47
1276.19
1284.62
1299.91
1329.81
1346.36
1330.13
1338.86
1332.7
1325.91
1261.59
1195.83
1200.49
1148.5
1167.98
1163.93
1154.53
1174.07
1177.77
1196.81
1212.06
1222.22
1246.74
1256.71
1283.59
1317.89
1382.77
1489.24
1640.69
1797.54
2019.88
274
274
274
274
274
274
274
274
274
274
274
274
274
274
274
274
274
274
274
274
274
274
274
274
274
274
274
274
274
274
274
274
274
274
274
274
274
274
274
274
274
274
274
274
274
274
274
274
274
274
274
274
274
274
274
274
274.009
274.388
286.32
504.683
853.491
908.016
923.119
938.049
958.331
987.115
1030.35
1092.13
1166.78
1253.92
1356.21
1474.04
1607.5
1753.89
1878.76
1929.57
1948.42
1964.27
2001.46
2019.06
2023.43
1940.52
1726.39
1507.74
1384.2
1336.5
1307.59
1288.51
1283.91
1280.75
1272.52
1261.1
1255.33
1247.32
1235.25
1247.26
1273.98
1281.57
1295.89
1294.42
1281.93
1278.21
1274.97
1260.08
1147.44
1177.79
1111.86
1092.07
1111.57
1100.94
1119.8
1136.85
1143.47
1149.51
1152.33
1157.66
1168.34
1191.33
1240.38
1323.48
1444.77
1596.31
1725.97
1873.87
2000.77
274
274
274
274
274
274
274
274
274
274
274
274
274
274
274
274
274
274
274
274
274
274
274
274
274
274
274
274
274
274
274
274
274
274
274
274
274
274
274
274
274
274
274
274
274
274
274
274
274
274
274
274
274
274
274
274
274.005
274.214
281.138
446.793
820.615
899.987
916.874
934.054
955.715
984.374
1021.33
1077.96
1148.57
1233.58
1336.56
1457.88
1595.95
1747.78
1878.07
1930.82
1949.65
1963.69
1999.87
2021.67
2027.31
1961.52
1729.37
1494.59
1345.48
1298.8
1272.18
1255.4
1249.15
1239.25
1227.46
1214.29
1208.89
1208
1211.91
1234.44
1257.18
1260.83
1266.64
1261.32
1245.95
1240.87
1238.67
1189.58
1132.2
1131.15
1064.24
1080.53
1087.9
1084.76
1098.69
1100.79
1096.06
1092.95
1090.9
1104.28
1130.49
1167.57
1232.91
1317.46
1433.57
1556.77
1616.18
1714.83
1956.52
274
274
274
274
274
274
274
274
274
274
274
274
274
274
274
274
274
274
274
274
274
274
274
274
274
274
274
274
274
274
274
274
274
274
274
274
274
274
274
274
274
274
274
274
274
274
274
274
274
274
274
274
274
274
274
274
274.002
274.068
276.505
355.068
741.539
895.897
911.941
924.222
943.346
970.567
1005.83
1053.05
1116.11
1193.78
1292.26
1414.74
1559.61
1720.97
1866.66
1928.48
1949.29
1960.23
1990.73
2018.11
2030.67
2003.86
1751.99
1528.64
1360.74
1299.65
1269.43
1243.86
1223.79
1209
1189.99
1183.52
1183.27
1190.82
1193.1
1194.61
1208.77
1199.59
1184.45
1177.82
1175.13
1177.9
1151.28
1060.3
1052.78
1014.82
995.631
1002.27
987.132
982.21
979.376
976.829
978.411
986.713
1004.87
1042.98
1084.43
1109.67
1131.65
1167.74
1226.18
1303.14
1467.24
1654.06
1741.18
274
274
274
274
274
274
274
274
274
274
274
274
274
274
274
274
274
274
274
274
274
274
274
274
274
274
274
274
274
274
274
274
274
274
274
274
274
274
274
274
274
274
274
274
274
274
274
274
274
274
274
274
274
274
274
274
274
274.012
274.558
292.145
560.871
876.301
910.079
918.459
931.447
952.652
983.99
1022.68
1077.56
1147.57
1235.26
1346
1486.22
1651.85
1821.67
1915.45
1947.78
1962.82
1992.87
2003.16
2002.48
1985.31
1686.21
1443.67
1242.19
1174.34
1144.33
1133.22
1131.54
1131.97
1138.78
1150.72
1148.17
1136.62
1140.51
1137.4
1137.12
1134.78
1140.93
1148.82
1132.15
1101.56
955.645
997.213
954.661
943.485
937.072
937.115
938.783
948.272
951.251
964.188
973.146
992.619
1003.26
1008.07
1011.56
1044.4
1123.63
1241.6
1448.79
1564.09
1572.59
1379.17
1302.74
274
274
274
274
274
274
274
274
274
274
274
274
274
274
274
274
274
274
274
274
274
274
274
274
274
274
274
274
274
274
274
274
274
274
274
274
274
274
274
274
274
274
274
274
274
274
274
274
274
274
274
274
274
274
274
274
274
274.002
274.103
277.819
391.849
785.982
904.233
917.578
927.793
942.862
966.087
1000.52
1048.16
1117.66
1205.59
1307.22
1427.04
1566.92
1720.84
1864.83
1932.39
1956.55
1977.09
2001.14
2007.75
1997.74
1818.01
1580.65
1345.03
1237.2
1201.68
1178.16
1158.05
1136.58
1120.65
1120.62
1123.46
1122.2
1120.03
1103.52
1106.92
1123.73
1127.22
1084.01
1064.81
943.865
941.746
928.577
901.181
908.856
910.277
916.214
920.014
920.263
937.067
955.018
973.856
990.898
1009.12
1026.74
1093.5
1245.18
1424.82
1515.13
1545.85
1483.8
1438.64
1323.52
959.795
274
274
274
274
274
274
274
274
274
274
274
274
274
274
274
274
274
274
274
274
274
274
274
274
274
274
274
274
274
274
274
274
274
274
274
274
274
274
274
274
274
274
274
274
274
274
274
274
274
274
274
274
274
274
274
274
274
274
274.017
274.76
299.203
607.708
886.487
915.608
925.707
937.63
954.085
978.364
1012.88
1070.36
1148.84
1245
1357.32
1485.73
1631.98
1791.82
1903.93
1944.8
1961.63
1988.6
2002.12
2002.11
1948.42
1664.22
1430.88
1251.48
1198.16
1170.35
1149.26
1143.87
1150.46
1150.23
1129.21
1117.82
1113.41
1121.4
1124.1
1125.48
1065.69
1024.83
922.86
916.929
903.195
879.764
900.301
904.115
900.981
910.471
914.449
924.46
940.318
953.31
975.408
1000.73
1039.04
1137.73
1316.54
1406.84
1471.43
1497.59
1475.95
1409.85
1433.88
1221.17
1096.16
274
274
274
274
274
274
274
274
274
274
274
274
274
274
274
274
274
274
274
274
274
274
274
274
274
274
274
274
274
274
274
274
274
274
274
274
274
274
274
274
274
274
274
274
274
274
274
274
274
274
274
274
274
274
274
274
274
274
274.003
274.125
278.687
413.108
805.218
905.817
920.7
933.252
947.629
965.862
990.143
1031.1
1092.25
1175.87
1280.5
1408.07
1562.76
1744.94
1877.17
1917.09
1937.16
1962.29
1986.24
1988.32
1974.09
1722.16
1505.51
1230.24
1108.75
1078.79
1069.09
1068.76
1063.89
1064.53
1070.6
1070.92
1067.99
1080.01
1073.71
1063.09
959.182
895.001
871.909
844.898
839.086
853.495
860.18
868.118
882.081
891.327
898.33
906.846
908.294
914.883
948.635
1004.39
1121.89
1280.25
1369.98
1418.87
1440.17
1438.28
1415.62
1431.16
1417.49
1286.16
1086.7
274
274
274
274
274
274
274
274
274
274
274
274
274
274
274
274
274
274
274
274
274
274
274
274
274
274
274
274
274
274
274
274
274
274
274
274
274
274
274
274
274
274
274
274
274
274
274
274
274
274
274
274
274
274
274
274
274
274
274
274.015
274.71
298.359
607.43
880.769
909.574
923.703
939.094
956.79
978.098
1007.22
1049.8
1114.03
1203.58
1323.3
1481.49
1679.93
1854.96
1914.01
1927.69
1944.34
1966.37
1977.11
1974.81
1906.67
1611.7
1388.82
1233.19
1210.66
1224.32
1199.63
1214.67
1224.04
1200.54
1151.11
1127.27
1078.84
1056.47
970.534
937.825
899.207
900.24
889.335
903.799
909.635
895.305
896.936
883.355
887.578
891.08
910.916
944.135
1009.29
1136.91
1256.37
1357.02
1395.26
1406.31
1416.72
1403.22
1384.24
1401.76
1462.58
1429.05
1287.38
1017.53
274
274
274
274
274
274
274
274
274
274
274
274
274
274
274
274
274
274
274
274
274
274
274
274
274
274
274
274
274
274
274
274
274
274
274
274
274
274
274
274
274
274
274
274
274
274
274
274
274
274
274
274
274
274
274
274
274
274
274
274.002
274.082
277.283
382.648
776.41
893.424
910.049
925.854
944.869
966.592
991.834
1024.56
1071.45
1141
1242.54
1390.03
1595.42
1819.84
1908.07
1923.89
1931.83
1949.67
1958.06
1957.86
1936.01
1886.12
1711.7
1506.64
1350.4
1315
1303.25
1276.7
1276.11
1258.11
1212.65
1137.1
1007.31
979.13
972.292
901.774
870.583
856.646
842.831
845.807
841.281
831.971
850.928
864.933
897.703
936.277
1002.76
1097.69
1226.13
1312.85
1372.22
1401.35
1409.6
1414.33
1414.69
1404.83
1401.33
1462.36
1432.45
1324.81
1144.66
863.782
274
274
274
274
274
274
274
274
274
274
274
274
274
274
274
274
274
274
274
274
274
274
274
274
274
274
274
274
274
274
274
274
274
274
274
274
274
274
274
274
274
274
274
274
274
274
274
274
274
274
274
274
274
274
274
274
274
274
274
274
274.007
274.365
286.84
521.22
857.455
898.217
912.041
928.468
950.354
975.637
1004.7
1041.42
1094.95
1177.49
1304.34
1493.74
1743.4
1889.14
1915.97
1920.7
1924.08
1926.74
1933.18
1934.97
1936.77
1865.27
1654.25
1455.8
1358.91
1315.8
1348.24
1383.98
1393.96
1365.07
1343
1311.39
1108.57
1049.2
994.631
970.11
970.24
962.612
962.366
956.053
955.395
984.74
1013.56
1072.68
1172.23
1307.87
1411.62
1453.95
1463.78
1432.93
1421.96
1435.99
1447.89
1449.78
1480.83
1479.71
1446.5
1325.27
1154.19
930.171
726.017
274
274
274
274
274
274
274
274
274
274
274
274
274
274
274
274
274
274
274
274
274
274
274
274
274
274
274
274
274
274
274
274
274
274
274
274
274
274
274
274
274
274
274
274
274
274
274
274
274
274
274
274
274
274
274
274
274
274
274
274
274.001
274.028
275.26
319.019
681.03
883.956
901.766
913.49
931.234
955.421
984.072
1018.11
1061.62
1124.8
1224.09
1381.83
1617.44
1836.05
1890.17
1893.64
1896.43
1906.23
1909.91
1904.35
1892.15
1817.26
1634.67
1481.65
1442.7
1447.96
1541.88
1659.91
1703.64
1748.17
1737.31
1529.56
1297.91
1214.32
1202.47
1178.95
1174.53
1211.54
1229.29
1286.55
1325.94
1415.36
1485.94
1566.94
1600.95
1601.68
1555.98
1508.96
1482.91
1480.94
1517.13
1529.6
1545.35
1563.07
1527.07
1445.63
1310.86
1117.78
910.918
741.006
609.94
274
274
274
274
274
274
274
274
274
274
274
274
274
274
274
274
274
274
274
274
274
274
274
274
274
274
274
274
274
274
274
274
274
274
274
274
274
274
274
274
274
274
274
274
274
274
274
274
274
274
274
274
274
274
274
274
274
274
274
274
274
274.002
274.102
278.052
402.555
797.843
894.136
903.244
914.299
933.606
959.379
991.574
1031.47
1083.14
1157.77
1275.49
1458.97
1713.17
1847.86
1858.94
1847.74
1847.3
1851.79
1859.97
1845.28
1800.92
1684.09
1626.92
1590.87
1638.85
1761.41
1904.82
2035.72
2060.55
2053.88
2050.91
1929.7
1769.24
1651.12
1587.77
1575.93
1578.3
1556.84
1565.5
1583.62
1602.52
1627.1
1634.62
1619.66
1620.87
1616.91
1631.11
1658.05
1662.37
1650.74
1632.62
1604.75
1522.04
1414.18
1257.64
1075.53
880.73
716.397
609.855
526.092
274
274
274
274
274
274
274
274
274
274
274
274
274
274
274
274
274
274
274
274
274
274
274
274
274
274
274
274
274
274
274
274
274
274
274
274
274
274
274
274
274
274
274
274
274
274
274
274
274
274
274
274
274
274
274
274
274
274
274
274
274
274
274.006
274.31
285.459
513.082
863.665
899.126
903.92
915.147
934.82
961.507
996.243
1040.43
1098.91
1183.79
1313.71
1510.08
1747.29
1836.16
1836.83
1813.48
1799.34
1802.49
1835.67
1846.28
1812.87
1830.79
1817.45
1840.61
1948.41
2029.07
2110.57
2130.9
2113.46
2029.23
2000.98
2002.41
2000.73
2007.44
2010.8
2031.32
2036.66
2022.85
2007.21
1983.1
1952.3
1920
1897.66
1850.68
1804.5
1747.1
1718.73
1692.31
1645.02
1547.53
1460.32
1327.71
1178.18
993.716
849.632
723.578
618.734
535.668
469.948
274
274
274
274
274
274
274
274
274
274
274
274
274
274
274
274
274
274
274
274
274
274
274
274
274
274
274
274
274
274
274
274
274
274
274
274
274
274
274
274
274
274
274
274
274
274
274
274
274
274
274
274
274
274
274
274
274
274
274
274
274
274
274
274.015
274.763
302.077
632.079
888.779
901.246
904.355
915.367
934.209
961.116
996.958
1043.27
1106.3
1195.74
1328.62
1520.31
1746.37
1838.83
1851.36
1847.62
1844.59
1858.24
1857.26
1837.26
1899.67
1897.23
1936.73
2016.21
2106.87
2157.83
2172.74
2159.23
2099.41
2062.18
2062.29
2073.28
2079.89
2080.37
2082.64
2087.15
2082.82
2069.52
2049.52
2022.63
1984.7
1938.53
1876.52
1809.33
1733.77
1662.13
1567.89
1466.7
1321.41
1194.96
1042.17
924.827
801.985
707.117
615.128
536.44
475.572
426.677
274
274
274
274
274
274
274
274
274
274
274
274
274
274
274
274
274
274
274
274
274
274
274
274
274
274
274
274
274
274
274
274
274
274
274
274
274
274
274
274
274
274
274
274
274
274
274
274
274
274
274
274
274
274
274
274
274
274
274
274
274
274
274
274.001
274.036
275.612
334.393
724.414
896.324
901.211
903.825
914.038
931.625
957.466
992.372
1037.72
1099.94
1186.74
1312.61
1496.65
1731.61
1839.57
1865.38
1872.4
1858.96
1838.24
1833.54
1852.56
1883.58
1924.27
1992.18
2073.26
2127.65
2144.77
2135.62
2096.26
2041.48
2017.79
2010.95
2006.72
2001.89
1996.75
1995.43
1988.65
1970.85
1943.68
1905.94
1854.88
1795.97
1737.23
1664.57
1566
1464.71
1353.59
1251.78
1129.81
1017.94
902.194
807.106
708.469
629.558
555.728
492.176
443.726
402.525
274
274
274
274
274
274
274
274
274
274
274
274
274
274
274
274
274
274
274
274
274
274
274
274
274
274
274
274
274
274
274
274
274
274
274
274
274
274
274
274
274
274
274
274
274
274
274
274
274
274
274
274
274
274
274
274
274
274
274
274
274
274
274
274
274.001
274.071
276.954
376.716
780.303
897.576
899.488
901.655
910.598
926.488
949.532
981.155
1023.94
1080.02
1157.38
1270.34
1437.38
1666.19
1817.06
1852.3
1848.33
1819.5
1795.94
1776.79
1809.51
1844.87
1887.89
1914.13
1921.55
1917.58
1916.74
1903.86
1864.78
1819.83
1788
1761.67
1742.57
1725.78
1710.02
1693.24
1673.39
1649.71
1624.28
1599.47
1575.01
1534.48
1472.35
1396.79
1321.91
1231.76
1129.6
1016.29
908.393
801.192
717.444
634.914
569.289
510.964
460.037
420.478
387.481
274
274
274
274
274
274
274
274
274
274
274
274
274
274
274
274
274
274
274
274
274
274
274
274
274
274
274
274
274
274
274
274
274
274
274
274
274
274
274
274
274
274
274
274
274
274
274
274
274
274
274
274
274
274
274
274
274
274
274
274
274
274
274
274
274
274.002
274.116
278.584
413.622
808.359
896.099
896.566
898.153
905.67
919.304
938.638
965.777
1001.98
1049.66
1113.41
1206.98
1344.49
1534.12
1714.33
1780.84
1782.87
1765.77
1747.15
1770.9
1772.24
1765.02
1762
1740.62
1718.15
1705.72
1695.95
1681.25
1658.61
1635.39
1607.85
1583
1562.69
1539.68
1514.48
1493.35
1475.04
1464.93
1460.97
1449.88
1425.38
1375.21
1301.61
1224.71
1131.1
1019.36
901.199
798.544
705.352
634.932
568.573
515.611
470.611
430.449
398.934
374.14
274
274
274
274
274
274
274
274
274
274
274
274
274
274
274
274
274
274
274
274
274
274
274
274
274
274
274
274
274
274
274
274
274
274
274
274
274
274
274
274
274
274
274
274
274
274
274
274
274
274
274
274
274
274
274
274
274
274
274
274
274
274
274
274
274
274
274.003
274.158
279.91
433.862
816.683
893.199
893.16
894.258
900.567
911.177
925.969
947.104
975.715
1012.72
1062.68
1131.31
1228.09
1351.58
1481.12
1587.19
1649.16
1673.16
1687.05
1695.15
1686.59
1675.13
1653.62
1640.59
1626.34
1609.06
1591.97
1575.11
1556.15
1532.28
1509.92
1492.33
1474.51
1457.23
1442.15
1429.85
1421.4
1407.28
1375.75
1331.69
1264.39
1180.11
1093.35
993.701
884.362
780.792
696.543
622.58
567.119
515.666
474.419
440.437
409.67
385.085
366.87
274
274
274
274
274
274
274
274
274
274
274
274
274
274
274
274
274
274
274
274
274
274
274
274
274
274
274
274
274
274
274
274
274
274
274
274
274
274
274
274
274
274
274
274
274
274
274
274
274
274
274
274
274
274
274
274
274
274
274
274
274
274
274
274
274
274
274
274.004
274.179
280.273
432.413
807.33
888.678
889.162
889.367
894.058
901.288
912.044
927.203
947.828
975.516
1008.53
1053.94
1110.96
1179.24
1249.75
1319.09
1380.9
1421.89
1454.16
1473.45
1483.06
1490.45
1496.74
1498.68
1493.99
1487.76
1482.45
1475.03
1463.05
1449.64
1437.24
1423.16
1406.72
1389.3
1370.36
1343.98
1301.08
1246.81
1184.03
1103.66
1015.52
930.24
841.54
753.443
674.999
612.535
557.302
515.43
476.645
445.232
419.376
395.992
378.241
364.207
274
274
274
274
274
274
274
274
274
274
274
274
274
274
274
274
274
274
274
274
274
274
274
274
274
274
274
274
274
274
274
274
274
274
274
274
274
274
274
274
274
274
274
274
274
274
274
274
274
274
274
274
274
274
274
274
274
274
274
274
274
274
274
274
274
274
274
274
274.005
274.173
279.472
409.061
777.895
881.711
883.587
882.444
884.98
889.528
896.673
907.042
921.646
938.295
958.299
983.167
1012.47
1043.76
1075.9
1106.1
1136.63
1162.52
1183.46
1204.2
1226.53
1243.84
1259.27
1269.82
1277.13
1285.68
1295.33
1304.81
1309.65
1308.92
1302.27
1287.07
1262.9
1228.05
1179.99
1124.65
1061.6
994.134
920.673
848.087
780.325
713.772
650.375
594.557
550.135
509.906
478.807
449.743
425.743
406.202
389.751
376.23
364.197
274
274
274
274
274
274
274
274
274
274
274
274
274
274
274
274
274
274
274
274
274
274
274
274
274
274
274
274
274
274
274
274
274
274
274
274
274
274
274
274
274
274
274
274
274
274
274
274
274
274
274
274
274
274
274
274
274
274
274
274
274
274
274
274
274
274
274
274
274
274.005
274.143
277.942
369.288
721.908
870.402
875.74
873.213
873.701
875.673
879.869
887.177
895.414
904.222
913.775
924.187
935.493
946.194
958.581
974.237
983.568
990.501
1000.62
1013.9
1024.09
1035.54
1046.67
1057.94
1068.82
1078.8
1088.29
1094.6
1095.73
1090.83
1077.81
1055.19
1022.29
979.815
931.573
878.731
825.354
769.657
717
668.657
621.75
577.497
538.11
506.596
477.315
454.413
432.752
414.526
400.273
387.874
376.383
367.2
274
274
274
274
274
274
274
274
274
274
274
274
274
274
274
274
274
274
274
274
274
274
274
274
274
274
274
274
274
274
274
274
274
274
274
274
274
274
274
274
274
274
274
274
274
274
274
274
274
274
274
274
274
274
274
274
274
274
274
274
274
274
274
274
274
274
274
274
274
274
274.004
274.103
276.388
326.762
630.528
849.089
865.685
863.085
861.53
860.747
861.824
864.797
868.344
871.877
874.654
875.982
880.101
882.011
883.99
884.258
879.332
877.56
878.995
881.212
884.862
889.753
895.775
901.414
905.735
909.394
911.339
910.339
904.152
892.046
873.415
847.676
815.786
780.032
742.362
704.779
665.977
629.247
595.223
562.144
530.992
502.502
479.531
457.55
439.794
423.473
409.769
398.603
388.177
379.478
373.602
274
274
274
274
274
274
274
274
274
274
274
274
274
274
274
274
274
274
274
274
274
274
274
274
274
274
274
274
274
274
274
274
274
274
274
274
274
274
274
274
274
274
274
274
274
274
274
274
274
274
274
274
274
274
274
274
274
274
274
274
274
274
274
274
274
274
274
274
274
274
274
274.003
274.066
275.258
297.732
514.144
796.225
853.075
852.77
848.942
845.405
842.566
842.116
842.806
843.706
842.382
840.967
838.453
835.743
828.952
820.652
813.298
811.281
806.948
801.736
798.721
797.073
795.575
793.306
791.116
788.342
783.846
776.316
764.736
748.692
729.024
706.59
682.362
656.568
630.127
603.036
576.472
551.548
527.102
503.952
482.022
463.947
446.525
432.403
419.914
409.02
399.391
391.581
385.957
381.327
274
274
274
274
274
274
274
274
274
274
274
274
274
274
274
274
274
274
274
274
274
274
274
274
274
274
274
274
274
274
274
274
274
274
274
274
274
274
274
274
274
274
274
274
274
274
274
274
274
274
274
274
274
274
274
274
274
274
274
274
274
274
274
274
274
274
274
274
274
274
274
274
274.002
274.038
274.597
283.531
399.706
691.725
832.11
840.535
835.793
830.201
823.837
820.89
820.398
820.123
816.516
809.797
803.115
794.61
788.107
781.953
774.103
764.293
755.121
747.083
740.56
734.798
729.153
723.216
717.056
710.218
701.694
690.639
676.906
661.143
644.966
627.676
608.427
588.756
568
546.831
526.93
507.289
488.73
470.756
455.844
442.02
430.354
419.985
410.708
403.589
398.098
393.682
389.753
274
274
274
274
274
274
274
274
274
274
274
274
274
274
274
274
274
274
274
274
274
274
274
274
274
274
274
274
274
274
274
274
274
274
274
274
274
274
274
274
274
274
274
274
274
274
274
274
274
274
274
274
274
274
274
274
274
274
274
274
274
274
274
274
274
274
274
274
274
274
274
274
274
274.001
274.02
274.258
277.318
316.242
532.962
765.319
822.184
821.121
814.147
806.715
801.443
798.272
795.246
790.771
781.916
776.897
769.426
760.042
748.399
739.09
728.969
719.138
710.573
703.03
696.125
688.807
681.473
673.444
664.115
653.318
640.831
627.113
613.592
598.682
582.502
565.511
547.561
529.325
512.442
495.895
480.381
465.612
453.287
441.66
431.461
423.175
416.627
411.671
406.582
401.452
393.397
274
274
274
274
274
274
274
274
274
274
274
274
274
274
274
274
274
274
274
274
274
274
274
274
274
274
274
274
274
274
274
274
274
274
274
274
274
274
274
274
274
274
274
274
274
274
274
274
274
274
274
274
274
274
274
274
274
274
274
274
274
274
274
274
274
274
274
274
274
274
274
274
274
274
274
274.009
274.101
275.063
285.302
379.875
613.993
774.349
800.987
797.037
790.14
783.178
777.133
772.128
767.924
764.089
756.996
748.009
737.004
726.447
715.964
705.046
695
686.057
678.453
670.872
662.836
653.871
644.048
632.949
620.605
607.089
594.199
580.378
565.395
549.939
534.344
518.679
504.287
490.121
477.069
464.974
454.508
445.475
437.647
430.633
423.018
415.071
407.018
399.286
392.126
274
274
274
274
274
274
274
274
274
274
274
274
274
274
274
274
274
274
274
274
274
274
274
274
274
274
274
274
274
274
274
274
274
274
274
274
274
274
274
274
274
274
274
274
274
274
274
274
274
274
274
274
274
274
274
274
274
274
274
274
274
274
274
274
274
274
274
274
274
274
274
274
274
274
274
274
274.004
274.037
274.334
276.84
297.136
418.252
629.318
753.517
775.055
771.701
765.36
757.653
750.513
744.729
739.308
734.448
727.964
719.8
710.465
700.341
689.963
679.62
669.473
659.805
650.202
640.18
629.407
617.896
605.426
592.979
580.347
567.054
553.459
539.963
526.813
513.512
501.079
488.872
477.787
467.377
457.859
448.5
439.171
429.963
421.028
413.043
406.006
399.015
392.249
274
274
274
274
274
274
274
274
274
274
274
274
274
274
274
274
274
274
274
274
274
274
274
274
274
274
274
274
274
274
274
274
274
274
274
274
274
274
274
274
274
274
274
274
274
274
274
274
274
274
274
274
274
274
274
274
274
274
274
274
274
274
274
274
274
274
274
274
274
274
274
274
274
274
274
274
274
274.001
274.013
274.095
274.696
278.726
303.577
416.866
597.87
712.063
743.983
743.53
737.094
730.352
721.76
714.662
708.208
703.484
698.766
692.856
684.651
674.912
663.988
653.11
642.05
630.742
618.986
606.701
594.429
582.501
570.222
557.792
545.568
533.35
521.204
509.001
497.361
485.971
475.125
464.278
453.812
444.051
435.285
427.391
419.915
412.824
404.49
385.523
347.3
274
274
274
274
274
274
274
274
274
274
274
274
274
274
274
274
274
274
274
274
274
274
274
274
274
274
274
274
274
274
274
274
274
274
274
274
274
274
274
274
274
274
274
274
274
274
274
274
274
274
274
274
274
274
274
274
274
274
274
274
274
274
274
274
274
274
274
274
274
274
274
274
274
274
274
274
274
274
274
274.004
274.026
274.165
274.948
279.099
298.946
380.779
525.55
643.518
699.56
710.478
707.091
700.103
691.917
683.327
675.343
668.594
662.289
655.219
645.959
635.749
624.747
613.464
602.1
590.505
578.976
567.327
555.537
543.564
531.623
519.635
508.024
496.521
485.652
475.436
466.137
457.431
449.184
440.944
433.21
424.774
411.072
378.177
332.958
294.81
282.978
274
274
274
274
274
274
274
274
274
274
274
274
274
274
274
274
274
274
274
274
274
274
274
274
274
274
274
274
274
274
274
274
274
274
274
274
274
274
274
274
274
274
274
274
274
274
274
274
274
274
274
274
274
274
274
274
274
274
274
274
274
274
274
274
274
274
274
274
274
274
274
274
274
274
274
274
274
274
274
274
274.001
274.007
274.037
274.19
274.886
277.784
288.842
327.083
417.988
533.41
615.15
656.615
667.098
664.061
656.411
648.534
640.188
631.022
621.336
611.256
600.895
590.48
579.992
569.311
558.584
548.05
537.524
526.963
516.581
506.371
496.654
487.234
478.268
469.342
460.786
452.322
442.296
425.641
393.423
350.227
305.602
287.615
280.015
276.555
275.079
274.001
274.001
274.001
274.001
274.001
274.001
274.001
274.001
274.001
274.001
274.001
274.001
274.001
274.001
274.001
274.001
274.001
274.001
274.001
274.001
274.001
274.001
274.001
274.001
274.001
274.001
274.001
274.001
274.001
274.001
274.001
274.001
274.001
274.001
274.001
274.001
274.001
274.001
274.001
274.001
274.001
274
274
274
274
274
274
274
274
274
274
274
274
274
274
274
274
274
274
274
274
274
274
274
274
274
274
274
274
274
274
274
274
274
274
274
274
274
274
274
274
274.001
274.002
274.009
274.038
274.153
274.584
275.984
280.36
292.527
322.447
384.753
470.261
538.467
581.331
603.237
607.844
605.041
599.015
591.548
583.419
574.839
565.788
556.193
546.444
536.693
526.778
516.726
506.76
496.871
487.091
476.672
464.436
445.618
417.784
382.564
340.716
303.271
288.793
281.204
277.303
275.498
274.662
274.3
274.133
274.002
274.002
274.002
274.002
274.002
274.002
274.002
274.002
274.002
274.002
274.002
274.002
274.002
274.002
274.002
274.002
274.002
274.002
274.002
274.002
274.002
274.002
274.002
274.002
274.002
274.002
274.002
274.002
274.002
274.002
274.002
274.002
274.002
274.002
274.002
274.002
274.002
274.002
274.002
274.002
274.002
274.002
274.002
274.002
274.002
274.002
274.002
274.002
274.002
274.002
274.002
274.002
274.002
274.002
274.002
274.002
274.002
274.002
274.002
274.002
274.002
274.002
274.002
274.002
274.002
274.002
274.002
274.002
274.002
274.002
274.002
274.002
274.002
274.002
274.002
274.002
274.002
274.002
274.002
274.002
274.002
274.002
274.002
274.002
274.004
274.01
274.03
274.093
274.288
274.831
276.173
279.322
286.289
299.082
319.943
351.788
400.362
442.328
473.083
493.701
506.266
512.391
513.151
509.757
502.688
492.35
478.708
462.018
442.258
418.842
391.839
361.049
328.492
305.003
292.997
285.056
279.971
277.128
275.588
274.769
274.373
274.178
274.085
274.042
274.021
)
;

boundaryField
{
    wall
    {
        type            zeroGradient;
    }
    inlet
    {
        type            fixedValue;
        value           uniform 3673;
    }
    outlet-1
    {
        type            inletOutlet;
        inletValue      uniform 274;
        value           uniform 274;
    }
    outlet-2
    {
        type            inletOutlet;
        inletValue      uniform 274;
        value           nonuniform List<scalar> 
89
(
274.002
274.001
274
274
274
274
274
274
274
274
274
274
274
274
274
274
274
274
274
274
274
274
274
274
274
274
274
274
274
274
274
274
274
274
274
274
274
274
274
274
274
274
274
274
274
274
274
274
274
274
274
274
274
274
274
274
274
274
274
274
274
274
274
274
274
274
274
274
274
274
274
274
274
274
274
274
274
274
274
274
274
274
274
274
274
274
274
274.001
274.002
)
;
    }
    frontAndBackPlanes
    {
        type            empty;
    }
}


// ************************************************************************* //
