/*--------------------------------*- C++ -*----------------------------------*\
| =========                 |                                                 |
| \\      /  F ield         | OpenFOAM: The Open Source CFD Toolbox           |
|  \\    /   O peration     | Version:  2112                                  |
|   \\  /    A nd           | Website:  www.openfoam.com                      |
|    \\/     M anipulation  |                                                 |
\*---------------------------------------------------------------------------*/
FoamFile
{
    version     2.0;
    format      ascii;
    arch        "LSB;label=32;scalar=64";
    class       volScalarField;
    location    "0.00231";
    object      T;
}
// * * * * * * * * * * * * * * * * * * * * * * * * * * * * * * * * * * * * * //

dimensions      [0 0 0 1 0 0 0];

internalField   nonuniform List<scalar> 
13875
(
1411.84
1535.14
1482.68
1486.72
1481.07
1483.46
1483.49
1483.13
1483.93
1483.81
1484.57
1484.6
1484.26
1484.68
1484.6
1483.3
1483.8
1482.74
1483.2
1483.55
1480.88
1487.55
1480.74
1533.11
1397.15
1307
1356.08
1319.15
1322.06
1316.6
1317.08
1317.03
1317.86
1322.59
1323.08
1323.76
1323.86
1323.44
1323.97
1323.94
1322.62
1322.28
1317.88
1316.99
1317.2
1316.28
1322
1319.68
1356.03
1301.96
1307.13
1339.75
1314.6
1311.03
1303.88
1304.24
1303.65
1303.72
1305.28
1304.86
1305.98
1305.29
1305.95
1306.93
1306.97
1304.98
1304.4
1303.39
1303.42
1304.19
1303.55
1310.89
1311.62
1336.01
1297.73
1317.26
1344.92
1315.06
1308.69
1305.04
1304.71
1303.83
1303.83
1303.95
1303.78
1304.71
1304.78
1305.04
1304.8
1305.41
1303.82
1303.6
1303.52
1303.59
1304.56
1304.37
1307.68
1314.05
1343.91
1312.77
1329.43
1341.85
1316.08
1311.64
1303.41
1304.07
1303.93
1303.86
1303.89
1303.78
1304.77
1304.9
1305.09
1304.79
1305.48
1303.89
1303.61
1303.51
1303.74
1304.12
1303.21
1311.54
1312.23
1338.68
1316.74
1332.21
1351.37
1319.31
1309.94
1306.96
1306.14
1304.81
1304.44
1304.19
1304.09
1304.68
1305.22
1305.32
1305.03
1305.84
1304.18
1303.98
1304.07
1304.56
1305.98
1306.19
1308.4
1319.09
1349.1
1326.12
1339.11
1360.47
1329.45
1316.89
1306.96
1306.31
1305.39
1304.92
1304.77
1304.72
1305.31
1305.74
1305.96
1305.64
1305.98
1304.98
1304.46
1304.48
1305.14
1306.28
1306.66
1317.29
1326.07
1358.41
1321.33
1361.05
1385.62
1345.39
1321.74
1316.49
1312.15
1309.01
1307.4
1306.62
1306.18
1306.7
1306.95
1307.33
1306.73
1307.15
1306.8
1306.62
1306.89
1308.32
1311.44
1315.03
1320.77
1341.7
1381.22
1350.33
1535.07
1508.9
1388.55
1351.69
1323.59
1316.59
1312.82
1310.45
1309.74
1309.07
1309.68
1309.64
1310.18
1309.39
1310.06
1309.62
1309.77
1309.9
1311.87
1315.78
1321.98
1348.34
1384.42
1508.02
1523.56
1851.45
1583.56
1435.65
1366.86
1345.18
1328.54
1321.73
1318.21
1316.63
1315.51
1316.11
1315.8
1316.28
1315.37
1316.34
1315.96
1316.76
1317.63
1320.58
1327.37
1340.53
1363.69
1427.8
1568.29
1831.78
2515.91
1806.24
1534.01
1446.36
1365.21
1347.26
1337.88
1333.54
1331
1329.63
1330.07
1329.57
1329.78
1329.05
1330.05
1329.76
1331.03
1332.9
1336.71
1345.37
1361.3
1428.33
1515.46
1809.73
2447.34
2890.6
2276.47
1944.99
1519.06
1442.2
1406.69
1380.43
1372.59
1366.09
1363.86
1363.77
1362.72
1362.76
1362.38
1363.22
1363.45
1365.55
1371.08
1378.37
1404.97
1430.61
1490.33
1761.21
2307.78
2848.93
2850.13
2710.23
2599.75
2363.99
1632.15
1537.19
1509.59
1488.75
1477.17
1473.6
1473.56
1471.05
1473.15
1471.02
1472.32
1473.43
1477.02
1487
1505.2
1535.22
1645.66
2358.62
2425.94
2716.11
2787.84
2757.78
2694.45
2867.02
2851.74
2188.4
2155.59
2011.08
1912.7
1848.5
1820.66
1827.31
1803.59
1823.77
1810.19
1816.49
1823.2
1843.69
1902.43
2014.54
2175.38
2149.58
2855.85
2866.92
2731.81
2710.16
2666.68
2714.42
2852.67
2845.09
2856.46
3161.16
3415.25
3364.77
3583.14
3475.26
3625.19
3506.06
3619.67
3538.95
3592.73
3537.49
3571.7
3423.97
3418.25
3136.41
2882.81
2858.97
2854.97
2706.86
2672.85
2544.79
2627.14
2859.1
2979.08
2992.11
3326.19
3605.65
3690.51
3689.97
3679.63
3628.9
3648.89
3612.57
3645.96
3634.06
3667.51
3687.58
3723.48
3639.33
3413.21
3037.46
2969.95
2878.95
2665.22
2582.22
2479.54
2589.71
2721.91
2924.71
3012.4
3341.14
3577.02
3669.82
3669.86
3660.55
3614.07
3626.57
3599.32
3625.15
3613.44
3647.37
3671.85
3707.66
3633.49
3426.99
3067.92
2979.18
2781.07
2609.47
2498.76
2286.06
2536.85
2818.34
2942.69
2936.12
3193.38
3372.75
3464.96
3499.33
3506.2
3500.62
3498.69
3495.96
3502.73
3498.97
3509.01
3502.94
3486.7
3403.27
3226.54
3003.78
2997.5
2839.68
2542.38
2301.91
2192.79
2278.31
2586.51
2757.28
2733.92
2874.57
3117.64
3295.75
3380.66
3402.55
3405.74
3404.34
3405.39
3410.25
3402.8
3403.62
3401.16
3362.33
3181.84
2923.35
2768.16
2800.89
2644.21
2316.33
2231.72
2284.64
2229.22
2354.28
2514.53
2544.47
2627.47
2847.73
3086.8
3243.2
3306.2
3313.56
3316.28
3315.85
3318.87
3311.53
3313.99
3281.2
3144.71
2880.98
2660.13
2578
2556.38
2341.11
2236.89
2332.5
2924.93
2281.67
2174.99
2316.38
2386.37
2469.04
2671.09
2908.08
3090.21
3187.26
3214.97
3217.81
3218.61
3219.75
3214.67
3198.49
3123.5
2941.76
2685.12
2490.13
2412.29
2335.26
2160.89
2234.82
2870.42
2919.07
2054.78
1974.5
2165.67
2258.29
2357.3
2534.92
2761.63
2956.8
3072.05
3103.45
3113.43
3112.06
3113.82
3100.98
3078.17
2978.91
2778.37
2538.94
2379.95
2277.88
2169.89
1978.21
2037.93
2872.53
2913.29
2062.73
1883.07
2047.84
2158.45
2270.53
2419.97
2627.11
2821.31
2951.75
2996.34
3003.46
3004.82
3002.74
2993.54
2958.08
2843.21
2641.78
2429.98
2294.27
2177.57
2057.02
1864.18
2049.65
2977.94
2836.67
2040.23
1870.3
1993.86
2082
2185.21
2328.71
2529.04
2715.52
2841.18
2883.32
2898.32
2896.48
2896.65
2878.84
2845.27
2734.88
2540.62
2330.31
2201.75
2100.04
2002.36
1866.11
2015.73
2805.96
2757.49
2033.72
1899.18
1957
2019.87
2106.61
2240.96
2434.75
2611.88
2736.78
2782.42
2790.78
2793.31
2789.65
2778.87
2738.47
2622.72
2436.54
2241.01
2119.62
2044.83
1974.39
1887
2032.87
2779.96
2735.71
2057.24
1917.38
1943.31
1971.22
2038.06
2173.43
2358.37
2524.91
2638.29
2677.59
2692.75
2691.98
2691.45
2672.16
2638.84
2537.91
2363.86
2170.45
2048.01
1991.18
1963.99
1905.48
2031.87
2711.28
2706.42
2086.06
1943.19
1933.02
1928.67
1984.11
2110.66
2285.36
2439.83
2546.91
2588.49
2593.7
2596.72
2591.89
2582.88
2545.36
2448.81
2286.78
2109.8
1991.55
1950.48
1959.23
1937.21
2072.05
2698.33
2707.7
2151.03
1984.19
1933.3
1903.22
1941.52
2069.08
2230.77
2372.42
2461.32
2493.72
2506.13
2505.44
2504.86
2486.03
2458.35
2377.68
2230.28
2059.9
1946
1918.6
1956.1
1971.59
2132.69
2700.51
2737.26
2160.31
1982.35
1924.91
1883.71
1912.53
2020.93
2167.7
2295.41
2378.96
2415.74
2417.27
2421.56
2414.77
2410.39
2377.62
2306.32
2174.18
2022.53
1919.03
1904.44
1943.25
1990.42
2122.38
2695.42
2783.27
2173.08
2000.05
1928.95
1873.61
1892
1998.7
2129.16
2241.52
2306.86
2331.73
2341.91
2340.81
2339.42
2323
2303.05
2247.18
2133.7
1992.58
1895.39
1886.63
1946.61
2001.75
2152.95
2739.68
2747.78
2176.02
1986.94
1924.32
1852.05
1882.68
1970.87
2083.53
2178.29
2233.31
2266.58
2261.64
2268.28
2260.66
2259.77
2231.94
2184.48
2087.89
1966.3
1882.2
1869.84
1938.52
2000.88
2153.54
2733.78
2743.5
2183.06
2018.19
1931.7
1846.27
1866.61
1952.24
2051.74
2132.31
2174.24
2191.78
2198.47
2198.27
2196.92
2183.22
2171.93
2139.79
2063.9
1952.61
1867.84
1862.51
1938.91
2012.16
2160.15
2703.52
2714.47
2182.79
2033.32
1920.2
1837.98
1859.11
1931.08
2013.89
2079.59
2110.18
2138.76
2128.35
2136.2
2127.76
2131.31
2108.9
2084
2023.35
1931.24
1856.46
1852.11
1935.99
2032.49
2158.91
2696.95
2688.58
2175.75
2083.78
1943.07
1843.65
1846.55
1920.53
1991.14
2042.86
2063.58
2074.65
2075.57
2075.97
2075.32
2065.26
2062.14
2047.93
2003.65
1921.05
1842.89
1852.88
1943.25
2070.53
2162.64
2671.55
2681.84
2185.79
2109.11
1937.68
1854.97
1841.05
1896.88
1956.14
1993.95
2008.32
2031.13
2015.23
2023.53
2014.96
2024.45
2006.78
1998.68
1970.72
1908.66
1835.9
1866.98
1950.86
2122.14
2158.08
2649.56
2656.45
2177.78
2109.54
1961.65
1866.56
1835.48
1889.54
1937.46
1965.51
1972.53
1977.23
1973.03
1972.63
1972.72
1967.85
1971.57
1968.95
1949.27
1898.99
1831.82
1875.01
1971.24
2125.13
2164.42
2624.31
2628.26
2165.15
2101.34
1988.38
1888.21
1846.04
1872.87
1904.05
1920.73
1923.82
1942.94
1920.14
1929.52
1920.94
1936.73
1923.13
1923.52
1915.66
1889.76
1834.95
1890.09
2003.85
2115.07
2150.29
2600.6
2608.91
2148.88
2101.45
2045.52
1904.28
1855.95
1870.37
1889.05
1896.82
1895.31
1896.65
1888.08
1886.91
1888.44
1887.88
1895.3
1900.14
1897.62
1889.09
1856.49
1898.98
2052.66
2115.19
2134.16
2572.02
2590.34
2137.8
2080.96
2041.73
1933.6
1876.77
1865.4
1860.57
1856.9
1850.42
1868.38
1842.03
1851.82
1843.46
1862.02
1851.14
1860.67
1868.82
1887.33
1875.62
1937.11
2055.34
2091.73
2118.76
2559.92
2561.48
2117.47
2058.22
2038.11
1966.28
1888.78
1887.25
1852.69
1841.32
1830.96
1828.81
1816.63
1816.12
1818.38
1820.09
1831.33
1844.35
1859.91
1907.08
1893.5
1962.91
2047.65
2064.34
2111.16
2537.56
2549.9
2112.72
2020.66
2025.44
2041.91
1930.45
1893.9
1837.28
1809.67
1790.72
1805.97
1776.92
1786.99
1778.46
1799.64
1791.22
1815.01
1846.98
1914.93
1925.98
2043.34
2038.53
2025.55
2093.79
2516.06
2523.78
2100.54
2002.04
2014.31
2024.63
1952.08
1906.81
1852.87
1806.65
1782.67
1772.21
1757.83
1757.04
1758.8
1764.4
1784.42
1809.92
1857.57
1933.15
1964.59
2023.2
2021.42
2008.24
2088.88
2494.52
2505.98
2091.47
1975.34
1976.69
2027.94
2028.59
1924.44
1855.49
1790.75
1746.89
1755.23
1722.67
1732.97
1724.74
1749.53
1748.35
1797.28
1860.75
1953.32
2035.99
2021.57
1986.62
1982.55
2082.45
2479.83
2475.29
2084.94
1968.4
1950.01
1997.93
2040.84
1951.44
1877.13
1805.28
1761.11
1731.02
1709.52
1708.13
1711.44
1723.58
1765.4
1805.98
1875.87
1994.23
2041.27
1990.45
1961.36
1975.55
2065.88
2450.94
2461.3
2082.16
1952.84
1917.18
1972.87
2030.15
2002.07
1891.24
1799.11
1729.7
1725.2
1682.1
1689.98
1684.72
1720.16
1733.71
1809.52
1893.04
2064.26
2033.47
1960.81
1928.96
1959.66
2065.51
2439.47
2429.7
2059.91
1949.94
1903.47
1929.25
2011.66
2084.02
1952.95
1822.72
1767.32
1721.42
1684.68
1675.88
1685.54
1711.84
1769.74
1825.62
1938.66
2081.69
2005.35
1919.05
1915.64
1959.32
2050.23
2409.64
2416.11
2058.61
1937.22
1879.4
1904.56
1982.97
2062.58
2033.57
1839.12
1737.37
1726.41
1668.73
1671.7
1671.43
1720.38
1739.17
1845.13
2012.09
2063.89
1975.42
1900.2
1893.09
1943.79
2042.58
2400.66
2378.9
2036.91
1934.09
1880.16
1876.47
1943.82
2047.65
2069.05
1894.19
1786.54
1724.94
1685.8
1672.93
1688.51
1716.52
1788.34
1907.04
2058.05
2047.68
1931.4
1873.33
1895.58
1942.27
2025.82
2355.99
2348.78
2025.23
1915.45
1860.52
1867.63
1914.29
2016.07
2049.43
1993.79
1769.01
1740.43
1670.84
1676.09
1674.06
1734.96
1771.22
2002.25
2041.85
2016.77
1901.64
1864.77
1873.39
1922.1
2013.27
2329.87
2211.62
1977.1
1899.35
1858.68
1848.75
1881.93
1979.12
2037.64
2016.35
1871.14
1757.67
1699.1
1684.13
1701.05
1749.65
1865.93
2011.49
2030.42
1981.1
1873.63
1847.58
1871.79
1907.64
1963.41
2190.99
274.218
274.616
274.92
275.202
275.559
275.933
276.236
276.291
276.085
275.65
275.131
274.712
274.439
274.281
274.196
274.139
274.09
274.053
274.028
274.013
274.006
274.002
274
274
273.998
274
273.995
274.001
273.994
274.003
274.973
276.165
277.068
277.996
279.003
280.047
280.919
281.258
281.006
279.84
278.097
276.44
275.297
274.686
274.382
274.223
274.135
274.077
274.04
274.019
274.008
274.003
274
273.999
273.997
274
273.993
274.002
273.988
274.013
276.817
279.13
280.819
282.654
284.942
287.422
289.628
290.904
291.055
289.221
284.684
280.782
277.592
275.654
274.758
274.364
274.182
274.095
274.049
274.023
274.01
274.003
274
273.999
273.997
274
273.994
274.002
273.992
274.01
280.345
285.17
288.516
291.347
292.772
293.826
295.259
296.99
298.99
300.959
301.076
294.061
284.256
278.818
275.918
274.757
274.314
274.135
274.06
274.027
274.011
274.004
274.001
273.999
273.997
274
273.995
274.001
273.995
274.007
287.688
291.923
292.492
293.206
293.556
294.14
295.353
297.048
299.214
301.905
304.985
307.56
304.671
288.618
279.91
276.031
274.694
274.246
274.091
274.035
274.013
274.005
274.001
273.999
273.998
274
273.996
274.001
273.997
274.004
290.449
292.33
292.39
293.008
293.388
293.998
295.062
296.693
299.034
301.896
305.042
308.476
311.716
312.096
293.682
280.522
275.941
274.585
274.179
274.056
274.018
274.006
274.001
274
273.999
274
273.997
274.001
273.998
274.003
290.339
291.784
291.517
292.152
292.449
292.908
293.571
294.97
297.579
301.063
304.929
308.623
312.234
315.732
316.893
296.885
280.468
275.687
274.457
274.123
274.033
274.009
274.002
274
273.999
274
273.998
274
273.999
274.002
289.97
290.24
289.75
290.403
290.662
291.12
291.558
292.617
295.018
298.673
303.382
308.228
312.471
316.186
319.75
320.765
297.06
279.777
275.354
274.334
274.079
274.018
274.003
274
273.999
274
273.999
274
273.999
274.002
288.781
288.17
287.751
288.252
288.594
289.118
289.429
290.178
292.336
295.855
300.572
306.185
311.804
316.434
320.238
323.729
323.968
294.375
278.658
275.011
274.23
274.049
274.009
274.001
274
274
273.999
274
273.999
274.002
287.197
285.923
285.615
285.9
286.419
287.019
287.385
287.9
289.551
293.039
297.744
303.257
309.583
315.7
320.531
324.383
327.627
325.635
289.997
277.412
274.702
274.148
274.028
274.004
274
274
273.999
274
274
274.002
285.253
283.79
283.506
283.723
284.397
285.046
285.535
285.945
287.069
290.124
295.023
300.489
306.711
313.562
319.944
324.752
328.667
331.295
323.004
285.405
276.285
274.453
274.089
274.015
274.002
274
274
274
274
274.002
283.735
282.071
281.841
282.029
282.759
283.436
283.945
284.32
285.01
287.402
292.272
297.883
304.054
310.803
318.071
324.462
329.114
333.064
334.724
313.49
281.636
275.429
274.273
274.05
274.008
274.001
274
274
274
274.002
282.532
280.957
280.786
280.954
281.62
282.227
282.656
282.984
283.305
285.07
289.399
295.364
301.598
308.221
315.51
323.004
329.213
333.67
337.49
337.495
300.368
278.657
274.84
274.154
274.026
274.004
274
274
274
274.002
282.033
280.74
280.563
280.734
281.184
281.525
281.721
281.811
281.868
282.968
286.777
292.752
299.296
305.933
313.073
320.821
328.38
334.178
338.591
341.909
335.131
288.535
276.623
274.462
274.082
274.013
274.002
274
274
274.002
282.127
281.206
281.177
281.325
281.554
281.427
281.074
280.818
280.819
281.163
284.574
290.119
297.177
303.926
311.048
318.66
326.735
333.999
339.237
344
344.321
319.61
282.148
275.393
274.239
274.041
274.006
274.001
274
274.002
281.923
281.431
282.031
282.609
282.636
282.192
281.424
281.149
281.071
281.254
283.148
287.886
295.269
302.186
309.383
316.879
324.856
332.961
339.558
344.988
349.126
346.437
300.504
278.232
274.697
274.116
274.019
274.003
274.001
274.002
282.029
281.873
282.989
284.231
284.531
284.095
283.171
282.648
282.485
282.592
283.084
287.07
294.122
301.243
308.508
315.862
323.409
331.544
339.389
345.728
351.525
352.106
337.338
286.36
276.041
274.329
274.053
274.008
274.001
274.002
281.722
281.966
283.733
286.088
287.981
287.745
286.655
285.766
285.346
285.066
284.719
287.798
294.061
301.259
308.455
315.753
323.111
330.834
339.045
346.358
352.855
355.682
354.72
313.722
279.949
274.924
274.145
274.023
274.004
274.002
282.039
282.535
285.208
289.615
293.287
293.589
292.774
291.587
290.554
289.236
288.21
289.824
295.229
302.384
309.168
316.181
323.485
330.953
338.986
346.949
353.83
360.016
359.988
349.95
290.414
276.603
274.395
274.06
274.01
274.004
281.64
283.096
287.423
296.174
303.728
305.539
303.637
301.438
299.355
296.309
294.054
293.154
297.256
303.898
310.377
317.093
324.369
331.611
339.392
347.618
355.05
362.033
363.701
363.43
324.074
281.291
275.074
274.159
274.024
274.006
282.421
285.196
294.511
312.918
327.99
330.629
326.738
322.339
315.858
308.541
303.41
300.368
301.77
307.941
313.258
319.148
325.896
333.095
340.503
348.422
356.409
363.641
368.403
368.302
360.266
293.694
276.933
274.418
274.06
274.011
280.958
290.246
314.331
362.747
389.589
391.016
373.556
359.826
344.822
331.632
321.62
314.675
312.14
316.161
319.506
323.485
328.635
335.039
342.105
349.677
357.752
365.384
372.665
372.986
372.879
331.728
281.955
275.099
274.154
274.027
289.94
304.631
375.196
481.012
518.138
488.133
445.408
416.714
390.054
367.163
349.3
336.662
329.677
327.945
327.206
328.761
332.181
337.476
344.159
351.581
359.466
366.854
375.151
377.719
378.027
369.076
294.761
276.894
274.386
274.059
274.035
358.891
575.173
666.825
687.585
607.275
548.597
495.241
454.036
417.812
387.75
365.818
349.31
343.354
340.147
338.542
338.734
341.779
347.259
354.199
361.712
369.243
377.674
384.458
383.511
382.969
334.596
281.609
274.97
274.138
299.957
500.569
832.323
883.325
848.06
779.285
678.404
602.278
533.165
476.411
430.611
397.742
374.282
363.117
356.538
351.629
349.14
349.145
352.05
357.844
364.718
372.43
380.031
388.315
388.919
389.036
375.193
293.197
276.494
274.338
274.003
273.994
274.001
273.995
274
273.998
274
274
274.002
274.006
274.013
274.028
274.053
274.09
274.139
274.195
274.28
274.437
274.707
275.123
275.64
276.072
276.279
276.225
275.925
275.555
275.198
274.918
274.615
274.217
274.013
273.988
274.002
273.993
274
273.997
273.999
274
274.003
274.008
274.019
274.04
274.077
274.134
274.223
274.38
274.682
275.286
276.42
278.065
279.8
280.968
281.224
280.891
280.026
278.987
277.984
277.06
276.159
274.97
274.01
273.992
274.002
273.994
274
273.997
273.999
274
274.003
274.01
274.023
274.049
274.095
274.182
274.362
274.753
275.639
277.557
280.719
284.592
289.097
290.953
290.818
289.558
287.365
284.896
282.623
280.799
279.115
276.81
274.007
273.995
274.001
273.995
274
273.997
273.999
274.001
274.004
274.011
274.027
274.06
274.134
274.312
274.751
275.897
278.763
284.149
293.844
300.931
300.883
298.933
296.94
295.213
293.779
292.723
291.294
288.468
285.131
280.329
274.004
273.997
274.001
273.996
274
273.998
273.999
274.001
274.005
274.013
274.035
274.09
274.244
274.688
276.007
279.837
288.409
304.429
307.478
304.927
301.853
299.165
297.001
295.309
294.097
293.514
293.168
292.458
291.888
287.647
274.003
273.998
274.001
273.997
274
273.999
274
274.001
274.006
274.018
274.056
274.178
274.579
275.915
280.432
293.346
311.913
311.64
308.417
304.985
301.844
298.987
296.648
295.019
293.954
293.346
292.97
292.358
292.3
290.425
274.002
273.999
274
273.998
274
273.999
274
274.002
274.009
274.033
274.122
274.452
275.664
280.371
296.476
316.738
315.652
312.171
308.562
304.877
301.019
297.54
294.928
293.528
292.863
292.406
292.112
291.481
291.751
290.312
274.002
273.999
274
273.999
274
273.999
274
274.003
274.018
274.079
274.33
275.335
279.687
296.631
320.61
319.655
316.107
312.403
308.173
303.338
298.633
294.979
292.575
291.514
291.074
290.618
290.361
289.713
290.205
289.942
274.002
273.999
274
273.999
274
274
274.001
274.009
274.048
274.227
274.997
278.58
293.976
323.765
323.625
320.156
316.362
311.748
306.144
300.536
295.818
292.301
290.136
289.383
289.071
288.547
288.206
287.706
288.127
288.738
274.002
274
274
273.999
274
274
274.004
274.028
274.146
274.691
277.354
289.671
325.306
327.5
324.288
320.449
315.638
309.535
303.211
297.7
292.993
289.507
287.848
287.329
286.964
286.364
285.845
285.561
285.869
287.147
274.002
274
274
274
274
274.002
274.015
274.088
274.446
276.245
285.205
322.491
331.145
328.558
324.657
319.87
313.506
306.662
300.441
294.977
290.076
287.019
285.886
285.472
284.984
284.333
283.658
283.44
283.721
285.188
274.002
274
274
274
274.001
274.008
274.05
274.269
275.404
281.494
312.801
334.552
332.937
329.005
324.374
318.003
310.742
303.994
297.822
292.216
287.34
284.948
284.254
283.877
283.364
282.686
281.955
281.764
281.991
283.653
274.002
274
274
274
274.004
274.026
274.152
274.825
278.569
299.792
337.231
337.327
333.54
329.104
322.916
315.432
308.146
301.523
295.287
289.332
284.988
283.226
282.906
282.58
282.152
281.538
280.875
280.703
280.861
282.424
274.002
274
274
274.002
274.013
274.081
274.455
276.572
288.22
334.581
341.729
338.444
334.046
328.273
320.731
312.987
305.847
299.212
292.668
286.709
282.844
281.752
281.716
281.651
281.456
281.131
280.665
280.493
280.646
281.915
274.002
274
274.001
274.006
274.04
274.234
275.366
281.981
318.749
344.035
343.856
339.087
333.87
326.624
318.559
310.947
303.826
297.084
290.033
284.514
281.122
280.795
280.793
281.053
281.421
281.54
281.292
281.143
281.151
282.036
274.002
274.001
274.003
274.019
274.114
274.684
278.143
299.842
346.06
348.835
344.862
339.413
332.833
324.732
316.769
309.274
302.082
295.179
287.821
283.133
281.321
281.129
281.203
281.477
282.239
282.691
282.659
282.059
281.435
281.891
274.002
274.001
274.008
274.052
274.322
275.998
286.081
336.429
351.864
351.381
345.59
339.25
331.416
323.3
315.77
308.436
301.176
294.102
287.052
283.129
282.683
282.555
282.718
283.246
284.195
284.645
284.325
283.081
281.957
282.07
274.002
274.004
274.023
274.142
274.905
279.811
312.772
354.429
355.417
352.754
346.226
338.926
330.741
323.037
315.685
308.42
301.242
294.127
287.854
284.754
285.099
285.419
285.857
286.762
287.9
288.134
286.256
283.924
282.075
281.875
274.004
274.01
274.059
274.387
276.544
290.004
349.045
359.711
359.811
353.726
346.841
338.892
330.909
323.475
316.16
309.183
302.423
295.319
289.943
288.229
289.26
290.61
291.67
292.889
293.805
293.616
289.998
285.499
282.743
282.242
274.006
274.024
274.156
275.051
281.12
323.022
363.191
363.505
361.95
354.946
347.539
339.352
331.639
324.432
317.121
310.437
303.97
297.479
293.189
293.95
296.279
299.367
301.552
303.925
305.759
304.263
296.72
287.819
283.408
281.93
274.011
274.059
274.409
276.865
293.16
359.509
368.093
368.154
363.576
356.332
348.39
340.499
333.101
325.886
319.151
313.209
307.87
301.508
300.34
303.272
308.383
315.658
322.42
327.27
331.383
329.294
314.412
295.275
285.715
282.915
274.026
274.151
275.073
281.762
330.567
372.663
372.854
372.615
365.323
357.695
349.667
342.063
334.914
328.538
323.362
319.357
315.953
311.518
314.537
321.407
331.553
344.665
360.263
374.966
392.476
391.712
364.581
315.396
291.01
281.592
274.058
274.377
276.825
294.196
368.309
377.909
377.583
375.126
366.849
359.446
351.573
344.073
337.374
331.989
328.533
326.95
327.643
328.726
336.415
348.889
367.213
389.822
417.693
447.403
491.131
521.333
484.367
378.125
305.71
290.784
274.135
274.947
281.423
333.38
382.82
383.423
384.383
377.659
369.213
361.708
354.155
347.182
341.642
338.496
338.205
339.693
342.969
348.594
365.791
387.17
418.247
453.887
496.006
550.895
611.17
693.18
672.49
582.998
362.161
275.292
274.331
276.437
292.76
374.394
388.997
388.877
388.312
380.044
372.411
364.689
357.783
351.924
348.909
348.802
351.214
355.935
362.715
373.676
397.816
430.006
477.631
534.881
600.418
681.35
783.012
857.911
889.407
843.506
506.224
301.738
274.002
274.002
274.002
274.002
274.002
274.002
274.002
274.002
274.002
274.002
274.002
274.002
274.002
274.002
274.002
274.002
274.002
274.002
274.002
274.002
274.002
274.002
274.002
274.002
274.002
274.002
274.002
274.002
274.002
274.002
274.002
274.002
274.002
274.002
274.002
274.002
274.002
274.002
274.002
274.002
274.002
274.002
274.002
274.002
274.002
274.002
274.002
274.002
274.002
274.002
274.002
274.002
274.002
274.002
274.002
274.002
274.002
274.002
274.002
274.002
274.002
274.002
274.002
274.002
274.002
274.002
274.002
274.002
274.002
274.002
274.002
274.002
274.002
274.002
274.002
274.002
274.002
274.003
274.007
274.03
274.142
274.659
276.746
284.851
311.541
386.698
502.207
597.631
660.851
699.804
726.082
744.919
757.627
766.153
771.292
773.698
773.71
771.294
765.942
759.286
751.088
741.215
729.539
716.654
702.671
687.45
671.269
654.083
636.075
617.286
597.975
578
557.329
535.297
511.693
486.14
459.066
427.56
387.953
340.525
299.902
285.498
278.811
275.973
274.8
274.001
274.001
274.001
274.001
274.001
274.001
274.001
274.001
274.001
274.001
274.001
274.001
274.001
274.001
274.001
274.001
274.001
274.001
274.001
274.001
274.001
274.001
274.001
274.001
274.001
274.001
274.001
274.001
274.001
274.001
274.001
274.001
274.001
274.001
274.001
274.001
274.001
274.001
274.001
274.001
274.001
274.001
274.001
274.001
274.001
274.001
274.001
274.001
274.001
274.001
274.001
274.001
274.001
274.001
274.001
274.001
274.001
274.001
274.001
274.001
274.001
274.001
274.001
274.001
274.001
274.001
274
274
274
274
274
274
274
274
274.001
274.001
274.003
274.019
274.115
274.672
277.555
291.541
352.527
484.01
611.469
678.805
697.474
699.914
698.639
698.519
700.73
703.716
705.523
706.391
706.677
705.79
703.087
698.094
690.433
681.136
670.933
659.804
647.76
635.194
622.277
608.662
594.785
580.572
565.721
550.072
534.481
518.922
504.398
490.593
476.214
463.051
450.184
439.714
431.716
422.699
405.088
367.037
318.814
289.548
280.278
274
274
274
274
274
274
274
274
274
274
274
274
274
274
274
274
274
274
274
274
274
274
274
274
274
274
274
274
274
274
274
274
274
274
274
274
274
274
274
274
274
274
274
274
274
274
274
274
274
274
274
274
274
274
274
274
274
274
274
274
274
274
274
274
274
274
274
274
274
274
274
274
274
274
274.001
274.009
274.064
274.468
277.126
293.758
381.373
553.313
680.307
725.971
730.194
725.306
719.519
712.34
706.53
702.255
698.057
693.489
689.432
684.548
679.315
672.879
665.343
656.752
647.534
637.818
627.555
616.788
605.399
593.887
582.175
570.211
557.923
545.708
533.975
522.066
510.47
498.868
487.581
477.374
468.309
459.151
449.758
440.458
432.298
425.31
418.638
412.51
403.339
376.399
330.821
274
274
274
274
274
274
274
274
274
274
274
274
274
274
274
274
274
274
274
274
274
274
274
274
274
274
274
274
274
274
274
274
274
274
274
274
274
274
274
274
274
274
274
274
274
274
274
274
274
274
274
274
274
274
274
274
274
274
274
274
274
274
274
274
274
274
274
274
274
274
274
274
274
274.003
274.025
274.217
275.777
288.444
376.649
576.599
719.076
755.165
756.378
751.862
745.782
739.03
732.978
727.938
723.971
718.685
712.067
704.213
695.49
686.161
676.858
667.554
658.6
650.44
642.088
633.112
623.334
612.831
601.766
590.354
579.084
567.478
555.238
542.743
530.613
519.519
509.036
498.305
487.915
477.706
468.65
460.161
451.963
443.847
435.601
427.302
419.469
412.67
406.595
400.658
393.694
274
274
274
274
274
274
274
274
274
274
274
274
274
274
274
274
274
274
274
274
274
274
274
274
274
274
274
274
274
274
274
274
274
274
274
274
274
274
274
274
274
274
274
274
274
274
274
274
274
274
274
274
274
274
274
274
274
274
274
274
274
274
274
274
274
274
274
274
274
274
274
274
274.007
274.067
274.68
280.75
339.179
547.623
729.769
776.354
778.488
774.795
769.739
764.1
758.706
755.211
751.094
745.676
738.298
728.831
719.08
709.793
700.897
692.325
683.309
674.435
666.001
658.128
650.447
642.547
634.179
625.135
615.145
604.05
592.91
581.518
569.182
556.152
542.603
528.998
515.669
502.203
489.693
477.501
466.812
456.758
448.266
441.234
434.901
428.649
421.573
414.207
406.959
400.632
394.509
274
274
274
274
274
274
274
274
274
274
274
274
274
274
274
274
274
274
274
274
274
274
274
274
274
274
274
274
274
274
274
274
274
274
274
274
274
274
274
274
274
274
274
274
274
274
274
274
274
274
274
274
274
274
274
274
274
274
274
274
274
274
274
274
274
274
274
274
274
274
274.001
274.014
274.171
276.022
297.675
460.197
705.932
790.791
797.922
795.914
791.745
786.904
782.786
779.497
775.686
771.499
764.961
757.975
749.553
739.094
730.194
722.043
714.363
706.115
696.913
687.781
679.489
671.899
665.001
657.924
650.13
641.045
631.121
620.471
608.671
597.123
584.259
570.354
555.416
540.188
524.922
509.469
495.135
481.087
468.139
456.089
445.308
435.643
427.636
421.094
416.308
411.716
407.037
402.286
394.921
274
274
274
274
274
274
274
274
274
274
274
274
274
274
274
274
274
274
274
274
274
274
274
274
274
274
274
274
274
274
274
274
274
274
274
274
274
274
274
274
274
274
274
274
274
274
274
274
274
274
274
274
274
274
274
274
274
274
274
274
274
274
274
274
274
274
274
274
274
274.001
274.028
274.399
279.767
352.535
614.866
790.611
812.4
813.929
813.041
808.537
804.22
801.716
798.001
794.619
788.711
786.444
780.733
774.729
767.61
758.422
750.279
742.669
735.172
726.535
717.032
707.902
700.022
692.861
686.601
680.069
672.607
663.909
654.169
643.084
630.529
618.17
603.932
588.421
571.778
554.808
537.396
519.788
503.498
487.644
472.545
457.946
445.556
434.137
423.821
415.225
408.355
402.932
398.08
395.209
391.75
274
274
274
274
274
274
274
274
274
274
274
274
274
274
274
274
274
274
274
274
274
274
274
274
274
274
274
274
274
274
274
274
274
274
274
274
274
274
274
274
274
274
274
274
274
274
274
274
274
274
274
274
274
274
274
274
274
274
274
274
274
274
274
274
274
274
274
274
274.002
274.049
274.84
288.629
447.264
735.129
820.967
828.126
828.994
828.857
825.783
822.326
820.031
818.233
818.909
816.651
814.932
810.159
807.48
802.308
796.516
791.619
782.703
776.073
769.297
761.458
753.744
746.542
739.925
733.932
728.549
722.782
715.999
707.525
697.146
684.704
670.656
655.135
637.824
618.558
598.073
577.558
556.601
535.79
516.533
498.048
480.535
463.058
448.346
434.865
423.265
413.021
403.767
396.507
391.254
386.987
382.873
274
274
274
274
274
274
274
274
274
274
274
274
274
274
274
274
274
274
274
274
274
274
274
274
274
274
274
274
274
274
274
274
274
274
274
274
274
274
274
274
274
274
274
274
274
274
274
274
274
274
274
274
274
274
274
274
274
274
274
274
274
274
274
274
274
274
274
274.003
274.076
275.591
306.058
557.67
804.382
838.141
842.094
843.869
844.078
842.03
841.35
841.934
843.666
845.854
848.919
850.293
851.03
850.824
849.108
845.358
842.095
841.56
836.869
833.064
828.233
823.079
819.135
815.908
811.88
808.067
804.165
799.997
794.889
787.607
777.065
763.021
745.572
724.335
699.938
673.433
645.619
618.069
590.356
563.807
539.231
515.949
494.199
473.007
455.429
438.85
425.029
413.17
402.551
393.004
385.498
380.245
376.145
274
274
274
274
274
274
274
274
274
274
274
274
274
274
274
274
274
274
274
274
274
274
274
274
274
274
274
274
274
274
274
274
274
274
274
274
274
274
274
274
274
274
274
274
274
274
274
274
274
274
274
274
274
274
274
274
274
274
274
274
274
274
274
274
274
274
274.004
274.107
276.654
335.459
654.68
836.152
851.677
854.521
857.137
858.033
858.166
859.133
864.52
871.084
878.185
885.116
891.847
900.032
909.707
918.149
922.695
924.916
926.518
928.03
927.919
928.072
926.326
926.428
926.778
928.001
927.783
927.36
925.559
923.162
920.359
915.369
906.049
890.628
868.915
840.595
805.922
767.717
728.239
688.988
649.584
612.978
579.524
548.028
518.644
491.212
469.247
448.373
431.232
416.206
403.186
392.412
382.479
374.391
368.905
274
274
274
274
274
274
274
274
274
274
274
274
274
274
274
274
274
274
274
274
274
274
274
274
274
274
274
274
274
274
274
274
274
274
274
274
274
274
274
274
274
274
274
274
274
274
274
274
274
274
274
274
274
274
274
274
274
274
274
274
274
274
274
274
274
274.004
274.131
277.791
369.102
719.399
851.715
861.908
864.523
867.735
870.304
873.411
877.069
885.114
897.837
912.465
928.92
947.086
966.311
989.246
1014.19
1032.48
1047.91
1066.68
1075.79
1082.83
1087.87
1091.05
1090.32
1091.71
1093.03
1094.9
1096.11
1097.48
1097.3
1095.77
1093.27
1089.08
1080.92
1064.98
1040.21
1005.83
961.937
910.94
856.229
801.639
745.769
693.624
646.443
602.289
560.927
523.135
493.359
465.997
444.234
424.539
407.436
393.7
382.16
371.397
362.969
274
274
274
274
274
274
274
274
274
274
274
274
274
274
274
274
274
274
274
274
274
274
274
274
274
274
274
274
274
274
274
274
274
274
274
274
274
274
274
274
274
274
274
274
274
274
274
274
274
274
274
274
274
274
274
274
274
274
274
274
274
274
274
274
274.004
274.14
278.52
393.086
755.491
861.553
869.524
872.156
876.115
880.781
886.51
894.799
906.633
923.963
948.256
977.412
1014.05
1059.28
1108.7
1162.86
1209.94
1247.23
1275.47
1298.38
1310.17
1316.72
1319.17
1324.01
1320.67
1315.64
1310.73
1308.37
1304.06
1299.71
1295.64
1291.2
1285.35
1278.1
1268.67
1253.74
1230.37
1197.06
1149.69
1091.97
1026.04
957.991
885.014
813.177
747.71
685.999
627.639
574.532
532.57
494.945
466.106
440.074
417.352
399.106
383.887
371.19
359.875
274
274
274
274
274
274
274
274
274
274
274
274
274
274
274
274
274
274
274
274
274
274
274
274
274
274
274
274
274
274
274
274
274
274
274
274
274
274
274
274
274
274
274
274
274
274
274
274
274
274
274
274
274
274
274
274
274
274
274
274
274
274
274
274.003
274.127
278.449
399.09
770.633
868.532
875.754
878.173
882.411
889.438
898.237
910.646
927.971
952.253
985.845
1032.76
1093.18
1174.16
1269.9
1373.19
1468.73
1540.53
1575.22
1594.21
1595.41
1584.78
1574.91
1567.05
1555.75
1541.31
1525.15
1512.78
1500.51
1485.22
1468.3
1452.71
1435.15
1417
1397.93
1380.92
1363.59
1345.55
1326.28
1302.01
1259.97
1201.71
1135.17
1055.05
969.113
885.878
803.742
723.042
648.588
589.77
538.03
498.902
464.22
434.735
410.43
389.379
373.19
359.788
274
274
274
274
274
274
274
274
274
274
274
274
274
274
274
274
274
274
274
274
274
274
274
274
274
274
274
274
274
274
274
274
274
274
274
274
274
274
274
274
274
274
274
274
274
274
274
274
274
274
274
274
274
274
274
274
274
274
274
274
274
274
274.002
274.098
277.612
385.309
766.37
872.96
880.361
882.943
887.712
896.684
908.203
924.453
947.839
980.456
1025.83
1088.95
1179.28
1301.66
1465.69
1624.53
1708.49
1732.79
1735.62
1734.41
1742.08
1740.37
1720.96
1708.67
1697.8
1681.28
1657.13
1634.34
1614.62
1594.21
1569.41
1544.1
1522.04
1497.39
1473.76
1449.75
1430.07
1412.55
1396.49
1382.13
1371.45
1356.54
1323.08
1276.39
1211.06
1128.47
1041.42
947.93
847.846
748.734
667.605
596.424
543.977
497.844
459.766
428.483
400.735
378.434
362.091
274
274
274
274
274
274
274
274
274
274
274
274
274
274
274
274
274
274
274
274
274
274
274
274
274
274
274
274
274
274
274
274
274
274
274
274
274
274
274
274
274
274
274
274
274
274
274
274
274
274
274
274
274
274
274
274
274
274
274
274
274
274.001
274.063
276.443
356.392
740.381
874.331
883.616
886.397
891.606
902.038
916.911
937.058
965.675
1006.57
1063.32
1142.45
1255.96
1422.83
1642.23
1794.54
1831.36
1814.57
1788.26
1770.83
1782.66
1802.93
1816.21
1818.46
1807.37
1790.98
1767.33
1739.65
1721.06
1701.21
1677.17
1647.8
1616.91
1592.04
1565.32
1540.58
1514.74
1491.88
1470.17
1450.59
1432.94
1420.63
1409.37
1392.74
1366.36
1321.41
1252.42
1173.92
1087.31
983.314
867.079
764.792
671.909
603.515
543.379
494.773
454.466
418.474
389.152
367.515
274
274
274
274
274
274
274
274
274
274
274
274
274
274
274
274
274
274
274
274
274
274
274
274
274
274
274
274
274
274
274
274
274
274
274
274
274
274
274
274
274
274
274
274
274
274
274
274
274
274
274
274
274
274
274
274
274
274
274
274
274.001
274.034
275.405
323.174
687.325
871.798
885.126
888.707
894.175
905.487
923.862
947.67
980.837
1027.69
1093.69
1185.75
1317.16
1503.26
1736.52
1850.9
1869.37
1862.35
1828.36
1805.65
1798.93
1841.45
1912.64
1975.3
2002.71
2008.36
1999.09
1963.76
1933.48
1906.54
1870.15
1836.42
1797.78
1769.91
1746.93
1720.04
1697.08
1672.12
1650.67
1627.22
1599.68
1566.76
1525.81
1488.91
1459.36
1435.5
1397.39
1335.9
1269.06
1193.46
1102.11
983.36
870.636
760.191
675.902
600.005
538.821
487.572
443.191
405.957
377.147
274
274
274
274
274
274
274
274
274
274
274
274
274
274
274
274
274
274
274
274
274
274
274
274
274
274
274
274
274
274
274
274
274
274
274
274
274
274
274
274
274
274
274
274
274
274
274
274
274
274
274
274
274
274
274
274
274
274
274
274
274.015
274.7
298.362
603.138
863.275
884.86
889.661
895.552
907.328
927.504
955.132
990.643
1040.48
1111.16
1211.27
1352.95
1548.89
1765.5
1850.48
1872.29
1876.5
1865.97
1841.71
1838.71
1873.95
1945.77
1991.02
2034.81
2095.03
2117.04
2114.01
2087.94
2066.87
2045.68
2017.71
1997.2
1981.25
1972.4
1963.63
1953.03
1942.72
1930.11
1918.11
1893.86
1863.17
1827.81
1776.36
1708.83
1638.68
1561.37
1483.22
1405.68
1335.3
1258.95
1173.41
1066.95
962.251
843.106
745.992
655.03
582.485
520.522
467.771
425.364
389.853
274
274
274
274
274
274
274
274
274
274
274
274
274
274
274
274
274
274
274
274
274
274
274
274
274
274
274
274
274
274
274
274
274
274
274
274
274
274
274
274
274
274
274
274
274
274
274
274
274
274
274
274
274
274
274
274
274
274
274
274.006
274.297
284.621
497.239
838.733
881.723
889.149
896.033
907.785
928.028
957.437
994.8
1043.48
1112.84
1213.16
1358.15
1559.09
1769.48
1843.1
1850.23
1837.99
1823.9
1849.49
1863.38
1843.23
1925.95
1967.34
1978.56
2039.02
2090.47
2093.06
2081.89
2073.18
2068.46
2052.38
2034.28
2030.47
2033.15
2033.36
2037.17
2039.33
2039.68
2037.32
2031.06
2010.56
1980.1
1942.12
1896.47
1843.87
1793.71
1742.58
1664.79
1553.54
1449.5
1349.83
1256.13
1148.77
1048.06
939.418
845.327
742.412
654.26
575.426
506.499
452.774
408.502
274
274
274
274
274
274
274
274
274
274
274
274
274
274
274
274
274
274
274
274
274
274
274
274
274
274
274
274
274
274
274
274
274
274
274
274
274
274
274
274
274
274
274
274
274
274
274
274
274
274
274
274
274
274
274
274
274
274
274.002
274.103
277.948
397.03
779.84
874.994
886.424
895.214
907.614
926.99
955.335
992.328
1038.46
1102.29
1195.22
1334.34
1536.79
1764.43
1844.57
1845.94
1829.64
1823.22
1825.04
1841.64
1853.11
1822.06
1858.14
1846.38
1843.55
1915.03
1978.12
1995.81
1989.99
2004.61
2009.39
1949.9
1954.98
1956.08
1959.46
1959.73
1982.41
1991.84
1996.05
2000.26
1996.36
1972.79
1941.21
1903.12
1857.46
1830.57
1814.07
1797.99
1761.67
1706.35
1647.4
1573.83
1471.85
1339.96
1226.05
1074.2
959.899
841.41
743.968
649.738
563.33
494.511
441.329
274
274
274
274
274
274
274
274
274
274
274
274
274
274
274
274
274
274
274
274
274
274
274
274
274
274
274
274
274
274
274
274
274
274
274
274
274
274
274
274
274
274
274
274
274
274
274
274
274
274
274
274
274
274
274
274
274
274.001
274.03
275.275
317.969
672.245
863.751
881.852
892.482
906.211
925.168
951.105
985.012
1027.91
1083.85
1164.64
1288.79
1476.56
1729.68
1859.3
1870.65
1867.62
1877.69
1898.47
1908.74
1900.88
1846.82
1704.32
1637.67
1577.7
1617.58
1746.47
1892.08
1940.53
1935.84
1970.62
1969.89
1851.78
1806.55
1773.43
1748.32
1702.74
1745.85
1755.16
1764.75
1773.9
1748.91
1710.03
1698.4
1686.12
1672.61
1666.65
1664.22
1690.53
1689.91
1685.13
1670.33
1674.18
1641.66
1564.32
1472.33
1329.25
1190.88
1020.86
873.118
745.837
641.741
555.178
487.157
274
274
274
274
274
274
274
274
274
274
274
274
274
274
274
274
274
274
274
274
274
274
274
274
274
274
274
274
274
274
274
274
274
274
274
274
274
274
274
274
274
274
274
274
274
274
274
274
274
274
274
274
274
274
274
274
274
274.008
274.378
286.797
515.707
836.576
875.152
888.403
903.034
921.946
945.689
975.544
1013.02
1061.28
1129.01
1233.03
1394.89
1630.65
1848.65
1904.37
1912.05
1918.77
1937.53
1954.65
1958.7
1963.83
1914.95
1672.86
1526.99
1489.93
1494.85
1554.46
1673.32
1683.74
1670.81
1664.31
1515.68
1308.34
1228.02
1203.62
1192.72
1191.68
1220.15
1230.87
1255.2
1326.75
1370.42
1415.13
1464.86
1517.73
1543.59
1550.58
1516.55
1492.25
1511.11
1563.25
1584.8
1623.66
1639.25
1621
1580.67
1514.54
1415.86
1262.34
1078.57
900.867
736.913
630.398
547.879
274
274
274
274
274
274
274
274
274
274
274
274
274
274
274
274
274
274
274
274
274
274
274
274
274
274
274
274
274
274
274
274
274
274
274
274
274
274
274
274
274
274
274
274
274
274
274
274
274
274
274
274
274
274
274
274
274.002
274.091
277.434
382.024
758.186
864.701
883.818
899.265
916.981
939.065
965.929
997.898
1038.89
1095.49
1180.21
1310.64
1504.06
1757.12
1899.81
1925.17
1930.79
1938.73
1951.11
1965.1
1979.33
1983.12
1958.52
1705.17
1518
1430.15
1341
1317.16
1350.19
1351.75
1329.96
1305.61
1238.29
1194.17
1144.09
1107.78
1060.51
1030.88
1035.17
1033.46
1024.83
1048.96
1063.95
1111.97
1178.54
1265.72
1389.98
1480.77
1520.69
1521.08
1469.85
1448.45
1447.37
1481.86
1508.55
1533.21
1540.06
1563.85
1535.72
1459
1317.85
1135.86
923.158
762.046
636.1
274
274
274
274
274
274
274
274
274
274
274
274
274
274
274
274
274
274
274
274
274
274
274
274
274
274
274
274
274
274
274
274
274
274
274
274
274
274
274
274
274
274
274
274
274
274
274
274
274
274
274
274
274
274
274
274.001
274.02
274.859
301.993
613.583
848.719
879.067
896.483
912.336
931.514
955.604
984.085
1018.76
1067.29
1138.08
1242.82
1395.04
1603.62
1833.53
1917.36
1931.47
1935.87
1946.95
1957.23
1959.88
1969.19
1985.75
1912.41
1692.08
1439.55
1315.56
1296.88
1289.16
1254.96
1225.37
1195.11
1155.24
1107.35
971.555
958.429
966.688
918.8
896.525
872.399
857.498
843.498
839.965
832.868
839.105
860.173
890.311
945.965
1021
1137.24
1274.76
1374.5
1419.29
1428.38
1417.32
1433.6
1460.04
1466.15
1474.15
1499.92
1512.96
1483.11
1361.55
1175.85
941.618
747.262
274
274
274
274
274
274
274
274
274
274
274
274
274
274
274
274
274
274
274
274
274
274
274
274
274
274
274
274
274
274
274
274
274
274
274
274
274
274
274
274
274
274
274
274
274
274
274
274
274
274
274
274
274
274
274
274.004
274.195
280.768
441.832
798.483
872.446
892.852
908.685
925.422
945.878
970.512
1000.86
1042.55
1103.53
1191.35
1313.94
1477.79
1684.78
1868.68
1921.21
1929.83
1932.51
1946.1
1952.54
1955.72
1960.26
1901.86
1680.65
1357.36
1217.28
1206.61
1178.79
1167.44
1178.83
1167.81
1110.04
1091.55
1101.62
1059.23
1008.14
983.108
927.511
903.915
898.749
881.226
880.496
878.055
875.94
873.997
873.095
874.851
890.658
909.918
958.773
1043.37
1158.78
1275.81
1340.03
1399.74
1419.14
1436.22
1443.86
1444.49
1439.41
1442.83
1494.86
1461.75
1338.72
1122.93
863.438
274
274
274
274
274
274
274
274
274
274
274
274
274
274
274
274
274
274
274
274
274
274
274
274
274
274
274
274
274
274
274
274
274
274
274
274
274
274
274
274
274
274
274
274
274
274
274
274
274
274
274
274
274
274
274.001
274.035
275.408
319.75
668.32
861.904
888.979
903.626
917.804
936.006
957.346
984.232
1021.82
1076.99
1155.45
1261.21
1396.07
1561.27
1751.19
1886.05
1929.7
1943.36
1959.23
1966.77
1960.23
1965.66
1974.04
1693.89
1451.06
1158.71
1068.58
1038.11
1037.4
1026.75
1018.61
1017.76
1024.42
1043.77
1041.1
1055.64
1047.73
1037.49
956.143
903.691
873.789
871.697
872.319
876.68
877.573
876.215
877.831
872.927
871.059
871.079
876.32
903.822
958.583
1053.35
1218.6
1332.88
1392.06
1419.13
1439.85
1443.58
1435.72
1424.77
1441.93
1477.54
1424.13
1281.83
1015
274
274
274
274
274
274
274
274
274
274
274
274
274
274
274
274
274
274
274
274
274
274
274
274
274
274
274
274
274
274
274
274
274
274
274
274
274
274
274
274
274
274
274
274
274
274
274
274
274
274
274
274
274
274
274.006
274.261
282.648
465.498
817.714
883.93
897.761
909.522
924.744
943.939
968.335
1003.67
1055.33
1129.06
1224.98
1343.33
1479.92
1637.38
1806.87
1909.35
1942.02
1957.53
1979.01
1991.96
1987.91
1996.86
1937.43
1698.12
1299.07
1149.23
1098.3
1091.35
1086.11
1092.33
1093
1071.22
1055.15
1041.26
1040.17
1056.75
1056.16
1060.61
1036.47
993.951
883.899
869.406
862.843
842.867
846.699
852.149
859.368
872.739
880.278
887.112
891.347
891.183
895.718
916.858
958.515
1059.12
1221.12
1354.34
1425.33
1444.91
1465.37
1469.86
1436.99
1442.57
1410.28
1268.1
1085.4
274
274
274
274
274
274
274
274
274
274
274
274
274
274
274
274
274
274
274
274
274
274
274
274
274
274
274
274
274
274
274
274
274
274
274
274
274
274
274
274
274
274
274
274
274
274
274
274
274
274
274
274
274
274.001
274.034
275.345
316.834
661.359
869.706
891.903
901.409
913.298
930.368
953.564
987.018
1034.59
1103.18
1193.92
1303.81
1429.5
1567.57
1721.03
1866.23
1938.81
1963.28
1978.42
1999.48
2010.58
2007.13
2014.39
1730.12
1540.95
1267.03
1191.52
1159.81
1130.8
1103.68
1090.38
1067.2
1054.44
1059.89
1069.1
1076.75
1061.19
1081.53
1089.2
1092.33
1058.5
1062.55
937.165
919.44
893.497
882.941
882.997
886.026
872.772
884.707
884.963
898.124
914.375
921.602
933.146
940.396
963.119
1018.27
1113.33
1249.16
1405.77
1473.06
1502.75
1496.5
1433.18
1447.31
1188.59
1072.57
274
274
274
274
274
274
274
274
274
274
274
274
274
274
274
274
274
274
274
274
274
274
274
274
274
274
274
274
274
274
274
274
274
274
274
274
274
274
274
274
274
274
274
274
274
274
274
274
274
274
274
274
274
274.004
274.186
280.273
432.732
801.41
882.788
893.528
903.501
918.881
940.691
971.338
1014.76
1074.83
1154.45
1253.41
1373.15
1510.86
1663.83
1824.03
1926.72
1963.77
1978.57
1999.81
2011.38
2015.44
2013.82
1921.32
1617.15
1298.8
1158.5
1105.46
1079.83
1070.14
1069.92
1076.08
1080.37
1080.44
1070.2
1059.36
1079.52
1078.76
1072.22
1067.97
1076.64
1089.32
1092.52
1088.16
961.105
942.085
930.099
920.882
910.153
921.624
909.771
925.792
918.465
933.38
938.461
946.606
968.425
988.848
1015.35
1064.74
1143.9
1267.57
1433.79
1530.13
1562.99
1509.81
1439.46
1357.62
971.563
274
274
274
274
274
274
274
274
274
274
274
274
274
274
274
274
274
274
274
274
274
274
274
274
274
274
274
274
274
274
274
274
274
274
274
274
274
274
274
274
274
274
274
274
274
274
274
274
274
274
274
274
274.001
274.021
274.852
300.182
601.703
863.151
887.133
894.731
908.502
928.897
956.348
991.837
1037.81
1099.47
1180.51
1285.73
1417.06
1575.99
1751.97
1895.51
1950.98
1967.95
1985.46
2018.65
2034.93
2038.68
2031.17
1856.7
1584.7
1331.11
1249.68
1202.49
1180.22
1169.66
1159.72
1145.7
1135.41
1131.12
1125.71
1133.58
1127.32
1122.71
1151.34
1140.43
1126.95
1130.77
1130.37
1135.37
1102.54
1071.51
985.019
991.848
962.993
959.585
962.136
960.858
961.871
959.349
964.861
974.557
978.398
987.213
991.892
997.79
1005.32
1041.92
1109.06
1245.75
1437.54
1557.34
1576.29
1395.05
1336.9
274
274
274
274
274
274
274
274
274
274
274
274
274
274
274
274
274
274
274
274
274
274
274
274
274
274
274
274
274
274
274
274
274
274
274
274
274
274
274
274
274
274
274
274
274
274
274
274
274
274
274
274
274.002
274.098
277.366
373.979
751.172
874.803
887.49
899.709
919.218
944.942
977.092
1018.14
1070.4
1141.98
1234.63
1350.9
1489.33
1645.53
1804.38
1913.09
1952.03
1966.26
1987.33
2024.94
2053.68
2070.11
2077.69
1857.97
1635.91
1353.23
1255.58
1211.95
1185.5
1172.2
1165.36
1154.71
1147.76
1152.85
1151.45
1146.23
1150.06
1165.57
1165.14
1161.54
1165.31
1169.67
1167.51
1159.1
1161.96
1137.81
1122.59
1040.45
1036.41
996.847
1001.71
996.299
990.861
991.094
990.638
990.384
996.404
1006.48
1031.1
1054.77
1093.15
1119.96
1145.63
1188.29
1244.78
1326.54
1499.26
1666.79
1741.58
274
274
274
274
274
274
274
274
274
274
274
274
274
274
274
274
274
274
274
274
274
274
274
274
274
274
274
274
274
274
274
274
274
274
274
274
274
274
274
274
274
274
274
274
274
274
274
274
274
274
274
274
274.007
274.28
282.798
463.118
814.719
876.852
890.8
908.781
931.107
957.393
991.984
1038.39
1099.2
1178.83
1277.72
1396.12
1530.18
1674.15
1817.74
1918.41
1956.34
1971.97
1996.94
2035.29
2054.17
2062.57
2036.09
1760.44
1513.77
1316.76
1265.41
1241.5
1230.84
1225.49
1217.57
1202.7
1191.86
1188.78
1188.33
1187.9
1177.06
1202.1
1218.44
1212.03
1213.02
1250.6
1253.49
1227.22
1220.2
1224.98
1226.02
1159.89
1122.97
1094.61
1055.13
1073.19
1067.08
1076.73
1088.65
1088.51
1093.99
1094.61
1100.72
1109.81
1133.68
1182.23
1242.08
1326.01
1447.75
1561.14
1632.81
1731.43
1969.86
274
274
274
274
274
274
274
274
274
274
274
274
274
274
274
274
274
274
274
274
274
274
274
274
274
274
274
274
274
274
274
274
274
274
274
274
274
274
274
274
274
274
274
274
274
274
274
274
274
274
274
274
274.012
274.487
288.718
520.34
839.973
882.954
897.888
914.424
934.223
960.643
998.76
1050.6
1119.23
1202.57
1301.87
1416.79
1544.23
1681.11
1818.16
1918.39
1957.9
1975.18
2001.21
2041.79
2063.41
2071.98
2022.65
1761.47
1541.58
1358.4
1294.89
1260.57
1238.98
1230.4
1229.07
1228.65
1217.5
1219.08
1219.22
1217.49
1208.03
1213.77
1236.48
1230.84
1220.14
1267.48
1282.87
1262.51
1254.68
1252.59
1252.07
1214.78
1153.88
1146.14
1099.83
1097.99
1103.5
1091.48
1118.22
1120.13
1140.51
1147.23
1160.69
1165.81
1170.38
1204.17
1251.53
1332.36
1460.74
1602.52
1740.55
1883.5
2014.64
274
274
274
274
274
274
274
274
274
274
274
274
274
274
274
274
274
274
274
274
274
274
274
274
274
274
274
274
274
274
274
274
274
274
274
274
274
274
274
274
274
274
274
274
274
274
274
274
274
274
274
274.001
274.024
274.934
301.766
604.596
860.212
887.714
899.524
915.098
937.488
969.486
1013.76
1071.64
1146.29
1232.87
1330.83
1441.78
1562.68
1691.18
1817.29
1919.11
1964.77
1984.78
2010.61
2046.75
2057.34
2055.63
1973.1
1721.71
1476.22
1349.45
1305.9
1286.44
1272
1257.68
1248.53
1239.71
1230.14
1233.77
1240.69
1243.06
1230.72
1245.61
1268.31
1254.72
1248.7
1287.55
1322.59
1304.83
1309.72
1315.22
1295.46
1289.77
1219.72
1166.06
1173.9
1134.19
1156.77
1135.59
1155.15
1148.91
1172.05
1182.94
1209.2
1234.04
1245.52
1268.05
1296.4
1325.5
1399.86
1497.53
1656.01
1811.62
2037.36
274
274
274
274
274
274
274
274
274
274
274
274
274
274
274
274
274
274
274
274
274
274
274
274
274
274
274
274
274
274
274
274
274
274
274
274
274
274
274
274
274
274
274
274
274
274
274
274
274
274
274
274.001
274.048
275.713
325.969
678.442
869.97
891.231
903.922
921.239
944.913
978.716
1025.36
1087.82
1168.14
1260.77
1363.92
1474.77
1587.56
1703.72
1815.54
1915.07
1974.3
2000.6
2019.76
2051.28
2062.71
2062.41
1965.16
1725.88
1501.09
1388.43
1346.74
1334.01
1321.79
1312.72
1306.11
1295.95
1286.88
1293.2
1290.92
1289.32
1267.02
1276.47
1289.88
1281.48
1272.85
1306.83
1320.98
1301.31
1330.26
1364.73
1356
1347.23
1343.73
1274.07
1224.18
1219.45
1191.9
1203.34
1192.16
1207.59
1202.59
1231.83
1246.19
1286.77
1320.34
1356.2
1408.08
1455.36
1520.81
1593.54
1685.55
1800.26
1911.33
274
274
274
274
274
274
274
274
274
274
274
274
274
274
274
274
274
274
274
274
274
274
274
274
274
274
274
274
274
274
274
274
274
274
274
274
274
274
274
274
274
274
274
274
274
274
274
274
274
274
274
274.002
274.097
277.249
368.798
744.807
878.772
893.114
903.476
919.721
944.383
980.681
1030.24
1097.62
1186.21
1289.49
1401.25
1512.67
1617.75
1719.72
1817.96
1911.33
1976.51
2005.62
2022.01
2049.88
2065.77
2067.33
1971.96
1730.73
1468.86
1355.33
1323.68
1310.54
1307.4
1305.61
1303.09
1288.33
1299.46
1324.88
1327.83
1319.6
1318.2
1347.39
1357.34
1343.1
1345.43
1369.41
1358.64
1330.89
1363.13
1404.81
1397.61
1401.36
1400.61
1391.61
1332.11
1264.54
1276.03
1240.41
1254
1245.02
1251.3
1255.72
1286.48
1302.74
1353.06
1382.91
1443.26
1499.1
1570.43
1649.16
1724.11
1795.57
1848.9
274
274
274
274
274
274
274
274
274
274
274
274
274
274
274
274
274
274
274
274
274
274
274
274
274
274
274
274
274
274
274
274
274
274
274
274
274
274
274
274
274
274
274
274
274
274
274
274
274
274
274
274.004
274.174
279.558
415.028
784.81
880.431
895.701
909.004
927.976
955.405
994.06
1043.98
1111
1200.48
1306.43
1422.24
1537.14
1640.91
1736.89
1828.77
1915.66
1976.04
2001.64
2014.13
2031.56
2044.79
2046.2
1924.23
1738.87
1511.71
1406.58
1373.01
1354.87
1340.1
1329.46
1322.21
1308.92
1299.11
1315.95
1328.43
1326.84
1331.49
1360.4
1369.82
1365.38
1383.59
1402.98
1395.53
1392.78
1422.47
1448.24
1440.9
1455.65
1467.91
1466.57
1451.9
1412.71
1328.69
1360.24
1304.55
1341.02
1301.73
1333.47
1326.18
1369.99
1391.78
1449.5
1493.73
1563.43
1613.21
1673.43
1727.32
1780.44
1828.63
274
274
274
274
274
274
274
274
274
274
274
274
274
274
274
274
274
274
274
274
274
274
274
274
274
274
274
274
274
274
274
274
274
274
274
274
274
274
274
274
274
274
274
274
274
274
274
274
274
274
274
274.008
274.306
283.358
467.242
820.148
884.942
896.589
908.504
927.175
955.696
995.676
1046.4
1115.08
1206.5
1315.36
1435.2
1554
1660.83
1755.79
1842.93
1921.34
1975.95
2000.86
2015.21
2037.24
2054.91
2058.42
1920.06
1737.82
1498.52
1405.27
1377.5
1368.65
1367.56
1369.56
1371.29
1370.86
1367.22
1378.49
1382.41
1379.99
1384.05
1412.15
1422.08
1415.5
1428.31
1450.39
1448.97
1454.79
1469.05
1485.39
1485.87
1500.08
1524.86
1529.19
1529.7
1514.56
1496.17
1416.69
1444.19
1387.23
1427.93
1383.98
1418.81
1432.84
1486.26
1522.51
1576.86
1615.99
1679.2
1713.15
1767.68
1803.55
1844.02
274
274
274
274
274
274
274
274
274
274
274
274
274
274
274
274
274
274
274
274
274
274
274
274
274
274
274
274
274
274
274
274
274
274
274
274
274
274
274
274
274
274
274
274
274
274
274
274
274
274
274
274.012
274.478
288.121
511.562
838.294
885.44
898.431
912.935
934.374
965.593
1006.16
1055.24
1123.2
1215.69
1326.97
1448.63
1567.81
1675.18
1771.16
1856.85
1928.92
1977.33
2000.4
2014.23
2031.16
2037.58
2036.85
1863.92
1670.42
1467.56
1397.14
1369.19
1356.76
1352.09
1350.9
1351.03
1349.57
1352.69
1384.02
1397.65
1397.27
1402.13
1438.2
1451.95
1450.33
1461.43
1492.4
1500.35
1508.21
1524.29
1535.73
1554.74
1571.75
1579.65
1599.43
1622.12
1627.64
1619.51
1588.98
1535.91
1520.91
1490.46
1502.52
1488.11
1506.04
1537.76
1576.44
1619.23
1666.18
1713.15
1755.08
1798.29
1831.44
1854.6
274
274
274
274
274
274
274
274
274
274
274
274
274
274
274
274
274
274
274
274
274
274
274
274
274
274
274
274
274
274
274
274
274
274
274
274
274
274
274
274
274
274
274
274
274
274
274
274
274
274
274.001
274.019
274.731
295.136
564.154
854.801
888.206
898.627
912.783
934.861
966.772
1006.67
1055.66
1124.96
1219.63
1334.11
1458.8
1579.86
1688.89
1785.45
1868.25
1932.31
1969.34
1986.55
2000.35
2023.61
2038.74
2043.65
1880.61
1699.96
1468.36
1395.98
1374.87
1368.33
1367.41
1369.15
1370.08
1364.9
1382.98
1394.05
1410.53
1414.53
1419.86
1446.52
1476.96
1483.64
1498.08
1529.48
1540.84
1556.18
1583.44
1596.12
1609.88
1630.74
1649.88
1670.28
1700.83
1724.19
1737.09
1753.13
1712.67
1675
1631.61
1636.1
1616.94
1626.99
1629.47
1664.43
1697.41
1748.11
1783.09
1830.25
1857.95
1895.86
1930.3
274
274
274
274
274
274
274
274
274
274
274
274
274
274
274
274
274
274
274
274
274
274
274
274
274
274
274
274
274
274
274
274
274
274
274
274
274
274
274
274
274
274
274
274
274
274
274
274
274
274
274.001
274.028
275.016
303.196
606.482
861.823
888.625
898.873
914.628
939.301
973.591
1014.19
1063.06
1132.51
1227.63
1342.99
1467.62
1587.21
1695.25
1791.46
1872.56
1931.39
1965.8
1983.63
2001.36
2031.84
2050.45
2057.13
1891.62
1720.99
1488.13
1412.76
1387.31
1377.35
1375
1375.24
1377.63
1376.94
1387.71
1402.44
1421.76
1427.92
1438.35
1460.6
1490.38
1498.82
1515.42
1543.62
1566.67
1586.1
1613.81
1640.36
1664.14
1689.49
1714.07
1740.7
1770.24
1798.44
1831.01
1861.9
1877.86
1876.43
1849.83
1798.84
1774.52
1762.97
1774.17
1781.03
1804.38
1831.96
1869.05
1899.45
1926.65
1961.72
2001.01
274
274
274
274
274
274
274
274
274
274
274
274
274
274
274
274
274
274
274
274
274
274
274
274
274
274
274
274
274
274
274
274
274
274
274
274
274
274
274
274
274
274
274
274
274
274
274
274
274
274
274.001
274.039
275.377
314.022
645.445
869.787
890.786
899.745
916.362
943.16
978.906
1019.46
1069.32
1141.16
1238.99
1355.69
1477.86
1592.52
1696.4
1790.54
1870.9
1928.27
1961.94
1982.14
2002.94
2032.04
2046.44
2052.08
1878.38
1706.97
1482.6
1413.85
1391.9
1383.51
1381.11
1380.7
1380.7
1377.4
1391.62
1409.94
1427.69
1437.65
1446.97
1467.8
1498.31
1509.09
1525.97
1554.77
1578.2
1599.6
1630.38
1659.68
1687.42
1717.34
1745.37
1775.22
1808.97
1838.54
1872.23
1913.13
1954.08
1989.2
2018.09
2019.8
1994.26
1933.29
1916.26
1898.03
1908.36
1911.1
1930.56
1942.79
1970.57
1986.92
2013.4
274
274
274
274
274
274
274
274
274
274
274
274
274
274
274
274
274
274
274
274
274
274
274
274
274
274
274
274
274
274
274
274
274
274
274
274
274
274
274
274
274
274
274
274
274
274
274
274
274
274
274.001
274.05
275.72
324.487
672.439
875.086
891.645
899.201
916.466
945.468
984.069
1027.85
1082.55
1159.24
1259.69
1374.56
1489.22
1594.41
1691.4
1783.54
1865.76
1923.53
1952.28
1968.08
1985.6
2014.6
2033.56
2040.47
1870.53
1710.21
1489.96
1420.49
1396.71
1386.9
1383.86
1383.41
1384.17
1385.87
1398.43
1415.67
1433.88
1449.74
1462.02
1481.43
1509.44
1526.93
1544.04
1571.79
1596.48
1620.85
1651.29
1678.3
1706.81
1739.14
1769.01
1798.66
1830.34
1861.78
1891.13
1926.67
1967.46
2013.13
2061.69
2106.47
2120.69
2139.03
2043.63
2030.15
1980.52
1970.31
1965.77
1968.08
1976.97
2001.38
1968.71
274
274
274
274
274
274
274
274
274
274
274
274
274
274
274
274
274
274
274
274
274
274
274
274
274
274
274
274
274
274
274
274
274
274
274
274
274
274
274
274
274
274
274
274
274
274
274
274
274
274
274.002
274.062
276.072
334.947
695.088
881.425
894.225
900.857
919.345
951.709
995.363
1045.11
1106.98
1189.28
1290.19
1398.35
1499.73
1590.57
1677.72
1766.94
1851.97
1910.74
1939.45
1952.47
1978.71
2015.65
2039.17
2047.85
1886.85
1726.84
1498.71
1428.9
1406
1396.29
1392.25
1389.7
1388.09
1386.79
1401.36
1423.96
1436.93
1452.22
1478.9
1495.91
1515.2
1540.22
1556.53
1584.75
1609.13
1636.31
1667.37
1694.23
1727.16
1759.49
1792.86
1826.36
1860.07
1894.65
1929.27
1965.01
2001.94
2041.29
2088.28
2142.33
2179.01
2206.25
2212.82
2221.51
2126.79
2077.24
2042.35
2019.68
1992.91
1966.73
1831.47
274
274
274
274
274
274
274
274
274
274
274
274
274
274
274
274
274
274
274
274
274
274
274
274
274
274
274
274
274
274
274
274
274
274
274
274
274
274
274
274
274
274
274
274
274
274
274
274
274
274
274.002
274.069
276.292
341.095
706.344
883.516
895.169
902.125
921.471
955.409
1002.1
1056.6
1124.51
1211.21
1312.41
1415.18
1506.2
1586.25
1665.18
1752.91
1842.17
1904.26
1932.85
1944.7
1973.11
2015.24
2041.69
2050.13
1890.33
1726.61
1502.02
1430.44
1405.85
1394.84
1390.57
1388.74
1388.89
1387.24
1398.93
1416.92
1430.58
1446.57
1466.21
1484.25
1507.85
1534.85
1554.22
1579.33
1605.4
1629.79
1660.04
1689.99
1721.5
1753.65
1786.28
1820.72
1857.84
1897.41
1936.5
1976.43
2013.95
2045.74
2080.15
2117.64
2157.1
2200.65
2221.21
2244.58
2235.09
2230.52
2123.96
2101.91
1901.05
1792.98
1701.21
274
274
274
274
274
274
274
274
274
274
274
274
274
274
274
274
274
274
274
274
274
274
274
274
274
274
274
274
274
274
274
274
274
274
274
274
274
274
274
274
274
274
274
274
274
274
274
274
274
274
274.002
274.072
276.398
344.102
711.6
884.507
895.601
902.905
922.853
957.384
1004.93
1061.02
1131.21
1219.47
1320.43
1421.06
1508.18
1583.24
1659.12
1746.05
1836.03
1897.63
1925.05
1935.52
1964.6
2011.98
2046.07
2057.33
1914.79
1757.89
1520.85
1446.85
1421.83
1410.88
1406.68
1405
1405.7
1405.49
1422.69
1443.95
1461.93
1477.83
1492.3
1509.06
1528.07
1551.97
1576.91
1599.78
1629.12
1655.87
1680.69
1710.7
1739.92
1773
1806.61
1842.35
1881.22
1919.97
1960.14
2002.52
2043.14
2077.39
2106.44
2129.26
2149.01
2178.86
2227.62
2286.6
2313.32
2323.66
2342.3
2104.17
1862.65
1763.22
1705.47
274
274
274
274
274
274
274
274
274
274
274
274
274
274
274
274
274
274
274
274
274
274
274
274
274
274
274
274
274
274
274
274
274
274
274
274
274
274
274
274
274
274
274
274
274
274
274
274
274
274
274.002
274.069
276.3
341.408
706.967
883.433
895.218
902.522
921.942
955.407
1001.77
1056.67
1125.23
1211.72
1312.07
1415.41
1506.92
1584.84
1661.96
1748.65
1838.22
1899.18
1927.34
1939.7
1968.84
2014.91
2044.05
2053.17
1888.69
1728.62
1503.05
1430.35
1405.4
1394.13
1389.23
1386.36
1384.95
1385.23
1399.96
1415.88
1433.33
1449.97
1466.01
1487.35
1511
1534.09
1556
1578.95
1604.7
1630.96
1659.54
1689.16
1722.4
1754.83
1787.62
1821.58
1858.82
1897.62
1937.29
1975.99
2010.25
2041.44
2075.88
2115.92
2156.66
2201.77
2222.88
2238.59
2256.86
2208.91
2121.92
2085.76
1902.8
1783.35
1703.84
274
274
274
274
274
274
274
274
274
274
274
274
274
274
274
274
274
274
274
274
274
274
274
274
274
274
274
274
274
274
274
274
274
274
274
274
274
274
274
274
274
274
274
274
274
274
274
274
274
274
274.002
274.062
276.088
335.513
696.285
881.071
894.673
902.181
920.36
951.213
994.226
1045.13
1108.29
1189.91
1288.52
1396.2
1498.3
1587.31
1671.3
1758.89
1844.76
1902.73
1929.48
1945.2
1971.25
2014.17
2040.52
2049.5
1886.05
1727.33
1496.05
1423.88
1400.55
1390.34
1385.91
1383.29
1381.72
1382.54
1398.72
1417.03
1430.74
1450.52
1473.2
1487.96
1516.91
1539.15
1553.15
1580.35
1606.03
1631.14
1661.98
1690.79
1722.54
1756.8
1790.75
1825.33
1860.89
1897.29
1931.44
1965.82
2001.14
2039.87
2087.69
2145.75
2182.72
2202.15
2225.67
2227.09
2128.06
2063.5
2039.34
2002.18
1979.56
1949.49
1821
274
274
274
274
274
274
274
274
274
274
274
274
274
274
274
274
274
274
274
274
274
274
274
274
274
274
274
274
274
274
274
274
274
274
274
274
274
274
274
274
274
274
274
274
274
274
274
274
274
274
274.001
274.051
275.744
325.371
674.709
874.881
892.468
901.06
917.626
944.565
982.33
1027.22
1083.45
1160.15
1258.08
1371.47
1486.41
1589.74
1683.15
1772.75
1854.2
1913.63
1944.58
1962.26
1982.79
2017.33
2036.31
2041.92
1877.65
1722.16
1493.2
1418.74
1394.47
1384.31
1380.98
1380.26
1380.5
1383.75
1396.54
1412.87
1428.34
1452.93
1464.67
1480.92
1514.71
1533.61
1547.99
1575.53
1601.24
1624.72
1654.47
1684.28
1714.33
1747.56
1778.09
1808.72
1841.03
1872.09
1901.34
1936.3
1977.53
2023.62
2072.94
2123.19
2136.69
2160.17
2055.57
2038.11
1986.59
1970.82
1970.07
1969.36
1973.43
1995.69
1962.63
274
274
274
274
274
274
274
274
274
274
274
274
274
274
274
274
274
274
274
274
274
274
274
274
274
274
274
274
274
274
274
274
274
274
274
274
274
274
274
274
274
274
274
274
274
274
274
274
274
274
274.001
274.04
275.405
315.049
648.819
870.037
891.824
901.623
917.431
942.369
977.445
1019.1
1070.59
1142.92
1238.5
1352.94
1474.22
1586.86
1687.35
1779.09
1858.8
1918.21
1954.39
1976.42
2000.82
2036.42
2054.11
2059.11
1889
1714.67
1487.43
1414.68
1390.86
1381.5
1378.83
1378.5
1379.22
1378.73
1392.24
1408.95
1425.99
1443.86
1452.19
1469.95
1505.16
1517.97
1531.99
1559.99
1585.43
1606.06
1635.11
1664.75
1691.28
1721.61
1749.07
1776.79
1809.96
1839.18
1872.48
1912.2
1953.54
1994.95
2028.84
2028.85
2013.7
1940.86
1923.17
1897.75
1919.83
1911
1933.72
1941.71
1968.97
1984.31
2010.5
274
274
274
274
274
274
274
274
274
274
274
274
274
274
274
274
274
274
274
274
274
274
274
274
274
274
274
274
274
274
274
274
274
274
274
274
274
274
274
274
274
274
274
274
274
274
274
274
274
274
274.001
274.029
275.05
304.211
611.124
862.725
889.94
900.674
915.676
938.857
972.35
1013.46
1063.69
1133.97
1227.5
1340.35
1463.43
1580.78
1686.06
1780.05
1860.43
1921.39
1958.87
1978.69
1998.4
2032.15
2052.75
2058.83
1897.79
1725.9
1492.49
1413.1
1387.64
1377.97
1375.81
1376.17
1378.39
1377.18
1386.57
1402.92
1424.35
1435.14
1443.69
1464.51
1497.48
1506.87
1521.71
1549.23
1573.01
1591.61
1618.71
1644.62
1667.55
1692.82
1717.89
1743.65
1773.49
1802.68
1836.12
1868.22
1889.22
1900.19
1867.87
1809.74
1789.8
1773.35
1784.46
1789
1813.55
1836.65
1875.45
1898.28
1928.66
1960.29
1996.85
274
274
274
274
274
274
274
274
274
274
274
274
274
274
274
274
274
274
274
274
274
274
274
274
274
274
274
274
274
274
274
274
274
274
274
274
274
274
274
274
274
274
274
274
274
274
274
274
274
274
274.001
274.02
274.767
296.167
570.526
856.567
889.555
900.145
913.794
934.898
966.078
1006.06
1055.98
1126
1219.36
1331.15
1453.59
1572.5
1679.81
1774.98
1856.89
1922.33
1963.96
1983.71
1998.99
2024.56
2041.21
2046.05
1886.77
1707.97
1475.02
1398.89
1377.22
1370.24
1369.08
1371
1372.61
1368.4
1385.8
1397.78
1413.68
1418.91
1425.8
1452.23
1482.42
1486.8
1497.66
1522.77
1544.26
1560.51
1583.71
1599.22
1617.27
1638.03
1658.54
1681.36
1712.64
1737.55
1754.63
1772.43
1733.17
1698.63
1642.57
1648.65
1630.33
1641.27
1640.55
1677.08
1705.64
1757.47
1789.67
1833.57
1864.82
1896.93
1933.83
274
274
274
274
274
274
274
274
274
274
274
274
274
274
274
274
274
274
274
274
274
274
274
274
274
274
274
274
274
274
274
274
274
274
274
274
274
274
274
274
274
274
274
274
274
274
274
274
274
274
274
274.013
274.512
289.069
519.654
841.73
886.758
899.432
913.738
934.745
965.264
1005.38
1054.97
1123.79
1215.41
1324.12
1443.3
1560.46
1667.26
1762.66
1846.97
1919.31
1971.26
1997.09
2011.47
2029.81
2039.72
2041.71
1876.75
1681.19
1467.87
1392.15
1365.31
1354.61
1351.74
1352.12
1356.2
1356.77
1360.51
1387.14
1397.78
1396.13
1404.31
1441.38
1454.45
1454.81
1469.55
1500.24
1510.72
1518.32
1532.93
1552.65
1565.73
1585.34
1595.4
1617.9
1637.85
1641.9
1637.12
1604.51
1562.08
1530.45
1511.38
1506.5
1505.6
1513.35
1544.96
1580.21
1624.54
1667.31
1718.13
1754.62
1803.41
1829.76
1852.38
274
274
274
274
274
274
274
274
274
274
274
274
274
274
274
274
274
274
274
274
274
274
274
274
274
274
274
274
274
274
274
274
274
274
274
274
274
274
274
274
274
274
274
274
274
274
274
274
274
274
274
274.008
274.334
284.147
475.895
825.569
886.15
897.237
909.144
927.747
955.746
994.815
1045.52
1115.31
1206.57
1313.27
1430.54
1547.27
1654.2
1749.21
1834.44
1911.69
1970.32
1998.38
2014.4
2038.9
2060.73
2065.7
1929.59
1741.99
1492.93
1400.97
1376.23
1369.4
1369.63
1374.23
1376.93
1374.31
1371.05
1377.99
1383.73
1379.84
1387.12
1419.06
1430.83
1425.48
1435.39
1459.13
1458.63
1461.88
1478.87
1498.69
1498.93
1518.89
1540.72
1543.32
1538.27
1525.86
1510.07
1453
1448.97
1408.7
1424.82
1404.19
1425.16
1443.83
1494.61
1530.43
1584.67
1620.69
1681.76
1718.39
1769.71
1806.75
1841.25
274
274
274
274
274
274
274
274
274
274
274
274
274
274
274
274
274
274
274
274
274
274
274
274
274
274
274
274
274
274
274
274
274
274
274
274
274
274
274
274
274
274
274
274
274
274
274
274
274
274
274
274.005
274.193
280.13
424.616
792.73
881.821
896.132
909.491
928.562
955.444
993.033
1042.7
1110.89
1200.53
1304.58
1418.31
1531.5
1635.89
1732.53
1821.78
1906.09
1970.49
1999.09
2013.12
2031.83
2048.23
2050.21
1926.43
1736.33
1506.19
1403.42
1371.37
1354.07
1338.4
1328.82
1323.89
1311.2
1305.06
1316.08
1330.76
1330.65
1333.65
1365.51
1376.42
1368.71
1380.16
1402.79
1400.78
1400.42
1428.49
1459.35
1446.87
1461.54
1475.83
1470.91
1458.7
1436.06
1377.66
1375.68
1335.93
1348.8
1335.92
1341.95
1346.04
1379.4
1408.19
1461.07
1507.85
1572.8
1626.32
1683.89
1743.24
1793.19
1840.93
274
274
274
274
274
274
274
274
274
274
274
274
274
274
274
274
274
274
274
274
274
274
274
274
274
274
274
274
274
274
274
274
274
274
274
274
274
274
274
274
274
274
274
274
274
274
274
274
274
274
274
274.003
274.109
277.635
378.231
755.716
880.185
893.362
903.922
920.511
944.689
979.897
1028.72
1096.98
1186.08
1288.14
1398.12
1508.09
1614.43
1717.53
1813.59
1903.11
1971.07
2003.08
2020.73
2049
2068.52
2071.36
1974.38
1728.44
1462.22
1351.92
1320.04
1307.43
1305.63
1305.39
1304.28
1291.11
1299.36
1322.84
1328.53
1324.02
1323.63
1351.44
1361.04
1350.41
1351.79
1373.29
1362.87
1339
1374.59
1415.55
1405.48
1410.67
1414.59
1407.32
1348.28
1298.59
1288.21
1261.57
1269.56
1256.92
1270.65
1262.56
1292.48
1310.49
1357.99
1391.77
1447.66
1505.9
1574.66
1653.99
1727.18
1801.15
1852.03
274
274
274
274
274
274
274
274
274
274
274
274
274
274
274
274
274
274
274
274
274
274
274
274
274
274
274
274
274
274
274
274
274
274
274
274
274
274
274
274
274
274
274
274
274
274
274
274
274
274
274
274.001
274.055
275.929
332.628
692.348
872.342
891.908
904.524
922.137
945.408
978.098
1024.14
1086.85
1167.31
1258.9
1360.84
1470.43
1584.51
1702.32
1813.06
1908.7
1969.93
1998.28
2017.31
2049.37
2062.65
2062.92
1963.41
1722.85
1495.48
1387.75
1346.3
1333.75
1323.26
1314.78
1307.79
1294.48
1288.9
1294.11
1293.65
1290.13
1270.15
1285
1290.51
1280.39
1286.49
1322.12
1324.94
1306.24
1339.55
1375.77
1368.87
1364.8
1362.59
1283.56
1246.16
1230.63
1215.1
1218.08
1204.5
1223.91
1207.11
1238.32
1251.8
1291.22
1322.88
1358.69
1405.8
1454.52
1515.86
1587.88
1676.98
1790.31
1898.47
274
274
274
274
274
274
274
274
274
274
274
274
274
274
274
274
274
274
274
274
274
274
274
274
274
274
274
274
274
274
274
274
274
274
274
274
274
274
274
274
274
274
274
274
274
274
274
274
274
274
274
274.001
274.028
275.054
305.392
620.268
864.067
889.153
900.324
915.931
937.985
969.05
1012.34
1070.23
1145.36
1232.98
1330.35
1438.83
1560.38
1690.21
1815.27
1915.39
1962.03
1983.21
2008.39
2048.47
2062.42
2061.91
1974.96
1716.59
1464.99
1347.9
1305.8
1287.8
1275.22
1261.29
1252.78
1244.22
1235.1
1230.34
1242.23
1243.3
1229.78
1257.31
1264.84
1250.35
1257.08
1300.49
1330.06
1307.15
1323.2
1332.4
1311.33
1304.62
1232.65
1185.71
1188.65
1142.23
1171.18
1140.94
1164.22
1159.76
1178.87
1188.44
1209.92
1231.07
1240.1
1264.07
1285.56
1320.67
1388.38
1488.1
1639.96
1800.03
2018.07
274
274
274
274
274
274
274
274
274
274
274
274
274
274
274
274
274
274
274
274
274
274
274
274
274
274
274
274
274
274
274
274
274
274
274
274
274
274
274
274
274
274
274
274
274
274
274
274
274
274
274
274
274.014
274.553
290.589
535.841
845.84
885.23
899.162
915.57
935.051
960.528
997.001
1047.32
1117.04
1202.64
1302.53
1415.82
1542.78
1679.59
1815.98
1917.22
1957.54
1974.22
1998.12
2041.64
2067.08
2075.97
2021.89
1766.76
1534.46
1361.2
1298.55
1264.88
1242.22
1233.83
1229.94
1226.9
1216.06
1214.62
1218.28
1217.57
1208.96
1226.57
1237
1221.51
1229.31
1276.75
1292.05
1274.47
1270.47
1265.07
1262.51
1228.9
1153.09
1168.32
1107.34
1107.64
1112.68
1098.36
1125.29
1123.96
1138.97
1143.75
1151.27
1152.34
1165.09
1193.3
1241.19
1322.52
1446.79
1593.41
1731.98
1871.83
1999.74
274
274
274
274
274
274
274
274
274
274
274
274
274
274
274
274
274
274
274
274
274
274
274
274
274
274
274
274
274
274
274
274
274
274
274
274
274
274
274
274
274
274
274
274
274
274
274
274
274
274
274
274
274.008
274.322
284.018
476.989
823.048
879.086
892.508
910.131
932.009
957.621
990.772
1034.89
1097.94
1179.87
1279.63
1396.27
1528.68
1672
1815.36
1918.85
1957.13
1972.97
1995.52
2034.75
2057.78
2067.53
2030.86
1766.95
1504.65
1316.85
1265.18
1242.44
1233.04
1227.7
1217.89
1200.77
1191.92
1183.57
1189.37
1190.59
1183.1
1211.45
1219.51
1201.85
1218.24
1260.86
1261.31
1235.87
1231.94
1231.15
1230.25
1176.07
1137.33
1113.34
1062.76
1081.78
1069.07
1079.13
1090.93
1088
1091.47
1090.37
1092.46
1104.89
1129.48
1173.64
1232.16
1317.05
1435.09
1553.64
1621.45
1718.14
1956.18
274
274
274
274
274
274
274
274
274
274
274
274
274
274
274
274
274
274
274
274
274
274
274
274
274
274
274
274
274
274
274
274
274
274
274
274
274
274
274
274
274
274
274
274
274
274
274
274
274
274
274
274
274.003
274.113
277.872
386.2
764.417
876.969
889.218
901.529
920.649
945.635
977.459
1017.64
1072.07
1145.88
1238.97
1352.56
1487.77
1641.88
1801.05
1913.76
1952.94
1967.96
1987.4
2024.21
2058.75
2080.7
2088.71
1846.15
1630.25
1357.04
1264.29
1221.22
1189.54
1173.53
1165.07
1153.39
1148.59
1153.18
1152.58
1149.77
1157.85
1172.12
1173.4
1160.83
1170.95
1182.29
1176.78
1169.95
1174.76
1159.48
1145.42
1051.74
1057.02
1010.62
1016.27
1005.81
1001.29
1000.94
996.29
989.815
987.339
988.196
1007.53
1035.11
1066.37
1095.14
1126.24
1172.62
1225.61
1302.48
1487.55
1658.11
1737.35
274
274
274
274
274
274
274
274
274
274
274
274
274
274
274
274
274
274
274
274
274
274
274
274
274
274
274
274
274
274
274
274
274
274
274
274
274
274
274
274
274
274
274
274
274
274
274
274
274
274
274
274
274.001
274.024
274.984
304.685
623.716
867.27
888.795
897.342
910.287
930.167
956.597
992.701
1040.06
1104.45
1187.23
1290.16
1418.72
1574.57
1747.72
1893.89
1951.97
1971.07
1988.46
2019.52
2035.21
2039.24
2033.25
1840.47
1565.2
1320.44
1241.98
1202.72
1179.79
1170.38
1159.12
1149.84
1136.11
1130.25
1126.81
1137.5
1136.66
1129.48
1146.55
1145.68
1144.52
1143.97
1143.98
1151.54
1107.02
1094.96
990.627
994.339
957.319
948.957
947.345
944.101
949.26
955.732
968.729
975.918
983.579
992.952
1006.81
1026.67
1047
1080.07
1136.59
1247.33
1439.89
1571.32
1583.29
1394.74
1332.45
274
274
274
274
274
274
274
274
274
274
274
274
274
274
274
274
274
274
274
274
274
274
274
274
274
274
274
274
274
274
274
274
274
274
274
274
274
274
274
274
274
274
274
274
274
274
274
274
274
274
274
274
274
274.005
274.228
281.651
454.367
817.145
884.919
895.111
905.324
920.716
941.491
971.482
1014.17
1074.64
1154.93
1255.37
1373.4
1507.83
1658.68
1818.59
1927.4
1968.02
1983.82
2001.26
2022.16
2024.76
2012.65
1908.77
1603.29
1285.56
1159.99
1107.47
1081.92
1071.64
1071.63
1074.52
1081.56
1084.19
1076.06
1070.81
1087.08
1086.37
1084.27
1083.52
1084.46
1096.82
1099.96
1092.63
988.113
932.433
933.747
916.134
899.305
907.172
895.063
907.285
902.105
912.53
914.268
923.863
935.509
947.475
962.094
997.988
1060.74
1184.49
1398.13
1512.98
1550.58
1479.68
1442.31
1345.37
960.182
274
274
274
274
274
274
274
274
274
274
274
274
274
274
274
274
274
274
274
274
274
274
274
274
274
274
274
274
274
274
274
274
274
274
274
274
274
274
274
274
274
274
274
274
274
274
274
274
274
274
274
274
274
274.001
274.043
275.701
329.875
693.785
875.093
893.001
902.784
915.497
932.165
954.283
986.897
1035.11
1104.77
1197.93
1311.61
1437.23
1572.88
1723.56
1869
1946.23
1974.07
1996.61
2017.28
2023.83
2013.07
2013.4
1730.46
1519.58
1267.11
1196.09
1169.63
1142.47
1125.54
1107.63
1079.78
1067.13
1067.65
1082.16
1085.53
1068.78
1089.55
1096.04
1096.69
1072.64
1070.28
934.637
919.006
890.894
882.212
872.959
883.196
875.298
887.306
889.244
900.629
906.369
917.226
935.731
960.554
1005.28
1074.79
1186.91
1328.8
1450.48
1487.69
1491.42
1485.57
1423.63
1430.91
1173.78
1058.19
274
274
274
274
274
274
274
274
274
274
274
274
274
274
274
274
274
274
274
274
274
274
274
274
274
274
274
274
274
274
274
274
274
274
274
274
274
274
274
274
274
274
274
274
274
274
274
274
274
274
274
274
274
274
274.007
274.343
285.325
497.441
836.974
886.279
898.236
910.911
926.804
945.215
969.107
1004.99
1059.63
1137.79
1234.36
1354.84
1494.87
1652.68
1820.92
1920.08
1952.49
1973
1996.92
2007.26
1999.98
2006.22
1917.44
1649.38
1269.19
1145.2
1095.77
1088.85
1083.67
1092.1
1092.38
1084.75
1073.55
1048.46
1051.31
1065.07
1063.58
1067.92
1045.41
1009.44
889.474
870.321
862.616
844.143
847.545
849.362
860.239
875.914
886.633
898.517
907.028
910.446
923.464
941.243
980.474
1075.23
1245.43
1371.77
1431.63
1465.4
1477.77
1457.1
1430.77
1431.97
1398.79
1260.86
1075.98
274
274
274
274
274
274
274
274
274
274
274
274
274
274
274
274
274
274
274
274
274
274
274
274
274
274
274
274
274
274
274
274
274
274
274
274
274
274
274
274
274
274
274
274
274
274
274
274
274
274
274
274
274
274
274.001
274.048
275.889
337.141
706.485
869.825
890.877
904.774
920
938.198
959.221
986.259
1025.66
1082.37
1157.77
1267.55
1408.49
1580.48
1773.3
1898.05
1936.09
1953.98
1974.29
1977.22
1973
1973.37
1968.47
1688.65
1402.16
1142.79
1071.73
1052.13
1049.67
1027.46
1022.58
1021.8
1023.72
1046.6
1046.16
1060.4
1052.59
1041.54
968.763
904.96
873.119
869.352
870.055
882.531
880.729
875.773
877.418
877.924
874.922
875.04
877.9
898.119
944.458
1016.22
1165.2
1305.01
1366.24
1399.52
1427.73
1438.33
1431.74
1425.84
1440.59
1480.34
1421.23
1276.82
1007
274
274
274
274
274
274
274
274
274
274
274
274
274
274
274
274
274
274
274
274
274
274
274
274
274
274
274
274
274
274
274
274
274
274
274
274
274
274
274
274
274
274
274
274
274
274
274
274
274
274
274
274
274
274
274
274.006
274.273
283.309
476.947
823.435
878.81
895.288
910.918
928.584
949.11
973.464
1004.36
1047.74
1109.66
1200.54
1327.74
1498.18
1713.21
1875.04
1919.82
1934.73
1946.7
1957.79
1961.58
1962.34
1963.1
1866.14
1655.11
1336.09
1234.86
1210.63
1179.02
1176.58
1188.34
1182.56
1133.98
1102.77
1083.53
1065.1
1020.01
963.514
931.073
902.433
900.7
884.498
883.749
888.564
878.156
877.985
876.329
877.125
889.132
905.8
949.085
1020.19
1122.85
1252.8
1342.39
1384.44
1403.33
1416.82
1428.62
1431.99
1428.89
1454
1491.53
1450.34
1335.19
1125.82
865.411
274
274
274
274
274
274
274
274
274
274
274
274
274
274
274
274
274
274
274
274
274
274
274
274
274
274
274
274
274
274
274
274
274
274
274
274
274
274
274
274
274
274
274
274
274
274
274
274
274
274
274
274
274
274
274
274.001
274.028
275.202
314.374
660.298
861.146
883.778
898.965
915.881
935.743
959.196
987.352
1022.82
1072.34
1145.34
1254.59
1412.73
1630.77
1844.39
1913.17
1928.96
1935.53
1945.8
1954.23
1958.46
1970.4
1985.01
1862.64
1667.24
1410.4
1313.51
1301.21
1299.53
1262.08
1247.66
1219.32
1165.22
1112.51
984.29
960.307
964.26
921.603
900.683
875.678
863.895
852.277
849.385
832.593
843.276
860.097
887.909
939.258
1011.87
1124.37
1262.67
1362.93
1412.26
1424.4
1405.64
1417.34
1436.51
1444.42
1458.28
1478.12
1491.18
1465.96
1345.11
1172.11
941.062
748.959
274
274
274
274
274
274
274
274
274
274
274
274
274
274
274
274
274
274
274
274
274
274
274
274
274
274
274
274
274
274
274
274
274
274
274
274
274
274
274
274
274
274
274
274
274
274
274
274
274
274
274
274
274
274
274
274
274.003
274.135
278.986
416.899
791.589
873.085
887.531
902.058
920.193
942.276
969.704
1002.82
1044.02
1101.77
1190.59
1327.27
1528.32
1781.16
1897.01
1916.05
1920.24
1926.44
1947.31
1965.66
1977.72
1980.05
1915.92
1691.56
1501.08
1430.4
1344.04
1347.55
1384
1377.84
1367.77
1324.41
1250.41
1214.2
1177.03
1102.66
1066.99
1035.14
1035.14
1039.96
1028.58
1049.65
1056.58
1101.63
1166.02
1257.22
1378.5
1475.98
1518.28
1520.03
1465.52
1445.24
1445.23
1468.3
1488.64
1505.75
1509.16
1539.09
1511.88
1442.82
1302.78
1129.87
923.678
760.853
633.397
274
274
274
274
274
274
274
274
274
274
274
274
274
274
274
274
274
274
274
274
274
274
274
274
274
274
274
274
274
274
274
274
274
274
274
274
274
274
274
274
274
274
274
274
274
274
274
274
274
274
274
274
274
274
274
274
274
274.011
274.539
292.285
565.157
853.239
880.959
892.015
905.903
924.387
949.185
981.28
1020.8
1070.26
1139.78
1248.73
1418.99
1666.58
1854.47
1890.28
1893.94
1902.11
1925.97
1946.1
1953.22
1956.19
1866.93
1639.07
1509.72
1483.5
1493.67
1576.23
1702.1
1718.62
1714.12
1707.32
1563.28
1377.05
1250.84
1209.74
1198.74
1204.01
1228.12
1243.59
1261.32
1328.3
1371.5
1419.77
1461.4
1517.75
1546.53
1554.68
1520.36
1490.02
1500.47
1548.43
1565.67
1596.54
1609.85
1599.98
1555.72
1498.37
1405.26
1257.49
1083.46
905.862
737.785
629.489
546.872
274
274
274
274
274
274
274
274
274
274
274
274
274
274
274
274
274
274
274
274
274
274
274
274
274
274
274
274
274
274
274
274
274
274
274
274
274
274
274
274
274
274
274
274
274
274
274
274
274
274
274
274
274
274
274
274
274
274.001
274.043
275.812
337.838
714.856
872.441
886.719
896.011
908.949
928.244
956.009
992.254
1037.46
1096.79
1181.83
1312.25
1513.17
1759.37
1850.95
1853.59
1849.5
1861.88
1888
1897.8
1890.43
1816.93
1709.98
1626.32
1582.27
1643.63
1769.8
1905.01
1941.93
1936.28
1979.29
1984.66
1896.4
1831.54
1800.36
1781.65
1739.25
1741.17
1768.64
1777.46
1784.44
1768.01
1727.66
1707.99
1692.82
1676.67
1666.99
1663.7
1689.12
1685.62
1676.63
1658.5
1655.55
1626.98
1558.18
1472.34
1337.34
1202.14
1031.5
879.466
747.79
643.086
555.468
487.751
274
274
274
274
274
274
274
274
274
274
274
274
274
274
274
274
274
274
274
274
274
274
274
274
274
274
274
274
274
274
274
274
274
274
274
274
274
274
274
274
274
274
274
274
274
274
274
274
274
274
274
274
274
274
274
274
274
274
274.003
274.151
279.672
432.511
809.893
882.581
891.064
898.52
910.825
931.246
961.023
999.829
1049.33
1117.61
1215.87
1363.39
1580.73
1783.33
1834.51
1827.72
1811.58
1809.02
1819.37
1850.92
1854.62
1826.66
1868.09
1843.04
1864.89
1966.31
2008.19
2015.18
1996.3
2011.31
2045.08
1967.64
1964.56
1975.53
1976.98
1978.42
1993.38
1999.46
1998.69
1995.56
1991.71
1972.93
1941.19
1904.65
1855.03
1822.42
1807.34
1787.57
1753.65
1703
1646.2
1573.98
1478.43
1348.1
1234.34
1081.84
963.821
844.768
746.886
652.254
565
495.291
441.482
274
274
274
274
274
274
274
274
274
274
274
274
274
274
274
274
274
274
274
274
274
274
274
274
274
274
274
274
274
274
274
274
274
274
274
274
274
274
274
274
274
274
274
274
274
274
274
274
274
274
274
274
274
274
274
274
274
274
274
274.008
274.427
289.156
544.175
858.289
888.235
893.453
899.913
912.118
932.956
963.161
1002.6
1055.11
1129.47
1235.82
1391.56
1606.27
1789.62
1836.1
1836.46
1820.22
1821.22
1858.13
1874.25
1838.86
1939.12
1966.16
1983.91
2065.14
2115.42
2118.1
2101.87
2084.36
2078.98
2061.76
2042.98
2037.83
2040.91
2040.18
2042.24
2042.83
2040.02
2035.22
2027.53
2009.66
1979.29
1942.36
1894.68
1838.67
1788.75
1735.97
1663.89
1563.1
1454.85
1350.43
1256.88
1148.98
1048.58
938.488
845.472
742.776
654.767
576.25
507.574
453.532
409.3
274
274
274
274
274
274
274
274
274
274
274
274
274
274
274
274
274
274
274
274
274
274
274
274
274
274
274
274
274
274
274
274
274
274
274
274
274
274
274
274
274
274
274
274
274
274
274
274
274
274
274
274
274
274
274
274
274
274
274
274.001
274.022
274.996
309.366
652.438
874.622
890.206
894.08
900.089
912.234
932.642
960.959
999.296
1052.72
1128.06
1235.13
1389.04
1600.88
1790.15
1847.62
1864.95
1869.85
1852.64
1838.68
1835.43
1887.07
1945.41
1993.91
2050.26
2111.89
2128.46
2118.95
2089.8
2071.39
2049.92
2021.77
1995.19
1976.52
1965.77
1959.21
1949.49
1940.25
1928.04
1912.63
1891.22
1862.49
1826.48
1778.64
1711.71
1640.02
1566.44
1486
1407.71
1336.32
1256.84
1170.3
1064.54
961.466
844.003
747.403
656.538
583.947
521.566
468.501
426.079
390.405
274
274
274
274
274
274
274
274
274
274
274
274
274
274
274
274
274
274
274
274
274
274
274
274
274
274
274
274
274
274
274
274
274
274
274
274
274
274
274
274
274
274
274
274
274
274
274
274
274
274
274
274
274
274
274
274
274
274
274
274
274.001
274.05
276.022
345.262
730.344
880.14
890.016
893.141
898.876
910.549
928.941
953.917
989.585
1039.8
1110.33
1209.92
1354.48
1555.68
1770.78
1853.7
1862.92
1846.6
1821.06
1799.08
1799.39
1844.58
1920.89
1961.28
1977.45
1981.13
1971.77
1947.5
1915.37
1886.45
1853.51
1818.78
1778.35
1749.59
1730.34
1706.43
1688.39
1669.21
1647.85
1623.32
1596.19
1564.12
1525.76
1488.57
1458.12
1433.08
1395.07
1332.38
1265.6
1189.97
1099.42
982.237
870.807
761.588
677.635
601.754
540.424
488.976
444.401
406.997
377.959
274
274
274
274
274
274
274
274
274
274
274
274
274
274
274
274
274
274
274
274
274
274
274
274
274
274
274
274
274
274
274
274
274
274
274
274
274
274
274
274
274
274
274
274
274
274
274
274
274
274
274
274
274
274
274
274
274
274
274
274
274
274.002
274.092
277.562
387.643
775.961
881.214
888.072
890.564
896.089
906.891
921.912
943.258
973.943
1017.58
1078.54
1165.09
1289.44
1469.25
1683.71
1800.14
1819.09
1802.54
1778.01
1766.08
1776.82
1802.68
1799.15
1782.95
1775.16
1767.78
1757.82
1736.23
1716.5
1692.09
1665.11
1638.18
1609.07
1583.84
1556.45
1531.63
1509.82
1487.62
1465.71
1446.72
1429.64
1418.44
1408.19
1390.06
1361.59
1317.32
1247.79
1170.39
1084.46
981.34
866.48
765.198
673.14
604.875
544.664
495.837
455.365
419.203
389.783
368.027
274
274
274
274
274
274
274
274
274
274
274
274
274
274
274
274
274
274
274
274
274
274
274
274
274
274
274
274
274
274
274
274
274
274
274
274
274
274
274
274
274
274
274
274
274
274
274
274
274
274
274
274
274
274
274
274
274
274
274
274
274
274
274.003
274.144
279.301
421.469
797.462
878.951
884.381
886.613
891.523
900.747
912.707
929.784
954.402
989.303
1038.58
1108.87
1205.26
1332.14
1492.12
1631.11
1698.27
1718.63
1715.32
1721.52
1724.61
1709.24
1694.06
1684.79
1675.61
1667.14
1647.25
1627.74
1606.99
1584.98
1563.74
1539.29
1514.8
1488.14
1463.58
1443.28
1424.95
1408.14
1393.09
1379.56
1368.99
1351.69
1315.78
1269.36
1206.37
1124.61
1038.59
946.245
846.825
748.622
668.08
597.429
545.101
498.937
460.604
429.185
401.293
378.887
362.465
274
274
274
274
274
274
274
274
274
274
274
274
274
274
274
274
274
274
274
274
274
274
274
274
274
274
274
274
274
274
274
274
274
274
274
274
274
274
274
274
274
274
274
274
274
274
274
274
274
274
274
274
274
274
274
274
274
274
274
274
274
274
274
274.005
274.187
280.542
436.675
800.191
874.31
879.291
881.274
885.738
892.884
901.945
914.597
932.605
958.942
996.692
1046.54
1110.14
1191.25
1279.72
1371.79
1454.6
1512.63
1538.53
1547.44
1544.44
1539.57
1534.9
1527.23
1520.16
1510.19
1499.97
1490.12
1476.11
1463.87
1452.3
1438.5
1422.1
1404.78
1389.04
1373.68
1357.26
1339.76
1320.33
1293.14
1248.44
1192.11
1127.84
1050.68
966.052
884.167
802.843
722.537
648.642
590.19
538.776
499.684
464.919
435.336
410.9
389.759
373.472
360.059
274
274
274
274
274
274
274
274
274
274
274
274
274
274
274
274
274
274
274
274
274
274
274
274
274
274
274
274
274
274
274
274
274
274
274
274
274
274
274
274
274
274
274
274
274
274
274
274
274
274
274
274
274
274
274
274
274
274
274
274
274
274
274
274
274.006
274.205
280.653
430.059
786.677
867.537
872.938
874.947
878.747
883.568
889.212
897.338
909.934
929.512
955.119
985.72
1023.77
1065.33
1110.47
1159.73
1198.51
1229.36
1250.51
1264.53
1275.63
1281.61
1282.93
1287.14
1289.03
1287.21
1285.36
1281.74
1279.41
1277.76
1275.42
1273.18
1269.6
1263.88
1255.38
1240.97
1217.72
1184.21
1136.55
1081.13
1018
952.439
882.143
811.493
746.991
685.706
627.519
574.726
532.978
495.535
466.683
440.574
417.767
399.429
384.123
371.411
360.082
274
274
274
274
274
274
274
274
274
274
274
274
274
274
274
274
274
274
274
274
274
274
274
274
274
274
274
274
274
274
274
274
274
274
274
274
274
274
274
274
274
274
274
274
274
274
274
274
274
274
274
274
274
274
274
274
274
274
274
274
274
274
274
274
274
274.006
274.191
279.58
403.027
754.803
858.659
865.69
867.288
870.149
872.63
874.798
878.429
888.116
900.313
915.898
932.694
949.265
967.855
989.343
1009.91
1023.04
1039.18
1049.47
1056.54
1062.35
1064.44
1066.05
1067.95
1069.49
1073.11
1075.06
1077.5
1079.59
1080.13
1080.33
1079.2
1075.39
1067.3
1051.82
1027.92
994.439
951.59
902.98
850.535
798.035
743.954
692.631
646.242
602.304
561.076
523.469
493.769
466.447
444.648
424.877
407.718
393.928
382.347
371.568
363.073
274
274
274
274
274
274
274
274
274
274
274
274
274
274
274
274
274
274
274
274
274
274
274
274
274
274
274
274
274
274
274
274
274
274
274
274
274
274
274
274
274
274
274
274
274
274
274
274
274
274
274
274
274
274
274
274
274
274
274
274
274
274
274
274
274
274
274.006
274.153
277.876
361.481
695.999
845.245
856.354
858.01
860.022
859.88
858.909
860.521
864.4
871.136
878.272
884.962
891.763
898.868
907.119
914.01
916.144
916.782
917.618
917.22
914.133
912.65
912.404
913.134
914.07
914.434
914.47
914.217
913.163
912.228
909.73
904.352
895.037
880.26
859.463
832.251
798.872
762.596
724.695
686.814
648.651
612.661
579.74
548.297
518.953
491.596
469.645
448.741
431.539
416.439
403.378
392.59
382.642
374.484
368.948
274
274
274
274
274
274
274
274
274
274
274
274
274
274
274
274
274
274
274
274
274
274
274
274
274
274
274
274
274
274
274
274
274
274
274
274
274
274
274
274
274
274
274
274
274
274
274
274
274
274
274
274
274
274
274
274
274
274
274
274
274
274
274
274
274
274
274
274.005
274.108
276.277
320.036
600.445
819.986
844.1
846.57
847.802
846.303
843.509
841.045
840.785
842.28
845.683
847.428
848.28
848.982
847.763
845.918
842.272
838.069
836.225
829.618
824.967
820.438
815.438
811.588
807.198
803.364
800.072
796.576
793.054
787.789
780.354
769.926
756.325
739.478
719.154
695.693
670.524
643.689
616.996
590.109
563.962
539.673
516.324
494.539
473.367
455.748
439.112
425.235
413.346
402.703
393.146
385.581
380.291
376.164
274
274
274
274
274
274
274
274
274
274
274
274
274
274
274
274
274
274
274
274
274
274
274
274
274
274
274
274
274
274
274
274
274
274
274
274
274
274
274
274
274
274
274
274
274
274
274
274
274
274
274
274
274
274
274
274
274
274
274
274
274
274
274
274
274
274
274
274
274.004
274.067
275.172
294.27
483.684
760.555
828.583
833.77
834.046
832.614
827.361
822.77
819.527
817.248
816.797
813.623
812.419
809.543
805.397
800.524
794.568
789.031
780.423
773.589
765.296
757.495
749.315
741.733
735.388
730.086
724.791
718.891
711.813
703.397
693.188
681.05
667.191
652.189
635.521
617.082
597.231
577.22
556.777
536.163
517.006
498.395
480.826
463.3
448.533
435.004
423.408
413.155
403.886
396.581
391.306
387.022
382.901
274
274
274
274
274
274
274
274
274
274
274
274
274
274
274
274
274
274
274
274
274
274
274
274
274
274
274
274
274
274
274
274
274
274
274
274
274
274
274
274
274
274
274
274
274
274
274
274
274
274
274
274
274
274
274
274
274
274
274
274
274
274
274
274
274
274
274
274
274
274.002
274.038
274.544
281.924
376.416
650.531
802.897
818.686
819.434
817.05
811.011
805.362
802.083
796.991
793.968
789.102
786.002
779.396
772.648
765.195
756.051
748.742
742.024
733.8
724.603
714.91
706.057
698.274
691.504
685.234
678.227
670.501
661.884
652.24
641.277
628.771
616.68
602.824
587.82
571.532
554.81
537.667
520.131
503.859
487.887
472.715
458.038
445.609
434.201
423.902
415.293
408.405
402.967
398.09
395.191
391.749
274
274
274
274
274
274
274
274
274
274
274
274
274
274
274
274
274
274
274
274
274
274
274
274
274
274
274
274
274
274
274
274
274
274
274
274
274
274
274
274
274
274
274
274
274
274
274
274
274
274
274
274
274
274
274
274
274
274
274
274
274
274
274
274
274
274
274
274
274
274
274.001
274.019
274.23
276.724
305.709
493.755
727.286
796.938
802.303
799.42
794.374
788.704
783.397
779.41
775.541
770.742
764.07
756.895
747.271
736.813
728.339
721.539
713.914
704.987
695.947
687.086
678.923
671.444
664.53
657.038
649.029
639.969
630.138
619.614
607.882
596.472
583.799
570.136
555.377
540.228
525.081
509.65
495.313
481.192
468.129
456.04
445.279
435.611
427.594
421.061
416.245
411.674
407.006
402.285
394.962
274
274
274
274
274
274
274
274
274
274
274
274
274
274
274
274
274
274
274
274
274
274
274
274
274
274
274
274
274
274
274
274
274
274
274
274
274
274
274
274
274
274
274
274
274
274
274
274
274
274
274
274
274
274
274
274
274
274
274
274
274
274
274
274
274
274
274
274
274
274
274
274.001
274.009
274.088
274.884
282.803
355.808
571.894
740.671
779.697
781.208
777.152
771.531
765.275
759.44
755.001
750.508
745.02
737.096
727.195
717.428
709.004
700.062
691.196
682.719
674.047
665.743
657.689
649.947
641.928
633.524
624.555
614.585
603.541
592.47
581.126
568.859
555.906
542.427
528.887
515.637
502.166
489.652
477.393
466.639
456.595
448.096
441.061
434.738
428.509
421.483
414.164
406.921
400.604
394.506
274
274
274
274
274
274
274
274
274
274
274
274
274
274
274
274
274
274
274
274
274
274
274
274
274
274
274
274
274
274
274
274
274
274
274
274
274
274
274
274
274
274
274
274
274
274
274
274
274
274
274
274
274
274
274
274
274
274
274
274
274
274
274
274
274
274
274
274
274
274
274
274
274
274.004
274.032
274.277
276.235
291.612
390.347
591.792
725.698
757.409
758.063
753.208
746.793
739.3
732.561
727.149
723.301
717.999
710.842
703.324
694.102
685.06
676.179
667.133
658.212
649.829
641.224
632.289
622.545
612.123
601.079
589.701
578.51
566.95
554.758
542.306
530.262
519.164
508.665
497.993
487.613
477.36
468.311
459.834
451.684
443.61
435.411
427.156
419.357
412.577
406.513
400.601
393.777
274
274
274
274
274
274
274
274
274
274
274
274
274
274
274
274
274
274
274
274
274
274
274
274
274
274
274
274
274
274
274
274
274
274
274
274
274
274
274
274
274
274
274
274
274
274
274
274
274
274
274
274
274
274
274
274
274
274
274
274
274
274
274
274
274
274
274
274
274
274
274
274
274
274
274.001
274.011
274.079
274.566
277.699
296.682
390.81
563.461
684.82
726.925
730.311
725.266
719.126
711.315
705.479
701.525
697.085
692.568
687.693
683.434
678.113
671.992
664.35
655.695
646.251
636.645
626.438
615.749
604.384
592.926
581.294
569.384
557.165
545.004
533.313
521.406
509.829
498.211
486.945
476.815
467.845
458.758
449.433
440.193
432.077
425.124
418.484
412.386
403.399
377.128
331.972
274.001
274.001
274.001
274.001
274.001
274.001
274.001
274.001
274.001
274.001
274.001
274.001
274.001
274.001
274.001
274.001
274.001
274.001
274.001
274.001
274.001
274.001
274.001
274.001
274.001
274.001
274.001
274.001
274.001
274.001
274.001
274.001
274.001
274.001
274.001
274.001
274.001
274.001
274.001
274.001
274.001
274.001
274.001
274.001
274.001
274.001
274.001
274.001
274.001
274.001
274.001
274.001
274.001
274.001
274.001
274.001
274.001
274.001
274.001
274.001
274.001
274.001
274.001
274.001
274.001
274.001
274
274
274
274
274
274
274
274
274.001
274.001
274.004
274.023
274.135
274.77
278.007
293.283
357.677
489.402
613.353
678.675
696.759
698.857
697.257
697.198
699.353
702.375
703.712
704.674
704.922
704.109
701.228
696.162
688.327
679.171
669.064
658.021
646.045
633.61
620.815
607.281
593.477
579.299
564.509
548.941
533.457
517.996
503.563
489.868
475.636
462.602
449.824
439.431
431.476
422.531
405.217
367.597
319.678
289.844
280.421
274.002
274.002
274.002
274.002
274.002
274.002
274.002
274.002
274.002
274.002
274.002
274.002
274.002
274.002
274.002
274.002
274.002
274.002
274.002
274.002
274.002
274.002
274.002
274.002
274.002
274.002
274.002
274.002
274.002
274.002
274.002
274.002
274.002
274.002
274.002
274.002
274.002
274.002
274.002
274.002
274.002
274.002
274.002
274.002
274.002
274.002
274.002
274.002
274.002
274.002
274.002
274.002
274.002
274.002
274.002
274.002
274.002
274.002
274.002
274.002
274.002
274.002
274.002
274.002
274.002
274.002
274.002
274.002
274.002
274.002
274.002
274.002
274.002
274.002
274.002
274.002
274.002
274.003
274.008
274.034
274.16
274.725
276.962
285.441
312.797
388.413
503.209
597.582
659.767
697.897
724.027
742.723
755.843
763.985
769.113
771.409
771.393
768.983
763.722
757.067
748.872
739.015
727.343
714.516
700.594
685.433
669.331
652.218
634.329
615.666
596.505
576.666
556.148
534.292
510.874
485.491
458.598
427.278
387.945
340.841
300.152
285.645
278.894
276.013
274.818
)
;

boundaryField
{
    wall
    {
        type            zeroGradient;
    }
    inlet
    {
        type            fixedValue;
        value           uniform 3673;
    }
    outlet-1
    {
        type            inletOutlet;
        inletValue      uniform 274;
        value           nonuniform List<scalar> 
60
(
274
274
274
274
274
275.933
276.235
276.291
276.084
274
274
274
274
274
274
274
274
274
274
274
274
274
274
274
274
274
274
274
274
274
274
274
274
274
274
274
274
274
274
274
274
274
274
274
274
274
274
274
274
274
274
276.069
276.278
276.225
275.924
274
274
274
274
274
)
;
    }
    outlet-2
    {
        type            inletOutlet;
        inletValue      uniform 274;
        value           nonuniform List<scalar> 
89
(
274.002
274.001
274
274
274
274
274
274
274
274
274
274
274
274
274
274
274
274
274
274
274
274
274
274
274
274
274
274
274
274
274
274
274
274
274
274
274
274
274
274
274
274
274
274
274
274
274
274
274
274
274
274
274
274
274
274
274
274
274
274
274
274
274
274
274
274
274
274
274
274
274
274
274
274
274
274
274
274
274
274
274
274
274
274
274
274
274
274.001
274.002
)
;
    }
    frontAndBackPlanes
    {
        type            empty;
    }
}


// ************************************************************************* //
