/*--------------------------------*- C++ -*----------------------------------*\
| =========                 |                                                 |
| \\      /  F ield         | OpenFOAM: The Open Source CFD Toolbox           |
|  \\    /   O peration     | Version:  2112                                  |
|   \\  /    A nd           | Website:  www.openfoam.com                      |
|    \\/     M anipulation  |                                                 |
\*---------------------------------------------------------------------------*/
FoamFile
{
    version     2.0;
    format      ascii;
    arch        "LSB;label=32;scalar=64";
    class       volScalarField;
    location    "0.00151";
    object      T;
}
// * * * * * * * * * * * * * * * * * * * * * * * * * * * * * * * * * * * * * //

dimensions      [0 0 0 1 0 0 0];

internalField   nonuniform List<scalar> 
13875
(
1411.73
1534.9
1482.69
1486.73
1481.1
1483.49
1483.57
1483.1
1483.83
1483.49
1484.26
1483.46
1483.89
1483.68
1483.25
1483.93
1483.22
1483.87
1482.82
1483.62
1481.22
1487.26
1480.63
1532.97
1397.92
1306.97
1356.02
1319.13
1322.05
1316.65
1317.12
1317.18
1317.81
1322.35
1323.24
1323.4
1317.84
1317.62
1317.48
1317.83
1322.58
1322.62
1321.48
1317.45
1317.27
1316.12
1321.76
1319.62
1356.38
1303.77
1307.06
1339.63
1314.69
1311.11
1304
1304.3
1303.75
1303.37
1303.32
1303.67
1304.41
1303.77
1303.75
1303.99
1304.33
1304.69
1305.04
1303.35
1303.52
1304.67
1303.97
1310.67
1311.51
1336.39
1297.21
1317.19
1345.03
1315.13
1308.79
1305.17
1304.8
1303.97
1303.54
1302.7
1302.34
1303.3
1303.87
1303.87
1304.12
1304.26
1303.99
1303.35
1303.45
1303.79
1304.94
1304.6
1307.59
1314
1343.68
1311.47
1329.36
1341.73
1316.17
1311.72
1303.57
1304.15
1303.95
1303.37
1302.93
1302.47
1303.5
1304.07
1304.12
1304.18
1304.33
1304.23
1303.57
1303.58
1303.55
1304.69
1303.71
1311.34
1312.17
1338.49
1315.89
1332.2
1351.55
1319.44
1310.06
1307.13
1306.29
1304.97
1304.16
1303.26
1302.63
1303.68
1304.49
1304.57
1304.57
1304.6
1304.47
1304.12
1304.12
1304.77
1306.41
1306.53
1308.49
1319.07
1349.14
1326.46
1339.22
1360.54
1329.74
1317.08
1307.2
1306.5
1305.54
1304.72
1303.94
1303.33
1304.37
1305.27
1305.45
1305.42
1305.27
1305.38
1304.91
1304.65
1305.25
1306.82
1307.17
1317.09
1326.03
1358.39
1321.89
1361.8
1386.34
1345.91
1322.13
1316.88
1312.53
1309.32
1307.31
1305.93
1304.83
1305.8
1306.83
1307.23
1307.07
1306.65
1306.43
1306.75
1306.84
1308.45
1312.01
1315.49
1320.97
1341.76
1381.36
1351.05
1535.42
1509.16
1389.8
1352.47
1324.31
1317.17
1313.26
1310.91
1309.35
1308.27
1308.98
1310.06
1310.8
1310.49
1309.91
1309.32
1309.68
1309.9
1312.15
1316.42
1322.67
1348.38
1384.59
1508.54
1523.66
1862.96
1590.56
1439.08
1368.83
1346.4
1330.19
1322.65
1318.91
1316.55
1315.58
1315.84
1316.91
1318.11
1317.57
1316.69
1315.87
1316.66
1317.33
1320.45
1328.15
1341.53
1364.49
1428.66
1569.27
1832.34
2522.92
1803.57
1542.81
1446.03
1369.03
1349.94
1340.07
1335.08
1332.2
1331.26
1331.13
1331.81
1333.56
1332.85
1331.77
1330.89
1331.99
1333.17
1336.81
1346.95
1362.76
1430.16
1517.08
1811.34
2449.93
2891.66
2311.99
2129.3
1537.37
1449.36
1414.11
1385.51
1376.85
1370.83
1369.09
1368.2
1367.81
1370.34
1369.23
1368.21
1367.88
1369.55
1373.73
1380.13
1407.62
1432.33
1492.12
1764.87
2312.86
2852.67
2852.03
2776.5
2652.08
2392.35
1654.97
1553.9
1525.87
1505.37
1495.35
1491.94
1490.76
1487.2
1492.43
1488.61
1488.59
1489.06
1492.45
1501.13
1517.54
1546.84
1662.28
2376.26
2432.44
2718.53
2791.68
2770.77
2754.54
2863.37
2857.41
2230.62
2257.08
2052.57
1959.4
1923.58
1874.05
1898.97
1850.6
1891.76
1862.79
1872.76
1875.29
1893.24
1943.1
2049.32
2208.56
2154.64
2865.59
2874.29
2739.6
2714.25
2654.25
2747.69
2868.59
2855.3
2885.8
3188.67
3445.68
3445.16
3700.66
3570.33
3685.46
3611.42
3660.68
3631.36
3661.71
3640.88
3659.31
3556.64
3468.51
3199.43
2915.94
2873.5
2863.06
2697.32
2678.44
2539.71
2677.94
2890.16
2987.66
2999.38
3334.62
3595.1
3682.29
3693
3668.89
3618.13
3638.34
3588.93
3630.61
3627.04
3650.22
3676.05
3719.75
3649.78
3460.66
3057.83
2979.57
2896.57
2704.58
2594.32
2486.74
2616.07
2750.7
2953.98
3039.83
3345.63
3570.77
3668.4
3668.33
3651.65
3610.88
3621.39
3592.1
3617.25
3612.45
3633.12
3661.5
3707.43
3634.57
3462.32
3116.68
3016.22
2807.9
2602.82
2511.86
2307.77
2599.1
2854.17
2951.41
2956.45
3201.92
3365.34
3458.02
3499.24
3499.3
3502.72
3498.2
3499.62
3501.51
3501.42
3502.34
3494.6
3482.99
3405.88
3243.23
3026.79
3023.84
2859.18
2602.95
2337.03
2226.6
2318.76
2621.87
2770.94
2739.67
2870.27
3117.51
3293.5
3385.95
3407.04
3409.65
3407.57
3411.44
3411.71
3410.85
3413.03
3412.96
3377.83
3196.99
2928.18
2782.58
2837.83
2676.37
2356.24
2266.97
2314.31
2256.35
2367.14
2544.46
2562.01
2629.47
2840.79
3081.2
3236
3298.45
3318.02
3320.97
3323.31
3326.6
3325.65
3317.31
3286.45
3156.45
2887.09
2672.86
2602.51
2588.54
2364.28
2266.54
2363.15
2877.89
2251.32
2187.97
2341.2
2404.89
2477.2
2663.91
2907.71
3096.68
3188.04
3212.11
3219.52
3224.27
3224.17
3219.24
3208.54
3139.48
2953.65
2691.01
2509.63
2430.14
2357.64
2176
2222.98
2793.8
2827.73
2042.51
1993.98
2185.39
2276.12
2368.18
2532.08
2756.21
2951.13
3069.64
3112.17
3119.33
3122.21
3122.12
3116.08
3083.39
2979.31
2779.53
2545.61
2399.42
2297.34
2189.85
1999.07
2039.07
2839.44
2853.93
2047.39
1889.48
2067.24
2179.85
2281.8
2418.72
2631.15
2829.06
2952.36
2995.99
3010.98
3014.97
3011.83
2996.97
2962.28
2850.24
2645.79
2434.67
2312.35
2197.07
2072.26
1880.42
2049.84
2957.04
2801.46
2029.2
1879.69
2011.57
2099.67
2199.06
2329.84
2525.29
2712.4
2844.25
2897.66
2907.68
2910.58
2906.56
2895.23
2849.09
2728.38
2532.59
2331.37
2218.16
2118
2017.98
1865.54
2010.04
2762.07
2740.03
2027.6
1908
1980.35
2037.5
2118.12
2241.75
2441.07
2621.35
2739.37
2785.83
2802.19
2806.63
2802.57
2782.24
2739.73
2624.95
2433.86
2239.85
2133.15
2057.64
1987.2
1884.55
2023.68
2748.65
2724.27
2055.77
1925.06
1962.42
1987.54
2051.96
2173.84
2355.14
2522.08
2644.14
2697.48
2704.82
2708.35
2702.21
2690.28
2643.35
2529.85
2352.76
2167.01
2063.37
2005.18
1974.63
1905.49
2021.07
2701.78
2690.59
2077.32
1948.15
1958.16
1943.07
1992.91
2110.22
2292.01
2450.31
2550.73
2591.53
2607.97
2611.11
2608.94
2588.06
2549.23
2451.87
2283.17
2103.32
2001.04
1963.66
1971.39
1933.54
2055.75
2695.05
2688.08
2138.99
1992.06
1948.49
1916.8
1953.29
2068.27
2230.48
2369.13
2467.63
2514.57
2517.63
2522.81
2515.36
2505.01
2464.71
2372.17
2222.12
2054.68
1958.03
1931.66
1967.25
1967.33
2116.64
2690.14
2710.44
2149.21
1995.42
1943.78
1899.34
1915.34
2018.46
2173.63
2305.03
2385.83
2419.35
2432.28
2435.68
2433.65
2417.96
2386.6
2311.94
2172.4
2013.96
1923.93
1918.51
1958.46
1995.88
2106.27
2675.64
2741.8
2167.67
2007.52
1936.58
1881.68
1897.65
1996.8
2132.33
2238.89
2312.55
2349.78
2351.24
2357.74
2350.27
2341.65
2310.74
2245.16
2130.56
1984.43
1901.85
1896.92
1954.56
2000.36
2145.14
2711.67
2719.34
2167.46
1998.32
1938.32
1865.22
1883.13
1966.23
2088.48
2185.01
2245.11
2273.61
2278.04
2281.12
2278.54
2270.28
2245.74
2191.08
2086.03
1956.6
1881.62
1879.34
1950.02
2009.28
2147.78
2721.36
2714.96
2181.26
2030.21
1942.46
1849.64
1867.07
1950.17
2058.48
2134.25
2180.4
2202.8
2206.05
2213.73
2207.02
2198.38
2179.11
2141.16
2063.09
1943.29
1866.43
1864.54
1949.08
2017.49
2164.06
2700.74
2686.96
2182.29
2042.69
1927.11
1847.22
1858.41
1928.22
2018.46
2082.81
2123.73
2151.33
2145.94
2147.91
2144.01
2144.98
2125.61
2089.3
2017.63
1918.08
1852.42
1852.91
1940.95
2037.4
2163.93
2700.39
2672.09
2176.44
2097.17
1952.19
1847.91
1844.66
1919.41
1998.1
2048.42
2073.11
2079.38
2082.82
2089.93
2083.77
2074.57
2068.57
2050.62
1999.4
1909.98
1836.76
1854.49
1950.61
2073.29
2165.93
2686.26
2668.56
2183.76
2118.55
1941.83
1856.74
1836.73
1897.45
1961.15
1999.45
2021.1
2044.5
2032.03
2034.39
2031.74
2037.62
2021.88
1999.22
1961.34
1889.6
1829.51
1861.59
1944.92
2123.65
2157.89
2665.29
2641.97
2175.51
2110.37
1969.42
1871.36
1835.52
1888.51
1944.39
1974
1984.38
1981.35
1980.62
1985.7
1979.8
1975.68
1978.59
1973.32
1942.79
1875.75
1824.84
1871.46
1972.48
2114.64
2164.66
2638.56
2610.16
2159.33
2114.72
1986.35
1885.04
1840.64
1877.97
1911.89
1927.89
1935.03
1953.49
1937.5
1939.28
1937.35
1946.72
1933.99
1921.03
1906.41
1862.84
1825.87
1881.14
1995.16
2119.04
2154.34
2611.83
2587.38
2143.98
2101.43
2046.61
1904.49
1853.71
1870.38
1897.08
1909.46
1906.98
1898.59
1895.44
1900.45
1894.55
1894.07
1902.03
1906.76
1892.13
1856.13
1843.34
1894.68
2050.94
2106.37
2141.29
2582.03
2568.51
2136.89
2094.11
2040.92
1926.46
1871.78
1870.48
1869.87
1862.49
1863.04
1878.77
1861.68
1861.36
1860.08
1871.76
1859.9
1857.04
1864.85
1857.87
1860.27
1927.86
2054.15
2103.08
2128.59
2578.58
2544.47
2116.24
2063.58
2035.27
1963.69
1891.67
1889.4
1862.7
1856.83
1842.87
1829.96
1823.78
1829.36
1824.28
1825.77
1838.6
1853.16
1856
1866.98
1874.28
1962.31
2046.8
2079.14
2122.44
2564.56
2537.43
2116.35
2042.12
2030.55
2029.53
1922.2
1899.45
1849.05
1817.1
1803.48
1815.23
1796.87
1796.56
1793.5
1809.41
1798.01
1814.03
1852.63
1897.88
1904.61
2038.48
2043.34
2047.69
2105.8
2557.26
2514.38
2100.21
2011.87
2014.07
2019.86
1946.84
1906.15
1858.63
1822.49
1796.59
1772.69
1764.15
1768.7
1767.59
1770.61
1793.11
1819.19
1854.55
1906.57
1939.25
2025.89
2025.87
2019.13
2105.29
2546.82
2499.55
2098.52
1993.18
1988.13
2021.21
2013.27
1935.82
1868.17
1800.52
1757.75
1767.04
1743.07
1742.36
1736.19
1762.22
1754.49
1792.47
1874.79
1943.58
2008.34
2024.19
2000.72
1997.6
2101.78
2536.15
2468.83
2091.02
1983.74
1959.52
1997.92
2038.6
1950.74
1879.94
1818.01
1776.52
1733.67
1718.09
1720.24
1724.01
1730.73
1775.3
1808.16
1873.5
1974.07
2052.89
2000.19
1968.27
1987
2089.65
2509.8
2453.12
2087.76
1966.04
1929.23
1974.2
2026.37
2002.48
1896.66
1805.25
1737.29
1735.11
1704.01
1701.59
1698.69
1734.73
1736.67
1804.27
1906.15
2052.58
2044.18
1972.14
1936.69
1967.58
2088.61
2483.83
2421.05
2065.29
1962.79
1914.76
1935.1
2008.55
2083.63
1946.82
1830.23
1783.71
1724.65
1694.79
1684.73
1695.02
1713.18
1781.85
1828.5
1934.64
2099.2
2020.77
1935.64
1924.54
1962.5
2073.75
2446.95
2405.45
2063.3
1948.01
1884.9
1906.05
1979.58
2060.18
2031.5
1847.99
1742.76
1730.19
1687.77
1684.15
1689
1732.22
1739.07
1848.87
2024.87
2076.98
1990.88
1910.62
1891.61
1943.41
2063.12
2433.19
2365.85
2039.39
1946.99
1887.51
1879.82
1942.91
2049.69
2069.06
1899.11
1799.86
1729.49
1699.31
1685.86
1695.71
1723.01
1808.37
1916.59
2076.73
2066.67
1952
1886.18
1899.8
1939.42
2045.32
2381.98
2336.77
2029.52
1929.74
1868.43
1871.39
1913
2014.49
2056.64
1994.29
1778.17
1746.62
1687.85
1689.84
1692.3
1747.29
1775.9
2019.34
2063.35
2028.11
1914.82
1874.95
1874.85
1924.24
2033.05
2354.02
2205.83
1984.39
1913.59
1873.88
1855.43
1885.94
1981.26
2038.7
2036.46
1886.65
1761.68
1721.77
1700.9
1720.81
1764.08
1894.24
2043.7
2043.86
1990.65
1887.54
1855.28
1875.56
1909.03
1987.12
2211.57
273.929
274.032
274.07
274.07
274.04
274.098
274.218
274.286
274.299
274.245
274.165
274.093
274.047
274.022
274.009
274.004
274.001
274
274
274
273.999
273.999
274
274
273.999
274.001
273.995
274.003
273.989
274.011
274.168
274.278
274.3
274.286
274.234
274.269
274.386
274.434
274.423
274.338
274.225
274.128
274.064
274.03
274.013
274.005
274.002
274
274
274
273.999
273.999
273.999
273.999
273.999
274
273.994
274.004
273.987
274.017
274.291
274.406
274.416
274.355
274.26
274.287
274.415
274.468
274.467
274.376
274.252
274.143
274.072
274.033
274.014
274.006
274.002
274
274
273.999
273.999
273.999
273.999
273.999
273.999
274
273.995
274.003
273.992
274.012
274.292
274.441
274.445
274.347
274.228
274.275
274.415
274.494
274.504
274.406
274.272
274.155
274.078
274.036
274.015
274.006
274.002
274
274
273.999
273.999
273.999
273.999
273.999
273.999
274
273.997
274.002
273.995
274.008
274.263
274.456
274.452
274.306
274.191
274.273
274.42
274.522
274.537
274.429
274.287
274.164
274.082
274.038
274.016
274.006
274.002
274
274
273.999
273.999
273.999
274
274
274
274
273.998
274.002
273.997
274.006
274.237
274.461
274.437
274.269
274.164
274.277
274.447
274.548
274.561
274.442
274.295
274.167
274.084
274.038
274.016
274.006
274.002
274
274
273.999
273.999
273.999
274
274
274
274
273.999
274.001
273.999
274.004
274.214
274.468
274.422
274.245
274.159
274.282
274.474
274.571
274.577
274.445
274.295
274.167
274.084
274.038
274.016
274.006
274.002
274
274
273.999
273.999
273.999
274
274
274
274
273.999
274.001
273.999
274.004
274.207
274.505
274.44
274.258
274.183
274.315
274.504
274.587
274.582
274.442
274.293
274.166
274.083
274.037
274.015
274.006
274.002
274
274
273.999
273.999
273.999
274
274
274
274
274
274
274
274.003
274.227
274.559
274.509
274.334
274.283
274.43
274.559
274.606
274.583
274.436
274.289
274.163
274.082
274.037
274.015
274.005
274.002
274
274
273.999
273.999
273.999
274
274
274
274
274
274
274
274.003
274.315
274.705
274.749
274.632
274.594
274.705
274.707
274.668
274.596
274.427
274.282
274.159
274.079
274.036
274.014
274.005
274.001
274
274
274
273.999
273.999
274
274
274
274
274
274
274
274.002
274.585
275.148
275.427
275.545
275.6
275.506
275.164
274.873
274.66
274.428
274.272
274.152
274.076
274.033
274.013
274.004
274.001
274
274
274
273.999
273.999
274
274
274
274
274
274
274
274.002
275.347
276.414
277.334
278.314
278.752
278.269
276.844
275.594
274.903
274.494
274.28
274.145
274.07
274.03
274.012
274.004
274.001
274
274
274
274
273.999
274
274
274
274
274.001
274
274
274.002
277.596
279.691
281.66
285.327
287.611
286.464
282.951
278.606
275.9
274.767
274.348
274.155
274.068
274.028
274.011
274.004
274.001
274
274
274
274
274
274
274
274
274
274.001
274.001
274.001
274.002
282.675
287.359
291.656
297.154
303.087
307.609
305.144
289.89
280.316
275.944
274.625
274.214
274.078
274.029
274.01
274.003
274.001
274
274
274
274
274
274
274
274
274
274
274.001
274.001
274.002
293.905
295.378
295.598
298.258
304.361
311.225
318.172
321.06
299.762
281.184
275.775
274.459
274.126
274.036
274.011
274.003
274.001
274
274
274
274
274
274
274
274
274
274.001
274.001
274
274.001
295.959
295.558
295.568
297.434
303.461
311.165
318.62
325.628
329.945
305.089
280.801
275.403
274.312
274.07
274.016
274.004
274.001
274
274
274
274
274
274
274
274
274
274
274.001
274.001
274.002
294.578
293.972
293.743
294.097
298.427
308.203
318.11
325.92
333.048
336.679
302.461
279.33
274.985
274.192
274.036
274.006
274.001
274
274
274
274
274
274
274
274
274
274
274.001
274.001
274.003
291.278
290.862
290.046
289.966
292.224
301.833
314.389
325.509
333.556
340.505
340.643
294.73
277.525
274.604
274.106
274.017
274.002
274
274
274
274
274
274
274
274
274
274
274
274.001
274.002
283.784
285.153
285.351
286.54
288.321
295.212
309.174
322.225
333.925
341.683
347.925
337.16
286.448
276.02
274.327
274.052
274.007
274.001
274
274
274
274
274
274
274
274
274
274
274
274.001
279.741
281.846
283.866
286.002
288.64
292.994
307.155
319.568
332.941
343.065
350.708
351.538
318.464
280.772
275.026
274.156
274.022
274.002
274
274
274
274
274
274
274
274
274
274
274
274.001
275.696
280.748
283.895
290.714
297.427
295.835
308.688
320.352
332.681
344.108
352.61
357.057
354.526
296.911
277.191
274.457
274.066
274.008
274.001
274
274
274
274
274
274
274
274
274
274
274.002
269.077
283.198
291.973
310.905
328.11
322.417
322.455
332.3
338.824
346.449
355.057
362.453
362.837
336.645
283.426
275.327
274.18
274.025
274.003
274
274
274
274
274
274
274
274
274
274
274.002
283.255
298.572
330.825
387.162
418.635
395.496
369.893
363.32
355.879
355.447
359.424
367.334
368.458
366.827
304.001
277.674
274.476
274.063
274.008
274.001
274
274
274
274
274
274
274
274
274
274.002
241.616
330.14
462.373
612.844
653.412
553.444
458.788
416.816
389.01
374.52
371.792
374.167
375.578
375.999
345.307
283.511
275.225
274.154
274.019
274.002
274
274
274
274
274
274
274
274
274
274.002
281.246
478.124
788.592
987.077
986.803
760.801
583.187
496.221
440.073
406.105
390.609
385.993
385.488
382.876
376.636
297.755
276.944
274.356
274.044
274.005
274
274
274
274
274
274
274
274
274
274.002
274.011
273.989
274.003
273.995
274.001
273.999
274
274
273.999
273.999
274
274
274
274.001
274.004
274.009
274.022
274.047
274.093
274.165
274.245
274.299
274.286
274.218
274.098
274.04
274.07
274.07
274.032
273.929
274.017
273.987
274.004
273.994
274
273.999
273.999
273.999
273.999
273.999
274
274
274
274.002
274.005
274.013
274.03
274.064
274.128
274.225
274.338
274.423
274.433
274.386
274.269
274.234
274.286
274.3
274.278
274.168
274.012
273.992
274.003
273.995
274
273.999
273.999
273.999
273.999
273.999
273.999
274
274
274.002
274.006
274.014
274.033
274.072
274.143
274.252
274.376
274.467
274.467
274.415
274.287
274.26
274.355
274.416
274.406
274.292
274.008
273.995
274.002
273.997
274
273.999
273.999
273.999
273.999
273.999
273.999
274
274
274.002
274.006
274.015
274.036
274.078
274.155
274.272
274.406
274.504
274.494
274.415
274.275
274.228
274.347
274.445
274.441
274.292
274.006
273.997
274.002
273.998
274
274
274
274
273.999
273.999
273.999
274
274
274.002
274.006
274.016
274.038
274.082
274.164
274.287
274.429
274.537
274.522
274.42
274.273
274.191
274.306
274.452
274.456
274.263
274.004
273.999
274.001
273.999
274
274
274
274
273.999
273.999
273.999
274
274
274.002
274.006
274.016
274.038
274.084
274.167
274.295
274.442
274.561
274.548
274.447
274.277
274.164
274.269
274.437
274.461
274.237
274.004
273.999
274.001
273.999
274
274
274
274
273.999
273.999
273.999
274
274
274.002
274.006
274.016
274.038
274.084
274.167
274.295
274.445
274.577
274.571
274.474
274.281
274.159
274.245
274.422
274.468
274.214
274.003
274
274
274
274
274
274
274
273.999
273.999
273.999
274
274
274.002
274.006
274.015
274.037
274.083
274.166
274.293
274.442
274.582
274.586
274.504
274.315
274.183
274.258
274.44
274.505
274.207
274.003
274
274
274
274
274
274
274
273.999
273.999
273.999
274
274
274.002
274.005
274.015
274.037
274.082
274.163
274.289
274.436
274.583
274.606
274.559
274.43
274.283
274.333
274.509
274.559
274.227
274.002
274
274
274
274
274
274
274
273.999
273.999
274
274
274
274.001
274.005
274.014
274.036
274.079
274.159
274.282
274.427
274.596
274.668
274.707
274.705
274.594
274.632
274.749
274.705
274.315
274.002
274
274
274
274
274
274
274
273.999
273.999
274
274
274
274.001
274.004
274.013
274.033
274.076
274.152
274.272
274.428
274.66
274.873
275.163
275.505
275.599
275.545
275.427
275.147
274.585
274.002
274
274
274.001
274
274
274
274
273.999
274
274
274
274
274.001
274.004
274.012
274.03
274.07
274.145
274.28
274.494
274.902
275.593
276.839
278.263
278.746
278.312
277.333
276.412
275.346
274.002
274.001
274.001
274.001
274
274
274
274
274
274
274
274
274
274.001
274.004
274.011
274.028
274.068
274.155
274.348
274.765
275.896
278.594
282.928
286.435
287.583
285.315
281.653
279.684
277.59
274.002
274.001
274.001
274
274
274
274
274
274
274
274
274
274
274.001
274.003
274.01
274.029
274.078
274.214
274.624
275.938
280.291
289.819
305.043
307.535
303.038
297.125
291.629
287.334
282.655
274.001
274
274.001
274.001
274
274
274
274
274
274
274
274
274
274.001
274.003
274.011
274.036
274.126
274.457
275.768
281.148
299.602
320.93
318.088
311.161
304.315
298.227
295.563
295.346
293.864
274.002
274.001
274.001
274
274
274
274
274
274
274
274
274
274
274.001
274.004
274.016
274.07
274.312
275.397
280.762
304.861
329.8
325.52
318.538
311.098
303.419
297.395
295.532
295.526
295.928
274.003
274.001
274.001
274
274
274
274
274
274
274
274
274
274
274.001
274.006
274.036
274.192
274.981
279.299
302.25
336.512
332.913
325.811
318.024
308.132
298.397
294.053
293.704
293.939
294.545
274.002
274.001
274
274
274
274
274
274
274
274
274
274
274
274.002
274.017
274.106
274.602
277.504
294.547
340.405
340.357
333.428
325.404
314.313
301.772
292.203
289.924
290.007
290.824
291.252
274.001
274
274
274
274
274
274
274
274
274
274
274
274.001
274.007
274.052
274.325
276.009
286.363
336.842
347.748
341.54
333.803
322.124
309.088
295.109
288.254
286.478
285.304
285.105
283.727
274.001
274
274
274
274
274
274
274
274
274
274
274
274.002
274.022
274.156
275.021
280.734
318.189
351.357
350.549
342.911
332.816
319.435
307.046
292.837
288.498
285.897
283.753
281.768
279.662
274.002
274
274
274
274
274
274
274
274
274
274
274.001
274.008
274.066
274.455
277.175
296.719
354.288
356.879
352.444
343.953
332.512
320.131
308.49
295.514
297.113
290.489
283.719
280.571
275.718
274.002
274
274
274
274
274
274
274
274
274
274
274.003
274.025
274.18
275.322
283.377
336.317
362.624
362.262
354.888
346.221
338.478
331.743
321.81
321.627
327.353
310.423
291.646
282.963
269.042
274.002
274
274
274
274
274
274
274
274
274
274.001
274.008
274.063
274.475
277.661
303.82
366.568
368.225
367.089
359.132
355.044
355.28
362.148
368.251
393.124
416.784
385.777
330.23
298.1
282.797
274.002
274
274
274
274
274
274
274
274
274
274.002
274.019
274.154
275.222
283.473
344.992
375.74
375.305
373.848
371.377
373.778
387.759
414.572
455.483
547.039
649.311
608.338
461.233
330.091
242.088
274.002
274
274
274
274
274
274
274
274
274
274.005
274.044
274.355
276.936
297.63
376.331
382.588
385.159
385.578
389.962
404.94
438.102
492.558
577.935
749.305
975.443
978.366
792.254
478.924
281.513
274.002
274.002
274.002
274.002
274.002
274.002
274.002
274.002
274.002
274.002
274.002
274.002
274.002
274.002
274.002
274.002
274.002
274.002
274.002
274.002
274.002
274.002
274.002
274.002
274.002
274.002
274.002
274.002
274.002
274.002
274.002
274.002
274.002
274.002
274.002
274.002
274.002
274.002
274.002
274.002
274.002
274.002
274.002
274.002
274.002
274.002
274.002
274.002
274.002
274.002
274.002
274.002
274.002
274.002
274.002
274.002
274.002
274.002
274.002
274.002
274.002
274.002
274.002
274.002
274.002
274.002
274.002
274.002
274.002
274.002
274.002
274.002
274.002
274.002
274.002
274.002
274.002
274.002
274.002
274.002
274.002
274.002
274.002
274.002
274.002
274.002
274.002
274.002
274.002
274.002
274.002
274.002
274.002
274.002
274.002
274.002
274.002
274.002
274.002
274.002
274.002
274.002
274.002
274.002
274.002
274.002
274.002
274.002
274.002
274.002
274.002
274.002
274.002
274.002
274.002
274.002
274.002
274.002
274.002
274.002
274.002
274.002
274.002
274.002
274.002
274
274
274
274
274
274
274
274
274
274
274
274
274
274
274
274
274
274
274
274
274
274
274
274
274
274
274
274
274
274
274
274
274
274
274
274
274
274
274
274
274
274
274
274
274
274
274
274
274
274
274
274
274
274
274
274
274
274
274
274
274
274
274
274
274
274
274
274
274
274
274
274
274
274
274
274
274
274
274
274
274
274
274
274
274
274
274
274
274
274
274
274
274
274
274
274
274
274
274
274
274
274
274
274
274
274
274
274
274
274
274
274
274
274
274
274
274
274
274
274
274
274
274
274
274
274
274
274
274
274
274
274
274
274
274
274
274
274
274
274
274
274
274
274
274
274
274
274
274
274
274
274
274
274
274
274
274
274
274
274
274
274
274
274
274
274
274
274
274
274
274
274
274
274
274
274
274
274
274
274
274
274
274
274
274
274
274
274
274
274
274
274
274
274
274
274
274
274
274
274
274
274
274
274
274
274
274
274
274
274
274
274
274
274
274
274
274
274
274
274
274
274
274
274
274
274
274
274
274
274
274
274
274
274
274
274
274
274
274
274
274
274
274
274
274
274
274
274
274
274
274
274
274
274
274
274
274
274
274
274
274
274
274
274
274
274
274
274
274
274
274
274
274
274
274
274
274
274
274
274
274
274
274
274
274
274
274
274
274
274
274
274
274
274
274
274
274
274
274
274
274
274
274
274
274
274
274
274
274
274
274
274
274
274
274
274
274
274
274
274
274
274
274
274
274
274
274
274
274
274
274
274
274
274
274
274
274
274
274
274
274
274
274
274
274
274
274
274
274
274
274
274
274
274
274
274
274
274
274
274
274
274
274
274
274
274
274
274
274
274
274
274
274
274
274
274
274
274
274
274
274
274
274
274
274
274
274
274
274
274
274
274
274
274
274
274
274
274
274
274
274
274
274
274
274
274
274
274
274
274
274
274
274
274
274
274
274
274
274
274
274
274
274
274
274
274
274
274
274
274
274
274
274
274
274
274
274
274
274
274
274
274
274
274
274
274
274
274
274
274
274
274
274
274
274
274
274
274
274
274
274
274
274
274
274
274
274
274
274
274
274
274
274
274
274
274
274
274
274
274
274
274
274
274
274
274
274
274
274
274
274
274
274
274
274
274
274
274
274
274
274
274
274
274
274
274
274
274
274
274
274
274
274
274
274
274
274
274
274
274
274
274
274
274
274
274
274
274
274
274
274
274
274
274
274
274
274
274
274
274
274
274
274
274
274
274
274
274
274
274
274
274
274
274
274
274
274
274
274
274
274
274
274
274
274
274
274
274
274
274
274
274
274
274
274
274
274
274
274
274
274
274
274
274
274
274
274
274
274
274
274
274
274
274
274
274
274
274
274
274
274
274
274
274
274
274
274
274
274
274
274
274
274
274
274
274
274
274
274
274
274
274
274
274
274
274
274
274
274
274
274
274
274
274
274
274
274
274
274
274
274
274
274
274
274
274
274
274
274
274
274
274
274
274
274
274
274
274
274
274
274
274
274
274
274
274
274
274
274
274
274
274
274
274
274
274
274
274
274
274
274
274
274
274
274
274
274
274
274
274
274
274
274
274
274
274
274
274
274
274
274
274
274
274
274
274
274
274
274
274
274
274
274
274
274
274
274
274
274
274
274
274
274
274
274
274
274
274
274
274
274
274
274
274
274
274
274
274
274
274
274
274
274
274
274
274
274
274
274
274
274
274
274
274
274
274
274
274
274
274
274
274
274
274
274
274
274
274
274
274
274
274
274
274
274
274
274
274
274
274
274
274
274
274
274
274
274
274
274
274
274
274
274
274
274
274
274
274
274
274
274
274
274
274
274
274
274
274
274
274
274
274
274
274
274
274
274
274
274
274
274
274
274
274
274
274
274
274
274
274
274
274
274
274
274
274
274
274
274
274
274
274
274
274
274
274
274
274
274
274
274
274
274
274
274
274
274
274
274
274
274
274
274
274
274
274
274
274
274
274
274
274
274
274
274
274
274
274
274
274
274
274
274
274
274
274
274
274
274
274
274
274
274
274
274
274
274
274
274
274
274
274
274
274
274
274
274
274
274
274
274
274
274
274
274
274
274
274
274
274
274
274
274
274
274
274
274
274
274
274
274
274
274
274
274
274
274
274
274
274
274
274
274
274
274
274
274
274
274
274
274
274
274
274
274
274
274
274
274
274
274
274
274
274
274
274
274
274
274
274
274
274
274
274
274
274
274
274
274
274
274
274
274
274
274
274
274
274.001
274.001
274.001
274.001
274.001
274.001
274.001
274.001
274.001
274
274
274
274
274
274
274
274
274
274
274
274
274
274
274
274
274
274
274
274
274
274
274
274
274
274
274
274
274
274
274
274
274
274
274
274
274
274
274
274
274
274
274
274
274
274
274
274
274
274
274
274
274
274
274
274
274
274
274
274
274
274
274
274
274
274
274
274
274
274
274
274
274
274
274
274
274
274
274
274
274
274
274
274
274
274
274
274
274
274
274
274
274
274
274
274
274
274
274
274
274
274
274
274
274
274
274
274
274
274
274
274.001
274.002
274.004
274.007
274.011
274.014
274.018
274.02
274.021
274.021
274.019
274.016
274.012
274.009
274.006
274.003
274.002
274.001
274
274
274
274
274
274
274
274
274
274
274
274
274
274
274
274
274
274
274
274
274
274
274
274
274
274
274
274
274
274
274
274
274
274
274
274
274
274
274
274
274
274
274
274
274
274
274
274
274
274
274
274
274
274
274
274
274
274
274
274
274
274
274
274
274
274
274
274
274
274
274
274
274
274
274
274
274
274
274
274
274
274
274
274
274
274
274
274
274
274
274
274
274
274
274
274
274
274
274
274
274
274
274
274
274.001
274.002
274.008
274.021
274.042
274.074
274.114
274.157
274.197
274.227
274.242
274.24
274.227
274.199
274.165
274.125
274.091
274.061
274.038
274.021
274.011
274
274
274
274
274
274
274
274
274
274
274
274
274
274
274
274
274
274
274
274
274
274
274
274
274
274
274
274
274
274
274
274
274
274
274
274
274
274
274
274
274
274
274
274
274
274
274
274
274
274
274
274
274
274
274
274
274
274
274
274
274
274
274
274
274
274
274
274
274
274
274
274
274
274
274
274
274
274
274
274
274
274
274
274
274
274
274
274
274
274
274
274
274
274
274
274
274
274
274
274
274
274
274.001
274.006
274.022
274.065
274.168
274.384
274.762
275.299
275.919
276.506
276.954
277.182
277.175
276.97
276.651
276.195
275.735
275.245
274.849
274.537
274.324
274.183
274.096
274
274
274
274
274
274
274
274
274
274
274
274
274
274
274
274
274
274
274
274
274
274
274
274
274
274
274
274
274
274
274
274
274
274
274
274
274
274
274
274
274
274
274
274
274
274
274
274
274
274
274
274
274
274
274
274
274
274
274
274
274
274
274
274
274
274
274
274
274
274
274
274
274
274
274
274
274
274
274
274
274
274
274
274
274
274
274
274
274
274
274
274
274
274
274
274
274
274
274
274
274.001
274.007
274.035
274.141
274.497
275.47
277.844
282.639
290.539
300.022
309.395
316.13
319.027
318.581
315.305
309.695
303.918
297.711
292.244
286.849
282.633
279.251
276.965
275.582
274.778
274
274
274
274
274
274
274
274
274
274
274
274
274
274
274
274
274
274
274
274
274
274
274
274
274
274
274
274
274
274
274
274
274
274
274
274
274
274
274
274
274
274
274
274
274
274
274
274
274
274
274
274
274
274
274
274
274
274
274
274
274
274
274
274
274
274
274
274
274
274
274
274
274
274
274
274
274
274
274
274
274
274
274
274
274
274
274
274
274
274
274
274
274
274
274
274
274
274
274
274.005
274.036
274.197
274.907
277.777
287.484
315.24
374.714
448.494
512.059
546.029
556.609
551.812
538.981
520.74
500.805
479.548
459.097
437.258
416.406
391.212
363.2
331.161
300.241
287.32
280.724
274
274
274
274
274
274
274
274
274
274
274
274
274
274
274
274
274
274
274
274
274
274
274
274
274
274
274
274
274
274
274
274
274
274
274
274
274
274
274
274
274
274
274
274
274
274
274
274
274
274
274
274
274
274
274
274
274
274
274
274
274
274
274
274
274
274
274
274
274
274
274
274
274
274
274
274
274
274
274
274
274
274
274
274
274
274
274
274
274
274
274
274
274
274
274
274
274
274.002
274.024
274.172
275.031
279.924
304.039
393.655
529.807
643.211
698.126
706.008
689.779
666.099
639.78
612.778
586.935
560.999
537.386
515.25
495.23
475.952
459.447
444.016
430.824
417.568
400.244
371.387
336.164
274
274
274
274
274
274
274
274
274
274
274
274
274
274
274
274
274
274
274
274
274
274
274
274
274
274
274
274
274
274
274
274
274
274
274
274
274
274
274
274
274
274
274
274
274
274
274
274
274
274
274
274
274
274
274
274
274
274
274
274
274
274
274
274
274
274
274
274
274
274
274
274
274
274
274
274
274
274
274
274
274
274
274
274
274
274
274
274
274
274
274
274
274
274
274
274
274.01
274.094
274.737
279.656
314.693
451.841
647.331
770.222
800.641
786.843
765.227
740.215
713.068
686.678
660.641
635.139
611.299
586.404
562.738
539.362
517.094
494.835
475.221
455.939
440.124
425.065
412.32
400.612
390.333
274
274
274
274
274
274
274
274
274
274
274
274
274
274
274
274
274
274
274
274
274
274
274
274
274
274
274
274
274
274
274
274
274
274
274
274
274
274
274
274
274
274
274
274
274
274
274
274
274
274
274
274
274
274
274
274
274
274
274
274
274
274
274
274
274
274
274
274
274
274
274
274
274
274
274
274
274
274
274
274
274
274
274
274
274
274
274
274
274
274
274
274
274
274
274.002
274.03
274.325
277.215
305.196
459.738
699.983
842.092
860.209
841.968
822.674
802.385
783.932
767.632
751.073
733.639
712.855
689.031
664.302
635.908
608.289
580.932
553.834
526.666
502.479
477.966
457.975
437.441
420.503
405.384
392.458
274
274
274
274
274
274
274
274
274
274
274
274
274
274
274
274
274
274
274
274
274
274
274
274
274
274
274
274
274
274
274
274
274
274
274
274
274
274
274
274
274
274
274
274
274
274
274
274
274
274
274
274
274
274
274
274
274
274
274
274
274
274
274
274
274
274
274
274
274
274
274
274
274
274
274
274
274
274
274
274
274
274
274
274
274
274
274
274
274
274
274
274
274
274.005
274.081
275.038
287.364
410.825
686.868
876.104
901.331
882.89
863.545
847.629
841.576
845.763
854.265
856.049
846.783
830.747
807.283
781.053
750.845
712.838
674.258
639.954
605.491
570.452
538.855
506.939
481.631
454.606
433.686
414.2
397.745
274
274
274
274
274
274
274
274
274
274
274
274
274
274
274
274
274
274
274
274
274
274
274
274
274
274
274
274
274
274
274
274
274
274
274
274
274
274
274
274
274
274
274
274
274
274
274
274
274
274
274
274
274
274
274
274
274
274
274
274
274
274
274
274
274
274
274
274
274
274
274
274
274
274
274
274
274
274
274
274
274
274
274
274
274
274
274
274
274
274
274
274
274.011
274.193
277.248
327.447
587.14
867.656
934.265
920.16
898.313
882.001
879.27
894.931
928.039
975.933
1017.86
1028.35
1025.3
1012.59
990.062
959.192
910.126
846.332
788.573
742.598
696.452
648.481
603.219
559.45
524.399
486.039
457.861
427.491
402.94
274
274
274
274
274
274
274
274
274
274
274
274
274
274
274
274
274
274
274
274
274
274
274
274
274
274
274
274
274
274
274
274
274
274
274
274
274
274
274
274
274
274
274
274
274
274
274
274
274
274
274
274
274
274
274
274
274
274
274
274
274
274
274
274
274
274
274
274
274
274
274
274
274
274
274
274
274
274
274
274
274
274
274
274
274
274
274
274
274
274
274
274.019
274.412
282.983
421.018
773.3
952.933
955.247
934.331
916.24
909.085
921.265
963.492
1038.24
1133.08
1242.89
1323.19
1334.7
1314.63
1282.13
1237.49
1183.58
1111.41
1029.98
956.006
898.197
842.97
779.143
712.965
651.031
598.017
541.515
503.377
456.364
417.897
274
274
274
274
274
274
274
274
274
274
274
274
274
274
274
274
274
274
274
274
274
274
274
274
274
274
274
274
274
274
274
274
274
274
274
274
274
274
274
274
274
274
274
274
274
274
274
274
274
274
274
274
274
274
274
274
274
274
274
274
274
274
274
274
274
274
274
274
274
274
274
274
274
274
274
274
274
274
274
274
274
274
274
274
274
274
274
274
274
274.001
274.028
274.787
294.912
537.927
902.037
982.077
969.691
950.631
940.145
943.42
973.28
1044.85
1172.12
1337.63
1504.57
1593.15
1594.77
1558.13
1522.57
1484.03
1441.34
1391.16
1313.48
1242.56
1191.69
1142.08
1079.91
1002.22
911.619
823.758
733.382
641.34
583.353
505.445
447.943
274
274
274
274
274
274
274
274
274
274
274
274
274
274
274
274
274
274
274
274
274
274
274
274
274
274
274
274
274
274
274
274
274
274
274
274
274
274
274
274
274
274
274
274
274
274
274
274
274
274
274
274
274
274
274
274
274
274
274
274
274
274
274
274
274
274
274
274
274
274
274
274
274
274
274
274
274
274
274
274
274
274
274
274
274
274
274
274
274.001
274.035
275.292
315.58
651.654
970.81
998.471
984.496
971.957
968.62
982.718
1030.47
1131.62
1302.17
1544.48
1711.48
1743.85
1727.88
1673.98
1635.79
1627.84
1623.73
1616.96
1569.91
1516.88
1501.49
1510.04
1519.91
1489.78
1413.49
1319.11
1173.53
1002.22
833.322
728.321
590.391
502.099
274
274
274
274
274
274
274
274
274
274
274
274
274
274
274
274
274
274
274
274
274
274
274
274
274
274
274
274
274
274
274
274
274
274
274
274
274
274
274
274
274
274
274
274
274
274
274
274
274
274
274
274
274
274
274
274
274
274
274
274
274
274
274
274
274
274
274
274
274
274
274
274
274
274
274
274
274
274
274
274
274
274
274
274
274
274
274
274.001
274.038
275.749
339.378
741.697
1004.18
1013.39
1002.07
997.311
1001.52
1026.39
1090.33
1215.29
1414.17
1679.31
1814.69
1827.59
1816.49
1781.61
1728.95
1719.03
1784.78
1839.34
1884.69
1898.45
1899.74
1922.96
1972.95
1996.68
1977.83
1874.31
1786.81
1643
1476.8
1191.92
995.699
734.388
586.266
274
274
274
274
274
274
274
274
274
274
274
274
274
274
274
274
274
274
274
274
274
274
274
274
274
274
274
274
274
274
274
274
274
274
274
274
274
274
274
274
274
274
274
274
274
274
274
274
274
274
274
274
274
274
274
274
274
274
274
274
274
274
274
274
274
274
274
274
274
274
274
274
274
274
274
274
274
274
274
274
274
274
274
274
274
274
274
274.034
275.883
352.603
794.637
1026.2
1028.92
1023.91
1024.37
1035.46
1070.54
1147.79
1290.24
1504.09
1751.55
1858.4
1867.48
1862.92
1859.09
1847.6
1881.78
1956.57
2085.1
2123.4
2180.31
2204.63
2156.35
2125.69
2103.07
2054.82
1958.2
1869.4
1809.55
1703.5
1643.97
1523.46
1394.41
1012.98
726.382
274
274
274
274
274
274
274
274
274
274
274
274
274
274
274
274
274
274
274
274
274
274
274
274
274
274
274
274
274
274
274
274
274
274
274
274
274
274
274
274
274
274
274
274
274
274
274
274
274
274
274
274
274
274
274
274
274
274
274
274
274
274
274
274
274
274
274
274
274
274
274
274
274
274
274
274
274
274
274
274
274
274
274
274
274
274
274.025
275.572
346.602
803.475
1044.67
1044.37
1043.54
1051.09
1069.78
1112.51
1198.01
1347.16
1572.7
1804.35
1886.11
1885.48
1876.68
1866.6
1881.56
1880.02
1978.46
2116.62
2209.61
2218.75
2181.16
2251.14
2039.35
2000.4
1981.61
1948.95
1948.51
1849.13
1682.43
1619.09
1550.6
1586.54
1450.38
1255.04
987.279
274
274
274
274
274
274
274
274
274
274
274
274
274
274
274
274
274
274
274
274
274
274
274
274
274
274
274
274
274
274
274
274
274
274
274
274
274
274
274
274
274
274
274
274
274
274
274
274
274
274
274
274
274
274
274
274
274
274
274
274
274
274
274
274
274
274
274
274
274
274
274
274
274
274
274
274
274
274
274
274
274
274
274
274
274
274.015
275.007
323.718
757.915
1055.69
1058.89
1056.83
1072.37
1101.32
1152.84
1241.04
1389.11
1610.79
1832.87
1906.36
1909.48
1881.27
1822.65
1743.64
1764.83
1744.68
1790.57
1911.39
1817.57
1419.76
1394.91
1318.83
1308.75
1308.39
1302.05
1302.07
1370.47
1463.14
1543.5
1557.29
1466.52
1399.48
1388.37
1423.64
1183.02
274
274
274
274
274
274
274
274
274
274
274
274
274
274
274
274
274
274
274
274
274
274
274
274
274
274
274
274
274
274
274
274
274
274
274
274
274
274
274
274
274
274
274
274
274
274
274
274
274
274
274
274
274
274
274
274
274
274
274
274
274
274
274
274
274
274
274
274
274
274
274
274
274
274
274
274
274
274
274
274
274
274
274
274
274.007
274.499
297.748
653.542
1045.74
1067.78
1066.06
1086.94
1124.45
1184.1
1271.07
1406.13
1606.43
1821.93
1909.89
1918.16
1892.12
1825.57
1661.8
1571.12
1502
1474.28
1464.81
1394.77
1347.76
1143.86
1085.16
1063.54
1040.71
1083.8
1105.09
1114.99
1173.75
1246.38
1330.51
1407.02
1431.43
1391.21
1303.87
1373.53
1297.84
274
274
274
274
274
274
274
274
274
274
274
274
274
274
274
274
274
274
274
274
274
274
274
274
274
274
274
274
274
274
274
274
274
274
274
274
274
274
274
274
274
274
274
274
274
274
274
274
274
274
274
274
274
274
274
274
274
274
274
274
274
274
274
274
274
274
274
274
274
274
274
274
274
274
274
274
274
274
274
274
274
274
274
274.003
274.189
283.052
517.104
988.801
1069.06
1072.61
1094.83
1133.33
1177.47
1244.6
1364.82
1552.97
1774.16
1888.51
1912.68
1904.43
1861.66
1768.98
1575.47
1464.28
1401.61
1388.32
1355.56
1224.71
1168.17
1073.99
1054.9
1051.99
1074.58
1079.18
1086.93
1116.64
1152.17
1195.99
1287.01
1376.22
1441.56
1486.26
1427.97
1271.36
1217.14
274
274
274
274
274
274
274
274
274
274
274
274
274
274
274
274
274
274
274
274
274
274
274
274
274
274
274
274
274
274
274
274
274
274
274
274
274
274
274
274
274
274
274
274
274
274
274
274
274
274
274
274
274
274
274
274
274
274
274
274
274
274
274
274
274
274
274
274
274
274
274
274
274
274
274
274
274
274
274
274
274
274
274.001
274.053
276.942
396.121
879.826
1060.68
1079.31
1104.68
1139.57
1164.6
1197.48
1274.63
1421.13
1640.11
1840.83
1902.8
1910.25
1889.21
1819.88
1634.1
1552.36
1454.38
1402.62
1361.18
1299.28
1261.25
1145.64
1073.63
1008.1
996.205
993.143
1013.92
1047.47
1063.09
1108.89
1158.36
1203.84
1301.38
1421.9
1532.8
1568.4
1369.29
1285.77
274
274
274
274
274
274
274
274
274
274
274
274
274
274
274
274
274
274
274
274
274
274
274
274
274
274
274
274
274
274
274
274
274
274
274
274
274
274
274
274
274
274
274
274
274
274
274
274
274
274
274
274
274
274
274
274
274
274
274
274
274
274
274
274
274
274
274
274
274
274
274
274
274
274
274
274
274
274
274
274
274
274
274.016
274.95
318.529
736.787
1053.11
1084.64
1109.25
1154.42
1202.19
1237.74
1286.53
1383.15
1547.67
1765.37
1876.67
1897.27
1884.74
1845.6
1719.76
1586.68
1459.27
1418.83
1415.72
1415.55
1415.99
1403.98
1262.33
1217.12
1147.21
1071.39
1053.25
1044.47
1029.6
1036.83
1069.66
1100.53
1137.5
1183.88
1244.87
1315.14
1461.14
1633.58
1681.99
274
274
274
274
274
274
274
274
274
274
274
274
274
274
274
274
274
274
274
274
274
274
274
274
274
274
274
274
274
274
274
274
274
274
274
274
274
274
274
274
274
274
274
274
274
274
274
274
274
274
274
274
274
274
274
274
274
274
274
274
274
274
274
274
274
274
274
274
274
274
274
274
274
274
274
274
274
274
274
274
274
274.002
274.119
279.238
446.103
932.393
1083.01
1116.33
1151.98
1194.41
1232.91
1283.3
1355.23
1465.24
1629.13
1816.86
1887.31
1895.76
1880.65
1812.46
1682.77
1596.79
1529.25
1519.21
1505.86
1490.19
1478.2
1446.87
1376.07
1291.29
1268.02
1218.99
1164.58
1180.97
1172.22
1166.12
1175.23
1206.16
1244.91
1324.35
1447.82
1571.12
1661.17
1720.12
1966.06
274
274
274
274
274
274
274
274
274
274
274
274
274
274
274
274
274
274
274
274
274
274
274
274
274
274
274
274
274
274
274
274
274
274
274
274
274
274
274
274
274
274
274
274
274
274
274
274
274
274
274
274
274
274
274
274
274
274
274
274
274
274
274
274
274
274
274
274
274
274
274
274
274
274
274
274
274
274
274
274
274
274.005
274.258
284.733
528.659
996.539
1101.2
1127.49
1158.81
1200.27
1240.92
1301.06
1376.45
1484.6
1643.95
1822.31
1887.46
1894.32
1876.15
1769.43
1693.17
1599.48
1544.91
1535.31
1526.53
1527.09
1523.64
1500.04
1435.95
1335.24
1303.38
1273.21
1216.52
1213.9
1222.32
1206.92
1212.48
1232.06
1258.13
1332.65
1460.28
1603.38
1755.97
1886.57
2009.38
274
274
274
274
274
274
274
274
274
274
274
274
274
274
274
274
274
274
274
274
274
274
274
274
274
274
274
274
274
274
274
274
274
274
274
274
274
274
274
274
274
274
274
274
274
274
274
274
274
274
274
274
274
274
274
274
274
274
274
274
274
274
274
274
274
274
274
274
274
274
274
274
274
274
274
274
274
274
274
274
274
274.013
274.7
303.67
673.377
1065.88
1112.52
1126.46
1161.07
1212.12
1264.04
1325.21
1403.52
1515.82
1678.54
1837.23
1888.5
1893.26
1874.22
1753.12
1682.04
1593.48
1571.92
1567.36
1568.95
1579.6
1566.1
1558.05
1533.78
1417.1
1347.75
1333.37
1296.53
1278.91
1283.76
1285.41
1302.29
1304.78
1306.86
1340.01
1416.32
1506.38
1655.58
1815.04
2034.22
274
274
274
274
274
274
274
274
274
274
274
274
274
274
274
274
274
274
274
274
274
274
274
274
274
274
274
274
274
274
274
274
274
274
274
274
274
274
274
274
274
274
274
274
274
274
274
274
274
274
274
274
274
274
274
274
274
274
274
274
274
274
274
274
274
274
274
274
274
274
274
274
274
274
274
274
274
274
274
274
274.001
274.042
276.028
359.611
827.664
1090.52
1125.6
1156.93
1206
1251.03
1290.18
1342.81
1424.53
1551.28
1720.84
1850.52
1887.36
1889.09
1853.49
1755.5
1700.47
1611.48
1591.38
1579.06
1568.49
1567.69
1568.14
1567.21
1547.36
1508.39
1429.97
1374.93
1350.92
1339.33
1318.95
1341.63
1374.58
1389.14
1419.94
1460.19
1535.51
1614.1
1700.02
1807.13
1917.34
274
274
274
274
274
274
274
274
274
274
274
274
274
274
274
274
274
274
274
274
274
274
274
274
274
274
274
274
274
274
274
274
274
274
274
274
274
274
274
274
274
274
274
274
274
274
274
274
274
274
274
274
274
274
274
274
274
274
274
274
274
274
274
274
274
274
274
274
274
274
274
274
274
274
274
274
274
274
274
274
274.003
274.133
279.823
457.452
956.518
1111.63
1137.36
1171.45
1219.28
1261.24
1298.18
1353.87
1444.43
1577.07
1747.41
1857.83
1885.44
1882.92
1815.31
1744.48
1695.64
1661.31
1661.74
1665.89
1665.15
1648.67
1639.88
1651.13
1615.92
1589.26
1552.73
1462.4
1408.81
1393.44
1373.81
1366.88
1407.65
1410.47
1461.48
1511.18
1592.35
1684.6
1734.4
1808.36
1863.68
274
274
274
274
274
274
274
274
274
274
274
274
274
274
274
274
274
274
274
274
274
274
274
274
274
274
274
274
274
274
274
274
274
274
274
274
274
274
274
274
274
274
274
274
274
274
274
274
274
274
274
274
274
274
274
274
274
274
274
274
274
274
274
274
274
274
274
274
274
274
274
274
274
274
274
274
274
274
274
274
274.006
274.341
287.958
562.822
1029.07
1122.63
1151.54
1195.42
1252.69
1301.66
1339.83
1387.96
1468.41
1592.33
1760.46
1858.58
1879.98
1874.57
1792.19
1747.78
1690.68
1678.36
1682.97
1690.79
1691.03
1682.2
1675.34
1721.42
1718.5
1682.23
1664.99
1591.4
1487.9
1490.63
1473.49
1427.54
1469.13
1479.34
1503.77
1569.16
1621.62
1711.31
1730.42
1796.31
1839.47
274
274
274
274
274
274
274
274
274
274
274
274
274
274
274
274
274
274
274
274
274
274
274
274
274
274
274
274
274
274
274
274
274
274
274
274
274
274
274
274
274
274
274
274
274
274
274
274
274
274
274
274
274
274
274
274
274
274
274
274
274
274
274
274
274
274
274
274
274
274
274
274
274
274
274
274
274
274
274
274
274.015
274.779
306.581
681.481
1076.29
1137.89
1170.14
1221.59
1283.85
1331.45
1366.49
1411.6
1492.51
1614.58
1770.76
1852.67
1869.48
1851.47
1797.2
1747.45
1703.97
1701.82
1711.98
1732.17
1741.94
1744.85
1736.96
1755.05
1789.38
1782.62
1763.87
1732.45
1631.68
1544.96
1573.99
1544.84
1537.76
1580.86
1586.33
1644.24
1673.48
1745.43
1776.06
1808.85
1854.47
274
274
274
274
274
274
274
274
274
274
274
274
274
274
274
274
274
274
274
274
274
274
274
274
274
274
274
274
274
274
274
274
274
274
274
274
274
274
274
274
274
274
274
274
274
274
274
274
274
274
274
274
274
274
274
274
274
274
274
274
274
274
274
274
274
274
274
274
274
274
274
274
274
274
274
274
274
274
274
274.001
274.033
275.608
342.695
789.25
1099.28
1149.57
1189.21
1249.09
1315.13
1361.27
1395.51
1438.29
1513.89
1630.76
1775.67
1845.38
1860.31
1829.51
1792.13
1732.43
1709.84
1710.37
1722.8
1747.21
1771.81
1801.95
1814.66
1829.79
1837.99
1873.93
1877.94
1864.71
1821.9
1725.26
1612.84
1659.67
1634.49
1625.82
1672.01
1665.34
1740.05
1764.28
1810.51
1838.69
1859.9
274
274
274
274
274
274
274
274
274
274
274
274
274
274
274
274
274
274
274
274
274
274
274
274
274
274
274
274
274
274
274
274
274
274
274
274
274
274
274
274
274
274
274
274
274
274
274
274
274
274
274
274
274
274
274
274
274
274
274
274
274
274
274
274
274
274
274
274
274
274
274
274
274
274
274
274
274
274
274
274.001
274.068
277.1
390.892
877.859
1116.44
1159.88
1202.17
1262.5
1326.07
1372.84
1412.57
1460.98
1534.46
1644.93
1778.34
1841.8
1854.18
1816.65
1791.67
1734.8
1726.76
1735.9
1761.02
1788.28
1810.81
1850.87
1876.1
1902.06
1914.36
1937.25
1974.24
1982.42
1972.79
1928.69
1846.74
1733.36
1771.31
1742.84
1749.88
1788.04
1797.43
1847.53
1876.16
1903.53
1937.16
274
274
274
274
274
274
274
274
274
274
274
274
274
274
274
274
274
274
274
274
274
274
274
274
274
274
274
274
274
274
274
274
274
274
274
274
274
274
274
274
274
274
274
274
274
274
274
274
274
274
274
274
274
274
274
274
274
274
274
274
274
274
274
274
274
274
274
274
274
274
274
274
274
274
274
274
274
274
274
274.002
274.123
279.27
441.668
939.224
1126.08
1165.94
1210.99
1273.7
1336.21
1381.17
1420.72
1471.19
1546.42
1657.07
1784.32
1835.23
1836.98
1819.8
1777.59
1739.88
1738.38
1749.14
1772.19
1793.77
1821.59
1872.67
1914.21
1958.91
1982.05
2008.33
2044.84
2094.48
2108.68
2108.53
2070.27
2018.68
1881.21
1888.33
1851.27
1893.88
1885.79
1930.06
1955.38
1974.69
2019.08
274
274
274
274
274
274
274
274
274
274
274
274
274
274
274
274
274
274
274
274
274
274
274
274
274
274
274
274
274
274
274
274
274
274
274
274
274
274
274
274
274
274
274
274
274
274
274
274
274
274
274
274
274
274
274
274
274
274
274
274
274
274
274
274
274
274
274
274
274
274
274
274
274
274
274
274
274
274
274
274.004
274.202
282.314
493.401
986.455
1133.88
1169.96
1215.8
1279.11
1339.79
1383.82
1425.29
1475.71
1550.91
1665.41
1787.82
1829.49
1825.44
1814.91
1766.3
1744.08
1745.63
1761.18
1783.46
1805.28
1844.6
1897.17
1939.31
1979.13
2018.42
2057.89
2082.48
2125.18
2182.07
2204.76
2213.18
2200.36
2169.18
2019.9
2002.97
1942.91
1984.14
1969.11
2000.15
2008.39
2020.24
274
274
274
274
274
274
274
274
274
274
274
274
274
274
274
274
274
274
274
274
274
274
274
274
274
274
274
274
274
274
274
274
274
274
274
274
274
274
274
274
274
274
274
274
274
274
274
274
274
274
274
274
274
274
274
274
274
274
274
274
274
274
274
274
274
274
274
274
274
274
274
274
274
274
274
274
274
274
274
274.005
274.292
285.742
535.638
1015.4
1136.45
1171.73
1220.04
1285.74
1346.11
1390.38
1431
1476.58
1554.25
1674.11
1793.48
1830.22
1815.34
1803.36
1755.43
1745.54
1748.21
1764.2
1784.04
1807.75
1859.59
1915.57
1963.6
2000.79
2044.78
2080.1
2116.5
2151.94
2192.34
2242.44
2275.91
2288.03
2292.93
2283.81
2107.69
2078.48
2006.02
2010.94
2013.39
2015.59
1998.37
274
274
274
274
274
274
274
274
274
274
274
274
274
274
274
274
274
274
274
274
274
274
274
274
274
274
274
274
274
274
274
274
274
274
274
274
274
274
274
274
274
274
274
274
274
274
274
274
274
274
274
274
274
274
274
274
274
274
274
274
274
274
274
274
274
274
274
274
274
274
274
274
274
274
274
274
274
274
274
274.007
274.399
289.843
574.198
1040.54
1143.26
1179.06
1230.44
1298
1357.02
1402.57
1438.22
1474.5
1551.88
1684.77
1798.78
1827.15
1812.62
1785.5
1748.21
1743.56
1746.88
1761.16
1777.48
1808.89
1865.19
1921.47
1983.02
2031.65
2074.47
2101.5
2126.98
2158.21
2202.55
2253.44
2296.6
2329.7
2344.99
2351.27
2358.77
2180.27
2102.06
2060.75
2042.27
1991.99
1864.54
274
274
274
274
274
274
274
274
274
274
274
274
274
274
274
274
274
274
274
274
274
274
274
274
274
274
274
274
274
274
274
274
274
274
274
274
274
274
274
274
274
274
274
274
274
274
274
274
274
274
274
274
274
274
274
274
274
274
274
274
274
274
274
274
274
274
274
274
274
274
274
274
274
274
274
274
274
274
274
274.009
274.492
293.556
603.16
1057.63
1149.08
1186.2
1241.49
1307.87
1372.6
1419.24
1445.17
1480.41
1558.89
1694.46
1798.08
1819.28
1812.24
1774.54
1743.27
1739.89
1742.28
1753.36
1766.55
1799.6
1857.76
1922.51
1989.79
2044.87
2087.86
2111.25
2123.16
2138.95
2165.55
2203.55
2248.87
2299.19
2343.42
2366.04
2395.57
2412.42
2282.12
2166.02
1968.46
1868.23
1731.31
274
274
274
274
274
274
274
274
274
274
274
274
274
274
274
274
274
274
274
274
274
274
274
274
274
274
274
274
274
274
274
274
274
274
274
274
274
274
274
274
274
274
274
274
274
274
274
274
274
274
274
274
274
274
274
274
274
274
274
274
274
274
274
274
274
274
274
274
274
274
274
274
274
274
274
274
274
274
274
274.01
274.539
295.613
618.827
1066.07
1150.35
1186.05
1242.02
1310.66
1379.36
1424.6
1448.77
1483.34
1560.55
1697.31
1797.67
1816.52
1810.83
1769.82
1740.51
1737.34
1739.36
1749.4
1762.03
1794.52
1855.98
1924.92
1995.07
2058.51
2120.16
2167.78
2190.3
2203.36
2226.29
2256.19
2284
2308.08
2330.55
2371.02
2416.2
2440.71
2457.46
2224.39
1918.45
1804.11
1734.85
274
274
274
274
274
274
274
274
274
274
274
274
274
274
274
274
274
274
274
274
274
274
274
274
274
274
274
274
274
274
274
274
274
274
274
274
274
274
274
274
274
274
274
274
274
274
274
274
274
274
274
274
274
274
274
274
274
274
274
274
274
274
274
274
274
274
274
274
274
274
274
274
274
274
274
274
274
274
274
274.009
274.495
293.707
604.494
1058.45
1149.12
1186.06
1241.39
1307.65
1373.29
1419.46
1445.18
1480.5
1558.94
1694.51
1798.23
1819.29
1811.57
1773.82
1742.17
1738.82
1741.39
1752.89
1767.09
1798.53
1857.49
1928.81
1996.75
2054.38
2107.06
2139.31
2153.1
2163.21
2187.59
2218.04
2250.03
2295.88
2336.8
2359.03
2392.14
2407.85
2265.15
2163.12
1988.08
1901.12
1736.11
274
274
274
274
274
274
274
274
274
274
274
274
274
274
274
274
274
274
274
274
274
274
274
274
274
274
274
274
274
274
274
274
274
274
274
274
274
274
274
274
274
274
274
274
274
274
274
274
274
274
274
274
274
274
274
274
274
274
274
274
274
274
274
274
274
274
274
274
274
274
274
274
274
274
274
274
274
274
274
274.008
274.404
290.032
575.918
1041.88
1143.86
1179.73
1231.34
1298.91
1357.99
1403.4
1438.62
1474.78
1552.49
1685.86
1799.26
1827.63
1810.32
1783.95
1745.63
1740.82
1744
1758
1773.83
1804.12
1863.01
1925.52
1980.8
2027.31
2068.71
2100.17
2127.93
2157.07
2204.26
2256.76
2309.84
2341.63
2353.93
2360.72
2366.85
2189.39
2110.01
2067.86
2047.72
1997.31
1882.49
274
274
274
274
274
274
274
274
274
274
274
274
274
274
274
274
274
274
274
274
274
274
274
274
274
274
274
274
274
274
274
274
274
274
274
274
274
274
274
274
274
274
274
274
274
274
274
274
274
274
274
274
274
274
274
274
274
274
274
274
274
274
274
274
274
274
274
274
274
274
274
274
274
274
274
274
274
274
274
274.006
274.296
285.908
537.66
1017.14
1136.98
1172.13
1220.62
1286.39
1346.61
1390.71
1431.29
1477.55
1554.86
1675.22
1793.6
1829.6
1813.53
1800.77
1751.93
1741.7
1744.51
1760.58
1780.95
1806.73
1860.57
1919.78
1967.03
1998.9
2035.63
2067.87
2105.82
2148.26
2196.76
2256.4
2287.08
2301.35
2305.03
2291.03
2121.66
2091.82
2015.34
2015.58
2020.99
2022.63
2007.69
274
274
274
274
274
274
274
274
274
274
274
274
274
274
274
274
274
274
274
274
274
274
274
274
274
274
274
274
274
274
274
274
274
274
274
274
274
274
274
274
274
274
274
274
274
274
274
274
274
274
274
274
274
274
274
274
274
274
274
274
274
274
274
274
274
274
274
274
274
274
274
274
274
274
274
274
274
274
274
274.004
274.205
282.459
495.736
988.837
1134.63
1170.47
1216.45
1279.88
1340.33
1384.04
1425.64
1476.85
1552.33
1667.78
1788.25
1828.77
1823.3
1810.73
1762.42
1739.96
1741.81
1757.47
1780.33
1803.81
1847.38
1903.56
1944.6
1976.58
2012.72
2049.63
2073.94
2127
2192.88
2219.37
2228.33
2214.37
2186.7
2040.94
2012.21
1961.29
1990.39
1973.84
1993.75
2008.99
2024.4
274
274
274
274
274
274
274
274
274
274
274
274
274
274
274
274
274
274
274
274
274
274
274
274
274
274
274
274
274
274
274
274
274
274
274
274
274
274
274
274
274
274
274
274
274
274
274
274
274
274
274
274
274
274
274
274
274
274
274
274
274
274
274
274
274
274
274
274
274
274
274
274
274
274
274
274
274
274
274
274.002
274.125
279.376
444.067
942.356
1127.15
1166.61
1211.63
1274.31
1336.53
1381.08
1420.95
1471.79
1548.35
1660.49
1785.51
1834.65
1835.34
1815.59
1773.74
1735.58
1734.15
1745.34
1769.52
1794.03
1824.95
1876.63
1917.53
1958.97
1980.68
2004.23
2044.83
2110.25
2127.53
2127.33
2077.69
2029.29
1901.71
1893.87
1874.07
1901.77
1895.91
1923.29
1950.3
1966.13
2015.66
274
274
274
274
274
274
274
274
274
274
274
274
274
274
274
274
274
274
274
274
274
274
274
274
274
274
274
274
274
274
274
274
274
274
274
274
274
274
274
274
274
274
274
274
274
274
274
274
274
274
274
274
274
274
274
274
274
274
274
274
274
274
274
274
274
274
274
274
274
274
274
274
274
274
274
274
274
274
274
274.001
274.07
277.173
393.134
881.905
1117.95
1160.8
1202.94
1263.07
1326.04
1372.52
1412.43
1462.02
1537.15
1649.55
1780.52
1841.85
1853.55
1812.94
1787.5
1730.58
1722
1731.1
1756.94
1786.1
1813.12
1857.85
1885.09
1911.67
1924.22
1953.64
1992.38
2004.38
1990.47
1930.03
1849.42
1740.64
1759.9
1762.79
1751.96
1802.01
1803
1843.08
1869.35
1897.97
1936.57
274
274
274
274
274
274
274
274
274
274
274
274
274
274
274
274
274
274
274
274
274
274
274
274
274
274
274
274
274
274
274
274
274
274
274
274
274
274
274
274
274
274
274
274
274
274
274
274
274
274
274
274
274
274
274
274
274
274
274
274
274
274
274
274
274
274
274
274
274
274
274
274
274
274
274
274
274
274
274
274.001
274.034
275.654
344.63
794.171
1101.22
1150.88
1190.7
1250.73
1316.18
1361.87
1396.58
1442.03
1517.88
1636.57
1778.95
1846.27
1860.06
1827.59
1787.22
1729.06
1706.44
1707.87
1722.47
1749.87
1776.96
1804.04
1813.99
1825.9
1835.85
1874.56
1884.15
1873.26
1818.06
1717.46
1609.26
1648.49
1644.43
1617.83
1681.2
1663.27
1732.68
1765.13
1802.99
1832.88
1856.52
274
274
274
274
274
274
274
274
274
274
274
274
274
274
274
274
274
274
274
274
274
274
274
274
274
274
274
274
274
274
274
274
274
274
274
274
274
274
274
274
274
274
274
274
274
274
274
274
274
274
274
274
274
274
274
274
274
274
274
274
274
274
274
274
274
274
274
274
274
274
274
274
274
274
274
274
274
274
274
274
274.015
274.804
307.83
687.197
1078.88
1139.42
1171.81
1223.79
1286.08
1331.33
1368.9
1417.77
1498.39
1622.19
1776.05
1854.55
1869.89
1849.15
1792.48
1744.85
1701.22
1699.42
1711.54
1732.54
1741.18
1743.34
1736.38
1752.61
1788.68
1784.87
1760.34
1720.29
1636.45
1533.73
1557.91
1537.51
1524.51
1575.03
1578.25
1633.97
1658.98
1734.33
1765.9
1801.77
1850.9
274
274
274
274
274
274
274
274
274
274
274
274
274
274
274
274
274
274
274
274
274
274
274
274
274
274
274
274
274
274
274
274
274
274
274
274
274
274
274
274
274
274
274
274
274
274
274
274
274
274
274
274
274
274
274
274
274
274
274
274
274
274
274
274
274
274
274
274
274
274
274
274
274
274
274
274
274
274
274
274
274.006
274.353
288.469
567.957
1033
1124.37
1153.18
1197.35
1253.77
1296.98
1344.47
1396.58
1473.95
1599.5
1767.43
1861.66
1880.92
1873.22
1788.08
1743.2
1689.11
1676.49
1681.31
1687.81
1687.43
1678.82
1668.46
1711.12
1706.5
1662.63
1637.97
1583.56
1472.47
1467.45
1464.08
1422.22
1462.85
1478.13
1496.93
1562.13
1617.64
1707.52
1732.11
1800.9
1840.46
274
274
274
274
274
274
274
274
274
274
274
274
274
274
274
274
274
274
274
274
274
274
274
274
274
274
274
274
274
274
274
274
274
274
274
274
274
274
274
274
274
274
274
274
274
274
274
274
274
274
274
274
274
274
274
274
274
274
274
274
274
274
274
274
274
274
274
274
274
274
274
274
274
274
274
274
274
274
274
274
274.003
274.139
280.059
462.377
962.108
1113.6
1138.99
1173.34
1220.54
1257.68
1303.86
1360.1
1448.98
1583.68
1754.97
1862.24
1888.08
1883.91
1811.5
1736.97
1691.93
1658.11
1658.39
1662.79
1658.64
1638.87
1625.55
1631.31
1590.76
1556.79
1533.62
1442.93
1393.34
1390.23
1377.19
1351.35
1404.49
1406.02
1452.87
1501.89
1581.95
1669.77
1726.83
1798.1
1857.67
274
274
274
274
274
274
274
274
274
274
274
274
274
274
274
274
274
274
274
274
274
274
274
274
274
274
274
274
274
274
274
274
274
274
274
274
274
274
274
274
274
274
274
274
274
274
274
274
274
274
274
274
274
274
274
274
274
274
274
274
274
274
274
274
274
274
274
274
274
274
274
274
274
274
274
274
274
274
274
274
274.001
274.043
276.119
363.049
835.149
1092.91
1127.23
1158.8
1207.7
1248.83
1293.75
1347.34
1429.92
1558.31
1729.37
1855.99
1890.61
1891.24
1850.71
1747.89
1691.32
1602.68
1581.96
1569.52
1554.01
1550.47
1546.24
1545.3
1518.52
1484.12
1403.74
1354.95
1347.91
1344.38
1312.24
1337.58
1353.7
1388.8
1410.45
1453.47
1525.66
1602.72
1697.45
1796.79
1927.62
274
274
274
274
274
274
274
274
274
274
274
274
274
274
274
274
274
274
274
274
274
274
274
274
274
274
274
274
274
274
274
274
274
274
274
274
274
274
274
274
274
274
274
274
274
274
274
274
274
274
274
274
274
274
274
274
274
274
274
274
274
274
274
274
274
274
274
274
274
274
274
274
274
274
274
274
274
274
274
274
274
274.014
274.731
305.247
681.322
1069.37
1114.51
1128.34
1162.96
1211.93
1267.32
1329.46
1409.06
1522.72
1687.52
1843.91
1892.82
1896.5
1873.55
1743.73
1669.76
1583.01
1559.43
1551.65
1548.29
1555.8
1533.66
1523.05
1506.45
1412.18
1324.4
1318.1
1295.3
1273.78
1284.49
1277.65
1296.18
1303.61
1306.2
1351.8
1431.44
1527.43
1673.89
1817.24
2052.83
274
274
274
274
274
274
274
274
274
274
274
274
274
274
274
274
274
274
274
274
274
274
274
274
274
274
274
274
274
274
274
274
274
274
274
274
274
274
274
274
274
274
274
274
274
274
274
274
274
274
274
274
274
274
274
274
274
274
274
274
274
274
274
274
274
274
274
274
274
274
274
274
274
274
274
274
274
274
274
274
274
274.005
274.27
285.238
534.851
1001.92
1103.94
1129.83
1161.22
1201.31
1244.41
1304.61
1381.18
1491.32
1653
1829.93
1892.31
1897.74
1875.95
1758
1681.76
1583.91
1523.88
1513.64
1499.08
1495.78
1488.68
1463.99
1410.49
1312.57
1283.73
1270.71
1215.63
1212.69
1223.63
1200.09
1220.53
1234.66
1268.19
1346.59
1474.6
1617.38
1765.95
1904.2
2028.05
274
274
274
274
274
274
274
274
274
274
274
274
274
274
274
274
274
274
274
274
274
274
274
274
274
274
274
274
274
274
274
274
274
274
274
274
274
274
274
274
274
274
274
274
274
274
274
274
274
274
274
274
274
274
274
274
274
274
274
274
274
274
274
274
274
274
274
274
274
274
274
274
274
274
274
274
274
274
274
274
274
274.002
274.125
279.493
451.518
938.434
1085.94
1119.12
1154.64
1196.37
1235.13
1287
1359.73
1471.48
1638.15
1824.91
1892.51
1899.49
1879.46
1799.8
1669.09
1581.12
1508.56
1495.5
1477.57
1460.18
1444.71
1409.94
1350.99
1273.29
1254.76
1221.69
1163.34
1179.37
1173.75
1165.5
1188.47
1210.83
1255.95
1338.1
1461.96
1580.98
1673.35
1739.52
1984.52
274
274
274
274
274
274
274
274
274
274
274
274
274
274
274
274
274
274
274
274
274
274
274
274
274
274
274
274
274
274
274
274
274
274
274
274
274
274
274
274
274
274
274
274
274
274
274
274
274
274
274
274
274
274
274
274
274
274
274
274
274
274
274
274
274
274
274
274
274
274
274
274
274
274
274
274
274
274
274
274
274
274
274.017
275.003
321.274
745.848
1056.5
1087.01
1112
1157.88
1205.75
1242.46
1291.03
1388.03
1555.19
1775.83
1883.1
1901.42
1884.83
1837.2
1691.7
1555.61
1423.87
1383.66
1378.12
1375.58
1375.14
1364.99
1248.09
1216.83
1149.53
1076.77
1057.54
1045.47
1032.61
1039.83
1076.42
1108.96
1148.22
1195.43
1253.24
1324.3
1478.24
1643.2
1684.01
274
274
274
274
274
274
274
274
274
274
274
274
274
274
274
274
274
274
274
274
274
274
274
274
274
274
274
274
274
274
274
274
274
274
274
274
274
274
274
274
274
274
274
274
274
274
274
274
274
274
274
274
274
274
274
274
274
274
274
274
274
274
274
274
274
274
274
274
274
274
274
274
274
274
274
274
274
274
274
274
274
274
274.001
274.057
277.131
401.997
887.688
1063.36
1081.85
1107.73
1143.1
1169.02
1201.4
1277.77
1426.38
1649.43
1849.82
1908.82
1914.74
1889.31
1805.65
1606.85
1520.11
1416.58
1368.94
1338.11
1279.66
1239.82
1146.58
1067.79
1013.33
1002.55
999.616
1024.21
1054.42
1068.8
1121.95
1169.9
1214.12
1308.24
1419.71
1535.74
1579.47
1372.24
1285.16
274
274
274
274
274
274
274
274
274
274
274
274
274
274
274
274
274
274
274
274
274
274
274
274
274
274
274
274
274
274
274
274
274
274
274
274
274
274
274
274
274
274
274
274
274
274
274
274
274
274
274
274
274
274
274
274
274
274
274
274
274
274
274
274
274
274
274
274
274
274
274
274
274
274
274
274
274
274
274
274
274
274
274
274.003
274.203
283.647
525.288
994.855
1071.21
1074.85
1097.49
1136.73
1179.94
1246.36
1367.39
1559.19
1783.47
1895.98
1917.52
1906.67
1858.48
1742.77
1551.1
1436.11
1378.87
1373.73
1344.38
1218.87
1165.75
1078.83
1065.44
1063.62
1093.96
1096.17
1098.63
1135.11
1169.17
1205.09
1288.73
1382.97
1440.54
1486.4
1428.17
1263.39
1213.95
274
274
274
274
274
274
274
274
274
274
274
274
274
274
274
274
274
274
274
274
274
274
274
274
274
274
274
274
274
274
274
274
274
274
274
274
274
274
274
274
274
274
274
274
274
274
274
274
274
274
274
274
274
274
274
274
274
274
274
274
274
274
274
274
274
274
274
274
274
274
274
274
274
274
274
274
274
274
274
274
274
274
274
274
274.007
274.534
299.596
664.618
1049.72
1069.86
1068.45
1089.55
1126.41
1186.5
1274.89
1411.76
1615.37
1831.83
1914.2
1920.39
1891.81
1816.6
1634.7
1555.47
1485.25
1464.97
1464.71
1395.03
1333.74
1151.74
1097.76
1069.96
1058.41
1100.76
1122.61
1136.03
1192.47
1249.3
1331.05
1405.97
1427.47
1391.37
1300.9
1362.92
1301.72
274
274
274
274
274
274
274
274
274
274
274
274
274
274
274
274
274
274
274
274
274
274
274
274
274
274
274
274
274
274
274
274
274
274
274
274
274
274
274
274
274
274
274
274
274
274
274
274
274
274
274
274
274
274
274
274
274
274
274
274
274
274
274
274
274
274
274
274
274
274
274
274
274
274
274
274
274
274
274
274
274
274
274
274
274
274.016
275.086
327.66
770.034
1059.12
1061.29
1059.55
1075.36
1104.62
1156.07
1245.62
1395.67
1622.05
1841.26
1908
1905.22
1876.27
1812.07
1732.81
1755.64
1732.94
1805.57
1923.89
1775.59
1421.57
1403.55
1314.84
1312.71
1309.51
1299.94
1307.39
1368.69
1444.38
1536.94
1556.18
1475.35
1394.8
1370.92
1430.51
1194.67
274
274
274
274
274
274
274
274
274
274
274
274
274
274
274
274
274
274
274
274
274
274
274
274
274
274
274
274
274
274
274
274
274
274
274
274
274
274
274
274
274
274
274
274
274
274
274
274
274
274
274
274
274
274
274
274
274
274
274
274
274
274
274
274
274
274
274
274
274
274
274
274
274
274
274
274
274
274
274
274
274
274
274
274
274
274
274.028
275.708
352.255
816.412
1048.48
1047.21
1046.66
1054.36
1072.79
1115.73
1202.15
1352.96
1581.82
1808.68
1884.1
1881.25
1869.82
1850.21
1863.15
1873.55
1960.54
2117.27
2190.26
2202
2171.88
2238.84
2019.59
1973.73
1947.36
1932.1
1935.84
1859.42
1692.27
1619.9
1549.06
1563.13
1449.61
1265.47
998.192
274
274
274
274
274
274
274
274
274
274
274
274
274
274
274
274
274
274
274
274
274
274
274
274
274
274
274
274
274
274
274
274
274
274
274
274
274
274
274
274
274
274
274
274
274
274
274
274
274
274
274
274
274
274
274
274
274
274
274
274
274
274
274
274
274
274
274
274
274
274
274
274
274
274
274
274
274
274
274
274
274
274
274
274
274
274
274.001
274.038
276.059
359.117
808.685
1030.37
1032
1027.23
1027.32
1038.2
1073.39
1150.56
1294.11
1508.58
1755.01
1854.36
1861.11
1847.71
1839.83
1832.04
1861.16
1937.57
2065.19
2101.36
2165.2
2191.39
2137.7
2110.12
2075.81
2038.95
1950.17
1862.5
1789.13
1698.27
1638.76
1516.69
1393.96
1026.65
735.449
274
274
274
274
274
274
274
274
274
274
274
274
274
274
274
274
274
274
274
274
274
274
274
274
274
274
274
274
274
274
274
274
274
274
274
274
274
274
274
274
274
274
274
274
274
274
274
274
274
274
274
274
274
274
274
274
274
274
274
274
274
274
274
274
274
274
274
274
274
274
274
274
274
274
274
274
274
274
274
274
274
274
274
274
274
274
274
274.001
274.041
275.918
345.448
756.259
1008.82
1016.39
1005.11
999.963
1003.77
1028.47
1092.1
1217.35
1415.59
1676.32
1805.38
1815.95
1799.15
1760.94
1708.87
1697.12
1765.54
1819.9
1866.22
1880.08
1884.21
1908.12
1961.67
1986.62
1975.65
1874.91
1779.51
1646.2
1493.12
1209.75
1010.31
742.893
591.69
274
274
274
274
274
274
274
274
274
274
274
274
274
274
274
274
274
274
274
274
274
274
274
274
274
274
274
274
274
274
274
274
274
274
274
274
274
274
274
274
274
274
274
274
274
274
274
274
274
274
274
274
274
274
274
274
274
274
274
274
274
274
274
274
274
274
274
274
274
274
274
274
274
274
274
274
274
274
274
274
274
274
274
274
274
274
274
274
274.001
274.038
275.418
319.937
666.278
977.206
1001.4
987.006
974.243
970.496
984.289
1031.87
1130.88
1299.07
1534.12
1697.86
1727.94
1709.25
1651.83
1617.72
1611.3
1609.72
1606.15
1564.46
1509.03
1496.83
1510.18
1518.5
1494.85
1422.27
1329.56
1185.26
1015.66
841.927
734.069
594.027
504.765
274
274
274
274
274
274
274
274
274
274
274
274
274
274
274
274
274
274
274
274
274
274
274
274
274
274
274
274
274
274
274
274
274
274
274
274
274
274
274
274
274
274
274
274
274
274
274
274
274
274
274
274
274
274
274
274
274
274
274
274
274
274
274
274
274
274
274
274
274
274
274
274
274
274
274
274
274
274
274
274
274
274
274
274
274
274
274
274
274
274.001
274.03
274.861
297.037
550.949
911.712
985.37
972.049
952.855
941.442
944.592
973.617
1044.43
1165.86
1326.08
1490.01
1576.78
1576.82
1543.16
1509.69
1474.76
1433.6
1382.28
1308.97
1239.31
1191.34
1142.53
1083.4
1007.21
917.069
828.578
738.485
645.056
586.079
507.282
449.434
274
274
274
274
274
274
274
274
274
274
274
274
274
274
274
274
274
274
274
274
274
274
274
274
274
274
274
274
274
274
274
274
274
274
274
274
274
274
274
274
274
274
274
274
274
274
274
274
274
274
274
274
274
274
274
274
274
274
274
274
274
274
274
274
274
274
274
274
274
274
274
274
274
274
274
274
274
274
274
274
274
274
274
274
274
274
274
274
274
274
274
274.02
274.449
283.849
430.748
786.612
957.763
957.746
935.919
917.043
909.551
921.623
961.965
1033.16
1125.05
1231.96
1307.88
1320.74
1303.8
1271.4
1229.97
1177.95
1108.85
1028.21
955.374
897.554
844.14
781.698
715.926
653.784
600.133
543.365
504.787
457.347
418.71
274
274
274
274
274
274
274
274
274
274
274
274
274
274
274
274
274
274
274
274
274
274
274
274
274
274
274
274
274
274
274
274
274
274
274
274
274
274
274
274
274
274
274
274
274
274
274
274
274
274
274
274
274
274
274
274
274
274
274
274
274
274
274
274
274
274
274
274
274
274
274
274
274
274
274
274
274
274
274
274
274
274
274
274
274
274
274
274
274
274
274
274
274.012
274.209
277.554
332.522
600.8
877.039
937.357
921.44
898.887
881.921
879.125
893.684
925.025
970.646
1009.02
1019.41
1017.65
1004.98
983.95
954.539
907.364
844.295
787.441
741.998
696.93
649.72
604.694
560.918
525.447
487.069
458.697
428.098
403.422
274
274
274
274
274
274
274
274
274
274
274
274
274
274
274
274
274
274
274
274
274
274
274
274
274
274
274
274
274
274
274
274
274
274
274
274
274
274
274
274
274
274
274
274
274
274
274
274
274
274
274
274
274
274
274
274
274
274
274
274
274
274
274
274
274
274
274
274
274
274
274
274
274
274
274
274
274
274
274
274
274
274
274
274
274
274
274
274
274
274
274
274
274
274.005
274.088
275.125
288.544
419.385
698.938
882.381
903.242
883.281
863.608
847.111
840.762
844.482
851.411
852.726
843.223
827.132
804.848
779.097
749.437
711.509
673.575
639.66
605.77
571.151
539.653
507.808
482.314
455.291
434.261
414.651
398.12
274
274
274
274
274
274
274
274
274
274
274
274
274
274
274
274
274
274
274
274
274
274
274
274
274
274
274
274
274
274
274
274
274
274
274
274
274
274
274
274
274
274
274
274
274
274
274
274
274
274
274
274
274
274
274
274
274
274
274
274
274
274
274
274
274
274
274
274
274
274
274
274
274
274
274
274
274
274
274
274
274
274
274
274
274
274
274
274
274
274
274
274
274
274
274.002
274.032
274.348
277.471
308.04
467.814
709.413
846.571
861.452
842.154
822.323
801.947
783.225
766.77
750.325
732.846
712.661
688.828
664.172
635.755
608.278
581.13
554.291
527.329
503.165
478.669
458.55
437.977
420.954
405.764
392.792
274
274
274
274
274
274
274
274
274
274
274
274
274
274
274
274
274
274
274
274
274
274
274
274
274
274
274
274
274
274
274
274
274
274
274
274
274
274
274
274
274
274
274
274
274
274
274
274
274
274
274
274
274
274
274
274
274
274
274
274
274
274
274
274
274
274
274
274
274
274
274
274
274
274
274
274
274
274
274
274
274
274
274
274
274
274
274
274
274
274
274
274
274
274
274
274.001
274.011
274.1
274.785
280.032
317.652
458.06
654.207
774.033
801.752
787.115
765.241
740.081
712.89
686.496
661.098
635.785
611.972
587.032
563.349
540.002
517.771
495.553
475.878
456.537
440.622
425.509
412.712
400.962
390.658
274
274
274
274
274
274
274
274
274
274
274
274
274
274
274
274
274
274
274
274
274
274
274
274
274
274
274
274
274
274
274
274
274
274
274
274
274
274
274
274
274
274
274
274
274
274
274
274
274
274
274
274
274
274
274
274
274
274
274
274
274
274
274
274
274
274
274
274
274
274
274
274
274
274
274
274
274
274
274
274
274
274
274
274
274
274
274
274
274
274
274
274
274
274
274
274
274
274.002
274.026
274.182
275.087
280.226
305.681
397.368
534.689
646.034
699.757
706.592
690.087
666.377
640.168
613.252
587.639
561.722
538.128
516.001
495.953
476.641
460.041
444.527
431.274
417.97
400.628
371.77
336.46
274
274
274
274
274
274
274
274
274
274
274
274
274
274
274
274
274
274
274
274
274
274
274
274
274
274
274
274
274
274
274
274
274
274
274
274
274
274
274
274
274
274
274
274
274
274
274
274
274
274
274
274
274
274
274
274
274
274
274
274
274
274
274
274
274
274
274
274
274
274
274
274
274
274
274
274
274
274
274
274
274
274
274
274
274
274
274
274
274
274
274
274
274
274
274
274
274
274
274
274.006
274.038
274.206
274.942
277.913
287.9
316.403
376.267
450.666
513.896
547.641
557.848
552.832
539.896
521.633
501.764
480.49
459.93
437.93
416.911
391.624
363.542
331.41
300.375
287.375
280.746
274
274
274
274
274
274
274
274
274
274
274
274
274
274
274
274
274
274
274
274
274
274
274
274
274
274
274
274
274
274
274
274
274
274
274
274
274
274
274
274
274
274
274
274
274
274
274
274
274
274
274
274
274
274
274
274
274
274
274
274
274
274
274
274
274
274
274
274
274
274
274
274
274
274
274
274
274
274
274
274
274
274
274
274
274
274
274
274
274
274
274
274
274
274
274
274
274
274
274
274
274.001
274.008
274.037
274.146
274.51
275.498
277.906
282.768
290.768
300.366
309.829
316.58
319.412
319.017
315.76
310.037
304.133
297.838
292.313
286.891
282.658
279.264
276.972
275.586
274.779
274
274
274
274
274
274
274
274
274
274
274
274
274
274
274
274
274
274
274
274
274
274
274
274
274
274
274
274
274
274
274
274
274
274
274
274
274
274
274
274
274
274
274
274
274
274
274
274
274
274
274
274
274
274
274
274
274
274
274
274
274
274
274
274
274
274
274
274
274
274
274
274
274
274
274
274
274
274
274
274
274
274
274
274
274
274
274
274
274
274
274
274
274
274
274
274
274
274
274
274
274
274
274.001
274.006
274.023
274.066
274.17
274.389
274.772
275.314
275.938
276.528
276.975
277.203
277.196
276.987
276.662
276.202
275.739
275.247
274.85
274.537
274.324
274.184
274.096
274
274
274
274
274
274
274
274
274
274
274
274
274
274
274
274
274
274
274
274
274
274
274
274
274
274
274
274
274
274
274
274
274
274
274
274
274
274
274
274
274
274
274
274
274
274
274
274
274
274
274
274
274
274
274
274
274
274
274
274
274
274
274
274
274
274
274
274
274
274
274
274
274
274
274
274
274
274
274
274
274
274
274
274
274
274
274
274
274
274
274
274
274
274
274
274
274
274
274
274
274
274
274
274
274.001
274.002
274.009
274.021
274.043
274.075
274.115
274.158
274.198
274.228
274.243
274.241
274.227
274.199
274.165
274.125
274.091
274.061
274.038
274.021
274.011
274
274
274
274
274
274
274
274
274
274
274
274
274
274
274
274
274
274
274
274
274
274
274
274
274
274
274
274
274
274
274
274
274
274
274
274
274
274
274
274
274
274
274
274
274
274
274
274
274
274
274
274
274
274
274
274
274
274
274
274
274
274
274
274
274
274
274
274
274
274
274
274
274
274
274
274
274
274
274
274
274
274
274
274
274
274
274
274
274
274
274
274
274
274
274
274
274
274
274
274
274
274
274
274
274
274
274
274.001
274.002
274.004
274.007
274.011
274.014
274.018
274.02
274.021
274.021
274.019
274.016
274.012
274.009
274.006
274.003
274.002
274.001
274
274
274
274
274
274
274
274
274
274
274
274
274
274
274
274
274
274
274
274
274
274
274
274
274
274
274
274
274
274
274
274
274
274
274
274
274
274
274
274
274
274
274
274
274
274
274
274
274
274
274
274
274
274
274
274
274
274
274
274
274
274
274
274
274
274
274
274
274
274
274
274
274
274
274
274
274
274
274
274
274
274
274
274
274
274
274
274
274
274
274
274
274
274
274
274
274
274
274
274
274
274
274
274
274
274
274
274
274
274
274
274
274.001
274.001
274.001
274.001
274.001
274.001
274.001
274.001
274.001
274
274
274
274
274
274
274
274
274
274
274
274
274
274
274
274
274
274
274
274
274
274
274
274
274
274
274
274
274
274
274
274
274
274
274
274
274
274
274
274
274
274
274
274
274
274
274
274
274
274
274
274
274
274
274
274
274
274
274
274
274
274
274
274
274
274
274
274
274
274
274
274
274
274
274
274
274
274
274
274
274
274
274
274
274
274
274
274
274
274
274
274
274
274
274
274
274
274
274
274
274
274
274
274
274
274
274
274
274
274
274
274
274
274
274
274
274
274
274
274
274
274
274
274
274
274
274
274
274
274
274
274
274
274
274
274
274
274
274
274
274
274
274
274
274
274
274
274
274
274
274
274
274
274
274
274
274
274
274
274
274
274
274
274
274
274
274
274
274
274
274
274
274
274
274
274
274
274
274
274
274
274
274
274
274
274
274
274
274
274
274
274
274
274
274
274
274
274
274
274
274
274
274
274
274
274
274
274
274
274
274
274
274
274
274
274
274
274
274
274
274
274
274
274
274
274
274
274
274
274
274
274
274
274
274
274
274
274
274
274
274
274
274
274
274
274
274
274
274
274
274
274
274
274
274
274
274
274
274
274
274
274
274
274
274
274
274
274
274
274
274
274
274
274
274
274
274
274
274
274
274
274
274
274
274
274
274
274
274
274
274
274
274
274
274
274
274
274
274
274
274
274
274
274
274
274
274
274
274
274
274
274
274
274
274
274
274
274
274
274
274
274
274
274
274
274
274
274
274
274
274
274
274
274
274
274
274
274
274
274
274
274
274
274
274
274
274
274
274
274
274
274
274
274
274
274
274
274
274
274
274
274
274
274
274
274
274
274
274
274
274
274
274
274
274
274
274
274
274
274
274
274
274
274
274
274
274
274
274
274
274
274
274
274
274
274
274
274
274
274
274
274
274
274
274
274
274
274
274
274
274
274
274
274
274
274
274
274
274
274
274
274
274
274
274
274
274
274
274
274
274
274
274
274
274
274
274
274
274
274
274
274
274
274
274
274
274
274
274
274
274
274
274
274
274
274
274
274
274
274
274
274
274
274
274
274
274
274
274
274
274
274
274
274
274
274
274
274
274
274
274
274
274
274
274
274
274
274
274
274
274
274
274
274
274
274
274
274
274
274
274
274
274
274
274
274
274
274
274
274
274
274
274
274
274
274
274
274
274
274
274
274
274
274
274
274
274
274
274
274
274
274
274
274
274
274
274
274
274
274
274
274
274
274
274
274
274
274
274
274
274
274
274
274
274
274
274
274
274
274
274
274
274
274
274
274
274
274
274
274
274
274
274
274
274
274
274
274
274
274
274
274
274
274
274
274
274
274
274
274
274
274
274
274
274
274
274
274
274
274
274
274
274
274
274
274
274
274
274
274
274
274
274
274
274
274
274
274
274
274
274
274
274
274
274
274
274
274
274
274
274
274
274
274
274
274
274
274
274
274
274
274
274
274
274
274
274
274
274
274
274
274
274
274
274
274
274
274
274
274
274
274
274
274
274
274
274
274
274
274
274
274
274
274
274
274
274
274
274
274
274
274
274
274
274
274
274
274
274
274
274
274
274
274
274
274
274
274
274
274
274
274
274
274
274
274
274
274
274
274
274
274
274
274
274
274
274
274
274
274
274
274
274
274
274
274
274
274
274
274
274
274
274
274
274
274
274
274
274
274
274
274
274
274
274
274
274
274
274
274
274
274
274
274
274
274
274
274
274
274
274
274
274
274
274
274
274
274
274
274
274
274
274
274
274
274
274
274
274
274
274
274
274
274
274
274
274
274
274
274
274
274
274
274
274
274
274
274
274
274
274
274
274
274
274
274
274
274
274
274
274
274
274
274
274
274
274
274
274
274
274
274
274
274
274
274
274
274
274
274
274
274
274
274
274
274
274
274
274
274
274
274
274
274
274
274
274
274
274
274
274
274
274
274
274
274
274
274
274
274
274
274
274
274
274
274
274
274
274
274
274
274
274
274
274
274
274
274
274
274.002
274.002
274.002
274.002
274.002
274.002
274.002
274.002
274.002
274.002
274.002
274.002
274.002
274.002
274.002
274.002
274.002
274.002
274.002
274.002
274.002
274.002
274.002
274.002
274.002
274.002
274.002
274.002
274.002
274.002
274.002
274.002
274.002
274.002
274.002
274.002
274.002
274.002
274.002
274.002
274.002
274.002
274.002
274.002
274.002
274.002
274.002
274.002
274.002
274.002
274.002
274.002
274.002
274.002
274.002
274.002
274.002
274.002
274.002
274.002
274.002
274.002
274.002
274.002
274.002
274.002
274.002
274.002
274.002
274.002
274.002
274.002
274.002
274.002
274.002
274.002
274.002
274.002
274.002
274.002
274.002
274.002
274.002
274.002
274.002
274.002
274.002
274.002
274.002
274.002
274.002
274.002
274.002
274.002
274.002
274.002
274.002
274.002
274.002
274.002
274.002
274.002
274.002
274.002
274.002
274.002
274.002
274.002
274.002
274.002
274.002
274.002
274.002
274.002
274.002
274.002
274.002
274.002
274.002
274.002
274.002
274.002
274.002
274.002
274.002
)
;

boundaryField
{
    wall
    {
        type            zeroGradient;
    }
    inlet
    {
        type            fixedValue;
        value           uniform 3673;
    }
    outlet-1
    {
        type            inletOutlet;
        inletValue      uniform 274;
        value           uniform 274;
    }
    outlet-2
    {
        type            inletOutlet;
        inletValue      uniform 274;
        value           nonuniform List<scalar> 
89
(
274.002
274
274
274
274
274
274
274
274
274
274
274
274
274
274
274
274
274
274
274
274
274
274
274
274
274
274
274
274
274
274
274
274
274
274
274
274
274
274
274
274
274
274
274
274
274
274
274
274
274
274
274
274
274
274
274
274
274
274
274
274
274
274
274
274
274
274
274
274
274
274
274
274
274
274
274
274
274
274
274
274
274
274
274
274
274
274
274
274.002
)
;
    }
    frontAndBackPlanes
    {
        type            empty;
    }
}


// ************************************************************************* //
