/*--------------------------------*- C++ -*----------------------------------*\
| =========                 |                                                 |
| \\      /  F ield         | OpenFOAM: The Open Source CFD Toolbox           |
|  \\    /   O peration     | Version:  2112                                  |
|   \\  /    A nd           | Website:  www.openfoam.com                      |
|    \\/     M anipulation  |                                                 |
\*---------------------------------------------------------------------------*/
FoamFile
{
    version     2.0;
    format      ascii;
    arch        "LSB;label=32;scalar=64";
    class       volScalarField;
    location    "0.00241";
    object      T;
}
// * * * * * * * * * * * * * * * * * * * * * * * * * * * * * * * * * * * * * //

dimensions      [0 0 0 1 0 0 0];

internalField   nonuniform List<scalar> 
13875
(
1411.86
1535.17
1482.68
1486.7
1481.09
1483.5
1483.54
1483.23
1484.16
1484.3
1484.74
1484.25
1484.44
1484.43
1484.52
1484.71
1484.32
1482.54
1483.14
1483.52
1480.89
1487.57
1480.74
1533.13
1398.54
1307
1356.09
1319.16
1322.06
1316.61
1317.14
1317.16
1317.94
1322.94
1323.89
1324.07
1323.26
1323.62
1323.95
1324.01
1323.51
1322.59
1317.54
1316.85
1317.15
1316.22
1322.02
1319.7
1356.59
1304.03
1307.14
1339.78
1314.6
1311.01
1303.87
1304.25
1303.69
1303.54
1303.97
1304.72
1305.61
1304.57
1304.54
1304.76
1304.9
1306.39
1305.65
1303.45
1303.41
1304.17
1303.53
1310.86
1311.57
1336.43
1296.77
1317.28
1344.91
1315.05
1308.68
1305.03
1304.73
1303.84
1303.6
1303.29
1303.31
1304.32
1304.21
1304.44
1304.7
1304.75
1304.37
1303.64
1303.55
1303.61
1304.56
1304.34
1307.64
1314.07
1343.57
1311.29
1329.44
1341.87
1316.06
1311.62
1303.41
1304.06
1303.9
1303.58
1303.41
1303.4
1304.56
1304.45
1304.57
1304.82
1304.9
1304.2
1303.68
1303.59
1303.73
1304.08
1303.17
1311.53
1312.22
1338.51
1315.95
1332.21
1351.34
1319.28
1309.92
1306.95
1306.14
1304.8
1304.19
1303.74
1303.54
1304.81
1304.77
1304.87
1305.16
1305.12
1304.31
1304.16
1304.2
1304.6
1305.97
1306.17
1308.4
1319.09
1349.23
1326.82
1339.1
1360.46
1329.41
1316.87
1306.95
1306.31
1305.38
1304.85
1304.42
1304.14
1305.33
1305.36
1305.49
1305.81
1305.75
1304.87
1304.65
1304.7
1305.21
1306.26
1306.65
1317.26
1326.02
1358.42
1322.13
1360.92
1385.53
1345.32
1321.7
1316.45
1312.13
1308.96
1307.25
1306.3
1305.64
1306.39
1306.61
1306.84
1307.26
1307.03
1305.98
1306.27
1307.02
1308.54
1311.54
1314.99
1320.76
1341.62
1381.33
1350.99
1535.38
1508.8
1388.38
1351.58
1323.54
1316.56
1312.78
1310.52
1309.48
1308.79
1309.15
1309.44
1309.82
1310.37
1310.01
1308.79
1309.1
1310.12
1312.22
1315.88
1322.05
1348.33
1384.39
1508.08
1522.89
1849.8
1582.76
1435.27
1366.68
1345.01
1328.43
1321.69
1318.16
1316.39
1315.52
1315.47
1315.78
1316.25
1316.79
1316.35
1315.05
1315.68
1317.44
1320.87
1327.8
1340.39
1363.78
1427.78
1568.34
1830.71
2514.85
1806.13
1533.36
1445.98
1364.81
1347.07
1337.72
1333.21
1330.85
1329.79
1329.59
1329.74
1330.14
1330.51
1330.19
1328.82
1329.83
1332.11
1336.42
1345.81
1361.53
1428.98
1515.67
1810.01
2446.96
2888.21
2274.47
1932.26
1517.39
1440.88
1405.78
1379.87
1372.07
1365.99
1363.85
1363.24
1362.98
1363.26
1363.24
1363.34
1362.48
1364.38
1369.81
1377.26
1405.06
1430.64
1490.53
1761.52
2308.28
2849.56
2847.96
2706.57
2595.61
2360.25
1628.14
1534.89
1507.64
1487.32
1475.8
1472.18
1471.58
1470.29
1472.54
1470.38
1471.58
1471.61
1475.05
1485.07
1503.61
1534.31
1644.89
2355.78
2424.27
2717.44
2788.42
2754.38
2690.26
2866.93
2850.49
2177.97
2136.93
2006.96
1904.35
1840.84
1815.23
1817.75
1799.56
1816.66
1805.89
1812.67
1817.96
1838.22
1896.98
2009.63
2178.47
2149.94
2853.94
2865.66
2732.52
2710.95
2666.27
2711.73
2850.64
2841.48
2846.59
3117.8
3417.57
3354.36
3563.33
3464.29
3599.38
3495.86
3605.3
3529.19
3581.16
3521.6
3552.32
3408.34
3414.08
3125.93
2875.15
2856.98
2853.03
2707.68
2673.55
2543.78
2623.63
2856.51
2978.33
2997.63
3329.92
3613.87
3694.71
3692.75
3681.86
3634.21
3650.57
3613.83
3649.59
3637.39
3670.51
3689.73
3724.54
3641.43
3408.16
3038.46
2967.9
2875.16
2664.03
2582.19
2477.72
2587.31
2719.41
2922.56
3005.14
3344.53
3584.89
3673.99
3674.26
3663.73
3618.52
3629.46
3602.95
3629.62
3618.08
3652
3675.15
3709.67
3633.52
3423.81
3053.1
2973.27
2777.01
2608.7
2497.96
2283.05
2530.65
2816.85
2943.51
2933.54
3191.3
3378.22
3467.55
3499.55
3509.17
3502.09
3502.73
3500.5
3507.06
3504.69
3514.64
3505.63
3486.82
3398.48
3218.07
2994.33
2990.69
2835.91
2534.11
2297.82
2187.87
2272.2
2581.87
2756.44
2731.46
2868.84
3120.48
3299.44
3381.84
3403.51
3405.99
3405.72
3407.59
3412.58
3406.14
3407.61
3403.3
3358.47
3173.65
2916.68
2765.17
2793.25
2638.83
2309.43
2224.76
2279.89
2225.49
2352.62
2512.06
2541.98
2622.33
2844.18
3086.89
3242.39
3305.42
3312.65
3316.37
3316.92
3320.06
3312.74
3314.45
3277.96
3137.77
2874.34
2656.03
2574.36
2550.63
2336.34
2231.59
2324.83
2924.31
2287.43
2172.64
2313.59
2383.73
2466.25
2667.04
2907.7
3089.6
3186.24
3213.91
3217.39
3219.24
3220.5
3214.95
3197.82
3120.13
2936.55
2681.39
2487.13
2409.05
2329.74
2158.02
2236.69
2882.61
2925.49
2057.38
1972.16
2163.57
2255.54
2353.52
2531.5
2759.72
2954.85
3070.1
3102.71
3113.45
3113.1
3114.64
3101
3076.82
2975.27
2773.78
2537.99
2376.72
2274.55
2166.12
1974.16
2037.9
2876.1
2919.34
2064.69
1881.17
2045.66
2155.91
2268.13
2416.83
2626.67
2820.16
2950.11
2996.07
3003.53
3005.99
3003.92
2994.09
2957.45
2840.58
2639.19
2425.96
2290.88
2174.66
2053.26
1861.28
2049.33
2979.93
2841.76
2040.12
1868.82
1991.54
2080.17
2182.41
2326.44
2527
2714.25
2839.61
2883.61
2898.91
2897.95
2897.95
2879.6
2844.8
2732.95
2537.27
2329.65
2199.8
2096.97
1998.54
1864.12
2016.12
2808.78
2762.01
2033.98
1898.02
1955.54
2017.07
2104.74
2239.08
2434.92
2611.12
2735.63
2782.91
2791.45
2794.8
2791.09
2779.9
2738.5
2621.63
2435.48
2236.75
2115.2
2041.64
1970.71
1884.81
2031.78
2782.39
2743.44
2058.72
1916.46
1940.38
1970.69
2036.29
2172.06
2356.82
2524.3
2637.27
2678.37
2693.58
2693.3
2692.72
2673.22
2639.13
2537.38
2361.57
2170.16
2046.42
1987.92
1960.14
1902.96
2033.4
2717.93
2710.1
2085.65
1942.47
1932.06
1925.93
1982.15
2109.78
2285.98
2439.3
2546.39
2588.92
2594.6
2597.93
2593.02
2583.84
2545.8
2448.62
2286.5
2105.43
1986.83
1947.21
1956.32
1935.56
2074.5
2706.77
2710.32
2148.44
1982.07
1929.71
1902.12
1941.5
2068.68
2229.88
2371.55
2460.89
2494.38
2506.82
2506.23
2505.8
2486.98
2458.81
2377.65
2228.79
2059.75
1945.17
1914.72
1950.32
1969.61
2134.63
2709.11
2738.53
2154.98
1979.73
1926.88
1883.92
1909.17
2020.2
2168.14
2294.92
2378.94
2415.81
2418.02
2422.3
2415.55
2411.12
2377.99
2306.37
2174.3
2018.48
1913.52
1903.97
1947.28
1988.85
2120.36
2703.3
2783.09
2172.34
1997.73
1921.27
1870.01
1892.44
1999.4
2128.29
2240.69
2306.79
2332.11
2342.36
2341.06
2339.92
2323.67
2303.34
2247
2132.69
1993.14
1895.35
1879.78
1940.54
1999.18
2157.29
2746.49
2749.58
2172.11
1981.58
1925.9
1854.42
1879.16
1969.33
2083.38
2178.01
2233.84
2266.32
2262.1
2268.49
2260.97
2260.27
2232.12
2184.42
2087.91
1962.79
1878.56
1871.63
1939.82
1998.32
2151.26
2739.52
2745.32
2184.5
2018.61
1927.57
1838.64
1866.48
1953
2051.45
2131.97
2174.67
2191.75
2198.56
2197.91
2196.91
2183.45
2172.06
2139.62
2063.1
1952.49
1866.09
1855.04
1932.24
2014.36
2164.65
2707.97
2716.65
2180.95
2027.99
1920.97
1840.42
1857.57
1929.84
2012.85
2079.6
2110.6
2138.24
2128.38
2135.84
2127.55
2131.42
2108.93
2083.67
2022.21
1928.95
1855.55
1854.31
1938.67
2030
2157.27
2701.32
2690.8
2177.3
2085.78
1939.82
1834.24
1845.68
1921.42
1991.25
2043.34
2064.23
2074.03
2075.18
2075.17
2074.82
2064.91
2061.9
2047.73
2002.64
1921.15
1841.01
1844.99
1940.29
2074.75
2165.42
2675.42
2683.53
2184.23
2104.24
1938.17
1856.07
1841.7
1896.38
1955.34
1993.78
2007.96
2030.41
2014.87
2022.74
2014.29
2024.04
2006.36
1998.09
1969.49
1907.35
1835.22
1867.79
1948.11
2117.17
2157.09
2654.67
2657.98
2178.6
2107.83
1961.11
1861.63
1835.18
1889.1
1937.56
1966.1
1973.04
1976.42
1972.35
1971.63
1971.87
1966.94
1970.94
1968.49
1948.5
1898.25
1831.13
1870.45
1970.02
2123.25
2164.14
2629.42
2629.18
2163.86
2097.63
1984.04
1886.77
1845.4
1872.57
1903.74
1919.99
1922.74
1942.18
1919.6
1928.51
1920.05
1935.95
1922.18
1922.69
1914.22
1889.18
1832.27
1887.69
1997.13
2110.64
2149.38
2603.52
2610.16
2148.93
2100.4
2045.69
1902.7
1855.72
1870.09
1888.37
1897.09
1895.77
1895.81
1887.36
1885.93
1887.51
1886.71
1894.28
1899.2
1896.93
1888.42
1857.59
1899.05
2051.89
2114.09
2134.94
2573.59
2592.21
2136.61
2078.63
2037.47
1931.13
1874.24
1864.39
1859.91
1855.89
1849.11
1867.77
1841.46
1850.76
1842.53
1861.12
1849.87
1859.55
1866.89
1884.06
1871.13
1932.26
2050.75
2089.42
2118.89
2561.47
2564.16
2116.29
2056.22
2039.08
1966.19
1892.29
1886.68
1852.22
1841.24
1831.32
1827.93
1816.03
1815.21
1817.45
1818.95
1830.06
1843.19
1859.42
1908.11
1897.15
1966.82
2046.86
2064.62
2112.06
2539.83
2552.1
2111.69
2020.11
2024.12
2036.82
1926.3
1892.61
1836
1807.93
1789.5
1805.48
1776.41
1785.98
1777.57
1798.75
1789.5
1813.66
1843.88
1913.1
1920.28
2038.32
2037.54
2026.72
2094.44
2519.74
2526.48
2099.88
1999.11
2013.67
2027.05
1954.36
1905.11
1853.58
1806.84
1782.88
1771.21
1757.32
1756.22
1757.97
1763.49
1783.2
1808.67
1857.08
1933.56
1966.53
2028.46
2023.82
2008.43
2090.29
2499.11
2506.61
2090.93
1975.57
1975.66
2024.14
2023.52
1923.57
1854.54
1788.97
1745.51
1754.81
1722.23
1732.06
1723.97
1748.79
1747.03
1794.42
1859.16
1953.5
2029.47
2019.05
1987.47
1983.14
2083.47
2484.14
2475.02
2084.25
1962.97
1949.01
2000.08
2043.7
1949.9
1877.1
1805.16
1761.13
1729.88
1709.05
1707.36
1710.68
1722.93
1764.1
1805.22
1874.37
1993.63
2044.89
1994.24
1961.56
1971.76
2066.44
2455.04
2460.21
2080.73
1953.36
1917.2
1971.88
2029.8
2002.03
1890.84
1797.67
1728.15
1724.66
1681.49
1689.08
1684
1719.54
1733.07
1808.61
1893.86
2065.43
2035.15
1959.95
1929.81
1959.61
2065.26
2439.59
2428.94
2058.6
1941.95
1901.31
1931.6
2012.58
2083.47
1951.71
1822.14
1767.49
1719.98
1683.96
1675.03
1684.74
1711.26
1768.26
1824.11
1937.95
2081.1
2006.59
1921.6
1911.72
1952.05
2049.58
2409.88
2415.96
2057.13
1940.1
1880.55
1902.42
1985.61
2062.52
2033.01
1837.86
1735.47
1725.35
1667.96
1670.84
1670.68
1719.81
1739.48
1846.14
2013.9
2065.37
1977.46
1898.43
1893.69
1944.17
2041.22
2398.84
2380.18
2035.5
1924.79
1878.21
1879.59
1943.71
2047.62
2068.8
1893.51
1786.94
1723.84
1684.9
1672.07
1687.64
1715.99
1786.84
1902.98
2057.66
2048.2
1929.88
1874.61
1889.67
1933.89
2024.77
2355.36
2350.61
2024.58
1918.93
1860.49
1863.22
1916.83
2015.64
2050.16
1993.16
1767.16
1738.78
1669.75
1675.22
1673.23
1734.32
1772.31
2008.92
2044.25
2018.12
1903.04
1862.48
1873.33
1926.58
2013.36
2329.8
2213.16
1976.06
1894.2
1857.86
1855.77
1880.87
1979.23
2036.84
2016.93
1871.45
1756.84
1698.12
1683.17
1700.1
1749.09
1864.55
2008.65
2029.92
1980.27
1871.65
1851.73
1872.13
1902.14
1964.3
2191.8
274.7
275.706
276.6
277.486
278.342
279.208
280.203
280.871
280.861
280.333
279.044
277.31
275.847
274.939
274.466
274.238
274.133
274.078
274.043
274.022
274.01
274.004
274.001
274
273.998
274
273.995
274.001
273.994
274.002
276.843
279.619
281.696
284.487
287.093
289.378
291.377
292.975
294.129
294.278
291.588
285.403
280.738
277.331
275.439
274.62
274.279
274.132
274.066
274.032
274.015
274.006
274.001
274
273.997
274
273.993
274.002
273.989
274.013
280.929
286.69
289.809
291.759
292.6
293.22
294.213
295.668
297.498
299.705
301.827
301.997
293.674
283.477
278.188
275.589
274.607
274.24
274.098
274.042
274.018
274.007
274.002
274
273.997
274
273.993
274.002
273.992
274.01
288.335
291.552
291.811
292.533
292.91
293.374
294.277
295.691
297.55
299.889
302.665
305.648
307.845
302.826
286.361
278.832
275.602
274.543
274.187
274.067
274.024
274.009
274.003
274
273.998
274
273.995
274.001
273.995
274.007
289.779
291.611
291.639
292.297
292.705
293.227
293.994
295.239
297.184
299.747
302.659
305.677
309.003
311.864
310.096
289.209
279.125
275.492
274.451
274.135
274.041
274.013
274.003
274
273.998
274
273.996
274.001
273.997
274.004
289.736
290.977
290.591
291.235
291.549
292.029
292.541
293.499
295.409
298.32
301.95
305.674
309.134
312.563
315.619
314.986
290.873
278.922
275.279
274.349
274.092
274.024
274.006
274.001
273.999
274
273.997
274
273.998
274.003
289.406
289.49
288.873
289.517
289.784
290.319
290.763
291.482
293.108
295.883
299.799
304.43
308.949
312.815
316.307
319.355
318.374
290.465
278.282
275.017
274.253
274.059
274.013
274.002
273.999
274
273.998
274
273.998
274.002
288.261
287.586
287.016
287.478
287.78
288.417
288.85
289.403
290.763
293.375
297.176
301.912
307.363
312.475
316.61
320.149
323.006
320.186
288.304
277.389
274.754
274.172
274.036
274.006
274
274
273.998
274
273.999
274.002
286.753
285.528
285.122
285.298
285.724
286.457
286.995
287.481
288.421
290.801
294.626
299.266
304.733
310.768
316.264
320.488
324.062
326.509
319.067
285.34
276.46
274.521
274.111
274.021
274.003
274
273.999
274
273.999
274.002
285.108
283.697
283.331
283.336
283.86
284.667
285.301
285.785
286.407
288.238
292.078
296.769
302.148
308.163
314.638
320.284
324.462
328.078
329.855
313.487
282.286
275.653
274.338
274.067
274.011
274.001
273.999
274
274
274.002
283.515
282.144
281.83
281.812
282.378
283.222
283.831
284.326
284.728
286.036
289.428
294.352
299.764
305.637
312.162
318.904
324.494
328.555
332.155
332.921
303.101
279.532
275.053
274.206
274.038
274.006
274
274
274
274.002
282.494
281.321
280.98
280.985
281.454
282.149
282.686
283.088
283.314
284.155
286.983
291.86
297.502
303.357
309.714
316.667
323.518
328.85
332.873
336.151
333.977
292.23
277.397
274.629
274.118
274.02
274.003
274
274
274.002
282.071
281.235
280.907
280.899
281.27
281.591
281.824
281.913
282.016
282.321
284.908
289.287
295.353
301.27
307.588
314.364
321.703
328.463
333.424
337.602
339.796
326.11
284.692
275.948
274.354
274.064
274.01
274.001
274
274.002
281.874
281.391
281.411
281.425
281.74
281.812
281.542
281.409
281.412
281.602
283.132
287.043
293.269
299.406
305.818
312.492
319.72
327.269
333.691
338.267
342.614
342.401
309.651
280.147
275.066
274.187
274.032
274.005
274.001
274.002
282.018
282.015
282.371
282.622
282.847
282.711
282.177
281.941
281.891
282.059
282.362
285.479
291.367
297.875
304.398
311.089
318.11
325.759
333.121
338.884
343.717
347.486
342.796
292.811
277.247
274.551
274.093
274.015
274.002
274.002
281.905
282.148
282.952
283.934
284.552
284.479
283.651
283.197
282.963
282.897
282.862
285.016
290.047
296.876
303.518
310.257
317.13
324.397
332.057
339.038
344.419
349.749
349.89
327.918
283.75
275.625
274.269
274.044
274.007
274.003
282.062
282.369
283.554
285.317
286.907
287.27
286.365
285.287
284.519
284.195
284.16
285.517
289.834
296.525
303.269
310.01
316.879
323.787
331.243
338.817
345.245
351.099
354.42
352.583
305.978
278.838
274.768
274.123
274.02
274.005
281.803
282.554
284.041
286.922
289.628
290.365
289.745
288.466
287.553
286.812
286.498
286.833
290.2
296.614
303.439
310.06
316.928
323.786
331.043
338.632
345.824
352.008
357.922
358.471
344.444
287.864
276.212
274.344
274.053
274.011
282.138
283.283
285.61
290.181
294.112
296.017
296.152
294.513
292.763
291.317
290.277
289.347
291.183
297.479
304.074
310.36
317.087
324.033
331.078
338.562
346.329
353.103
359.561
362.011
361.438
318.382
280.386
274.955
274.145
274.026
282.039
284.136
288.406
296.572
304.306
308.229
306.607
304.453
302.07
299.36
296.213
293.916
293.942
298.957
305.147
311.111
317.707
324.586
331.465
338.8
346.807
354.214
360.778
366.609
366.72
356.838
291.778
276.689
274.393
274.065
283.268
286.398
295.473
314.553
330.585
334.75
330.848
326.886
320.695
313.385
307.154
302.773
301.012
303.931
309.283
314.277
319.789
326.064
332.639
339.628
347.44
354.685
362.207
368.955
370.508
370.618
328.91
281.606
275.068
274.169
282.498
291.847
316.057
366.132
394.67
396.588
381.236
369.091
352.975
338.255
327.328
318.678
313.874
313.398
316.77
320.023
323.67
328.892
334.748
341.249
348.524
355.924
363.698
370.911
375.607
375.659
367.705
294.996
276.938
274.436
291.447
306.906
380.059
486.354
523.432
493.764
457.501
428.991
401.092
375.836
357.029
342.879
333.51
328.812
327.02
326.992
328.667
332.084
337.375
343.488
350.116
357.939
364.861
372.879
379.951
380.397
380.537
336.622
282.133
275.15
275.774
364.553
580.714
665.16
687.728
610.723
562.06
510.22
467.632
428.165
397.79
375.305
356.614
344.422
340.864
338.26
337.152
337.821
341.158
346.65
352.665
360.15
367.297
374.847
382.584
385.002
385.642
377.007
295.972
277.082
303.742
517.716
834.627
863.301
843.655
784.422
693.617
620.816
546.567
489.22
445.664
412.063
382.889
364
358.352
352.621
348.927
347.004
347.481
350.858
356.378
363.006
370.119
376.673
385.21
391.474
390.672
390.272
339.319
282.269
274.002
273.994
274.001
273.995
274
273.998
274
274.001
274.004
274.01
274.022
274.043
274.078
274.133
274.237
274.463
274.93
275.83
277.277
279.004
280.292
280.814
280.824
280.168
279.186
278.324
277.472
276.592
275.698
274.698
274.013
273.989
274.002
273.993
274
273.997
274
274.001
274.006
274.015
274.032
274.066
274.131
274.277
274.615
275.425
277.294
280.668
285.286
291.43
294.16
294.04
292.905
291.313
289.315
287.036
284.441
281.669
279.602
276.834
274.01
273.992
274.002
273.993
274
273.997
274
274.002
274.007
274.018
274.042
274.098
274.238
274.601
275.571
278.136
283.369
293.434
301.848
301.756
299.653
297.451
295.624
294.17
293.177
292.558
291.716
289.763
286.646
280.905
274.007
273.995
274.001
273.995
274
273.998
274
274.003
274.009
274.024
274.066
274.185
274.537
275.582
278.767
286.195
302.539
307.754
305.59
302.615
299.842
297.505
295.647
294.235
293.333
292.871
292.497
291.779
291.52
288.301
274.004
273.997
274.001
273.996
274
273.998
274
274.003
274.013
274.041
274.134
274.446
275.472
279.05
288.949
309.835
311.784
308.943
305.619
302.605
299.699
297.14
295.195
293.95
293.184
292.664
292.26
291.606
291.58
289.753
274.003
273.998
274
273.997
274
273.999
274.001
274.006
274.024
274.091
274.344
275.261
278.844
290.552
314.748
315.531
312.497
309.071
305.62
301.906
298.282
295.372
293.459
292.499
291.985
291.508
291.197
290.557
290.945
289.709
274.002
273.998
274
273.998
274
273.999
274.002
274.013
274.059
274.249
275.002
278.21
290.136
318.101
319.257
316.235
312.748
308.895
304.388
299.763
295.847
293.071
291.44
290.718
290.274
289.741
289.475
288.833
289.453
289.365
274.002
273.999
274
273.998
274
274
274.006
274.036
274.17
274.742
277.33
288.03
319.837
322.888
320.061
316.533
312.414
307.317
301.872
297.138
293.335
290.722
289.356
288.801
288.367
287.732
287.432
286.969
287.541
288.224
274.002
273.999
274
273.999
274
274.003
274.02
274.109
274.513
276.414
285.132
318.568
326.377
323.966
320.403
316.196
310.718
304.693
299.227
294.588
290.761
288.379
287.433
286.942
286.405
285.671
285.245
285.067
285.473
286.702
274.002
274
274
273.999
274.001
274.011
274.066
274.333
275.623
282.127
312.85
329.702
327.963
324.363
320.205
314.577
308.108
302.094
296.715
292.028
288.182
286.349
285.724
285.24
284.605
283.798
283.273
283.266
283.63
285.043
274.002
274
274
274
274.006
274.037
274.203
275.034
279.419
302.472
332.716
332.015
328.439
324.398
318.83
312.101
305.578
299.706
294.293
289.376
285.97
284.66
284.257
283.764
283.151
282.305
281.737
281.754
282.061
283.432
274.002
274
274
274.002
274.02
274.116
274.618
277.324
291.718
333.538
335.974
332.742
328.735
323.428
316.592
309.642
303.286
297.433
291.791
286.921
284.071
283.232
283.012
282.614
282.076
281.379
280.913
280.902
281.23
282.392
274.002
274
274.001
274.01
274.063
274.347
275.907
284.455
325.4
339.599
337.456
333.287
328.351
321.607
314.278
307.504
301.184
295.272
289.208
284.838
282.209
281.913
281.825
281.755
281.546
281.223
280.845
280.836
281.148
281.974
274.002
274.001
274.005
274.032
274.184
275.044
280.005
308.794
342.082
342.47
338.129
333.56
327.161
319.623
312.401
305.728
299.319
293.194
286.969
283.082
281.606
281.425
281.419
281.542
281.812
281.734
281.411
281.371
281.334
281.786
274.002
274.002
274.015
274.092
274.54
277.169
292.23
342.177
347.224
343.594
338.74
333.003
325.65
318.001
310.994
304.315
297.8
291.318
285.449
282.423
282.132
281.959
281.994
282.224
282.757
282.907
282.674
282.405
282.028
281.99
274.003
274.007
274.043
274.263
275.587
283.509
326.864
349.648
349.611
344.296
338.916
331.949
324.308
317.066
310.199
303.485
296.859
290.088
285.053
282.935
282.994
283.077
283.304
283.724
284.58
284.672
284.059
283.063
282.246
281.983
274.005
274.019
274.121
274.75
278.712
305.016
352.262
354.139
351.018
345.123
338.726
331.178
323.758
316.863
309.988
303.28
296.56
289.931
285.602
284.194
284.252
284.622
285.465
286.521
287.474
287.138
285.531
283.754
282.521
282.23
274.011
274.052
274.336
276.156
287.489
343.357
358.25
357.819
351.928
345.742
338.583
331.022
323.799
316.971
310.093
303.496
296.694
290.326
286.949
286.545
286.868
287.657
288.645
290.01
290.689
289.967
287.289
284.35
282.79
282.078
274.025
274.142
274.932
280.214
317.211
361.218
361.824
359.501
353.028
346.286
338.548
331.09
324.075
317.143
310.407
304.126
297.535
291.224
289.451
290.309
291.347
292.858
294.735
296.474
296.464
294.633
290.764
286.087
283.656
282.511
274.063
274.383
276.62
291.285
355.94
366.539
366.469
360.727
354.181
346.798
338.819
331.501
324.625
317.71
311.094
305.114
298.993
293.7
293.86
296.119
299.334
302.243
304.877
307.414
309.118
305.041
297.264
288.896
284.63
282.507
274.166
275.041
281.407
327.713
370.484
370.413
368.934
362.173
354.69
347.444
339.632
332.641
326.037
319.71
314.186
309.145
303.833
300.752
302.855
307.244
313.541
320.82
327.349
332.273
336.2
331.79
315.667
296.125
286.992
283.859
274.426
276.864
294.382
366.983
375.577
375.501
370.904
363.692
355.906
348.501
341.204
334.684
328.775
323.552
319.851
316.519
313.171
313.528
318.822
327.493
338.77
353.287
369.936
383.142
398.128
396.798
368.193
317.211
292.658
283.343
275.122
281.931
335.442
380.461
380.374
379.956
372.885
364.888
357.935
350.083
343.416
337.255
331.91
328.455
326.746
326.755
328.503
333.007
342.978
357.07
376.884
401.514
430.681
459.884
495.913
525.654
490.714
384.028
308.118
292.364
277.01
295.403
376.421
385.653
384.982
382.607
374.902
367.291
360.146
352.602
346.571
341.015
337.595
336.854
337.944
340.396
344.399
356.333
375.35
397.69
430.048
468.843
511.451
565.206
613.821
690.858
672.521
589.074
367.784
276.773
282.092
338.307
390.275
390.708
391.483
385.232
376.68
370.122
362.994
356.339
350.744
347.265
346.71
348.515
352.246
357.801
364.031
382.965
412.536
445.656
491.217
550.768
620.66
697.076
788.009
852.446
870.986
844.744
524.939
305.43
274.002
274.002
274.002
274.002
274.002
274.002
274.002
274.002
274.002
274.002
274.002
274.002
274.002
274.002
274.002
274.002
274.002
274.002
274.002
274.002
274.002
274.002
274.002
274.002
274.002
274.002
274.002
274.002
274.002
274.002
274.002
274.002
274.002
274.002
274.002
274.002
274.002
274.002
274.002
274.002
274.002
274.002
274.002
274.002
274.002
274.002
274.002
274.002
274.002
274.002
274.002
274.002
274.002
274.002
274.002
274.002
274.002
274.002
274.002
274.002
274.002
274.002
274.002
274.002
274.002
274.002
274.002
274.002
274.002
274.002
274.002
274.002
274.003
274.009
274.048
274.313
275.884
285.093
332.759
466.664
613.296
710.383
770.544
813.709
846.718
874.322
894.269
909.539
920.542
927.077
930.243
931.384
927.714
922.182
914.989
906.316
896.573
885.816
874.034
861.39
848.027
833.928
818.54
803.309
787.464
771.269
754.782
737.872
720.618
702.896
684.954
666.525
647.651
628.252
608.078
586.816
564.261
540.321
514.878
487.17
457.955
425.819
386.618
335.939
295.052
274.001
274.001
274.001
274.001
274.001
274.001
274.001
274.001
274.001
274.001
274.001
274.001
274.001
274.001
274.001
274.001
274.001
274.001
274.001
274.001
274.001
274.001
274.001
274.001
274.001
274.001
274.001
274.001
274.001
274.001
274.001
274.001
274.001
274.001
274.001
274.001
274.001
274.001
274.001
274.001
274.001
274.001
274.001
274.001
274.001
274.001
274.001
274.001
274.001
274.001
274.001
274.001
274.001
274.001
274.001
274.001
274.001
274.001
274.001
274.001
274.001
274.001
274.001
274.001
274.001
274.001
274.001
274.001
274.001
274.001
274.001
274.003
274.02
274.16
275.203
282.883
335.623
501.716
660.976
723.259
735.13
740.539
748.323
759.88
773.699
785.536
793.894
800.761
808.281
814.502
820.11
825.324
828.413
829.406
828.944
825.67
819.7
811.303
800.436
787.747
773.737
758.896
743.231
726.795
709.735
691.945
673.423
654.254
634.589
614.485
594.633
574.684
555.606
537.485
520.838
505.495
489.809
474.031
458.595
444.247
429.947
417.522
409.01
401.461
381.762
274
274
274
274
274
274
274
274
274
274
274
274
274
274
274
274
274
274
274
274
274
274
274
274
274
274
274
274
274
274
274
274
274
274
274
274
274
274
274
274
274
274
274
274
274
274
274
274
274
274
274
274
274
274
274
274
274
274
274
274
274
274
274
274
274
274
274
274
274
274.001
274.006
274.056
274.527
278.72
314.86
485.421
679.705
748.565
755.02
753.159
749.868
745.589
743.187
741.029
742.3
741.731
741.448
739.353
736.889
732.767
727.806
723.757
719.542
715.158
710.345
704.362
697.5
690.191
682.207
673.408
663.52
652.515
640.67
628.52
615.989
602.716
588.786
574.239
559.298
544.19
529.44
514.579
500.45
486.723
473.802
462.117
452.767
444.328
436.261
428.696
422.01
414.736
407.338
401.516
396.172
274
274
274
274
274
274
274
274
274
274
274
274
274
274
274
274
274
274
274
274
274
274
274
274
274
274
274
274
274
274
274
274
274
274
274
274
274
274
274
274
274
274
274
274
274
274
274
274
274
274
274
274
274
274
274
274
274
274
274
274
274
274
274
274
274
274
274
274
274.001
274.014
274.152
275.62
291.477
418.759
659.144
764.951
774.613
773.45
771.473
767.54
762.971
759.089
754.292
747.325
741.706
737.235
733.73
729.012
723.394
716.773
709.86
703.701
697.445
690.83
683.742
676.16
668.414
660.796
653.275
645.403
636.712
626.86
615.977
604.671
593.123
580.585
567.531
554.134
540.595
526.919
513.632
499.957
486.81
473.849
461.938
450.271
440.568
433.387
428.345
423.464
418.592
414.003
408.534
401.647
395.838
274
274
274
274
274
274
274
274
274
274
274
274
274
274
274
274
274
274
274
274
274
274
274
274
274
274
274
274
274
274
274
274
274
274
274
274
274
274
274
274
274
274
274
274
274
274
274
274
274
274
274
274
274
274
274
274
274
274
274
274
274
274
274
274
274
274
274
274.002
274.029
274.38
278.88
335.369
574.463
762.194
790.099
790.933
790.398
788.512
785.816
782.399
779.11
774.523
767.953
764.257
757.869
750.25
742.581
735.629
729.113
721.607
712.73
704.666
696.296
687.994
679.533
671.168
663.194
655.654
648.644
641.59
634.144
625.749
616.366
606.038
595.48
583.587
570.73
556.83
542.467
528.097
513.787
499.27
485.904
472.763
460.871
449.647
439.407
429.92
422.051
415.656
410.241
405.717
402.605
399.07
395.499
274
274
274
274
274
274
274
274
274
274
274
274
274
274
274
274
274
274
274
274
274
274
274
274
274
274
274
274
274
274
274
274
274
274
274
274
274
274
274
274
274
274
274
274
274
274
274
274
274
274
274
274
274
274
274
274
274
274
274
274
274
274
274
274
274
274
274.003
274.055
274.858
287.412
427.006
704.312
798.068
804.994
805.593
806.39
805.58
803.351
801.323
799.244
795.465
792.27
789.644
785.706
780.608
774.767
767.991
761.169
754.794
746.051
737.444
728.943
720.425
711.014
701.882
693.234
685.386
677.915
671.084
664.036
656.328
647.494
637.811
627.126
616.22
603.413
589.518
574.458
558.608
542.508
526.135
509.489
494.131
479.279
465.215
451.598
439.826
428.931
418.822
410.422
403.918
398.553
394.015
390.068
387.782
274
274
274
274
274
274
274
274
274
274
274
274
274
274
274
274
274
274
274
274
274
274
274
274
274
274
274
274
274
274
274
274
274
274
274
274
274
274
274
274
274
274
274
274
274
274
274
274
274
274
274
274
274
274
274
274
274
274
274
274
274
274
274
274
274
274.005
274.094
275.76
305.998
544.647
780.57
814.352
818.54
821.342
822.498
822.229
820.928
819.333
818.301
818.649
819.242
817.904
816.413
815.09
811.992
808.142
801.159
794.268
787.344
780.806
773.393
766.56
758.316
748.9
740.343
732.806
725.842
719.004
712.233
704.981
696.986
687.885
677.277
665.343
652.117
636.844
619.846
601.2
581.935
562.736
543.008
523.207
505.048
487.899
471.808
455.699
441.95
429.504
418.295
408.247
399.373
392.522
387.412
383.436
379.925
274
274
274
274
274
274
274
274
274
274
274
274
274
274
274
274
274
274
274
274
274
274
274
274
274
274
274
274
274
274
274
274
274
274
274
274
274
274
274
274
274
274
274
274
274
274
274
274
274
274
274
274
274
274
274
274
274
274
274
274
274
274
274
274
274.007
274.143
277.222
341.702
650.808
814.93
828.288
832.179
837.118
838.461
838.362
837.892
838.496
840.751
843.935
847.584
849.605
852.077
856.853
858.979
858.596
856.72
853.435
849.372
843.387
840.034
833.653
828.859
822.33
814.622
807.671
801.857
795.887
789.976
783.407
776.332
768.356
758.959
747.608
733.412
716.371
695.844
673.089
648.288
622.607
597.425
572.034
547.164
524.227
502.806
483.173
463.639
447.273
432.254
419.429
408.223
398.023
388.837
381.89
377.003
373.205
274
274
274
274
274
274
274
274
274
274
274
274
274
274
274
274
274
274
274
274
274
274
274
274
274
274
274
274
274
274
274
274
274
274
274
274
274
274
274
274
274
274
274
274
274
274
274
274
274
274
274
274
274
274
274
274
274
274
274
274
274
274
274
274.008
274.193
279.077
386.124
721.353
830.547
840.039
844.441
850.585
853.092
853.244
853.858
857.093
863.399
873.441
884.489
893.063
901.346
912.382
923.887
934.694
938.876
943.159
945.026
944.675
941.601
937.765
932.915
929.02
923.998
919.316
914.209
910.102
905.109
899.95
893.86
887.485
880.462
871.812
860.101
843.592
822.028
794.812
762.983
728.295
692.254
656.836
621.66
588.412
557.889
529.475
503.43
478.509
458.272
439.452
423.752
410.454
398.429
388.093
378.777
371.686
366.725
274
274
274
274
274
274
274
274
274
274
274
274
274
274
274
274
274
274
274
274
274
274
274
274
274
274
274
274
274
274
274
274
274
274
274
274
274
274
274
274
274
274
274
274
274
274
274
274
274
274
274
274
274
274
274
274
274
274
274
274
274
274
274.008
274.226
280.703
421.878
761.438
840.793
849.575
854.819
860.761
864.802
866.943
869.517
875.671
887.497
903.733
924.996
948.448
970.774
996.18
1023.48
1048.62
1069.23
1086.78
1097.99
1103.99
1104.52
1101.5
1096.99
1090.88
1085.42
1078.45
1074.29
1069.19
1064.62
1058.72
1052.95
1046.57
1040.21
1033.45
1025.1
1013.59
996.216
971.822
939.606
898.626
851.582
801.684
752.202
702.439
655.783
613.57
574.494
538.388
504.702
478.117
453.698
433.837
416.617
401.537
389.054
378.36
368.452
361.101
274
274
274
274
274
274
274
274
274
274
274
274
274
274
274
274
274
274
274
274
274
274
274
274
274
274
274
274
274
274
274
274
274
274
274
274
274
274
274
274
274
274
274
274
274
274
274
274
274
274
274
274
274
274
274
274
274
274
274
274
274
274.006
274.226
281.34
439.794
781.445
848.634
858.016
863.526
868.862
874.194
878.648
885.05
895.283
911.998
938.427
969.697
1010.6
1058.33
1112.75
1172.73
1228.71
1276.55
1311.64
1331.95
1339.5
1345.47
1344.56
1335.26
1325.48
1310.84
1299.36
1284.31
1273.33
1264.02
1256.48
1246.11
1235.53
1225.9
1216.68
1207.3
1197.14
1186.06
1170.17
1146.51
1114.01
1071.19
1017.16
954.422
889.84
822.49
757.537
699.08
645.043
594.708
547.731
510.623
477.672
451.87
429.287
409.244
393.062
379.516
367.91
357.633
274
274
274
274
274
274
274
274
274
274
274
274
274
274
274
274
274
274
274
274
274
274
274
274
274
274
274
274
274
274
274
274
274
274
274
274
274
274
274
274
274
274
274
274
274
274
274
274
274
274
274
274
274
274
274
274
274
274
274
274
274.005
274.192
280.652
437.241
787.538
854.723
864.838
870.791
875.808
881.987
888.792
899.028
914.626
937.887
971.295
1019.12
1080.38
1160.8
1262.27
1376.23
1484.66
1571.53
1621.22
1633.3
1633.03
1619.03
1606.25
1596.94
1578.55
1554.98
1529.79
1509.78
1488.18
1468.6
1452.54
1439.1
1422.67
1404.13
1387.58
1372.29
1357.68
1342.36
1327.05
1310.6
1291.35
1268.06
1236.14
1188.86
1126.46
1057.08
979.015
897.422
820.321
747.009
677.205
611.956
560.037
514.399
479.63
449.772
423.59
401.988
384.052
369.48
357.075
274
274
274
274
274
274
274
274
274
274
274
274
274
274
274
274
274
274
274
274
274
274
274
274
274
274
274
274
274
274
274
274
274
274
274
274
274
274
274
274
274
274
274
274
274
274
274
274
274
274
274
274
274
274
274
274
274
274
274
274.003
274.138
278.994
414.087
779.425
859.063
870.021
876.26
881.596
888.537
897.219
911.045
931.609
961.7
1005.02
1066.21
1154.32
1273.15
1432.99
1610.83
1723.59
1754.26
1753.15
1754.88
1760
1755.08
1737.64
1721.31
1710.68
1698.22
1684.74
1665.02
1640.45
1611.96
1584.26
1563.8
1545.28
1523.05
1499.39
1479.07
1457.17
1435.88
1413.83
1393.88
1375.3
1357.76
1339.6
1322.91
1301.48
1260.8
1206.25
1138.33
1054.69
967.05
878.668
789.685
701.794
629.629
566.257
518.663
478.477
444.821
416.95
393.077
373.923
358.928
274
274
274
274
274
274
274
274
274
274
274
274
274
274
274
274
274
274
274
274
274
274
274
274
274
274
274
274
274
274
274
274
274
274
274
274
274
274
274
274
274
274
274
274
274
274
274
274
274
274
274
274
274
274
274
274
274
274
274.002
274.083
277.122
374.689
752.131
860.104
873.339
880.364
885.819
893.112
904.314
921.236
946.458
982.329
1034.63
1110.15
1217.47
1368.8
1583.47
1771.05
1833.06
1829.79
1810.39
1784.4
1770.29
1803.95
1816.09
1817.64
1802.94
1785.45
1775.52
1767.38
1750.43
1722.79
1686.5
1655.9
1626.96
1604.15
1576.35
1549.99
1529.06
1505.29
1482.63
1458.89
1437.95
1416.66
1397.24
1376.95
1360.19
1348.85
1331.62
1302.94
1257.49
1187.88
1107.35
1019.08
921.162
813.482
719.367
634.359
570.866
517.442
473.52
438.36
407.549
382.035
363.221
274
274
274
274
274
274
274
274
274
274
274
274
274
274
274
274
274
274
274
274
274
274
274
274
274
274
274
274
274
274
274
274
274
274
274
274
274
274
274
274
274
274
274
274
274
274
274
274
274
274
274
274
274
274
274
274
274
274.001
274.041
275.669
331.642
698.786
857.291
874.253
882.698
888.988
896.419
909.562
929.359
958.426
999.489
1057.99
1143.45
1266
1436.5
1663.32
1820.38
1863.17
1865.49
1839.13
1827.33
1816.36
1824.48
1905.98
1972.36
2001.51
2009.08
1989
1971.57
1936.68
1894.2
1848.06
1812.93
1781.3
1750.25
1728.01
1700.85
1676.13
1655.93
1632.52
1610.41
1583.64
1556.31
1521.85
1483.19
1448.55
1419.39
1396.13
1374.19
1354.2
1326.3
1274.86
1207.68
1134.35
1044.65
931.752
823.111
717.619
635.956
566.855
510.454
465.74
427.911
395.557
370.503
274
274
274
274
274
274
274
274
274
274
274
274
274
274
274
274
274
274
274
274
274
274
274
274
274
274
274
274
274
274
274
274
274
274
274
274
274
274
274
274
274
274
274
274
274
274
274
274
274
274
274
274
274
274
274
274
274.001
274.017
274.785
300.881
612.337
849.579
872.792
882.614
890.147
898.313
911.871
934.409
966.38
1010.18
1071.44
1161.52
1291.4
1470.92
1693.72
1824.22
1858.31
1874.1
1870.1
1854.16
1857.07
1872.62
1936.17
1997.82
2037.7
2080.42
2098.72
2095.79
2071.31
2032.12
2002.82
1986.33
1977.12
1964.74
1947.16
1933.29
1916.68
1901.63
1887.86
1872.34
1857
1830.36
1800.12
1756.1
1700.67
1634.67
1567.93
1505.54
1453.83
1417.47
1383.59
1332.72
1271.95
1204.02
1129.6
1025.27
914.414
796.606
702.566
619.923
552.431
497.774
451.771
413.119
381.197
274
274
274
274
274
274
274
274
274
274
274
274
274
274
274
274
274
274
274
274
274
274
274
274
274
274
274
274
274
274
274
274
274
274
274
274
274
274
274
274
274
274
274
274
274
274
274
274
274
274
274
274
274
274
274
274
274.006
274.319
285.163
500.228
827.843
868.774
879.986
889.198
898.663
912.245
935.094
968.956
1013.15
1072.93
1160.9
1289.16
1470.73
1693.79
1817.39
1845.3
1853.31
1847.03
1857.32
1898.4
1908.64
1888.95
2002.31
1992.69
2035.86
2061.56
2070.75
2062.47
2036.5
2014.81
2010.67
2020.25
2020.28
2023.93
2029.77
2036.5
2042.98
2045.08
2042.45
2034.57
2020.71
2001.33
1974.37
1937.6
1897.49
1839.75
1774.62
1710.64
1641.64
1557.61
1483.33
1410.37
1341.46
1271.74
1201.37
1104.66
1010.44
891.712
786.825
687.839
604.039
535.471
477.333
430.598
392.364
274
274
274
274
274
274
274
274
274
274
274
274
274
274
274
274
274
274
274
274
274
274
274
274
274
274
274
274
274
274
274
274
274
274
274
274
274
274
274
274
274
274
274
274
274
274
274
274
274
274
274
274
274
274
274
274.002
274.106
277.991
396.235
770.272
862.224
875.357
885.848
897.099
911.501
933.241
965.937
1009.09
1065.02
1145.01
1263.26
1437.48
1665.68
1816.4
1842.62
1841.06
1831.98
1837.43
1858
1893.74
1902.42
1874.37
1927.41
1883.13
1888.41
1930.36
1935.87
1933.91
1947.2
1964.11
2018.46
2038.14
2017.58
2008.11
2011.33
2016.96
2026.16
2027.43
2026.26
2017.9
2007.52
1989.62
1966.9
1940.52
1918.44
1884.61
1834.2
1780.2
1720.61
1684.17
1628.46
1537.2
1447.3
1361.81
1279.69
1181.74
1084.21
974.349
878.128
775.372
681.424
598.963
526.175
467.379
420.088
274
274
274
274
274
274
274
274
274
274
274
274
274
274
274
274
274
274
274
274
274
274
274
274
274
274
274
274
274
274
274
274
274
274
274
274
274
274
274
274
274
274
274
274
274
274
274
274
274
274
274
274
274
274
274.001
274.03
275.254
316.518
665.021
852.203
869.837
880.764
893.248
909.11
930.33
960.014
999.648
1050.25
1118.91
1220.69
1376.86
1600.86
1807.27
1862.13
1869.77
1869.85
1900.64
1940.27
1945.77
1923.4
1837.04
1756.48
1679.73
1614.3
1685.25
1775.99
1827.15
1852.34
1909.21
1949.1
1940.98
1892.35
1823.05
1793.35
1798.39
1802.55
1841.4
1852.78
1850.87
1828.9
1820.04
1796.68
1785.66
1778.12
1775.96
1783.7
1751.37
1724.63
1711.59
1705.78
1686.85
1664.75
1622.37
1561.76
1471.51
1347.41
1244.72
1103.14
982.49
861.805
761.722
673.842
587.704
515.144
459.67
274
274
274
274
274
274
274
274
274
274
274
274
274
274
274
274
274
274
274
274
274
274
274
274
274
274
274
274
274
274
274
274
274
274
274
274
274
274
274
274
274
274
274
274
274
274
274
274
274
274
274
274
274
274
274.008
274.365
286.281
509.827
828.031
863.201
874.581
888.076
904.763
925.416
952.398
987.391
1031.56
1089.04
1172.91
1303.84
1501.61
1751.94
1876.02
1899.01
1908.32
1929.38
1958.69
1976.19
1985.32
1981.92
1896.9
1634.43
1525.03
1511.12
1524.2
1582.02
1630.65
1650.22
1691.83
1700.84
1665.45
1549.22
1368.4
1321.64
1290.43
1235.86
1268.33
1301.11
1295.12
1315.68
1389.41
1431.77
1479.67
1511.03
1524.06
1515.9
1549.65
1565.3
1583.63
1634.81
1661.07
1671.26
1666.62
1659.82
1629.81
1556.16
1479.93
1340.92
1211.61
1052.61
908.806
773.779
669.779
580.3
506.834
274
274
274
274
274
274
274
274
274
274
274
274
274
274
274
274
274
274
274
274
274
274
274
274
274
274
274
274
274
274
274
274
274
274
274
274
274
274
274
274
274
274
274
274
274
274
274
274
274
274
274
274
274
274.002
274.085
277.188
375.7
749.095
854.332
867.608
881.721
900.052
920.096
943.897
974.604
1012.52
1059.82
1127.69
1232.92
1395.89
1631.25
1842.13
1905.13
1919.86
1926.4
1946.93
1966.16
1984.14
1995.4
1999.53
1939.45
1705.25
1522.15
1449.42
1327.54
1353.74
1384.82
1332.06
1322.34
1314.51
1259.54
1202.98
1218.66
1156.12
1101.32
1078.58
1069.56
1091.17
1097.34
1119.75
1176.37
1221.09
1301.6
1369.42
1399.54
1455.46
1484.47
1496.17
1475.73
1462.1
1495.2
1559.61
1586.07
1609.34
1612.05
1606.13
1577.66
1512.16
1427.21
1282.03
1103.32
935.036
775.6
653.137
562.382
274
274
274
274
274
274
274
274
274
274
274
274
274
274
274
274
274
274
274
274
274
274
274
274
274
274
274
274
274
274
274
274
274
274
274
274
274
274
274
274
274
274
274
274
274
274
274
274
274
274
274
274
274
274.017
274.756
298.157
593.168
837.92
861.684
875.926
894.739
915.115
935.662
961.217
994.9
1036.14
1091.76
1175.3
1303.46
1491.68
1732.52
1886.53
1918.92
1926.44
1933.8
1953.34
1962.78
1970.03
1989.28
2009.37
1942.73
1719.05
1423.98
1308.74
1268.03
1294.87
1266.32
1247.2
1201.91
1158.89
1141.45
1070.82
1050.7
1069.54
986.203
952.491
910.249
902.544
884.905
875.289
883.704
901.501
938.101
996.976
1098.16
1208.06
1345.46
1445.65
1485.27
1487.76
1449.86
1438.15
1460.99
1491.18
1511.78
1518.33
1532.68
1557.11
1533.96
1465.03
1320.27
1162.78
944.613
775.783
648.012
274
274
274
274
274
274
274
274
274
274
274
274
274
274
274
274
274
274
274
274
274
274
274
274
274
274
274
274
274
274
274
274
274
274
274
274
274
274
274
274
274
274
274
274
274
274
274
274
274
274
274
274
274.003
274.157
279.452
419.374
775.473
852.666
871.686
890.917
910.671
928.918
949.738
978.39
1015.12
1062.85
1131.86
1234.41
1382.12
1582.33
1805.54
1902.22
1919.11
1929.33
1936.9
1940.5
1953.3
1968.97
1997.06
2018.55
1789.87
1512.75
1255.37
1197.96
1165.5
1125.83
1124.96
1121.23
1096.11
1075.26
1049.88
1042.13
997.095
973.604
964.397
907.974
860.024
838.975
829.548
819.252
813.382
810.593
810.309
822.623
853.191
893.19
948.279
1038.4
1160.97
1295.81
1377.67
1411.29
1416.84
1427.8
1450.09
1460.02
1467.17
1469.28
1492.14
1505.05
1471.21
1356.41
1174.34
950.065
766.614
274
274
274
274
274
274
274
274
274
274
274
274
274
274
274
274
274
274
274
274
274
274
274
274
274
274
274
274
274
274
274
274
274
274
274
274
274
274
274
274
274
274
274
274
274
274
274
274
274
274
274
274.001
274.028
275.117
308.911
632.814
837.593
867.002
887.299
904.961
920.66
938.805
963.771
996.218
1037.98
1097.95
1184.41
1303.36
1461.39
1661.15
1849.87
1920.92
1935.45
1947.38
1943.23
1944.15
1963.46
1981.84
1996.31
1811.13
1519.44
1150.96
1058.53
1051.66
1031.69
983.001
996.454
997.527
999.747
1037.79
1042.23
1042.97
1035.37
1012.73
1007.28
924.694
902.066
878.883
883.697
884.344
883.791
882.214
878.998
871.681
869.486
874.231
888.789
920.182
989.598
1080.81
1201.31
1316.77
1368.84
1411.53
1437.7
1453.33
1459.73
1452.61
1440.25
1454.61
1506.67
1456.29
1327.74
1115.21
878.919
274
274
274
274
274
274
274
274
274
274
274
274
274
274
274
274
274
274
274
274
274
274
274
274
274
274
274
274
274
274
274
274
274
274
274
274
274
274
274
274
274
274
274
274
274
274
274
274
274
274
274
274.005
274.212
281.035
441.277
787.282
860.266
881.656
897.918
911.195
926.817
949.038
978.71
1017.02
1071.36
1150.36
1254.75
1385.94
1543.43
1724.07
1879.44
1941.34
1960.38
1980.3
1983.6
1981.47
1997.63
2022.48
2013.84
1778.77
1342.61
1098.91
1035.26
1020.04
1017.02
1021.45
1011.27
1031.76
1037.01
999.466
989.298
1019.75
1024.65
1026.56
1015.4
992.984
907.119
871.062
850.825
846.483
835.976
844.766
844.67
849.262
848.768
845.622
843.823
842.364
852.013
890.931
945.336
1040.56
1200.4
1335.35
1408.06
1432.47
1464.48
1476.92
1460.49
1452.44
1479.72
1489.97
1411
1271.5
1016.79
274
274
274
274
274
274
274
274
274
274
274
274
274
274
274
274
274
274
274
274
274
274
274
274
274
274
274
274
274
274
274
274
274
274
274
274
274
274
274
274
274
274
274
274
274
274
274
274
274
274
274.001
274.031
275.19
310.449
635.962
845.606
875.453
890.448
902.338
915.836
934.731
961.472
997.508
1048.4
1122.73
1219.99
1337.97
1472.09
1622.63
1782.42
1906.89
1957.44
1974.58
1994.35
2015.08
2015.74
2023.55
2034.77
1899.07
1669.54
1265.49
1166.06
1127.19
1106.24
1082.25
1070.58
1043.41
1018.89
1042.21
1061.47
1061.33
1052.67
1049.59
1066.18
1066.27
1064.55
1005.37
979.249
896.305
888.325
868.741
856.04
856.577
863.287
878.413
886.103
897.462
901.842
901.283
895.263
906.444
915.981
967.118
1062.18
1199.37
1373.5
1440.61
1482.2
1491.79
1473.51
1455.18
1454.75
1396.89
1249.26
1078.19
274
274
274
274
274
274
274
274
274
274
274
274
274
274
274
274
274
274
274
274
274
274
274
274
274
274
274
274
274
274
274
274
274
274
274
274
274
274
274
274
274
274
274
274
274
274
274
274
274
274
274.004
274.171
279.661
418.791
776.655
865.632
882.675
893.595
904.91
921.138
945.475
979.536
1025.91
1093.43
1183.95
1294.52
1421.39
1558.47
1709.01
1852.74
1939.17
1971.57
1984.52
2006.2
2027.56
2030.72
2029.72
1989.7
1702.05
1357.78
1133.56
1073.67
1047.66
1030.12
1022.6
1036.56
1034.68
1050.95
1043.26
1024.56
1043.21
1045.78
1050.34
1059.02
1062.35
1079.75
1082.96
1024.9
1056.04
942.069
930.165
914.526
891.343
882.91
882.242
890.544
903.71
912.907
921.634
930.062
940.582
950.763
963.341
996.3
1057.57
1172.48
1342.46
1454.33
1495.89
1496.8
1509.26
1436.39
1436.35
1171.33
1050.33
274
274
274
274
274
274
274
274
274
274
274
274
274
274
274
274
274
274
274
274
274
274
274
274
274
274
274
274
274
274
274
274
274
274
274
274
274
274
274
274
274
274
274
274
274
274
274
274
274
274.001
274.019
274.768
296.953
577.617
841.606
874.32
885.286
895.399
909.869
932.227
963.636
1004.43
1061.18
1139.13
1237.07
1354.78
1491.77
1646.64
1809.08
1920
1961.49
1977.63
1999.31
2030.19
2046.43
2050.36
2051.25
1886.35
1591.24
1255.84
1176.51
1137.14
1118.94
1111.31
1106.34
1092.6
1077.69
1059.23
1047.94
1071.87
1075.9
1068.35
1067.26
1067.4
1087.64
1085.06
1077.7
1096.35
1096.96
1072.99
955.578
974.841
939.715
932.163
914.098
912.147
909.027
910.368
921.376
929.867
932.646
945.551
950.113
972.2
995.072
1029.35
1079.52
1175.32
1374.12
1507.99
1535.05
1472.02
1428.36
1398.79
978.785
274
274
274
274
274
274
274
274
274
274
274
274
274
274
274
274
274
274
274
274
274
274
274
274
274
274
274
274
274
274
274
274
274
274
274
274
274
274
274
274
274
274
274
274
274
274
274
274
274
274.002
274.089
277.063
365.097
732.976
861.053
876.903
886.136
898.819
919.107
947.75
982.795
1026.68
1087.5
1167.05
1267.5
1395.39
1551.61
1728.08
1882.91
1945.09
1963.1
1984.33
2012.45
2050.71
2084.95
2100.09
2108.97
1846.18
1591.75
1321.23
1227.09
1181.75
1147.43
1123.14
1118.08
1115.3
1117.81
1119.16
1104.1
1103.89
1121.93
1124.94
1112.74
1109.7
1130.33
1121.64
1097.1
1110
1119.93
1121.13
1103.33
1043.71
1003.06
966.627
952.963
947.629
942.134
939.872
938.14
939.966
951.653
960.518
971.538
971.406
980.938
999.035
1051
1107.12
1172.2
1262.65
1429.7
1561.87
1574.08
1402.12
1362.22
274
274
274
274
274
274
274
274
274
274
274
274
274
274
274
274
274
274
274
274
274
274
274
274
274
274
274
274
274
274
274
274
274
274
274
274
274
274
274
274
274
274
274
274
274
274
274
274
274
274.009
274.365
285.056
484.918
816.676
866.497
877.62
889.419
908.048
934.544
967.288
1005.86
1057.46
1128.46
1219.1
1330.62
1465.39
1619.78
1783.42
1906.01
1952.28
1967.11
1986.32
2016.92
2057.54
2093.64
2103.13
2064.17
1771.54
1454.64
1235.97
1183.66
1158.54
1148.76
1143.26
1134.82
1125.08
1118.75
1110.95
1104.96
1116.73
1125.04
1109.9
1106.25
1155.85
1181.17
1152.56
1143.67
1163.95
1166.56
1154.28
1159.89
1146.4
1113.66
1053.14
1029.34
997.386
1005.17
1001.41
1006.34
1009.72
1011.65
1011.05
1011.2
1025.18
1041.21
1057.58
1078.47
1099.91
1140.64
1198.49
1243.31
1326.34
1504.98
1668.61
1741.34
274
274
274
274
274
274
274
274
274
274
274
274
274
274
274
274
274
274
274
274
274
274
274
274
274
274
274
274
274
274
274
274
274
274
274
274
274
274
274
274
274
274
274
274
274
274
274
274
274.001
274.024
274.914
300.49
594.346
842.073
868.477
880.817
897.571
919.724
946.87
980.228
1023.38
1083.9
1164.86
1261.75
1375.29
1506.05
1651.07
1797.77
1912.34
1960.74
1978.73
1997.52
2030.82
2070.12
2083.79
2083.32
2004.81
1751.87
1439.27
1276.49
1226.98
1203.33
1192.55
1184.85
1177.71
1171.21
1165.59
1154.19
1157.76
1175.47
1181.91
1168.2
1163.82
1194.15
1218.29
1199.85
1206.08
1245.68
1246.34
1214.12
1215.47
1218.03
1214.96
1150.34
1118.46
1089.73
1052.85
1067.82
1070.27
1070.98
1085.84
1085.79
1092.31
1093.18
1100.01
1106.74
1137.06
1185.82
1239.99
1336.2
1442.88
1565.17
1628.6
1732.29
1975.35
274
274
274
274
274
274
274
274
274
274
274
274
274
274
274
274
274
274
274
274
274
274
274
274
274
274
274
274
274
274
274
274
274
274
274
274
274
274
274
274
274
274
274
274
274
274
274
274
274.001
274.043
275.526
318.996
656.934
850.341
873.461
886.898
902.886
923.265
949.936
985.8
1035.15
1103.51
1189.03
1286.75
1397.56
1522.76
1660.69
1797.16
1910.93
1965.13
1987.01
2005.21
2038.33
2073.03
2089.22
2089.75
1982.93
1725.74
1425.65
1287.43
1236.7
1211.2
1200.76
1196.29
1194.77
1192.02
1184.73
1176.54
1177.57
1200.68
1203.39
1183.52
1189.69
1226.35
1233.16
1213.02
1226.88
1270.76
1276.7
1255.49
1253.04
1251.5
1244.09
1212.93
1142.56
1137.25
1101.02
1087.28
1102.46
1095.46
1117.45
1119.33
1140.04
1147.63
1160.94
1164.63
1166.18
1205.25
1249.08
1342.75
1456.56
1604.92
1740.69
1878.61
2018.95
274
274
274
274
274
274
274
274
274
274
274
274
274
274
274
274
274
274
274
274
274
274
274
274
274
274
274
274
274
274
274
274
274
274
274
274
274
274
274
274
274
274
274
274
274
274
274
274
274.002
274.088
276.928
359.573
725.034
858.524
875.591
887.379
903.786
926.578
957.308
998.433
1053.74
1128.08
1217.14
1316.19
1425.27
1544.27
1674.4
1799.49
1906.2
1971.3
2000.95
2017.32
2045.14
2068.07
2075.83
2076.91
1942
1705.02
1422.17
1319.29
1283.09
1260.15
1236.37
1224.21
1221.18
1219.79
1219.29
1208.15
1212.44
1238.36
1240.4
1221.9
1217.43
1238.16
1249.31
1234.85
1248.12
1301.29
1319.47
1292.34
1301.54
1302.52
1288.39
1286.31
1223.13
1162.39
1170.81
1138.64
1151.35
1133.99
1147.83
1146.57
1168.41
1183.27
1209.21
1232.16
1246.9
1266.4
1289.59
1330.82
1396.34
1501.31
1654.93
1812.09
2039.28
274
274
274
274
274
274
274
274
274
274
274
274
274
274
274
274
274
274
274
274
274
274
274
274
274
274
274
274
274
274
274
274
274
274
274
274
274
274
274
274
274
274
274
274
274
274
274
274
274.004
274.171
279.403
411.043
772.507
863.099
877.628
890.895
908.9
932.183
963.936
1007.52
1067.25
1147.76
1242.77
1348.08
1460.09
1573.86
1692.63
1802.62
1899.43
1972.86
2011.14
2029.08
2047.4
2075.79
2089.56
2093.18
1937.8
1703.34
1410.02
1317.51
1284.39
1273.31
1270.2
1266.32
1265.38
1265.61
1263.25
1244.88
1248.27
1271.74
1269.02
1252.73
1255.18
1273.54
1270.94
1254.9
1273.15
1314.78
1315.2
1301.71
1335.52
1357.51
1343.48
1336.67
1337.1
1278.25
1212.6
1222.02
1194.72
1209.8
1189.56
1207.44
1197.13
1230.19
1245.84
1287.56
1314.99
1360.11
1401.06
1454.41
1519.39
1590.44
1687.13
1796.27
1913.76
274
274
274
274
274
274
274
274
274
274
274
274
274
274
274
274
274
274
274
274
274
274
274
274
274
274
274
274
274
274
274
274
274
274
274
274
274
274
274
274
274
274
274
274
274
274
274
274
274.008
274.33
283.935
471.969
812.27
867.508
877.905
889.92
907.358
931.267
965.094
1011.35
1076.08
1162.83
1266.3
1381.55
1498.49
1608.08
1713.27
1810.02
1898.79
1973.2
2014.48
2033.54
2048.04
2069.12
2077.37
2084.4
1888.75
1659.13
1389.52
1312.69
1280.24
1266.56
1260.26
1251.03
1252.65
1269.92
1273.23
1262.37
1282.85
1313.1
1317.09
1306.24
1316.27
1333.29
1329.46
1318.73
1339.67
1359.03
1339.65
1328.08
1366.27
1399.57
1392.82
1396.05
1392.96
1384.64
1334.24
1259.8
1275.22
1241.34
1257.2
1236.58
1250.95
1250.03
1280.01
1304.84
1343.71
1385.9
1438.48
1494.9
1569.6
1642.17
1727.69
1787.68
1855.94
274
274
274
274
274
274
274
274
274
274
274
274
274
274
274
274
274
274
274
274
274
274
274
274
274
274
274
274
274
274
274
274
274
274
274
274
274
274
274
274
274
274
274
274
274
274
274
274
274.014
274.554
290.07
526.288
830.736
868.79
881.122
896.008
915.36
940.826
976.177
1023.15
1089.27
1176.02
1280.86
1400.51
1522.33
1633.33
1733.32
1824.08
1907.52
1977.1
2011.34
2026.62
2037.26
2053.56
2067.24
2080.43
1875.83
1708.03
1441.49
1363.94
1332.62
1312.97
1300.82
1294.83
1285.34
1282.85
1287.38
1285.89
1290.9
1315.17
1320.03
1312.75
1331.6
1360.04
1363.95
1363.31
1384.86
1400.23
1387.92
1386.92
1415.04
1437.94
1435.68
1459.92
1463.25
1458.62
1446.64
1410.08
1331.7
1352.8
1307.71
1333.46
1298.6
1330.73
1324.5
1368.37
1388.68
1448.44
1491.78
1565.75
1611.36
1680.18
1724.43
1785.53
1825.76
274
274
274
274
274
274
274
274
274
274
274
274
274
274
274
274
274
274
274
274
274
274
274
274
274
274
274
274
274
274
274
274
274
274
274
274
274
274
274
274
274
274
274
274
274
274
274
274.001
274.025
274.908
299.875
589.229
845.512
871.479
881.653
895.625
914.575
940.553
976.748
1025.48
1094.05
1181.46
1288.98
1413.3
1539.48
1653.72
1752.63
1839.59
1916.75
1978.97
2014.16
2031.22
2043.83
2057.97
2066.5
2068.69
1803.68
1614.27
1408.48
1358.37
1342.13
1336.82
1335.22
1331.63
1324.81
1321.83
1325.23
1323.57
1330.7
1359.81
1364.43
1357.79
1369.52
1398.25
1400.27
1398.29
1417.84
1444.14
1441.42
1444.93
1460.18
1470.92
1482.05
1509.61
1523.5
1527.81
1527.39
1508.48
1492.65
1420.29
1433.44
1389.88
1420.9
1384.99
1426.05
1435.81
1495.52
1519.27
1579.47
1612.3
1668.23
1714.32
1758.26
1812.09
1834.97
274
274
274
274
274
274
274
274
274
274
274
274
274
274
274
274
274
274
274
274
274
274
274
274
274
274
274
274
274
274
274
274
274
274
274
274
274
274
274
274
274
274
274
274
274
274
274
274.001
274.039
275.351
312.674
637.752
849.188
871.986
884.112
900.085
920.74
948.59
985.222
1034.76
1101.92
1188.5
1298.06
1425.87
1554.38
1669.24
1767.77
1853.48
1926.96
1982.12
2010.13
2023.12
2031.89
2042.38
2051.86
2049.11
1786.09
1585.85
1397.89
1341.49
1318.17
1309.47
1306.54
1307.96
1308.53
1308.19
1326
1327.03
1334.92
1369.71
1382.08
1381.14
1393.48
1430.26
1443.54
1445.96
1464.32
1493.7
1498.79
1506.91
1527.24
1539.55
1547.95
1565.53
1583.03
1597.79
1620.44
1625.66
1615.87
1587.24
1539.77
1518.12
1495.34
1503.77
1491.46
1511.13
1537.5
1577.81
1617.23
1660.47
1711.01
1749.44
1801.89
1828.28
1859.35
274
274
274
274
274
274
274
274
274
274
274
274
274
274
274
274
274
274
274
274
274
274
274
274
274
274
274
274
274
274
274
274
274
274
274
274
274
274
274
274
274
274
274
274
274
274
274
274.002
274.06
275.991
331.624
682.137
855.481
874.368
885.133
899.709
920.211
949.078
986.074
1036.5
1103.99
1191.64
1303.91
1435.18
1566.01
1681.72
1779.39
1862.52
1930.4
1977.25
2002.11
2016.24
2032.3
2052.99
2066.47
2059.96
1799.71
1598.14
1412.25
1363.18
1342.72
1334.15
1330.04
1327.22
1325.77
1320.6
1332.66
1343.26
1348.16
1374.04
1400.96
1405.71
1417.02
1443.24
1469.41
1475.4
1489.57
1522.67
1536.75
1551.17
1576.74
1597.19
1610.38
1626.32
1646.71
1667.92
1692.39
1720.95
1739.97
1754.09
1713.93
1680.94
1628.96
1638
1620.35
1627.52
1630.1
1662.87
1694.23
1745.41
1784.52
1829.17
1858.44
1894.04
1930.06
274
274
274
274
274
274
274
274
274
274
274
274
274
274
274
274
274
274
274
274
274
274
274
274
274
274
274
274
274
274
274
274
274
274
274
274
274
274
274
274
274
274
274
274
274
274
274
274.002
274.084
276.713
351.334
711.742
857.27
875.228
886.433
901.649
923.78
955.103
993.334
1045.31
1112.07
1199.21
1311.85
1443.35
1573.15
1686.59
1781.96
1863.59
1929.88
1975.45
2001.49
2018.96
2038.53
2060.96
2075.59
2069.42
1814.27
1607.35
1413.1
1364.24
1343.84
1335.33
1331.83
1330.24
1328.73
1324.31
1343.29
1349.57
1358.36
1381.89
1407.24
1411.23
1423.44
1446.87
1478.62
1491.88
1509.96
1537.14
1560.9
1581.85
1606.68
1634.34
1658.74
1683.09
1709.59
1736.04
1767.08
1798.39
1830.12
1861.42
1875.93
1881.05
1849.89
1799.07
1779.6
1764.6
1773.73
1780.02
1801.74
1829.54
1870.73
1895.96
1926.77
1961.1
2001.38
274
274
274
274
274
274
274
274
274
274
274
274
274
274
274
274
274
274
274
274
274
274
274
274
274
274
274
274
274
274
274
274
274
274
274
274
274
274
274
274
274
274
274
274
274
274
274
274.003
274.115
277.63
373.5
738.114
861.694
877.568
887.897
902.961
926.45
959.983
999.813
1053.44
1121.5
1210.82
1324.9
1454.6
1578.96
1685.74
1777.09
1858.63
1926.91
1973.68
2000.02
2016.11
2032.76
2049.18
2059.42
2051.19
1797.85
1601.76
1415.03
1366.04
1344.77
1336.14
1333.42
1333.04
1334.89
1337.26
1350.54
1363.31
1370.88
1385.76
1414.13
1423.89
1434.42
1455.74
1485.89
1500.31
1519.12
1547.16
1571.58
1594.23
1622.18
1653.34
1681.01
1711.63
1742.87
1770.96
1803.41
1837.32
1871.19
1910.39
1954.41
1992.55
2019.41
2020.29
1999.83
1934.49
1915.56
1895.01
1907.95
1909.2
1929.73
1941.06
1970.33
1986.64
2012.22
274
274
274
274
274
274
274
274
274
274
274
274
274
274
274
274
274
274
274
274
274
274
274
274
274
274
274
274
274
274
274
274
274
274
274
274
274
274
274
274
274
274
274
274
274
274
274
274.004
274.144
278.479
390.989
755.506
864.879
878.659
888.101
903.156
928.076
964.672
1008.92
1067.5
1139.97
1232.03
1345.45
1468.72
1582.44
1679.33
1766.62
1850.9
1924.15
1969.24
1989.76
2000.24
2014.69
2040.45
2055.18
2051.99
1808.63
1610.21
1415.5
1367.8
1347.96
1340.31
1337.61
1336.68
1336.44
1338.81
1358.42
1372.96
1381.59
1398.59
1418.74
1433.41
1453.17
1472.62
1492.49
1517.52
1536.46
1559.98
1587.26
1612.64
1639.23
1670.73
1699.11
1731.99
1765.91
1795.43
1827.46
1858.6
1889.74
1924.29
1965.24
2014.69
2064.13
2109.03
2123.48
2140.85
2040.43
2028.03
1979.43
1968.15
1965.43
1966.4
1976.96
2001.22
1967.9
274
274
274
274
274
274
274
274
274
274
274
274
274
274
274
274
274
274
274
274
274
274
274
274
274
274
274
274
274
274
274
274
274
274
274
274
274
274
274
274
274
274
274
274
274
274
274
274.004
274.174
279.334
406.609
770.502
869.253
880.918
890.058
906.221
933.883
974.842
1026
1091.85
1169.56
1263.36
1372.48
1483.75
1581.47
1665.27
1747.82
1836.09
1916.17
1957.09
1974.2
1985.3
2009.66
2043.86
2063.02
2063.86
1825.51
1629.01
1425.54
1374.04
1351.13
1341.87
1338.82
1338.39
1339.26
1348.66
1367.12
1379.58
1394.96
1411.68
1427.91
1439.73
1462.25
1484.77
1502.28
1530.1
1554.99
1576.36
1606.62
1632.53
1659.39
1691.14
1717.85
1752.93
1786.31
1821.16
1857.42
1890.6
1926.14
1961.04
1999.52
2040.99
2088.32
2143.43
2179.63
2206.53
2212.21
2220.58
2124.76
2079.38
2042.14
2017.89
1992.95
1965.3
1830.16
274
274
274
274
274
274
274
274
274
274
274
274
274
274
274
274
274
274
274
274
274
274
274
274
274
274
274
274
274
274
274
274
274
274
274
274
274
274
274
274
274
274
274
274
274
274
274
274.005
274.193
279.869
415.461
778.064
870.72
881.302
890.84
908.164
937.534
980.704
1036.88
1108.3
1190.9
1286.91
1392.63
1494.49
1579.84
1653.4
1732.52
1824.38
1909.55
1948.26
1962.92
1980.77
2006.39
2046.15
2064.95
2065.38
1821.52
1626.83
1423.07
1372.41
1349.63
1340.48
1336.59
1334.91
1334.8
1335.92
1354.97
1370.95
1382.51
1400.88
1422.25
1436.13
1456.59
1476.27
1496
1522.57
1546.42
1570.23
1598.71
1625.25
1651.55
1683.83
1714.38
1747.25
1782.4
1816.87
1854.36
1893.14
1932.95
1972.88
2011.64
2047.59
2081.15
2118.93
2159.32
2202.39
2222.61
2246.83
2237.51
2231.42
2123.13
2100.01
1897.53
1793.13
1699.98
274
274
274
274
274
274
274
274
274
274
274
274
274
274
274
274
274
274
274
274
274
274
274
274
274
274
274
274
274
274
274
274
274
274
274
274
274
274
274
274
274
274
274
274
274
274
274
274.005
274.203
280.144
419.948
782.024
871.606
881.451
891.225
909.279
939.533
983.495
1041.09
1114.5
1199.09
1295.71
1399.65
1497.48
1577.74
1647.24
1724.24
1816.25
1901.85
1939.11
1951.58
1967.77
1998.43
2042.83
2072.33
2081.19
1849.26
1659.02
1440.71
1388.68
1368.09
1360.98
1359.36
1359.01
1360.15
1368.25
1384.12
1393.46
1404.37
1419.82
1441.01
1457.14
1479.55
1500.21
1520.1
1543.95
1566.61
1590.48
1617.36
1647.45
1674.97
1704.55
1737.24
1767.83
1801.72
1837.62
1874.53
1915.97
1956.95
2000.43
2042.5
2078.32
2106.77
2129.62
2151.02
2180.66
2228.82
2287.2
2313.18
2323.06
2341.48
2102.14
1861.47
1761.64
1704.39
274
274
274
274
274
274
274
274
274
274
274
274
274
274
274
274
274
274
274
274
274
274
274
274
274
274
274
274
274
274
274
274
274
274
274
274
274
274
274
274
274
274
274
274
274
274
274
274.005
274.195
279.93
416.577
779.15
870.795
881.038
890.751
908.439
937.896
980.869
1036.25
1108.29
1191.9
1287.41
1391.84
1492.74
1578.02
1651.05
1727.66
1816.28
1901.03
1941.46
1957.11
1974.81
2005.44
2048.01
2067.27
2066.31
1821.72
1626.01
1422.39
1369.83
1347.71
1339.35
1336.44
1335.26
1336.69
1338.09
1358.9
1372.48
1385.06
1402.37
1422.44
1438.46
1456.26
1476.36
1498.86
1522.56
1547.14
1572.69
1599.2
1626.75
1653.79
1683.07
1714.8
1747.55
1781.69
1816.01
1853.08
1891.87
1933.07
1973.87
2011.64
2043.82
2075.58
2112.65
2155.39
2202.41
2224.8
2240.83
2251.27
2210.03
2121.33
2083.73
1902.23
1781.59
1703.15
274
274
274
274
274
274
274
274
274
274
274
274
274
274
274
274
274
274
274
274
274
274
274
274
274
274
274
274
274
274
274
274
274
274
274
274
274
274
274
274
274
274
274
274
274
274
274
274.005
274.178
279.453
408.936
772.697
869.177
880.482
890.19
906.994
934.362
973.836
1024.65
1091.75
1170.99
1263.9
1370.49
1480.16
1577.79
1660.82
1739.8
1823.54
1901.93
1945.43
1964.51
1977.52
2007.16
2046.03
2064.29
2062.03
1816.66
1621.7
1418.19
1366.89
1344.98
1336.49
1333.9
1333.55
1334.38
1343.27
1362.43
1375.34
1391.93
1406.28
1423.29
1438.32
1457.12
1474.8
1496.91
1527.52
1545.22
1570.72
1601.63
1626.16
1655.82
1687.37
1716.17
1749.86
1784.43
1818.57
1855.08
1891.01
1927.24
1963.11
2000.98
2040.88
2087.5
2144.76
2180.55
2201.79
2224.07
2225.37
2126.96
2061.07
2037.31
2001.19
1977.89
1949.22
1820.97
274
274
274
274
274
274
274
274
274
274
274
274
274
274
274
274
274
274
274
274
274
274
274
274
274
274
274
274
274
274
274
274
274
274
274
274
274
274
274
274
274
274
274
274
274
274
274
274.004
274.149
278.633
394.333
758.923
864.869
878.196
888.321
904.087
928.312
962.17
1006.8
1067.17
1141.22
1232.5
1343.4
1464.65
1577.7
1673.66
1757.18
1837
1908.75
1957.13
1980.6
1994.21
2015.97
2042.73
2058.36
2055.68
1811
1612.75
1413.75
1364.72
1344.33
1336.56
1334.2
1333.82
1334.38
1338.62
1357.98
1372.27
1385.81
1401.22
1420.83
1436.72
1454.76
1470.6
1495.73
1523.36
1539.9
1566.07
1595.92
1620.25
1647.63
1679.43
1708.33
1740.84
1773.92
1804.16
1835.53
1866.98
1899.11
1934.57
1975.24
2023.58
2074
2123.83
2137.7
2159.75
2053.26
2035.6
1984.96
1969.23
1968.61
1968.41
1973.07
1995.13
1964.23
274
274
274
274
274
274
274
274
274
274
274
274
274
274
274
274
274
274
274
274
274
274
274
274
274
274
274
274
274
274
274
274
274
274
274
274
274
274
274
274
274
274
274
274
274
274
274
274.003
274.12
277.79
377.434
742.778
862.014
877.162
888.089
903.806
926.539
957.057
998.372
1053.98
1123.24
1211.76
1323.46
1450.56
1573.49
1679.08
1767.3
1845.23
1912.87
1961.41
1990.47
2011.18
2034.52
2057.21
2067.54
2059.67
1799.35
1604.26
1414.01
1364.33
1343.17
1334.91
1332.41
1331.91
1334.17
1337.52
1351.78
1368.67
1377.39
1390.85
1413.03
1432.24
1442.57
1457.99
1491.8
1510.01
1524.89
1552.6
1580.19
1601.65
1627.73
1658.5
1686.58
1716.07
1746.45
1773.7
1804.58
1838.48
1871.26
1908.79
1952.23
1996.09
2029.39
2029.94
2018.44
1942.49
1924.51
1895.32
1918.56
1910.57
1931.44
1940.4
1967.96
1982.57
2014.66
274
274
274
274
274
274
274
274
274
274
274
274
274
274
274
274
274
274
274
274
274
274
274
274
274
274
274
274
274
274
274
274
274
274
274
274
274
274
274
274
274
274
274
274
274
274
274
274.002
274.088
276.857
355.4
717.552
857.819
875.162
886.872
902.486
923.704
951.934
991.747
1045.74
1113.26
1199.97
1310.49
1439.11
1566.95
1678.82
1771.64
1850.33
1916.03
1962.99
1991.68
2012.92
2038.22
2066.45
2080.47
2076.49
1814.56
1610.78
1414.01
1364
1343.01
1334.05
1330.32
1328.7
1327.88
1324.09
1347.9
1361.84
1367.92
1381.56
1413.78
1422.4
1432.91
1451.9
1485.67
1498.65
1514.54
1542.01
1567.34
1586.26
1610.68
1637.36
1661.77
1685.29
1712.54
1739.4
1769.81
1803.48
1835.39
1866.14
1887.54
1902.05
1870.51
1810.81
1794.18
1774.79
1785.51
1785.81
1813.01
1835.69
1876.24
1897.35
1927.46
1958.26
1998.76
274
274
274
274
274
274
274
274
274
274
274
274
274
274
274
274
274
274
274
274
274
274
274
274
274
274
274
274
274
274
274
274
274
274
274
274
274
274
274
274
274
274
274
274
274
274
274
274.002
274.063
276.11
335.251
688.956
856.087
874.591
885.777
900.381
920.046
946.801
983.697
1036.86
1104.76
1191.7
1301.8
1429.99
1558.54
1672.86
1768.94
1849.75
1916.82
1965.05
1994.12
2012.17
2030.77
2054.87
2068.87
2065.55
1804.02
1608.37
1415.04
1366
1346.05
1337.38
1332.72
1329.18
1327.64
1321.54
1339.53
1352.68
1357.7
1378.13
1403.59
1406.76
1415.74
1438.44
1471.3
1479.1
1491.12
1520.85
1541.34
1554.1
1578.74
1599.87
1614.63
1634.38
1656.09
1677.97
1705.58
1735.19
1759.02
1773.28
1734.03
1700.75
1645.31
1651.6
1632
1645.62
1639.8
1673.36
1703.23
1750.69
1791.03
1832.35
1867.81
1894.31
1936.38
274
274
274
274
274
274
274
274
274
274
274
274
274
274
274
274
274
274
274
274
274
274
274
274
274
274
274
274
274
274
274
274
274
274
274
274
274
274
274
274
274
274
274
274
274
274
274
274.001
274.042
275.443
315.504
646.087
850.148
872.535
884.875
900.577
920.6
947.597
982.523
1034.29
1101.75
1187.89
1295.47
1420.17
1546.19
1660.02
1757.88
1841.89
1913.73
1968.61
2001.58
2017.77
2030.47
2045.36
2057.04
2056.65
1789.33
1591.89
1400.59
1344.95
1322.12
1313.8
1312.2
1314.73
1315.03
1314.14
1326.86
1327.6
1340
1370.1
1379.11
1378.05
1395.41
1433.78
1448.2
1450.22
1464.99
1497.61
1507.01
1515.6
1534.09
1553.87
1563.85
1582.73
1597.64
1617.4
1635.52
1639.25
1638.78
1601.97
1557.3
1529.1
1513.78
1506.95
1508.92
1516.58
1548.48
1579.02
1626.71
1662.15
1715.36
1751.53
1804.32
1829.5
1854.01
274
274
274
274
274
274
274
274
274
274
274
274
274
274
274
274
274
274
274
274
274
274
274
274
274
274
274
274
274
274
274
274
274
274
274
274
274
274
274
274
274
274
274
274
274
274
274
274.001
274.027
274.979
301.911
599.205
847.154
872.077
882.218
896.007
914.685
940.427
975.533
1024.41
1093.06
1180.27
1286.78
1408.33
1531.55
1644.54
1744
1829.9
1905.1
1966.65
2007.46
2029.32
2044
2061.85
2072.36
2075.21
1806.28
1615.06
1411.84
1363.1
1347.28
1342.86
1340.48
1333.45
1325.82
1324.12
1324.6
1322.03
1335.46
1363.44
1365.64
1360.84
1378.79
1408.66
1410.88
1407.04
1425.38
1454.76
1457.25
1460.09
1470.37
1487.41
1490.57
1512.44
1532.43
1537.09
1539.71
1522.89
1503.03
1450.46
1440.27
1412.57
1422.94
1405.9
1431.63
1444.84
1499.45
1530.68
1582.71
1620.59
1672.16
1717.07
1761.52
1813.72
1837.36
274
274
274
274
274
274
274
274
274
274
274
274
274
274
274
274
274
274
274
274
274
274
274
274
274
274
274
274
274
274
274
274
274
274
274
274
274
274
274
274
274
274
274
274
274
274
274
274
274.016
274.605
291.417
536.434
833.623
869.765
881.662
896.3
915.671
941.101
975.829
1021.65
1087.74
1174.71
1278.87
1396.46
1515.4
1625.26
1726.41
1816.26
1897.29
1965.32
2006.25
2025
2037.22
2055.56
2071.28
2083.52
1876.6
1707.74
1445.73
1367.83
1336.08
1315.5
1303.41
1296.8
1290.02
1288.33
1291.7
1287.79
1299.18
1322.81
1325.02
1317.07
1336.12
1369.84
1375.43
1375.66
1397.41
1414.86
1401.83
1402.66
1424.93
1451.87
1447
1468.22
1478.2
1475.28
1461.57
1426.17
1375.82
1362.23
1344.73
1342.35
1333.22
1337.28
1342.09
1376.01
1406.35
1459.12
1508.77
1573.74
1626.31
1688.52
1739.08
1800.09
1839.13
274
274
274
274
274
274
274
274
274
274
274
274
274
274
274
274
274
274
274
274
274
274
274
274
274
274
274
274
274
274
274
274
274
274
274
274
274
274
274
274
274
274
274
274
274
274
274
274
274.009
274.365
284.884
481.309
817.326
868.737
878.562
890.268
907.82
931.886
965.112
1010.01
1074.02
1161.18
1265.07
1379.14
1493.17
1601.75
1708.22
1804.83
1891.69
1963.82
2010.69
2033.12
2048.39
2070.93
2080.79
2086.62
1881.72
1648.38
1388.53
1314.25
1283.4
1270.53
1264.15
1258.07
1255.93
1274.75
1280.07
1268.83
1288.86
1317.42
1321.61
1309.41
1319.91
1344.15
1341.26
1327.54
1343.91
1365.28
1349.85
1334.04
1369.48
1407.79
1397.74
1404.97
1406.51
1399.76
1346.15
1299.57
1285.42
1263.23
1266.39
1251.65
1264.67
1261.54
1288.33
1311.1
1356.15
1390.41
1449.8
1500.33
1577.37
1647.94
1730.93
1794.83
1860.86
274
274
274
274
274
274
274
274
274
274
274
274
274
274
274
274
274
274
274
274
274
274
274
274
274
274
274
274
274
274
274
274
274
274
274
274
274
274
274
274
274
274
274
274
274
274
274
274
274.005
274.192
280.001
420.717
779.686
864.496
878.614
891.535
909.446
932.916
964.112
1005.96
1064.71
1145.72
1241.85
1346.33
1455.52
1568.13
1687.74
1798.7
1894.77
1965.92
2008.72
2029.48
2047.6
2075.92
2091.78
2096.23
1934.71
1699.19
1407.07
1316.06
1284.16
1273.23
1270.29
1265.55
1265.3
1267.23
1268.09
1251.79
1251.94
1274.73
1271.52
1255.53
1261.96
1284.01
1280.94
1266.62
1284.62
1321.46
1317.4
1302.64
1341.75
1370.9
1362.23
1361.11
1359.84
1287.65
1243.12
1232.68
1206.05
1221.91
1200.48
1222.16
1206.73
1237.67
1251.43
1291.42
1320.49
1360.28
1404.39
1451.89
1516.21
1584.12
1679.83
1787.8
1902.1
274
274
274
274
274
274
274
274
274
274
274
274
274
274
274
274
274
274
274
274
274
274
274
274
274
274
274
274
274
274
274
274
274
274
274
274
274
274
274
274
274
274
274
274
274
274
274
274
274.003
274.1
277.295
368.654
735.434
860.279
876.685
888.024
904.057
926.901
957.413
996.936
1051.46
1127.19
1217.5
1316.04
1422.9
1539.7
1669.22
1796.54
1903.21
1969.06
2000.54
2018.16
2045.36
2070.71
2079.76
2080.2
1936.98
1693.91
1415.98
1319.46
1284.41
1263.21
1240.19
1226.97
1223.16
1221.81
1221.59
1213.86
1219.18
1235.72
1236.46
1222.89
1225.84
1253.69
1256.19
1233.61
1253.99
1307.21
1323.41
1305.16
1321.21
1326.04
1305.58
1301.92
1235.22
1180.08
1188.38
1142.94
1169.87
1142.77
1162.22
1152.89
1172.86
1183.38
1208.25
1227.21
1241.33
1262.57
1279.54
1322
1384.32
1492.93
1642.4
1800.56
2019.96
274
274
274
274
274
274
274
274
274
274
274
274
274
274
274
274
274
274
274
274
274
274
274
274
274
274
274
274
274
274
274
274
274
274
274
274
274
274
274
274
274
274
274
274
274
274
274
274
274.001
274.05
275.729
325.312
671.765
852.824
874.724
887.839
903.375
923.422
949.801
983.699
1032.29
1102.03
1188.04
1286.05
1395.89
1519.1
1656.71
1794.91
1909.73
1964.22
1987.29
2003.69
2038.4
2080.09
2094.96
2094.26
1979.49
1727.17
1424.07
1289.99
1240.05
1214.16
1203.31
1198.94
1198.17
1196.3
1184.3
1181.34
1187.03
1203.69
1202.97
1184.8
1196.2
1230.02
1234.06
1220.49
1234.89
1283.46
1289.87
1266.18
1263.84
1257.33
1260.89
1228.56
1147.79
1168.29
1108.23
1103.01
1112.93
1097.13
1122.26
1123.87
1143.37
1148.56
1157.53
1159.71
1163.58
1196.87
1237.55
1332.01
1445.54
1599.74
1727.75
1865.48
2003.83
274
274
274
274
274
274
274
274
274
274
274
274
274
274
274
274
274
274
274
274
274
274
274
274
274
274
274
274
274
274
274
274
274
274
274
274
274
274
274
274
274
274
274
274
274
274
274
274
274.001
274.028
275.046
304.492
613.126
845.828
869.999
882.132
898.525
919.839
946.329
977.644
1020.19
1082.47
1162.83
1261.07
1374.45
1503.4
1648
1795.7
1912.04
1961.16
1980.15
1995.02
2031.26
2076.28
2088.56
2087.68
2003.68
1747.88
1432.32
1276.78
1228.48
1205.78
1194.46
1186.31
1177.81
1171.06
1161.26
1155.85
1173.06
1180.14
1181.74
1169.68
1179.61
1214.52
1218.91
1201.26
1219.84
1265.15
1258.72
1226.63
1220.5
1225.96
1227.24
1172.79
1136.25
1118
1064.93
1082.11
1079.24
1080.37
1095.25
1091.34
1093.09
1091.66
1093.19
1101.64
1130.78
1174.04
1229.56
1326.07
1432.93
1556.82
1613.81
1720.77
1961.74
274
274
274
274
274
274
274
274
274
274
274
274
274
274
274
274
274
274
274
274
274
274
274
274
274
274
274
274
274
274
274
274
274
274
274
274
274
274
274
274
274
274
274
274
274
274
274
274
274
274.01
274.431
286.941
503.654
826.375
868.362
878.114
890.094
908.683
934.498
965.424
1004.45
1058.23
1128.97
1220.23
1331.84
1463.95
1617.14
1781.02
1905.86
1953.07
1968.16
1985.72
2020.43
2068.18
2101.36
2108.97
2068.97
1775.26
1454.26
1234.47
1181.21
1156.17
1146.57
1141.3
1133.56
1125.81
1119.24
1113.97
1118.95
1127.78
1125.89
1106.21
1119.24
1168.65
1184.89
1153.6
1154.02
1181.79
1176.27
1162.15
1169.05
1164.71
1131.65
1058.04
1044.08
1002.2
1002.17
991.22
987.93
982.996
981.562
980.849
984.98
1003.62
1024.83
1055.53
1080.31
1100.22
1131.99
1188.01
1231.22
1322.31
1497.7
1661.74
1737.8
274
274
274
274
274
274
274
274
274
274
274
274
274
274
274
274
274
274
274
274
274
274
274
274
274
274
274
274
274
274
274
274
274
274
274
274
274
274
274
274
274
274
274
274
274
274
274
274
274
274.003
274.11
277.74
382.122
752.856
864.369
877.01
885.908
899.797
920.035
946.561
982.073
1028.84
1089.61
1169.74
1270.53
1396.56
1550.3
1725.89
1883.78
1949.52
1967.89
1985.85
2017.91
2062.65
2091.65
2095.28
2115.69
1829.35
1577.01
1320.01
1230.2
1185.66
1152.26
1126.78
1119.58
1110.15
1117.55
1119.09
1112.44
1115.33
1119.93
1119.37
1121.27
1131.2
1145.01
1130
1107.25
1129.04
1133.74
1136.39
1114.97
1080.23
1017.85
990.643
964.738
960.987
951.22
948.974
949.243
954.439
965.639
969.875
982.007
985.723
990.896
994.342
1013.1
1059.88
1143.34
1247.11
1426.48
1555.49
1565.88
1398.72
1350.54
274
274
274
274
274
274
274
274
274
274
274
274
274
274
274
274
274
274
274
274
274
274
274
274
274
274
274
274
274
274
274
274
274
274
274
274
274
274
274
274
274
274
274
274
274
274
274
274
274
274.001
274.024
274.953
302.637
608.561
850.173
875.984
884.524
894.664
910.127
932.012
961.949
1002.87
1059.12
1135.88
1232.83
1351.82
1491.32
1646.69
1809.52
1925.77
1968.46
1983.66
2004.16
2035
2048.73
2050.69
2051.77
1871.99
1577.38
1239.85
1160.63
1125.52
1112.58
1106.65
1104.1
1097.07
1084.93
1070.48
1061.22
1079.36
1077.13
1066.89
1072.09
1096.31
1102.87
1090.72
1086.17
1105.01
1106.24
1084.95
975.152
987.597
939.246
938.217
923.841
923.213
919.663
919.552
920.596
927.867
933.989
956.59
970.611
978.3
995.552
1029.22
1097.96
1242.71
1395.67
1511.11
1542.57
1467.06
1426.84
1380.35
968.023
274
274
274
274
274
274
274
274
274
274
274
274
274
274
274
274
274
274
274
274
274
274
274
274
274
274
274
274
274
274
274
274
274
274
274
274
274
274
274
274
274
274
274
274
274
274
274
274
274
274
274.005
274.225
281.288
444.315
797.688
870.85
883.158
892.096
903.967
921.271
944.68
976.774
1023.49
1091.02
1180.92
1294.25
1426.15
1568.23
1719.91
1858.92
1949.26
1985.01
1998.92
2022.27
2039.73
2030.15
2027.54
1987.45
1701.6
1354.94
1143.65
1081.44
1053.87
1033.8
1029.31
1035.56
1034.44
1055.97
1050.25
1042.17
1044.04
1042.17
1067.74
1070.65
1065.76
1079.69
1082.37
1029.64
1061.49
938.856
929.379
898.697
884.513
870.795
869.071
866.698
875.65
886.324
900.359
907.05
915.568
920.833
925.316
950.756
1002.89
1114.76
1322.16
1445.64
1483.01
1494.08
1497.56
1429.68
1425.17
1153.13
1035.54
274
274
274
274
274
274
274
274
274
274
274
274
274
274
274
274
274
274
274
274
274
274
274
274
274
274
274
274
274
274
274
274
274
274
274
274
274
274
274
274
274
274
274
274
274
274
274
274
274
274
274.001
274.042
275.574
323.479
673.979
856.169
878.13
889.096
900.147
915.04
934.426
958.735
992.319
1044.28
1121.16
1224.17
1349.97
1487.98
1640.47
1795.86
1917.32
1970.48
1991.99
2011.94
2030.06
2020.84
2027.29
2040.58
1883.94
1648.35
1260.06
1169.72
1134.58
1113.28
1096.41
1083.96
1054.17
1040.62
1049.34
1055.39
1063.69
1054.72
1048.36
1061.34
1062.59
1067.73
1008.47
984.578
895.603
884.751
864.707
847.164
842.381
845.477
858.987
864.337
878.465
889.812
894.331
899.45
916.329
925.674
978.056
1092.81
1256.79
1394.66
1445.33
1447.22
1479.83
1477.13
1441.43
1443.26
1382.1
1235.19
1061.8
274
274
274
274
274
274
274
274
274
274
274
274
274
274
274
274
274
274
274
274
274
274
274
274
274
274
274
274
274
274
274
274
274
274
274
274
274
274
274
274
274
274
274
274
274
274
274
274
274
274
274
274.007
274.298
283.729
477.543
814.261
866.327
881.092
894.893
909.275
926.535
948.053
975.563
1013.91
1071.5
1154.21
1263.21
1395.95
1553.37
1734.92
1888.82
1952.88
1975.06
1994.71
1998.82
1988.03
2004.56
2026.15
2002.12
1753.39
1292.92
1099.12
1034.69
1019.99
1016.29
1016.68
1012.33
1052.95
1053.86
1013.67
1001.45
1023.84
1032
1034.94
1027.2
982.226
926.885
868.557
846.298
844.163
833.459
836.349
841.852
850.738
851.422
851.531
854.43
855.586
870.601
903.633
965.627
1077.91
1260.45
1344.35
1410.72
1437.93
1452.45
1454.61
1453.43
1440.19
1458.95
1476.25
1402.98
1264.97
1011.23
274
274
274
274
274
274
274
274
274
274
274
274
274
274
274
274
274
274
274
274
274
274
274
274
274
274
274
274
274
274
274
274
274
274
274
274
274
274
274
274
274
274
274
274
274
274
274
274
274
274
274
274.001
274.041
275.598
326.414
683.519
848.557
869.209
885.951
902.886
919.357
938.701
963.314
995.451
1040.41
1105.75
1197.84
1322.11
1482.36
1679.3
1858.66
1927.54
1948.51
1967.02
1965.96
1959.21
1973.67
1995.45
2007.23
1759.82
1470.12
1140.41
1067.59
1068.38
1037.26
1001.54
1016.02
1003.3
1003.03
1041.23
1049.34
1049.26
1049.83
1019.8
1019.45
934.069
901.737
872.02
878.854
886.026
882.504
886.741
883.961
880.966
872.432
877.711
892.874
916.337
986.968
1073.1
1196.42
1305.42
1352.51
1405.48
1428.46
1445.96
1451.37
1451.83
1451.99
1458.73
1507.11
1459.22
1329.02
1113.66
877.655
274
274
274
274
274
274
274
274
274
274
274
274
274
274
274
274
274
274
274
274
274
274
274
274
274
274
274
274
274
274
274
274
274
274
274
274
274
274
274
274
274
274
274
274
274
274
274
274
274
274
274
274
274.005
274.238
282.088
461.095
806.944
859.178
873.148
890.244
909.458
929.079
951.081
978.916
1016.19
1067.69
1141.96
1250.26
1403.36
1606.61
1821.13
1905.56
1925.35
1942.8
1945.61
1942.19
1953.13
1974.72
2003.58
2004.88
1786.73
1490.49
1271.05
1209.67
1175.81
1131.29
1125.32
1120.4
1114.73
1092.82
1054.47
1039.38
1010.42
979.901
966.267
909.996
863.085
842.728
832.926
826
814.808
815.977
814.708
825.645
849.006
889.968
940.857
1026.44
1143.07
1286.81
1369.74
1401.34
1404.21
1416.29
1445.56
1460.8
1465.82
1478.83
1500.75
1510.67
1467.43
1347.45
1171.34
946.052
762.947
274
274
274
274
274
274
274
274
274
274
274
274
274
274
274
274
274
274
274
274
274
274
274
274
274
274
274
274
274
274
274
274
274
274
274
274
274
274
274
274
274
274
274
274
274
274
274
274
274
274
274
274
274.001
274.027
275.108
310.315
647.06
849.625
866.479
877.636
894.117
914.987
937.809
964.379
997.34
1039.54
1098.06
1186.8
1321.7
1516.17
1760.29
1890.27
1915.77
1926.71
1937.88
1951.28
1956.14
1965.87
1994.72
2011.09
1888.53
1689.56
1386.92
1292.94
1256.29
1293.85
1277.78
1274.51
1217.86
1171.57
1154.17
1076.46
1061
1075.33
990.008
959.108
915.787
908.652
899.144
879.416
882.299
906.98
939.368
993.933
1086.68
1202.65
1327.63
1433.56
1475.05
1477.75
1436.19
1424.13
1448.26
1486.53
1509.81
1515.85
1522.32
1554.85
1520.48
1450.4
1309.36
1154.84
943.359
773.54
643.161
274
274
274
274
274
274
274
274
274
274
274
274
274
274
274
274
274
274
274
274
274
274
274
274
274
274
274
274
274
274
274
274
274
274
274
274
274
274
274
274
274
274
274
274
274
274
274
274
274
274
274
274
274
274.003
274.131
278.742
410.592
781.572
862.322
873.052
884.574
900.991
921.799
946.884
978.226
1016.87
1066.46
1137.45
1248.3
1419.49
1662.01
1857.11
1901.42
1907.2
1922.81
1946.97
1965.87
1980.59
1991.58
1995.78
1901.95
1686.32
1507.4
1429.18
1337.02
1381.63
1408.48
1359.06
1341.26
1331.59
1280.02
1217.42
1224.18
1182.53
1113.05
1078.67
1073.09
1095.65
1106.9
1117.48
1167.97
1230.14
1291.06
1360
1388.27
1447.02
1475.76
1489.15
1475.64
1459.95
1491.49
1550.61
1576.02
1589.75
1593.23
1582.58
1550.59
1493.74
1411.13
1268.73
1101.27
937.33
776.964
652.395
561.344
274
274
274
274
274
274
274
274
274
274
274
274
274
274
274
274
274
274
274
274
274
274
274
274
274
274
274
274
274
274
274
274
274
274
274
274
274
274
274
274
274
274
274
274
274
274
274
274
274
274
274
274
274
274
274.012
274.544
292.056
560.411
844.192
870.022
879.401
891.76
907.936
928.662
956.532
993.344
1039.71
1099.59
1188.02
1326.96
1538.01
1781.96
1870.07
1879.62
1890.89
1923.11
1957.32
1972.11
1981.22
1978.25
1864.02
1618.54
1518.06
1507.43
1532.68
1597.19
1637.98
1654.64
1722.9
1740.64
1699.74
1599.73
1417.05
1339.56
1303.22
1254.49
1252.97
1313.02
1321.89
1316.08
1374.68
1442.95
1476.08
1507.08
1519.09
1510.93
1547.87
1563.11
1577.49
1631.79
1654.37
1658.67
1648.03
1637.93
1600.98
1532.99
1463.84
1330.82
1203.19
1048.91
908.236
773.77
669.371
580.466
507.063
274
274
274
274
274
274
274
274
274
274
274
274
274
274
274
274
274
274
274
274
274
274
274
274
274
274
274
274
274
274
274
274
274
274
274
274
274
274
274
274
274
274
274
274
274
274
274
274
274
274
274
274
274
274
274.001
274.046
275.89
339.108
711.082
861.394
875.711
885.439
896.955
911.957
933.456
965.095
1007.27
1061.03
1134.25
1243.07
1409.67
1647.79
1819.97
1846.91
1841.46
1855
1900.72
1936.71
1942.23
1921.31
1838.13
1769.15
1662.79
1632.5
1730.04
1793.75
1821.96
1850.17
1912.98
1958.61
1970.86
1911.28
1863.63
1826.57
1825.79
1824
1847.83
1865.38
1866.74
1845.58
1823.71
1809.11
1791.82
1779.24
1773.22
1773.13
1734.34
1713.69
1703.82
1701.5
1675.39
1649.57
1604.6
1544.35
1462.54
1342.53
1242.55
1101.78
979.226
858.467
759.373
673.688
587.734
514.659
459.136
274
274
274
274
274
274
274
274
274
274
274
274
274
274
274
274
274
274
274
274
274
274
274
274
274
274
274
274
274
274
274
274
274
274
274
274
274
274
274
274
274
274
274
274
274
274
274
274
274
274
274
274
274
274
274
274.003
274.167
280.091
436.869
801.99
870.063
881.159
890.12
900.119
914.476
937.514
972.131
1017.43
1078.03
1165.02
1292.2
1477.54
1711.7
1819.93
1829.55
1817.94
1809.27
1835.02
1869.22
1900.32
1905.31
1896.81
1938.54
1897.29
1930.96
1965.27
1963.56
1957.61
1967.89
1984.76
2004.02
2052.58
2028.68
2025.09
2030.39
2032.4
2034.08
2036.78
2036.11
2028.1
2014.37
1995.16
1973.47
1947.4
1922.06
1891.32
1836.83
1781.3
1717.77
1679.93
1624.4
1537.6
1446.81
1357.03
1275.13
1177.68
1082.38
971.388
877.754
775.681
681.571
599.035
525.796
466.823
419.813
274
274
274
274
274
274
274
274
274
274
274
274
274
274
274
274
274
274
274
274
274
274
274
274
274
274
274
274
274
274
274
274
274
274
274
274
274
274
274
274
274
274
274
274
274
274
274
274
274
274
274
274
274
274
274
274
274.01
274.486
290.82
553.924
845.835
875.687
885.053
892.739
901.817
916.206
940.368
975.565
1022.33
1087.89
1183.84
1322.26
1516.19
1735.31
1822.6
1833.87
1833.33
1826.17
1857.67
1905.4
1916.41
1921.55
2017.97
2006.12
2047.13
2077.85
2088.01
2075.4
2052.64
2036.6
2022
2027.76
2030.51
2031.28
2035.76
2042.32
2046.29
2048.88
2048.81
2041.3
2026.84
2003.48
1975.93
1940.75
1897.83
1839.75
1772.16
1708.69
1636.87
1555.7
1479.83
1406.58
1338.96
1267.96
1197.55
1100.61
1007.5
890.563
786.518
688.304
604.906
536.143
477.742
430.804
392.436
274
274
274
274
274
274
274
274
274
274
274
274
274
274
274
274
274
274
274
274
274
274
274
274
274
274
274
274
274
274
274
274
274
274
274
274
274
274
274
274
274
274
274
274
274
274
274
274
274
274
274
274
274
274
274
274
274.001
274.027
275.188
315.354
665.198
860.043
878.606
886.832
893.669
902.183
916.661
939.918
973.356
1020.41
1087.7
1185.96
1327.24
1520.79
1738.89
1829.56
1854.78
1864.56
1857.54
1847.12
1857.44
1880.68
1970.55
2007.2
2045.36
2080.86
2099
2095.72
2071.57
2045.97
2014.07
1990.47
1978.15
1961.27
1941.94
1921.43
1902.11
1888.81
1878.04
1861.42
1850.41
1826.95
1795.13
1752.46
1698.05
1631.2
1564.65
1500.99
1448.69
1410.95
1376.31
1324.2
1263.96
1197.29
1123.15
1020.34
911.01
795.164
701.963
619.705
552.752
498.57
452.491
413.89
381.905
274
274
274
274
274
274
274
274
274
274
274
274
274
274
274
274
274
274
274
274
274
274
274
274
274
274
274
274
274
274
274
274
274
274
274
274
274
274
274
274
274
274
274
274
274
274
274
274
274
274
274
274
274
274
274
274
274
274.001
274.066
276.576
361.316
742.695
865.787
879.446
886.733
892.769
900.742
914.489
935.101
965.959
1010.5
1075
1168.53
1302.03
1488.11
1716.9
1833.89
1859.31
1853.58
1826.77
1822.83
1819.45
1846.04
1925.41
1969.95
1971.59
1962.23
1958.05
1947.69
1924.45
1884.99
1839
1796.54
1765.95
1740.62
1714.88
1688.62
1663.46
1642.64
1618.93
1597.49
1574.93
1549.02
1516.07
1479.71
1443.82
1413.95
1392.7
1370.61
1347.72
1320.02
1268.45
1201.93
1129.26
1040.35
928.883
821.667
717.484
636.482
567.667
511.373
466.588
428.658
396.154
370.974
274
274
274
274
274
274
274
274
274
274
274
274
274
274
274
274
274
274
274
274
274
274
274
274
274
274
274
274
274
274
274
274
274
274
274
274
274
274
274
274
274
274
274
274
274
274
274
274
274
274
274
274
274
274
274
274
274
274
274.003
274.131
278.881
415.163
787.572
867.585
878.168
884.238
889.815
897.681
909.155
927.074
954.079
993.247
1050.39
1133.13
1251.23
1418.66
1639.42
1790.68
1828.96
1813.45
1800.07
1781.32
1774.6
1807.25
1803.9
1790.64
1775.93
1769.43
1767.4
1761.43
1746.1
1720.71
1680.99
1651.13
1624.48
1599.24
1574.98
1547.97
1523.21
1496
1470.54
1449.79
1431.31
1411.3
1392.79
1373.11
1357.44
1346.1
1325.55
1294.15
1250.13
1182.01
1102.5
1015.68
918.854
812.413
719.14
634.89
571.749
518.457
474.543
439.284
408.286
382.603
363.68
274
274
274
274
274
274
274
274
274
274
274
274
274
274
274
274
274
274
274
274
274
274
274
274
274
274
274
274
274
274
274
274
274
274
274
274
274
274
274
274
274
274
274
274
274
274
274
274
274
274
274
274
274
274
274
274
274
274
274
274.005
274.217
281.793
459.154
809.435
865.822
874.609
880.267
885.444
892.533
901.685
916.405
938.416
970.731
1018
1086.39
1182.36
1309.72
1473.89
1635.16
1718.47
1742.2
1741.48
1747.74
1750.69
1737.18
1717.45
1707.2
1693.05
1686.39
1673.93
1652.51
1626.72
1595.46
1574.5
1557.3
1536.68
1516.16
1494.02
1472.7
1449.39
1425.96
1405.67
1387.35
1369.48
1352.53
1334.92
1318.02
1293.38
1251.25
1197.64
1132.18
1050.2
964.059
877.04
788.682
701.462
629.745
566.827
519.485
479.383
445.71
417.67
393.599
374.31
359.268
274
274
274
274
274
274
274
274
274
274
274
274
274
274
274
274
274
274
274
274
274
274
274
274
274
274
274
274
274
274
274
274
274
274
274
274
274
274
274
274
274
274
274
274
274
274
274
274
274
274
274
274
274
274
274
274
274
274
274
274
274.007
274.301
284.291
482.997
814.557
861.25
869.356
874.477
879.481
885.179
892.234
902.759
919.618
944.704
981.694
1034.02
1100.42
1184.14
1284.32
1391.01
1484.29
1555.48
1592.33
1596.54
1593.17
1577.04
1567.24
1550.61
1530.8
1511.13
1490.7
1476.09
1458.32
1445.3
1432.42
1416.39
1400.67
1386.59
1372.52
1358.66
1344.54
1330.68
1316.98
1301.37
1282.25
1259.02
1225.08
1177.03
1116.83
1049.8
974.733
894.717
818.9
746.458
677.019
612.18
560.518
515.102
480.433
450.598
424.312
402.537
384.44
369.756
357.338
274
274
274
274
274
274
274
274
274
274
274
274
274
274
274
274
274
274
274
274
274
274
274
274
274
274
274
274
274
274
274
274
274
274
274
274
274
274
274
274
274
274
274
274
274
274
274
274
274
274
274
274
274
274
274
274
274
274
274
274
274
274.01
274.352
285.24
484.268
807.836
854.752
862.284
867.307
872.352
876.324
880.357
887.334
899.007
917.66
945.633
978.926
1022.11
1070.16
1121.05
1173.8
1221.23
1257.01
1280.84
1293.57
1300.93
1302.5
1297.66
1290.86
1283.51
1274.82
1265.87
1256.69
1247.76
1241.73
1232.78
1224.61
1217.39
1209.48
1201.61
1193.37
1184
1172.95
1157.23
1134.21
1102.52
1059.86
1007.48
947.37
884.905
819.795
756.098
698.635
645.092
594.891
548.145
511.2
478.37
452.608
429.96
409.774
393.436
379.762
368.139
357.809
274
274
274
274
274
274
274
274
274
274
274
274
274
274
274
274
274
274
274
274
274
274
274
274
274
274
274
274
274
274
274
274
274
274
274
274
274
274
274
274
274
274
274
274
274
274
274
274
274
274
274
274
274
274
274
274
274
274
274
274
274
274
274.012
274.347
284.183
463.925
789.141
846.46
853.993
858.995
864.04
866.181
868.386
871.275
878.628
891.59
908.52
931.352
952.039
974.158
997.361
1021.78
1041.44
1057.51
1068.55
1076.8
1078.07
1076.69
1073.81
1070.4
1066.46
1062.65
1058.65
1054.33
1050.62
1045.98
1041.73
1037.22
1031.42
1026.36
1020.57
1012.64
1001.37
984.658
961.313
930.207
890.496
845.249
797.124
749.17
700.863
655.009
613.577
574.778
538.789
505.259
478.767
454.377
434.464
417.102
401.888
389.293
378.547
368.617
361.202
274
274
274
274
274
274
274
274
274
274
274
274
274
274
274
274
274
274
274
274
274
274
274
274
274
274
274
274
274
274
274
274
274
274
274
274
274
274
274
274
274
274
274
274
274
274
274
274
274
274
274
274
274
274
274
274
274
274
274
274
274
274
274
274.012
274.291
281.665
423.777
753.439
836.549
844.629
848.801
853.34
854.667
854.441
855.495
858.863
865.884
874.68
883.314
893.501
901.735
911.133
921.691
931.704
933.858
936.342
934.505
931.034
926.883
923.15
918.255
915.205
910.723
905.243
901.37
897.011
892.85
887.969
882.035
876.8
870.459
862.137
850.804
835.093
814.547
788.375
757.52
724.284
689.394
655.002
620.878
588.266
558.27
529.961
503.948
479.122
458.903
440.027
424.212
410.788
398.646
388.294
378.944
371.765
366.729
274
274
274
274
274
274
274
274
274
274
274
274
274
274
274
274
274
274
274
274
274
274
274
274
274
274
274
274
274
274
274
274
274
274
274
274
274
274
274
274
274
274
274
274
274
274
274
274
274
274
274
274
274
274
274
274
274
274
274
274
274
274
274
274
274.01
274.211
278.81
370.38
691.068
822.987
833.34
836.444
840.342
840.869
840.595
839.462
839.213
839.75
842.809
847.142
849.184
851.728
856.445
858.337
856.222
853.376
848.458
843.607
837.104
833.633
827.049
821.412
813.273
805.812
799.419
793.376
787.74
782.021
775.696
769.44
761.954
752.742
741.569
727.894
711.503
691.803
669.774
645.949
621
596.484
571.872
547.443
524.81
503.373
483.723
464.193
447.773
432.648
419.728
408.441
398.181
388.982
381.981
377.049
373.195
274
274
274
274
274
274
274
274
274
274
274
274
274
274
274
274
274
274
274
274
274
274
274
274
274
274
274
274
274
274
274
274
274
274
274
274
274
274
274
274
274
274
274
274
274
274
274
274
274
274
274
274
274
274
274
274
274
274
274
274
274
274
274
274
274
274.008
274.135
276.569
321.014
589.447
797.445
820.3
823.104
825.708
826.211
825.389
822.796
819.504
817.167
816.273
816.083
816.158
814.902
813.352
809.548
804.491
797.32
790.978
784.786
777.869
770.612
762.609
752.636
743.957
735.513
727.98
721.116
714.731
708.215
701.253
693.382
684.435
673.924
662.162
649.244
634.508
618.001
599.995
581.171
562.407
543.202
523.663
505.657
488.43
472.29
456.099
442.25
429.718
418.465
408.39
399.492
392.595
387.462
383.451
379.942
274
274
274
274
274
274
274
274
274
274
274
274
274
274
274
274
274
274
274
274
274
274
274
274
274
274
274
274
274
274
274
274
274
274
274
274
274
274
274
274
274
274
274
274
274
274
274
274
274
274
274
274
274
274
274
274
274
274
274
274
274
274
274
274
274
274
274.005
274.078
275.219
293.084
466.237
734.394
805.234
809.911
810.292
810.454
808.779
805.811
802.743
799.709
795.509
790.561
787.965
782.889
777.834
770.669
765.676
758.927
752.527
744.119
735.685
727.174
717.899
708.776
699.436
690.888
683.119
676.135
669.514
662.337
654.528
645.685
636.016
625.464
614.706
602.215
588.635
573.97
558.384
542.493
526.406
509.909
494.617
479.699
465.524
451.798
439.944
429.024
418.902
410.476
403.951
398.564
394.026
390.07
387.737
274
274
274
274
274
274
274
274
274
274
274
274
274
274
274
274
274
274
274
274
274
274
274
274
274
274
274
274
274
274
274
274
274
274
274
274
274
274
274
274
274
274
274
274
274
274
274
274
274
274
274
274
274
274
274
274
274
274
274
274
274
274
274
274
274
274
274
274.003
274.04
274.53
280.959
359.822
614.707
775.816
794.367
794.404
793.62
791.361
788.672
784.761
780.459
775.098
767.554
761.95
755.252
747.859
741.824
734.494
726.959
719.5
711.06
703.445
695.326
687.186
678.663
670.186
662.309
654.966
648.175
641.009
633.455
625
615.575
605.318
594.82
583.082
570.379
556.677
542.45
528.206
514.077
499.582
486.21
472.996
460.955
449.65
439.41
429.902
421.997
415.608
410.197
405.629
402.544
399.018
395.452
274
274
274
274
274
274
274
274
274
274
274
274
274
274
274
274
274
274
274
274
274
274
274
274
274
274
274
274
274
274
274
274
274
274
274
274
274
274
274
274
274
274
274
274
274
274
274
274
274
274
274
274
274
274
274
274
274
274
274
274
274
274
274
274
274
274
274
274
274.001
274.019
274.211
276.269
298.154
451.601
683.764
770.285
777.189
775.67
774.008
770.441
765.399
760.694
753.69
746.975
741.674
738.478
733.734
728.592
721.986
714.988
708.152
702.653
696.719
690.242
683.15
675.412
667.74
660.174
652.745
644.818
636.041
626.128
615.192
603.914
592.42
579.983
567.02
553.719
540.272
526.673
513.469
499.895
486.791
473.794
461.842
450.168
440.49
433.289
428.093
423.308
418.455
413.88
408.417
401.586
395.784
274
274
274
274
274
274
274
274
274
274
274
274
274
274
274
274
274
274
274
274
274
274
274
274
274
274
274
274
274
274
274
274
274
274
274
274
274
274
274
274
274
274
274
274
274
274
274
274
274
274
274
274
274
274
274
274
274
274
274
274
274
274
274
274
274
274
274
274
274
274.001
274.008
274.077
274.712
280.372
328.992
514.311
695.002
752.048
756.955
755.301
752.277
747.604
744.411
742.666
744.446
745.029
741.131
738.85
735.685
730.912
725.996
722.603
718.793
714.63
709.657
703.581
696.77
689.346
681.251
672.485
662.543
651.503
639.615
627.49
615.022
601.836
588.005
573.554
558.717
543.697
529.033
514.239
500.142
486.412
473.506
461.866
452.541
444.08
436.003
428.497
421.844
414.61
407.226
401.412
396.089
274.001
274.001
274.001
274.001
274.001
274.001
274.001
274.001
274.001
274.001
274.001
274.001
274.001
274.001
274.001
274.001
274.001
274.001
274.001
274.001
274.001
274.001
274.001
274.001
274.001
274.001
274.001
274.001
274.001
274.001
274.001
274.001
274.001
274.001
274.001
274.001
274.001
274.001
274.001
274.001
274.001
274.001
274.001
274.001
274.001
274.001
274.001
274.001
274.001
274.001
274.001
274.001
274.001
274.001
274.001
274.001
274.001
274.001
274.001
274.001
274.001
274.001
274.001
274.001
274.001
274.001
274.001
274.001
274.001
274.001
274.001
274.004
274.027
274.212
275.559
285.311
349.514
522.345
671.108
725.768
736.712
741.996
749.661
761.399
775.738
787.396
793.353
799.681
806.927
812.844
818.207
823.555
826.576
827.708
826.783
823.684
817.778
809.245
798.072
785.498
771.55
756.817
741.216
724.861
707.951
690.269
671.871
652.793
633.263
613.26
593.522
573.653
554.642
536.605
520.075
504.883
489.285
473.594
458.288
444.01
429.782
417.41
408.878
401.422
382.279
274.002
274.002
274.002
274.002
274.002
274.002
274.002
274.002
274.002
274.002
274.002
274.002
274.002
274.002
274.002
274.002
274.002
274.002
274.002
274.002
274.002
274.002
274.002
274.002
274.002
274.002
274.002
274.002
274.002
274.002
274.002
274.002
274.002
274.002
274.002
274.002
274.002
274.002
274.002
274.002
274.002
274.002
274.002
274.002
274.002
274.002
274.002
274.002
274.002
274.002
274.002
274.002
274.002
274.002
274.002
274.002
274.002
274.002
274.002
274.002
274.002
274.002
274.002
274.002
274.002
274.002
274.002
274.002
274.002
274.002
274.002
274.002
274.003
274.011
274.061
274.392
276.31
287.225
341.728
478.751
620.197
713.992
772.409
814.093
845.451
872.03
892.553
907.417
918.153
924.518
927.589
928.663
925.056
919.265
912.236
903.795
894.166
883.443
871.728
859.154
845.894
831.886
816.615
801.449
785.685
769.543
753.107
736.219
719.016
701.334
683.456
665.093
646.293
626.988
606.929
585.798
563.409
539.664
514.396
486.86
457.833
425.903
387.076
336.776
295.437
)
;

boundaryField
{
    wall
    {
        type            zeroGradient;
    }
    inlet
    {
        type            fixedValue;
        value           uniform 3673;
    }
    outlet-1
    {
        type            inletOutlet;
        inletValue      uniform 274;
        value           nonuniform List<scalar> 
60
(
274
275.705
276.6
277.486
278.341
279.207
280.2
280.867
280.858
280.332
279.043
277.309
274
274
274
274
274
274
274
274
274
274
274
274
274
274
274
274
274
274
274
274
274
274
274
274
274
274
274
274
274
274
274
274
274
274
274
274
277.277
279.003
280.291
280.812
280.82
280.165
279.185
278.324
277.472
276.592
275.698
274
)
;
    }
    outlet-2
    {
        type            inletOutlet;
        inletValue      uniform 274;
        value           nonuniform List<scalar> 
89
(
274.002
274.001
274
274
274
274
274
274
274
274
274
274
274
274
274
274
274
274
274
274
274
274
274
274
274
274
274
274
274
274
274
274
274
274
274
274
274
274
274
274
274
274
274
274
274
274
274
274
274
274
274
274
274
274
274
274
274
274
274
274
274
274
274
274
274
274
274
274
274
274
274
274
274
274
274
274
274
274
274
274
274
274
274
274
274
274
274
274.001
274.002
)
;
    }
    frontAndBackPlanes
    {
        type            empty;
    }
}


// ************************************************************************* //
