/*--------------------------------*- C++ -*----------------------------------*\
| =========                 |                                                 |
| \\      /  F ield         | OpenFOAM: The Open Source CFD Toolbox           |
|  \\    /   O peration     | Version:  2112                                  |
|   \\  /    A nd           | Website:  www.openfoam.com                      |
|    \\/     M anipulation  |                                                 |
\*---------------------------------------------------------------------------*/
FoamFile
{
    version     2.0;
    format      ascii;
    arch        "LSB;label=32;scalar=64";
    class       volScalarField;
    location    "0.00144";
    object      T;
}
// * * * * * * * * * * * * * * * * * * * * * * * * * * * * * * * * * * * * * //

dimensions      [0 0 0 1 0 0 0];

internalField   nonuniform List<scalar> 
13875
(
1411.72
1534.89
1482.7
1486.69
1481.1
1483.53
1483.62
1483.16
1483.69
1483.45
1483.97
1483.79
1484.12
1483.78
1482.83
1484.02
1484.23
1483.65
1482.95
1483.36
1481.13
1487.34
1480.71
1532.95
1397.93
1306.97
1356.02
1319.14
1322.03
1316.6
1317.13
1317.16
1317.77
1322.21
1322.52
1322.63
1317.94
1317.87
1317.46
1317.58
1322.59
1323.43
1321.78
1317.48
1317.01
1316.03
1321.83
1319.6
1356.34
1303.82
1307.06
1339.63
1314.69
1311.1
1303.96
1304.28
1303.74
1303.41
1303.4
1305.52
1306.02
1304.88
1305.04
1304.59
1304.46
1306.09
1306.31
1304.71
1303.8
1304.69
1303.92
1310.69
1311.57
1336.36
1297.24
1317.19
1345.04
1315.14
1308.74
1305.13
1304.75
1303.95
1303.58
1303.21
1303.94
1304.53
1304.97
1305.11
1304.66
1304.62
1304.84
1304.82
1303.62
1304.1
1305.06
1304.66
1307.63
1314.01
1343.71
1311.54
1329.36
1341.72
1316.16
1311.7
1303.54
1304.12
1303.98
1303.62
1303.3
1303.89
1304.96
1305.02
1305.44
1305.02
1304.92
1304.95
1304.65
1303.65
1303.96
1304.88
1303.83
1311.37
1312.15
1338.49
1315.95
1332.2
1351.55
1319.43
1310
1307.11
1306.26
1304.99
1304.28
1303.76
1304.26
1305.03
1305.51
1305.81
1305.69
1305.47
1304.69
1305.08
1304.37
1305.14
1306.55
1306.66
1308.5
1319.06
1349.16
1326.48
1339.21
1360.54
1329.74
1317.08
1307.19
1306.52
1305.62
1304.94
1304.45
1304.79
1305.78
1305.96
1306.69
1306.64
1306.25
1305.58
1305.43
1304.96
1305.4
1306.92
1307.28
1317.14
1325.99
1358.41
1321.9
1361.79
1386.32
1345.9
1322.1
1316.88
1312.55
1309.42
1307.66
1306.73
1306.48
1306.62
1307.76
1308.36
1308.33
1307.67
1306.46
1306.83
1307.37
1308.75
1312.04
1315.6
1320.97
1341.78
1381.38
1351.02
1535.31
1509.14
1389.79
1352.47
1324.33
1317.25
1313.46
1311.27
1310.13
1309.6
1309.5
1310.63
1311.78
1311.74
1310.71
1309.46
1309.91
1310.54
1312.25
1316.35
1322.75
1348.41
1384.58
1508.41
1523.96
1862.45
1590.5
1439.08
1368.87
1346.34
1330.21
1323.02
1319.55
1317.56
1316.56
1316.04
1317.39
1318.91
1318.72
1317.38
1316.05
1316.99
1318
1320.71
1328.05
1341.78
1364.75
1428.73
1569.41
1832.15
2522.76
1803.33
1543.1
1445.81
1369.17
1350.25
1340.51
1335.73
1333.24
1331.91
1331.16
1332.24
1334.14
1333.81
1332.4
1331.24
1332.5
1333.89
1337.4
1346.85
1362.92
1430.52
1517.4
1810.33
2450.91
2891.2
2312.65
2131.25
1538.73
1450.04
1414.58
1386.27
1377.81
1371.89
1369.45
1368.45
1368.51
1370.99
1370.06
1368.85
1368.68
1370.41
1374.65
1380.67
1407.89
1432.53
1492.85
1766.15
2314.49
2851.04
2851.75
2775.83
2659.63
2395.13
1655.54
1554.65
1527.42
1507.78
1497.3
1493.14
1492.41
1489.86
1495.08
1490.96
1490.52
1491.34
1494.7
1503.2
1518.63
1547.57
1662.07
2374.23
2432.37
2718.27
2788.97
2770.48
2753.91
2867.67
2861.55
2229.96
2256.82
2057.79
1965.86
1929.76
1880.72
1907.76
1860.79
1904.68
1873.78
1882.75
1884.33
1900.11
1945.65
2050.33
2208.6
2155.88
2866.14
2878.07
2741.19
2712.24
2654.79
2746.24
2871.31
2858.89
2887.65
3192.6
3443.37
3456.59
3706.88
3587.01
3691.88
3632.25
3673.1
3645.21
3672.46
3652.66
3667.6
3557.05
3466.41
3202.67
2916.28
2875.23
2866.62
2695.23
2676.78
2539.84
2679.58
2894.8
2988.53
2999.81
3340.61
3595.03
3683.16
3695.4
3668.45
3619.17
3638.26
3590.46
3633.88
3628.55
3652.3
3674.21
3715.7
3646.37
3460.06
3056.67
2976.84
2900.29
2705.25
2592.29
2487.91
2616.34
2753.39
2956.22
3042.23
3348.75
3571.57
3670.22
3668.23
3649.57
3611.42
3621.52
3593.26
3617.88
3614.33
3634.84
3659.94
3704.66
3631.79
3460.14
3113.65
3018.35
2812.85
2622.07
2516.51
2310.99
2605.82
2857.91
2954.33
2958.59
3205.67
3368.39
3458.12
3498.03
3503.58
3505.33
3500.97
3502.44
3502.35
3505.2
3508.49
3496.39
3481.28
3402.15
3235.32
3024.37
3026.95
2867.56
2599.75
2337.09
2228.81
2322.43
2623.16
2773.27
2740.8
2872.69
3119.3
3297.29
3382.01
3402.42
3407.89
3405.63
3409.26
3410.39
3409.43
3408.35
3409.27
3371.84
3184.95
2920.16
2782.62
2839.8
2670.51
2348.52
2264.21
2315.83
2258.06
2366.3
2546.11
2562.55
2629.68
2839.67
3080.38
3238.78
3301.61
3314.49
3318.5
3323.12
3323.04
3318.66
3314.59
3281.15
3145.2
2877.3
2664.57
2595.41
2578.64
2352.05
2255.23
2360.1
2873.39
2248.21
2187.94
2343.56
2405.66
2477.65
2665.77
2908.78
3094.12
3191.45
3223.12
3226.87
3231.86
3231.31
3225.88
3209.25
3134
2945.02
2680.76
2501.49
2422.27
2346.46
2166.81
2221.62
2797.53
2831.54
2044.02
1995.39
2185.89
2276.88
2366.76
2529.69
2754.03
2951.65
3070.29
3113.77
3123.67
3126.82
3126.67
3118.79
3082.85
2974.31
2769.95
2537.06
2392.01
2289.85
2181.11
1990.06
2033.45
2837.06
2854.76
2049.44
1890.68
2066.36
2180.62
2282.41
2421.06
2631.19
2827.04
2953.48
3002.16
3014.69
3020.36
3017.04
3001.56
2964.85
2850.18
2643.68
2432.14
2312.14
2195.22
2066.28
1873.11
2045.01
2954.99
2805.65
2031.64
1881.1
2012.66
2099.87
2196.11
2326.01
2522.82
2711.62
2842.95
2899.04
2910.79
2912.76
2912.08
2901.54
2854.28
2731.14
2531.87
2329.32
2216.48
2119.5
2019.49
1868.13
2017.01
2788.36
2735.6
2028.12
1908.06
1978.26
2037.21
2119.76
2243.45
2441.34
2619.69
2737.39
2785.9
2802.65
2808.82
2804.86
2786.46
2744.72
2629.69
2437.71
2242.45
2139.56
2062.32
1992.85
1893.43
2034.41
2764.56
2702.14
2047.31
1924.62
1964.86
1986.68
2049.43
2169.68
2352.99
2521.35
2642.94
2695.84
2703.74
2708.11
2705.18
2695.36
2648.58
2532.43
2353.67
2165.59
2061.02
2009.17
1982.53
1916.62
2026.44
2673.38
2674.34
2070.73
1948.84
1955.83
1945.84
1994.64
2109.57
2292.96
2447.92
2548.85
2591.04
2607.13
2611.25
2607.14
2588.82
2552.11
2453.62
2285.96
2106.04
2005.36
1961.8
1968.81
1936.18
2055.67
2673.14
2675.87
2131.36
1989.38
1954.74
1915.25
1949.78
2065.58
2227.81
2367.55
2466.97
2513.06
2517.35
2521.28
2516.86
2508.91
2466.11
2368.41
2216.4
2049.5
1953.83
1934.29
1976.43
1977.65
2118.16
2686.99
2710.09
2157.78
1998.25
1937.84
1900.62
1919.57
2017.23
2177.59
2305.9
2385.01
2416.83
2430.81
2435.24
2430.32
2412.55
2383.91
2307.99
2170.63
2013.26
1920.72
1908.53
1943.27
1981.79
2114.19
2691.31
2749.01
2171.31
2009.7
1946.62
1883.65
1897.54
1996.56
2129.01
2235.91
2313.76
2353.75
2353.58
2356.13
2349.55
2344.23
2306.88
2234.1
2116.96
1978.56
1899.68
1894.51
1962.35
2005.86
2155.69
2753.38
2730.44
2175.14
2004.11
1938.85
1865.95
1884.7
1965.15
2095.5
2191.66
2247.09
2265.54
2276.4
2281.1
2277.92
2259.84
2239.5
2182.73
2079.06
1950.51
1877.87
1872.02
1942.41
2004.65
2147.56
2748.92
2725.26
2177.51
2031.98
1941.48
1852.74
1868.65
1953.26
2056.35
2130.28
2181.87
2214.43
2210.76
2213.36
2203.93
2203.33
2173.4
2127.06
2045.46
1935.29
1863.37
1860.85
1946.13
2013.18
2162.73
2718.16
2693.82
2173.43
2042.5
1932.45
1849.99
1858.94
1928.66
2022.74
2095
2129.9
2136.93
2144.75
2148.45
2146.12
2131.99
2120.57
2084.2
2007.97
1912.46
1848.26
1852.15
1938.36
2036.6
2149.61
2705.81
2657.36
2173.49
2088.19
1947.43
1845.35
1846.16
1922.5
2001.96
2045.7
2069.08
2094.99
2087.74
2091.16
2080.96
2083.89
2062.72
2041.61
1986.23
1899.95
1834.75
1845.63
1945.02
2068.6
2172.18
2685.53
2656.86
2170.69
2117.53
1947.23
1860.9
1839.73
1898.21
1964.16
2007.54
2030.37
2030.69
2033.38
2034.65
2033.42
2026.81
2022.69
2002.45
1959.94
1885.22
1827.19
1865.11
1953.26
2135.65
2163.13
2671.9
2637.2
2172.37
2112.11
1967.5
1866.48
1833.56
1889.61
1947.99
1974.5
1977.93
1992.76
1981.96
1986.96
1979.02
1983.88
1971.56
1972.41
1944.98
1875.12
1825.38
1869.92
1973.24
2136.1
2172.3
2655.76
2609.88
2169.59
2106.87
1980.8
1892.12
1845.98
1878.92
1913.51
1929.45
1941.66
1946.74
1941.33
1938.91
1937.91
1943.33
1939.65
1927.6
1915.43
1873.32
1831.09
1885.64
1996.85
2124.3
2165.82
2642.29
2597.52
2143.92
2113.57
2049.72
1903.68
1852.87
1873.51
1899.24
1909.48
1903.59
1901.82
1892.88
1899.47
1892.66
1895.73
1897.03
1911.59
1905.41
1877.32
1852.38
1905.29
2057.43
2122.64
2145.83
2622.03
2578.56
2135.66
2090.76
2037.53
1925.41
1874.51
1870.14
1869.98
1862.15
1862.8
1876.22
1862.64
1859.55
1859.32
1873.07
1863.59
1862.15
1873.97
1876.2
1870.5
1931.11
2051.99
2097.76
2136.7
2612.68
2550.92
2118.38
2066.93
2045.44
1965.2
1890.21
1891.02
1861.43
1856.88
1840.83
1827.09
1821.55
1826.07
1821.07
1824.53
1834.02
1860.08
1872.76
1901.16
1895.97
1974.45
2054.42
2062.42
2126.24
2589.47
2534.49
2121.02
2036.41
2022.57
2023.09
1919.14
1897.68
1848.7
1816.89
1800.83
1811.56
1793.9
1792.85
1793.37
1809.37
1800.24
1810.45
1849.21
1910.97
1914.67
2038.07
2034.61
2031.58
2112.59
2563.22
2506.61
2105.47
2011.09
2014.25
2021.84
1945.93
1906.78
1859.68
1819.83
1794.44
1768.81
1762.31
1765.8
1761.71
1767.43
1790.02
1825.07
1862.9
1923.07
1955.2
2036.22
2025.57
2004.13
2106.36
2532.48
2487.12
2088.44
1992.25
1977.13
2010.21
2009.7
1929.95
1867.89
1793.91
1758.16
1764.49
1741.5
1738.28
1740.69
1761.62
1756.99
1785.61
1867.68
1945.26
2001.43
2017.17
1992.35
1988.28
2095.32
2515.8
2460.21
2086.87
1972.97
1953.01
1998.81
2038.86
1956.55
1885.6
1826.02
1775.19
1728.2
1716.33
1718.74
1715.14
1727.71
1773.59
1822.08
1876.47
1970.65
2059.34
2012.12
1965.41
1967.49
2080.11
2486.82
2449.79
2091.19
1979.35
1927.7
1969.66
2021.87
2004.65
1903.86
1801.54
1746.73
1740.97
1709.08
1702.14
1708
1739.91
1749.35
1795.49
1900.97
2043.14
2038.87
1976.63
1936.8
1967.78
2086.2
2470.47
2428.14
2071.37
1959.26
1911.6
1940.15
2011.6
2082.01
1956.76
1839.2
1782.66
1717.69
1693.45
1690.95
1694.09
1717.1
1782.39
1841.79
1935.59
2081.58
2017.68
1943.68
1917.03
1955.47
2075.15
2445.4
2423.56
2071.83
1967.48
1903.26
1913.16
1984.28
2069.93
2049.46
1852.86
1755.39
1746.32
1708.08
1692.69
1701.79
1744.91
1755.86
1854.31
2036.2
2065.11
1985.55
1915.06
1907.56
1954.37
2069.47
2438.11
2397.88
2053.71
1950.14
1886.54
1884.93
1944.63
2053.2
2079.58
1914.2
1806.6
1721.68
1698.17
1696.26
1708.24
1726.37
1813.15
1930.37
2068.85
2047.35
1941.91
1883.94
1885.53
1942.06
2060.34
2414.73
2367.2
2044.87
1941.79
1880.97
1878.39
1920.11
2028.9
2064.2
2018.99
1795.9
1764.93
1714.28
1703.98
1701.5
1769.18
1809.35
2036.14
2063.74
2017.62
1913.93
1874.18
1884.66
1934.79
2049.66
2391.71
2224.2
1991.69
1923.23
1868.73
1858.31
1889.52
1989.47
2049.01
2045.53
1910.35
1769.86
1721.89
1718.35
1736.99
1772.87
1930.62
2053.4
2045.56
1982.15
1882.85
1851.42
1867.37
1916.48
1997
2249.22
273.957
274.054
274.059
274.062
274.062
274.146
274.273
274.316
274.293
274.216
274.132
274.069
274.033
274.015
274.006
274.002
274.001
274
274
274
273.999
273.999
273.999
273.999
273.999
274.001
273.995
274.003
273.989
274.012
274.214
274.312
274.298
274.287
274.255
274.321
274.446
274.459
274.407
274.295
274.18
274.094
274.045
274.02
274.008
274.003
274.001
274
274
274
273.999
273.999
273.999
273.999
273.999
274
273.994
274.004
273.987
274.017
274.337
274.436
274.408
274.342
274.271
274.342
274.476
274.5
274.45
274.329
274.2
274.105
274.05
274.022
274.009
274.003
274.001
274
274
274
273.999
273.999
273.999
273.999
273.999
274
273.995
274.003
273.992
274.012
274.336
274.473
274.436
274.314
274.237
274.342
274.493
274.533
274.486
274.354
274.216
274.114
274.054
274.023
274.009
274.003
274.001
274
274
273.999
273.999
273.999
273.999
273.999
273.999
274
273.997
274.002
273.995
274.008
274.312
274.481
274.422
274.276
274.203
274.346
274.523
274.563
274.515
274.373
274.227
274.12
274.056
274.024
274.009
274.003
274.001
274
274
273.999
273.999
273.999
273.999
274
274
274
273.998
274.002
273.997
274.006
274.285
274.479
274.399
274.243
274.185
274.347
274.552
274.587
274.534
274.382
274.232
274.122
274.057
274.024
274.009
274.003
274.001
274
274
273.999
273.999
273.999
274
274
274
274
273.999
274.001
273.999
274.004
274.254
274.481
274.378
274.214
274.181
274.379
274.581
274.602
274.542
274.382
274.232
274.121
274.057
274.024
274.009
274.003
274.001
274
274
273.999
273.999
273.999
274
274
274
274
273.999
274.001
273.999
274.003
274.238
274.456
274.37
274.198
274.187
274.43
274.606
274.605
274.541
274.379
274.229
274.12
274.056
274.024
274.009
274.003
274.001
274
274
274
273.999
273.999
274
274
274
274
274
274
274
274.003
274.247
274.46
274.393
274.216
274.21
274.476
274.622
274.607
274.539
274.372
274.225
274.118
274.055
274.023
274.009
274.003
274.001
274
274
274
273.999
273.999
274
274
274
274
274
274
274
274.002
274.275
274.507
274.489
274.308
274.342
274.564
274.652
274.612
274.531
274.359
274.218
274.114
274.053
274.022
274.008
274.002
274.001
274
274
274
273.999
273.999
274
274
274
274
274
274
274
274.002
274.385
274.68
274.77
274.641
274.698
274.798
274.752
274.637
274.519
274.342
274.207
274.108
274.05
274.02
274.007
274.002
274.001
274
274
274
274
273.999
273.999
274
274
274
274.001
274.001
274
274.002
274.705
275.184
275.564
275.738
275.721
275.52
275.105
274.763
274.545
274.33
274.195
274.1
274.045
274.018
274.006
274.002
274.001
274
274
274
274
274
273.999
274
274
274
274.001
274.001
274.001
274.002
275.547
276.629
277.805
278.947
279.094
278.189
276.48
275.266
274.694
274.36
274.19
274.092
274.042
274.017
274.006
274.002
274
274
274
274
274
274
274
274
274
274
274.001
274.001
274.001
274.002
278.003
280.213
282.819
287.698
289.452
286.83
281.947
277.51
275.33
274.516
274.225
274.095
274.039
274.015
274.005
274.002
274
274
274
274
274
274
274
274
274
274
274.001
274.001
274
274.001
283.98
288.919
293.553
299.534
306.307
310.773
304.337
286.534
278.289
275.199
274.375
274.124
274.043
274.015
274.005
274.001
274
274
274
274
274
274
274
274
274
274
274
274.001
274.001
274.002
295.226
295.432
295.827
300.095
307.434
315.302
322.494
320.662
290.599
278.313
274.995
274.249
274.065
274.018
274.005
274.001
274
274
274
274
274
274
274
274
274
274
274
274.001
274.001
274.003
296.433
295.293
295.629
298.203
306.4
315.344
323.472
330.53
330.205
291.528
277.644
274.723
274.153
274.032
274.007
274.001
274
274
274
274
274
274
274
274
274
274
274
274
274.001
274.002
294.778
293.238
293.019
293.492
300.624
312.701
323.475
331.467
338.321
333.048
288.178
276.576
274.464
274.085
274.014
274.002
274
274
274
274
274
274
274
274
274
274
274
274
274
274.001
288.874
288.362
288.377
288.888
293.911
306.598
320.848
331.981
339.821
345.87
327.848
283.547
275.564
274.26
274.042
274.006
274.001
274
274
274
274
274
274
274
274
274
274
274
274
274.001
285.328
284.529
285.098
287.811
291.841
303.261
318.073
331.18
341.302
349.156
349.746
310.56
279.446
274.83
274.128
274.018
274.002
274
274
274
274
274
274
274
274
274
274
274
274
274.002
273.979
279.074
283.855
290.705
297.248
303.599
319.58
331.037
343.195
351.184
356.082
351.078
292.061
276.649
274.382
274.056
274.007
274.001
274
274
274
274
274
274
274
274
274
274
274
274.002
267.954
281.451
292.634
308.075
322.971
321.576
333.094
339.436
347.008
354.405
361.326
361.634
330.92
282.141
275.135
274.155
274.021
274.002
274
274
274
274
274
274
274
274
274
274
274
274.002
283.534
297.979
328.199
377.644
406.515
387.609
374.041
363.232
359.367
360.453
366.672
367.831
365.039
299.444
277.216
274.416
274.055
274.006
274.001
274
274
274
274
274
274
274
274
274
274
274.002
235.294
325.376
444.81
596.681
648.077
542.256
452.269
414.099
387.041
376.749
375.949
375.844
375.662
340.987
282.535
275.084
274.136
274.017
274.002
274
274
274
274
274
274
274
274
274
274
274.002
286.102
480.383
785.392
1013.56
1004.51
750.532
580.573
494.438
433.458
403.957
391.513
387.412
383.266
374.847
294.845
276.645
274.317
274.039
274.004
274
274
274
274
274
274
274
274
274
274
274.002
274.012
273.989
274.003
273.995
274.001
273.999
273.999
273.999
273.999
273.999
274
274
274
274.001
274.002
274.006
274.015
274.033
274.069
274.132
274.216
274.293
274.316
274.273
274.146
274.062
274.062
274.059
274.054
273.957
274.017
273.987
274.004
273.994
274
273.999
273.999
273.999
273.999
273.999
274
274
274
274.001
274.003
274.008
274.02
274.045
274.094
274.18
274.295
274.407
274.459
274.446
274.321
274.255
274.287
274.298
274.312
274.214
274.012
273.992
274.003
273.995
274
273.999
273.999
273.999
273.999
273.999
274
274
274
274.001
274.003
274.009
274.022
274.05
274.105
274.2
274.329
274.45
274.5
274.475
274.342
274.27
274.342
274.408
274.436
274.337
274.008
273.995
274.002
273.997
274
273.999
273.999
273.999
273.999
273.999
273.999
274
274
274.001
274.003
274.009
274.023
274.054
274.114
274.216
274.354
274.486
274.533
274.492
274.342
274.237
274.314
274.436
274.473
274.337
274.006
273.997
274.002
273.998
274
274
274
273.999
273.999
273.999
273.999
274
274
274.001
274.003
274.009
274.024
274.056
274.12
274.227
274.373
274.514
274.563
274.522
274.345
274.203
274.276
274.422
274.481
274.312
274.004
273.999
274.001
273.999
274
274
274
274
273.999
273.999
273.999
274
274
274.001
274.003
274.009
274.024
274.057
274.122
274.232
274.382
274.534
274.587
274.552
274.347
274.185
274.243
274.399
274.479
274.285
274.003
273.999
274.001
273.999
274
274
274
274
273.999
273.999
273.999
274
274
274.001
274.003
274.009
274.024
274.057
274.121
274.232
274.382
274.542
274.602
274.581
274.379
274.181
274.214
274.378
274.481
274.254
274.003
274
274
274
274
274
274
274
273.999
273.999
274
274
274
274.001
274.003
274.009
274.024
274.056
274.12
274.229
274.379
274.541
274.605
274.606
274.43
274.187
274.198
274.37
274.456
274.238
274.002
274
274
274
274
274
274
274
273.999
273.999
274
274
274
274.001
274.003
274.009
274.023
274.055
274.118
274.225
274.372
274.539
274.607
274.622
274.476
274.21
274.216
274.393
274.46
274.247
274.002
274
274
274
274
274
274
274
273.999
273.999
274
274
274
274.001
274.002
274.008
274.022
274.053
274.114
274.219
274.359
274.531
274.612
274.652
274.564
274.342
274.308
274.489
274.507
274.275
274.002
274
274.001
274.001
274
274
274
273.999
273.999
274
274
274
274
274.001
274.002
274.007
274.02
274.05
274.108
274.207
274.342
274.52
274.637
274.752
274.798
274.698
274.641
274.77
274.68
274.385
274.002
274.001
274.001
274.001
274
274
274
273.999
274
274
274
274
274
274.001
274.002
274.006
274.018
274.045
274.1
274.195
274.329
274.545
274.763
275.105
275.519
275.72
275.738
275.564
275.183
274.705
274.002
274.001
274.001
274.001
274
274
274
274
274
274
274
274
274
274
274.002
274.006
274.017
274.042
274.092
274.19
274.36
274.694
275.265
276.477
278.185
279.09
278.944
277.804
276.627
275.546
274.001
274
274.001
274.001
274
274
274
274
274
274
274
274
274
274
274.002
274.005
274.015
274.039
274.095
274.225
274.515
275.329
277.503
281.929
286.804
289.424
287.684
282.813
280.206
277.997
274.002
274.001
274.001
274
274
274
274
274
274
274
274
274
274
274
274.001
274.005
274.015
274.043
274.124
274.375
275.196
278.276
286.494
304.239
310.694
306.254
299.506
293.526
288.895
283.957
274.003
274.001
274.001
274
274
274
274
274
274
274
274
274
274
274
274.001
274.005
274.018
274.065
274.249
274.993
278.297
290.521
320.514
322.4
315.23
307.382
300.064
295.793
295.402
295.184
274.002
274.001
274
274
274
274
274
274
274
274
274
274
274
274
274.001
274.007
274.032
274.153
274.722
277.63
291.431
330.023
330.407
323.375
315.266
306.352
298.166
295.594
295.263
296.397
274.001
274
274
274
274
274
274
274
274
274
274
274
274
274
274.002
274.014
274.085
274.462
276.565
288.097
332.799
338.17
331.347
323.377
312.62
300.599
293.455
292.983
293.205
294.743
274.001
274
274
274
274
274
274
274
274
274
274
274
274
274.001
274.006
274.042
274.26
275.559
283.496
327.562
345.696
339.676
331.853
320.742
306.497
293.88
288.842
288.342
288.329
288.819
274.002
274
274
274
274
274
274
274
274
274
274
274
274
274.002
274.018
274.128
274.827
279.422
310.352
349.563
348.989
341.141
331.032
317.951
303.117
291.77
287.739
285.047
284.483
285.255
274.002
274
274
274
274
274
274
274
274
274
274
274
274.001
274.007
274.056
274.382
276.639
291.94
350.815
355.897
351.01
343.023
330.855
319.374
303.293
297.029
290.594
283.774
278.989
274.03
274.002
274
274
274
274
274
274
274
274
274
274
274
274.002
274.021
274.155
275.132
282.108
330.636
361.417
361.121
354.199
346.776
339.072
332.574
320.867
322.334
307.714
292.403
281.203
267.844
274.002
274
274
274
274
274
274
274
274
274
274
274.001
274.006
274.055
274.415
277.209
299.328
364.792
367.6
366.417
360.141
358.978
362.519
372.857
385.768
404.81
376.387
327.528
297.573
283.128
274.002
274
274
274
274
274
274
274
274
274
274
274.002
274.017
274.136
275.083
282.513
340.739
375.411
375.58
375.595
376.266
386.134
412.344
449.599
536.68
643.949
592.028
443.398
325.206
235.792
274.002
274
274
274
274
274
274
274
274
274
274
274.004
274.039
274.318
276.643
294.796
374.587
382.978
387.071
391.04
403.116
431.868
491.153
575.619
739.955
995.714
1004.29
784.256
480.501
285.274
274.002
274.002
274.002
274.002
274.002
274.002
274.002
274.002
274.002
274.002
274.002
274.002
274.002
274.002
274.002
274.002
274.002
274.002
274.002
274.002
274.002
274.002
274.002
274.002
274.002
274.002
274.002
274.002
274.002
274.002
274.002
274.002
274.002
274.002
274.002
274.002
274.002
274.002
274.002
274.002
274.002
274.002
274.002
274.002
274.002
274.002
274.002
274.002
274.002
274.002
274.002
274.002
274.002
274.002
274.002
274.002
274.002
274.002
274.002
274.002
274.002
274.002
274.002
274.002
274.002
274.002
274.002
274.002
274.002
274.002
274.002
274.002
274.002
274.002
274.002
274.002
274.002
274.002
274.002
274.002
274.002
274.002
274.002
274.002
274.002
274.002
274.002
274.002
274.002
274.002
274.002
274.002
274.002
274.002
274.002
274.002
274.002
274.002
274.002
274.002
274.002
274.001
274.001
274.001
274.001
274.001
274.001
274.001
274.001
274.001
274.001
274.002
274.002
274.002
274.002
274.002
274.002
274.002
274.002
274.002
274.002
274.002
274.002
274.002
274.002
274
274
274
274
274
274
274
274
274
274
274
274
274
274
274
274
274
274
274
274
274
274
274
274
274
274
274
274
274
274
274
274
274
274
274
274
274
274
274
274
274
274
274
274
274
274
274
274
274
274
274
274
274
274
274
274
274
274
274
274
274
274
274
274
274
274
274
274
274
274
274
274
274
274
274
274
274
274
274
274
274
274
274
274
274
274
274
274
274
274
274
274
274
274
274
274
274
274
274
274
274
274
274
274
274
274
274
274
274
274
274
274
274
274
274
274
274
274
274
274
274
274
274
274
274
274
274
274
274
274
274
274
274
274
274
274
274
274
274
274
274
274
274
274
274
274
274
274
274
274
274
274
274
274
274
274
274
274
274
274
274
274
274
274
274
274
274
274
274
274
274
274
274
274
274
274
274
274
274
274
274
274
274
274
274
274
274
274
274
274
274
274
274
274
274
274
274
274
274
274
274
274
274
274
274
274
274
274
274
274
274
274
274
274
274
274
274
274
274
274
274
274
274
274
274
274
274
274
274
274
274
274
274
274
274
274
274
274
274
274
274
274
274
274
274
274
274
274
274
274
274
274
274
274
274
274
274
274
274
274
274
274
274
274
274
274
274
274
274
274
274
274
274
274
274
274
274
274
274
274
274
274
274
274
274
274
274
274
274
274
274
274
274
274
274
274
274
274
274
274
274
274
274
274
274
274
274
274
274
274
274
274
274
274
274
274
274
274
274
274
274
274
274
274
274
274
274
274
274
274
274
274
274
274
274
274
274
274
274
274
274
274
274
274
274
274
274
274
274
274
274
274
274
274
274
274
274
274
274
274
274
274
274
274
274
274
274
274
274
274
274
274
274
274
274
274
274
274
274
274
274
274
274
274
274
274
274
274
274
274
274
274
274
274
274
274
274
274
274
274
274
274
274
274
274
274
274
274
274
274
274
274
274
274
274
274
274
274
274
274
274
274
274
274
274
274
274
274
274
274
274
274
274
274
274
274
274
274
274
274
274
274
274
274
274
274
274
274
274
274
274
274
274
274
274
274
274
274
274
274
274
274
274
274
274
274
274
274
274
274
274
274
274
274
274
274
274
274
274
274
274
274
274
274
274
274
274
274
274
274
274
274
274
274
274
274
274
274
274
274
274
274
274
274
274
274
274
274
274
274
274
274
274
274
274
274
274
274
274
274
274
274
274
274
274
274
274
274
274
274
274
274
274
274
274
274
274
274
274
274
274
274
274
274
274
274
274
274
274
274
274
274
274
274
274
274
274
274
274
274
274
274
274
274
274
274
274
274
274
274
274
274
274
274
274
274
274
274
274
274
274
274
274
274
274
274
274
274
274
274
274
274
274
274
274
274
274
274
274
274
274
274
274
274
274
274
274
274
274
274
274
274
274
274
274
274
274
274
274
274
274
274
274
274
274
274
274
274
274
274
274
274
274
274
274
274
274
274
274
274
274
274
274
274
274
274
274
274
274
274
274
274
274
274
274
274
274
274
274
274
274
274
274
274
274
274
274
274
274
274
274
274
274
274
274
274
274
274
274
274
274
274
274
274
274
274
274
274
274
274
274
274
274
274
274
274
274
274
274
274
274
274
274
274
274
274
274
274
274
274
274
274
274
274
274
274
274
274
274
274
274
274
274
274
274
274
274
274
274
274
274
274
274
274
274
274
274
274
274
274
274
274
274
274
274
274
274
274
274
274
274
274
274
274
274
274
274
274
274
274
274
274
274
274
274
274
274
274
274
274
274
274
274
274
274
274
274
274
274
274
274
274
274
274
274
274
274
274
274
274
274
274
274
274
274
274
274
274
274
274
274
274
274
274
274
274
274
274
274
274
274
274
274
274
274
274
274
274
274
274
274
274
274
274
274
274
274
274
274
274
274
274
274
274
274
274
274
274
274
274
274
274
274
274
274
274
274
274
274
274
274
274
274
274
274
274
274
274
274
274
274
274
274
274
274
274
274
274
274
274
274
274
274
274
274
274
274
274
274
274
274
274
274
274
274
274
274
274
274
274
274
274
274
274
274
274
274
274
274
274
274
274
274
274
274
274
274
274
274
274
274
274
274
274
274
274
274
274
274
274
274
274
274
274
274
274
274
274
274
274
274
274
274
274
274
274
274
274
274
274
274
274
274
274
274
274
274
274
274
274
274
274
274
274
274
274
274
274
274
274
274
274
274
274
274
274
274
274
274
274
274
274
274
274
274
274
274
274
274
274
274
274
274
274
274
274
274
274
274
274
274
274
274
274
274
274
274
274
274
274
274
274
274
274
274
274
274
274
274
274
274
274
274
274
274
274
274
274
274
274
274
274
274
274
274
274
274
274
274
274
274
274
274
274
274
274
274
274
274
274
274
274
274
274
274
274
274
274
274
274
274
274
274
274
274
274
274
274
274
274
274
274
274
274
274
274
274
274
274
274
274
274
274
274
274
274
274
274
274
274
274
274
274
274
274
274
274
274
274
274
274
274
274
274
274
274
274
274
274
274
274
274
274
274
274
274
274
274
274
274
274
274
274
274
274
274.001
274.001
274.001
274.001
274
274
274
274
274
274
274
274
274
274
274
274
274
274
274
274
274
274
274
274
274
274
274
274
274
274
274
274
274
274
274
274
274
274
274
274
274
274
274
274
274
274
274
274
274
274
274
274
274
274
274
274
274
274
274
274
274
274
274
274
274
274
274
274
274
274
274
274
274
274
274
274
274
274
274
274
274
274
274
274
274
274
274
274
274
274
274
274
274
274
274
274
274
274
274
274
274
274
274
274
274
274
274
274
274
274
274
274
274
274
274
274
274
274
274
274
274.001
274.002
274.004
274.006
274.009
274.011
274.012
274.011
274.01
274.008
274.006
274.004
274.003
274.001
274.001
274
274
274
274
274
274
274
274
274
274
274
274
274
274
274
274
274
274
274
274
274
274
274
274
274
274
274
274
274
274
274
274
274
274
274
274
274
274
274
274
274
274
274
274
274
274
274
274
274
274
274
274
274
274
274
274
274
274
274
274
274
274
274
274
274
274
274
274
274
274
274
274
274
274
274
274
274
274
274
274
274
274
274
274
274
274
274
274
274
274
274
274
274
274
274
274
274
274
274
274
274
274
274
274
274
274
274
274.002
274.005
274.014
274.027
274.047
274.071
274.097
274.12
274.137
274.141
274.133
274.117
274.094
274.071
274.049
274.032
274.018
274.009
274
274
274
274
274
274
274
274
274
274
274
274
274
274
274
274
274
274
274
274
274
274
274
274
274
274
274
274
274
274
274
274
274
274
274
274
274
274
274
274
274
274
274
274
274
274
274
274
274
274
274
274
274
274
274
274
274
274
274
274
274
274
274
274
274
274
274
274
274
274
274
274
274
274
274
274
274
274
274
274
274
274
274
274
274
274
274
274
274
274
274
274
274
274
274
274
274
274
274
274
274
274
274
274
274.001
274.004
274.016
274.045
274.111
274.238
274.444
274.73
275.053
275.354
275.581
275.684
275.658
275.48
275.235
274.926
274.667
274.441
274.278
274.162
274.085
274
274
274
274
274
274
274
274
274
274
274
274
274
274
274
274
274
274
274
274
274
274
274
274
274
274
274
274
274
274
274
274
274
274
274
274
274
274
274
274
274
274
274
274
274
274
274
274
274
274
274
274
274
274
274
274
274
274
274
274
274
274
274
274
274
274
274
274
274
274
274
274
274
274
274
274
274
274
274
274
274
274
274
274
274
274
274
274
274
274
274
274
274
274
274
274
274
274
274
274
274
274
274.001
274.005
274.026
274.099
274.336
274.961
276.333
278.907
282.882
287.755
292.069
294.897
296.026
295.587
293.974
290.941
287.711
283.985
280.942
278.333
276.563
275.404
274.695
274
274
274
274
274
274
274
274
274
274
274
274
274
274
274
274
274
274
274
274
274
274
274
274
274
274
274
274
274
274
274
274
274
274
274
274
274
274
274
274
274
274
274
274
274
274
274
274
274
274
274
274
274
274
274
274
274
274
274
274
274
274
274
274
274
274
274
274
274
274
274
274
274
274
274
274
274
274
274
274
274
274
274
274
274
274
274
274
274
274
274
274
274
274
274
274
274
274
274
274
274
274.003
274.027
274.144
274.653
276.54
282.674
298.429
332.387
380.813
434.221
468.742
481.312
479.946
470.568
456.744
441.438
422.41
402.971
377.774
351.472
320.949
296.125
286.047
280.08
274
274
274
274
274
274
274
274
274
274
274
274
274
274
274
274
274
274
274
274
274
274
274
274
274
274
274
274
274
274
274
274
274
274
274
274
274
274
274
274
274
274
274
274
274
274
274
274
274
274
274
274
274
274
274
274
274
274
274
274
274
274
274
274
274
274
274
274
274
274
274
274
274
274
274
274
274
274
274
274
274
274
274
274
274
274
274
274
274
274
274
274
274
274
274
274
274
274
274
274.001
274.017
274.121
274.748
278.234
294.176
357.468
466.524
578.839
640.725
658.104
646.149
623.316
598.162
572.451
547.844
524.628
503.885
484.161
466.859
449.723
434.742
418.891
398.07
367.995
331.978
274
274
274
274
274
274
274
274
274
274
274
274
274
274
274
274
274
274
274
274
274
274
274
274
274
274
274
274
274
274
274
274
274
274
274
274
274
274
274
274
274
274
274
274
274
274
274
274
274
274
274
274
274
274
274
274
274
274
274
274
274
274
274
274
274
274
274
274
274
274
274
274
274
274
274
274
274
274
274
274
274
274
274
274
274
274
274
274
274
274
274
274
274
274
274
274
274
274
274.006
274.062
274.507
277.922
301.778
417.29
595.9
722.952
766.188
757.107
735.773
710.367
682.724
654.034
628.166
602.708
578.213
553.698
530.416
507.794
487.256
466.051
448.149
430.468
415.796
402.479
390.808
274
274
274
274
274
274
274
274
274
274
274
274
274
274
274
274
274
274
274
274
274
274
274
274
274
274
274
274
274
274
274
274
274
274
274
274
274
274
274
274
274
274
274
274
274
274
274
274
274
274
274
274
274
274
274
274
274
274
274
274
274
274
274
274
274
274
274
274
274
274
274
274
274
274
274
274
274
274
274
274
274
274
274
274
274
274
274
274
274
274
274
274
274
274
274
274
274.001
274.019
274.214
276.098
294.322
423.458
657.136
813.356
840.347
824.815
807.438
786.939
767.75
749.907
731.534
710.425
689.292
662.674
633.518
604.265
575.443
547.5
521.908
495.032
472.182
447.917
427.989
409.498
394.274
274
274
274
274
274
274
274
274
274
274
274
274
274
274
274
274
274
274
274
274
274
274
274
274
274
274
274
274
274
274
274
274
274
274
274
274
274
274
274
274
274
274
274
274
274
274
274
274
274
274
274
274
274
274
274
274
274
274
274
274
274
274
274
274
274
274
274
274
274
274
274
274
274
274
274
274
274
274
274
274
274
274
274
274
274
274
274
274
274
274
274
274
274
274
274
274.002
274.051
274.661
282.684
374.962
637.383
851.702
890.432
871.393
854.927
846.755
845.517
854.133
862.145
861.712
847.516
821.489
792.343
753.771
713.054
675.622
639.133
603.181
570.36
535.949
506.598
474.362
448.951
423.173
402.375
274
274
274
274
274
274
274
274
274
274
274
274
274
274
274
274
274
274
274
274
274
274
274
274
274
274
274
274
274
274
274
274
274
274
274
274
274
274
274
274
274
274
274
274
274
274
274
274
274
274
274
274
274
274
274
274
274
274
274
274
274
274
274
274
274
274
274
274
274
274
274
274
274
274
274
274
274
274
274
274
274
274
274
274
274
274
274
274
274
274
274
274
274
274
274.006
274.119
276.002
308.256
533.047
838.697
929.262
912.812
889.003
879.662
891.393
926.593
977.163
1031.53
1057.41
1059.1
1039.65
1007.96
961.977
909.331
856.103
802.872
753.141
705.193
657.244
610.5
568.734
522.6
487.996
446.005
414.152
274
274
274
274
274
274
274
274
274
274
274
274
274
274
274
274
274
274
274
274
274
274
274
274
274
274
274
274
274
274
274
274
274
274
274
274
274
274
274
274
274
274
274
274
274
274
274
274
274
274
274
274
274
274
274
274
274
274
274
274
274
274
274
274
274
274
274
274
274
274
274
274
274
274
274
274
274
274
274
274
274
274
274
274
274
274
274
274
274
274
274
274
274
274.01
274.248
279.558
380.59
725.705
952.339
956.87
927.718
911.184
913.4
947.186
1024.88
1136.1
1250.85
1326.97
1347.28
1333.71
1284.2
1233.61
1181.98
1117.17
1061.04
1012.27
947.495
884.596
815.046
749.541
683.306
611.315
559.355
490.743
440.985
274
274
274
274
274
274
274
274
274
274
274
274
274
274
274
274
274
274
274
274
274
274
274
274
274
274
274
274
274
274
274
274
274
274
274
274
274
274
274
274
274
274
274
274
274
274
274
274
274
274
274
274
274
274
274
274
274
274
274
274
274
274
274
274
274
274
274
274
274
274
274
274
274
274
274
274
274
274
274
274
274
274
274
274
274
274
274
274
274
274
274
274
274.015
274.458
286.944
485.87
877.804
994.103
974.586
947.849
939.347
956.984
1014.75
1129.99
1304.54
1485.37
1587.56
1601.21
1577.06
1521.55
1477.14
1447.76
1398.89
1351.97
1312.12
1301.85
1236.07
1172.52
1101
1016.49
906.724
781.883
688.879
567.116
490.998
274
274
274
274
274
274
274
274
274
274
274
274
274
274
274
274
274
274
274
274
274
274
274
274
274
274
274
274
274
274
274
274
274
274
274
274
274
274
274
274
274
274
274
274
274
274
274
274
274
274
274
274
274
274
274
274
274
274
274
274
274
274
274
274
274
274
274
274
274
274
274
274
274
274
274
274
274
274
274
274
274
274
274
274
274
274
274
274
274
274
274
274.018
274.722
298.829
592.241
967.671
1016.15
991.701
974.204
974.503
1006.13
1086.28
1231.12
1447.43
1663.73
1730.11
1731.74
1716.57
1675.16
1640.51
1639.72
1643.23
1685.84
1691.68
1682.71
1705.04
1691.42
1667.44
1624.24
1537.45
1363.81
1124.01
944.398
709.979
583.668
274
274
274
274
274
274
274
274
274
274
274
274
274
274
274
274
274
274
274
274
274
274
274
274
274
274
274
274
274
274
274
274
274
274
274
274
274
274
274
274
274
274
274
274
274
274
274
274
274
274
274
274
274
274
274
274
274
274
274
274
274
274
274
274
274
274
274
274
274
274
274
274
274
274
274
274
274
274
274
274
274
274
274
274
274
274
274
274
274
274
274.018
274.932
312.444
679.397
1018.12
1033.97
1012.27
1003.64
1014.23
1058.03
1155.33
1317.57
1543.08
1755.04
1815.56
1813.76
1798.27
1792.26
1801.54
1854.28
1907.07
1946.06
2059.26
2069.53
2036.15
2031.87
2022.57
1969.14
1928.43
1803.83
1698.71
1558.8
1368.17
958.375
717.314
274
274
274
274
274
274
274
274
274
274
274
274
274
274
274
274
274
274
274
274
274
274
274
274
274
274
274
274
274
274
274
274
274
274
274
274
274
274
274
274
274
274
274
274
274
274
274
274
274
274
274
274
274
274
274
274
274
274
274
274
274
274
274
274
274
274
274
274
274
274
274
274
274
274
274
274
274
274
274
274
274
274
274
274
274
274
274
274
274
274.014
274.952
318.971
728.388
1045.19
1051.13
1037.17
1035.5
1052.52
1107.53
1215.1
1384.48
1604.66
1802.93
1865.73
1867.14
1845.59
1843
1843.17
1956.54
2115.45
2142.49
2161.37
2207.49
2259.77
2109.27
2116.43
2082.77
2009.67
1881.59
1716.36
1646.78
1644.78
1459.12
1265.6
995.413
274
274
274
274
274
274
274
274
274
274
274
274
274
274
274
274
274
274
274
274
274
274
274
274
274
274
274
274
274
274
274
274
274
274
274
274
274
274
274
274
274
274
274
274
274
274
274
274
274
274
274
274
274
274
274
274
274
274
274
274
274
274
274
274
274
274
274
274
274
274
274
274
274
274
274
274
274
274
274
274
274
274
274
274
274
274
274
274
274.01
274.755
312.341
724.213
1060.98
1066.12
1059.92
1067.98
1091.93
1151.55
1264.49
1436.22
1656.46
1840.28
1900.22
1897.35
1872.39
1806.11
1777.08
1765.31
1942.25
2112.88
1964.64
1677.23
1536.33
1489.28
1477.7
1496.17
1549.73
1673.49
1716.69
1735.29
1607.02
1493.6
1444.1
1462.33
1194.44
274
274
274
274
274
274
274
274
274
274
274
274
274
274
274
274
274
274
274
274
274
274
274
274
274
274
274
274
274
274
274
274
274
274
274
274
274
274
274
274
274
274
274
274
274
274
274
274
274
274
274
274
274
274
274
274
274
274
274
274
274
274
274
274
274
274
274
274
274
274
274
274
274
274
274
274
274
274
274
274
274
274
274
274
274
274
274
274.006
274.459
297.254
658.647
1061.78
1080.22
1075.17
1095.43
1132.29
1191.76
1300.36
1470.15
1686.74
1859.71
1919.84
1920.39
1880.93
1734.77
1604.46
1557.08
1548.35
1528.82
1558.38
1288.66
1179.27
1144.85
1110.11
1134.84
1191.05
1218.61
1276.28
1356.33
1426.96
1471.37
1468.48
1361.46
1370.43
1337.96
274
274
274
274
274
274
274
274
274
274
274
274
274
274
274
274
274
274
274
274
274
274
274
274
274
274
274
274
274
274
274
274
274
274
274
274
274
274
274
274
274
274
274
274
274
274
274
274
274
274
274
274
274
274
274
274
274
274
274
274
274
274
274
274
274
274
274
274
274
274
274
274
274
274
274
274
274
274
274
274
274
274
274
274
274
274
274.003
274.213
284.821
548.456
1025.66
1088.68
1088.58
1114.57
1156.13
1213.14
1311.25
1464.95
1665.29
1846.82
1918.92
1929.74
1904.8
1798.05
1588.2
1494.1
1456.58
1450.16
1318.46
1222.06
1174.59
1098
1086.93
1121.94
1136.74
1142.19
1172.17
1209.67
1246.97
1339.75
1449.05
1486.08
1451.69
1259.94
1256.27
274
274
274
274
274
274
274
274
274
274
274
274
274
274
274
274
274
274
274
274
274
274
274
274
274
274
274
274
274
274
274
274
274
274
274
274
274
274
274
274
274
274
274
274
274
274
274
274
274
274
274
274
274
274
274
274
274
274
274
274
274
274
274
274
274
274
274
274
274
274
274
274
274
274
274
274
274
274
274
274
274
274
274
274
274
274.001
274.07
278.17
437.347
941.591
1089.46
1100.97
1120.89
1145.7
1178.51
1239.23
1368.47
1565.06
1773.06
1895.72
1929.39
1924.66
1867.92
1672.66
1548.48
1479.79
1454.3
1415.39
1261.17
1169.16
1129.47
1056.57
1052.29
1050.26
1075.63
1119.14
1144.59
1203.35
1231.97
1302.38
1436.02
1533.47
1570.85
1371.2
1299.72
274
274
274
274
274
274
274
274
274
274
274
274
274
274
274
274
274
274
274
274
274
274
274
274
274
274
274
274
274
274
274
274
274
274
274
274
274
274
274
274
274
274
274
274
274
274
274
274
274
274
274
274
274
274
274
274
274
274
274
274
274
274
274
274
274
274
274
274
274
274
274
274
274
274
274
274
274
274
274
274
274
274
274
274
274.001
274.026
275.554
351.344
835.153
1088.23
1115.06
1141.53
1173.72
1201.79
1240.89
1324.33
1469.5
1666.87
1851.1
1917.78
1928.08
1904.41
1775.66
1638.67
1538.27
1446.5
1399.13
1382.04
1383.09
1287.47
1187.33
1126.97
1074.22
1064.82
1067.03
1062.17
1076.8
1099.76
1136.52
1192.83
1259.83
1311.92
1414.14
1623.9
1661.6
274
274
274
274
274
274
274
274
274
274
274
274
274
274
274
274
274
274
274
274
274
274
274
274
274
274
274
274
274
274
274
274
274
274
274
274
274
274
274
274
274
274
274
274
274
274
274
274
274
274
274
274
274
274
274
274
274
274
274
274
274
274
274
274
274
274
274
274
274
274
274
274
274
274
274
274
274
274
274
274
274
274
274
274
274.004
274.215
283.74
531.415
1018.72
1114.09
1145.97
1185.02
1219.8
1254.78
1312.58
1407.35
1557.07
1753.39
1882.91
1915.19
1912.46
1838.29
1705.41
1618.43
1542.02
1538.06
1516.92
1502.97
1471.54
1416.98
1314.9
1278.05
1223.3
1183.66
1214.9
1217.69
1196.13
1214.74
1264.39
1333.4
1438.08
1557.95
1638
1724.59
1962.16
274
274
274
274
274
274
274
274
274
274
274
274
274
274
274
274
274
274
274
274
274
274
274
274
274
274
274
274
274
274
274
274
274
274
274
274
274
274
274
274
274
274
274
274
274
274
274
274
274
274
274
274
274
274
274
274
274
274
274
274
274
274
274
274
274
274
274
274
274
274
274
274
274
274
274
274
274
274
274
274
274
274
274
274
274.008
274.457
294.744
638.212
1067.24
1132.2
1158.09
1191.44
1229.03
1273.53
1335.33
1427.66
1574.85
1766.21
1883.44
1911.32
1903.23
1795.23
1716.46
1607.2
1565.39
1555.92
1531.53
1521.72
1516.07
1473.68
1355.11
1311.61
1262.15
1221.07
1243.36
1263.78
1228.04
1234.55
1277.71
1345.74
1448.47
1589.98
1720.8
1897.32
2007.78
274
274
274
274
274
274
274
274
274
274
274
274
274
274
274
274
274
274
274
274
274
274
274
274
274
274
274
274
274
274
274
274
274
274
274
274
274
274
274
274
274
274
274
274
274
274
274
274
274
274
274
274
274
274
274
274
274
274
274
274
274
274
274
274
274
274
274
274
274
274
274
274
274
274
274
274
274
274
274
274
274
274
274
274.001
274.023
275.304
338.361
809.941
1115.79
1139.82
1155.5
1191.92
1246.97
1306.74
1369.97
1460.42
1605.31
1791.76
1886.94
1907.31
1898.84
1778.16
1692.52
1603.29
1589.68
1585.94
1603.38
1619.59
1609.61
1566.12
1432.28
1359.01
1336.63
1307.73
1300.97
1332.47
1307.25
1307.93
1328.78
1352.96
1409.11
1502.66
1655.17
1828.32
2038.62
274
274
274
274
274
274
274
274
274
274
274
274
274
274
274
274
274
274
274
274
274
274
274
274
274
274
274
274
274
274
274
274
274
274
274
274
274
274
274
274
274
274
274
274
274
274
274
274
274
274
274
274
274
274
274
274
274
274
274
274
274
274
274
274
274
274
274
274
274
274
274
274
274
274
274
274
274
274
274
274
274
274
274
274.002
274.082
278.033
428.11
951.523
1135.39
1160.12
1194.21
1238.82
1281.09
1328.71
1395.98
1499.12
1646.72
1815.05
1888.52
1902.35
1877.78
1798.34
1722.01
1628.09
1605.67
1591.87
1586.38
1586.54
1595.87
1594.96
1553.19
1446.23
1390.26
1370.2
1365.93
1374.62
1383.2
1375.04
1429.14
1485.52
1542.34
1607.16
1684
1824.5
1934.4
274
274
274
274
274
274
274
274
274
274
274
274
274
274
274
274
274
274
274
274
274
274
274
274
274
274
274
274
274
274
274
274
274
274
274
274
274
274
274
274
274
274
274
274
274
274
274
274
274
274
274
274
274
274
274
274
274
274
274
274
274
274
274
274
274
274
274
274
274
274
274
274
274
274
274
274
274
274
274
274
274
274
274
274.005
274.268
285.804
553.421
1052.22
1153.29
1177.76
1215.06
1256.44
1289.16
1333.71
1408.88
1527.03
1682.29
1833.84
1887.52
1894.33
1839.14
1790.39
1695.37
1659.93
1659.63
1660.46
1660.37
1655.67
1658.69
1644.96
1626.24
1564.36
1470.14
1428.2
1428.31
1416.84
1413.75
1419.3
1453.09
1536.59
1590.07
1657.92
1726.67
1844.47
1869.11
274
274
274
274
274
274
274
274
274
274
274
274
274
274
274
274
274
274
274
274
274
274
274
274
274
274
274
274
274
274
274
274
274
274
274
274
274
274
274
274
274
274
274
274
274
274
274
274
274
274
274
274
274
274
274
274
274
274
274
274
274
274
274
274
274
274
274
274
274
274
274
274
274
274
274
274
274
274
274
274
274
274
274
274.012
274.697
305.088
686.925
1104
1166.1
1195.92
1242.22
1290.93
1326.21
1370.18
1431.97
1542.47
1707.7
1844.3
1883.12
1882.12
1822
1774.12
1701.64
1691.07
1689.58
1694.4
1700.45
1680.85
1719.12
1737.26
1711.94
1686.04
1595.89
1511.58
1515.53
1510.89
1463.12
1509.04
1525.11
1578.88
1649.7
1685.91
1743.76
1790.49
1848.49
274
274
274
274
274
274
274
274
274
274
274
274
274
274
274
274
274
274
274
274
274
274
274
274
274
274
274
274
274
274
274
274
274
274
274
274
274
274
274
274
274
274
274
274
274
274
274
274
274
274
274
274
274
274
274
274
274
274
274
274
274
274
274
274
274
274
274
274
274
274
274
274
274
274
274
274
274
274
274
274
274
274
274.001
274.033
275.71
351.049
824.19
1135.02
1180.98
1217.49
1270.99
1320.93
1349.82
1389.69
1454.97
1569.26
1731.46
1844.7
1871.12
1851.55
1817.01
1762.13
1726.63
1725.89
1730.71
1747.38
1759.33
1750.38
1772.99
1819.44
1808.4
1781.54
1757.01
1652.77
1561.47
1607.08
1576.86
1572.7
1617.04
1641.39
1712.53
1721.24
1780.72
1820.01
1857.04
274
274
274
274
274
274
274
274
274
274
274
274
274
274
274
274
274
274
274
274
274
274
274
274
274
274
274
274
274
274
274
274
274
274
274
274
274
274
274
274
274
274
274
274
274
274
274
274
274
274
274
274
274
274
274
274
274
274
274
274
274
274
274
274
274
274
274
274
274
274
274
274
274
274
274
274
274
274
274
274
274
274
274.002
274.08
277.788
414.672
928.73
1153.08
1195.93
1241.95
1303.34
1353.22
1377.01
1413.27
1478.3
1593.07
1744.84
1838.88
1859.39
1827.49
1803.73
1750.67
1739.06
1739.55
1748.47
1768.84
1791.76
1809.7
1819.73
1871.59
1897.71
1899.18
1886.92
1844.13
1745.27
1638.89
1700.2
1651.72
1673.73
1722.03
1726.72
1783
1808.34
1844.24
1865.9
274
274
274
274
274
274
274
274
274
274
274
274
274
274
274
274
274
274
274
274
274
274
274
274
274
274
274
274
274
274
274
274
274
274
274
274
274
274
274
274
274
274
274
274
274
274
274
274
274
274
274
274
274
274
274
274
274
274
274
274
274
274
274
274
274
274
274
274
274
274
274
274
274
274
274
274
274
274
274
274
274
274
274.003
274.173
281.566
489.266
1004.65
1169.07
1211.37
1261.59
1323.12
1369.88
1394.65
1437.78
1503.04
1609.83
1750.63
1830.06
1841.62
1833.55
1799.63
1756.82
1753.39
1756.51
1769.15
1790.9
1828.04
1869.65
1902.28
1924.56
1976.47
2007.74
2014.92
2006.36
1975.47
1859.44
1749.32
1801.74
1778.7
1782.11
1831.46
1851.07
1886.99
1912.14
1945.95
274
274
274
274
274
274
274
274
274
274
274
274
274
274
274
274
274
274
274
274
274
274
274
274
274
274
274
274
274
274
274
274
274
274
274
274
274
274
274
274
274
274
274
274
274
274
274
274
274
274
274
274
274
274
274
274
274
274
274
274
274
274
274
274
274
274
274
274
274
274
274
274
274
274
274
274
274
274
274
274
274
274
274.006
274.313
287.141
557.912
1054.64
1178.56
1219.28
1271.88
1333.07
1377.32
1403.9
1446.96
1513.45
1618.08
1756.06
1823.02
1828.4
1827.19
1785.75
1768.52
1768.2
1775.62
1790.04
1815.77
1847.61
1894.08
1960.19
2005.85
2043.7
2088.86
2137.9
2149.64
2139.35
2109.36
1981.82
1907.14
1905.2
1886.01
1919.72
1921.9
1962.32
1978.41
2023.46
274
274
274
274
274
274
274
274
274
274
274
274
274
274
274
274
274
274
274
274
274
274
274
274
274
274
274
274
274
274
274
274
274
274
274
274
274
274
274
274
274
274
274
274
274
274
274
274
274
274
274
274
274
274
274
274
274
274
274
274
274
274
274
274
274
274
274
274
274
274
274
274
274
274
274
274
274
274
274
274
274
274
274.009
274.508
295.149
621.829
1091.36
1185.77
1224.41
1277.25
1336.12
1378.12
1409.59
1449.99
1519.3
1622.36
1760.5
1819.76
1818.14
1812.78
1780.11
1774.11
1780.16
1793.71
1806.35
1835.38
1872.18
1935.91
1986.56
2039.71
2095
2133.28
2182.48
2244.04
2261.53
2263.24
2252.53
2108.65
2019.59
1981.21
1973.09
1999.49
1996.22
2024.62
2030.51
274
274
274
274
274
274
274
274
274
274
274
274
274
274
274
274
274
274
274
274
274
274
274
274
274
274
274
274
274
274
274
274
274
274
274
274
274
274
274
274
274
274
274
274
274
274
274
274
274
274
274
274
274
274
274
274
274
274
274
274
274
274
274
274
274
274
274
274
274
274
274
274
274
274
274
274
274
274
274
274
274
274
274.014
274.728
305.041
676.69
1109.49
1188.37
1228.14
1284.09
1343.53
1383.45
1418.52
1455.39
1520.21
1625.84
1760.72
1811.32
1818.67
1799.83
1779.05
1778.28
1789.18
1798.96
1810.91
1838.1
1892.62
1957.19
2015.97
2070.27
2118.14
2162.76
2208.09
2259.66
2315.49
2335.43
2340.67
2340.7
2178.54
2090.19
2062.38
2017.88
2028.94
2032.4
2014.14
274
274
274
274
274
274
274
274
274
274
274
274
274
274
274
274
274
274
274
274
274
274
274
274
274
274
274
274
274
274
274
274
274
274
274
274
274
274
274
274
274
274
274
274
274
274
274
274
274
274
274
274
274
274
274
274
274
274
274
274
274
274
274
274
274
274
274
274
274
274
274
274
274
274
274
274
274
274
274
274
274
274
274.019
274.99
317.636
727.145
1125.9
1196.2
1237.52
1295.55
1353.51
1389.69
1422.16
1458.91
1523.47
1629.71
1760.02
1805.37
1812.25
1790.37
1777.79
1779.64
1792.57
1798.78
1806.76
1840.83
1897.93
1963.23
2031.72
2095.55
2156.65
2200.89
2229.57
2258.82
2300.28
2361.42
2398.25
2414.74
2421.49
2264.49
2136.61
2099.59
2049.56
2004.14
1896.9
274
274
274
274
274
274
274
274
274
274
274
274
274
274
274
274
274
274
274
274
274
274
274
274
274
274
274
274
274
274
274
274
274
274
274
274
274
274
274
274
274
274
274
274
274
274
274
274
274
274
274
274
274
274
274
274
274
274
274
274
274
274
274
274
274
274
274
274
274
274
274
274
274
274
274
274
274
274
274
274
274
274.001
274.023
275.211
327.89
759.37
1137.98
1206.69
1250.53
1311.35
1368.01
1402.72
1429.86
1465.2
1524.75
1627.69
1757.28
1800.25
1806.26
1785.01
1776.2
1779.91
1791.18
1794.91
1801.66
1835.23
1887.33
1956.79
2030.9
2105.59
2186.64
2233.33
2247.03
2251.99
2259.64
2285.69
2341.94
2371.81
2406.73
2419.65
2345.39
2220.73
1991.47
1913.95
1761.02
274
274
274
274
274
274
274
274
274
274
274
274
274
274
274
274
274
274
274
274
274
274
274
274
274
274
274
274
274
274
274
274
274
274
274
274
274
274
274
274
274
274
274
274
274
274
274
274
274
274
274
274
274
274
274
274
274
274
274
274
274
274
274
274
274
274
274
274
274
274
274
274
274
274
274
274
274
274
274
274
274
274.001
274.026
275.319
332.758
773.445
1143.99
1210.45
1253.84
1315.46
1375.88
1406.69
1432.34
1467.23
1525.79
1627.08
1756.05
1798.06
1803.87
1782.52
1774.55
1778.45
1788.39
1791.26
1797.44
1829.87
1880.39
1950.79
2028.23
2107.05
2194.18
2274.23
2309.59
2321.53
2328.07
2340.83
2368.19
2417.41
2467.15
2491.86
2499.47
2220.61
2026.56
1837.98
1763.17
274
274
274
274
274
274
274
274
274
274
274
274
274
274
274
274
274
274
274
274
274
274
274
274
274
274
274
274
274
274
274
274
274
274
274
274
274
274
274
274
274
274
274
274
274
274
274
274
274
274
274
274
274
274
274
274
274
274
274
274
274
274
274
274
274
274
274
274
274
274
274
274
274
274
274
274
274
274
274
274
274
274.001
274.023
275.216
328.134
760.119
1138.49
1207.02
1250.8
1311.74
1368.78
1402.77
1429.84
1465.01
1524.21
1627.18
1757.25
1800.32
1806.24
1784.66
1775.58
1779.19
1790.26
1793.99
1800.37
1833.99
1884.85
1955.36
2032.8
2109.67
2194.54
2254.65
2275.31
2280.89
2286.95
2305.58
2348.94
2371.96
2394.65
2409.79
2360.1
2248.18
2004.8
1927.68
1759.78
274
274
274
274
274
274
274
274
274
274
274
274
274
274
274
274
274
274
274
274
274
274
274
274
274
274
274
274
274
274
274
274
274
274
274
274
274
274
274
274
274
274
274
274
274
274
274
274
274
274
274
274
274
274
274
274
274
274
274
274
274
274
274
274
274
274
274
274
274
274
274
274
274
274
274
274
274
274
274
274
274
274
274.019
274.997
317.957
728.298
1126.73
1197.16
1238.64
1296.82
1354.45
1390.83
1422.8
1459.22
1522.62
1628.73
1759.85
1805.48
1812.25
1789.7
1776.52
1778.07
1790.41
1796.56
1804.1
1837.04
1894.21
1959.41
2031.65
2097.92
2162.52
2205.26
2225.66
2248.62
2289.93
2353.24
2385.54
2411.07
2424.5
2317.95
2155.83
2115.62
2078.56
2020.71
1910.99
274
274
274
274
274
274
274
274
274
274
274
274
274
274
274
274
274
274
274
274
274
274
274
274
274
274
274
274
274
274
274
274
274
274
274
274
274
274
274
274
274
274
274
274
274
274
274
274
274
274
274
274
274
274
274
274
274
274
274
274
274
274
274
274
274
274
274
274
274
274
274
274
274
274
274
274
274
274
274
274
274
274
274.014
274.734
305.284
677.727
1110.26
1189.15
1229
1285.09
1344.66
1384.8
1418.44
1455.37
1518.33
1625.29
1761.21
1811.51
1818.54
1798.89
1776.8
1775.65
1785.7
1796.13
1808.91
1832.31
1889.74
1958.01
2019.45
2078.21
2126.65
2165.18
2194.07
2241.12
2305.17
2334.27
2352.75
2357.95
2219.23
2113.51
2091.1
2046.32
2050.09
2049.9
2029.13
274
274
274
274
274
274
274
274
274
274
274
274
274
274
274
274
274
274
274
274
274
274
274
274
274
274
274
274
274
274
274
274
274
274
274
274
274
274
274
274
274
274
274
274
274
274
274
274
274
274
274
274
274
274
274
274
274
274
274
274
274
274
274
274
274
274
274
274
274
274
274
274
274
274
274
274
274
274
274
274
274
274
274.009
274.513
295.375
623.303
1092.49
1186.67
1225.36
1278.31
1337.43
1379.34
1409.36
1449.07
1518.26
1622.11
1761.36
1820.49
1817.98
1812.23
1777.77
1771.05
1776.26
1789.76
1803.48
1830.93
1867.86
1939.85
1992.42
2048.1
2103.51
2134.5
2171.66
2237.66
2264.87
2275.21
2275.45
2158.18
2048.72
2008.63
1991.33
2024.22
2014.86
2037.62
2040.92
274
274
274
274
274
274
274
274
274
274
274
274
274
274
274
274
274
274
274
274
274
274
274
274
274
274
274
274
274
274
274
274
274
274
274
274
274
274
274
274
274
274
274
274
274
274
274
274
274
274
274
274
274
274
274
274
274
274
274
274
274
274
274
274
274
274
274
274
274
274
274
274
274
274
274
274
274
274
274
274
274
274
274.006
274.317
287.306
559.606
1056.12
1179.6
1220.35
1272.92
1334.11
1378.41
1404.07
1447.05
1513.5
1618.62
1757.77
1824.19
1828.93
1826.76
1784.41
1765.34
1764.7
1771.28
1786.6
1813.35
1845.84
1900.51
1970.23
2014.22
2048.74
2087.93
2145.19
2164.49
2165.66
2139.15
2030.3
1923.29
1916.34
1893.41
1941.81
1937.09
1976.98
1991.38
2019.28
274
274
274
274
274
274
274
274
274
274
274
274
274
274
274
274
274
274
274
274
274
274
274
274
274
274
274
274
274
274
274
274
274
274
274
274
274
274
274
274
274
274
274
274
274
274
274
274
274
274
274
274
274
274
274
274
274
274
274
274
274
274
274
274
274
274
274
274
274
274
274
274
274
274
274
274
274
274
274
274
274
274
274.003
274.176
281.687
491.259
1006.85
1170.42
1212.66
1262.72
1324
1370.78
1394.97
1438.99
1504.09
1611.31
1753.1
1832.46
1843.64
1832.49
1798.57
1753.33
1749.61
1752.76
1765.71
1788.45
1828.55
1876.4
1915.88
1936.24
1979.32
2019.58
2031.92
2029.64
1995.22
1877.77
1747.02
1788.84
1778.03
1776.07
1835.7
1862.22
1900.55
1917.61
1948.87
274
274
274
274
274
274
274
274
274
274
274
274
274
274
274
274
274
274
274
274
274
274
274
274
274
274
274
274
274
274
274
274
274
274
274
274
274
274
274
274
274
274
274
274
274
274
274
274
274
274
274
274
274
274
274
274
274
274
274
274
274
274
274
274
274
274
274
274
274
274
274
274
274
274
274
274
274
274
274
274
274
274
274.002
274.082
277.859
416.554
931.504
1154.78
1197.82
1244.05
1305.65
1355.51
1379.28
1414.83
1480.98
1594.92
1748.02
1841.79
1861.85
1826.23
1801.99
1748.73
1736.36
1736.99
1746.41
1767.44
1795.67
1813.33
1818.15
1855.95
1890.09
1899.1
1892.77
1852.37
1747.25
1621.57
1683.36
1656.4
1656.05
1713.66
1719.06
1785.35
1810.01
1847.96
1864.24
274
274
274
274
274
274
274
274
274
274
274
274
274
274
274
274
274
274
274
274
274
274
274
274
274
274
274
274
274
274
274
274
274
274
274
274
274
274
274
274
274
274
274
274
274
274
274
274
274
274
274
274
274
274
274
274
274
274
274
274
274
274
274
274
274
274
274
274
274
274
274
274
274
274
274
274
274
274
274
274
274
274
274.001
274.034
275.75
352.68
828.018
1136.95
1182.95
1219.73
1273.54
1323.72
1352.77
1392.09
1457.97
1572.27
1736.2
1848.5
1874.36
1853.18
1814.51
1760.67
1724.05
1723.54
1729.15
1746.76
1758.87
1747.42
1766.43
1807.55
1806
1780.03
1747.46
1641.2
1534.28
1588
1558.38
1554.61
1593.82
1616.2
1699.36
1713.24
1773.69
1809.17
1848.13
274
274
274
274
274
274
274
274
274
274
274
274
274
274
274
274
274
274
274
274
274
274
274
274
274
274
274
274
274
274
274
274
274
274
274
274
274
274
274
274
274
274
274
274
274
274
274
274
274
274
274
274
274
274
274
274
274
274
274
274
274
274
274
274
274
274
274
274
274
274
274
274
274
274
274
274
274
274
274
274
274
274
274
274.013
274.716
306.033
691.264
1106.35
1168.14
1198.2
1244.79
1293.8
1328.63
1372.17
1434.2
1546.02
1713.9
1849.1
1886.53
1884.09
1819.8
1770.68
1697.9
1687.45
1686.51
1691.9
1697.12
1673.28
1707.84
1722.29
1686.97
1650.18
1581.04
1468.51
1470.34
1480.8
1448.97
1490.85
1503.78
1571.64
1637.82
1680.14
1735.07
1785.17
1844.54
274
274
274
274
274
274
274
274
274
274
274
274
274
274
274
274
274
274
274
274
274
274
274
274
274
274
274
274
274
274
274
274
274
274
274
274
274
274
274
274
274
274
274
274
274
274
274
274
274
274
274
274
274
274
274
274
274
274
274
274
274
274
274
274
274
274
274
274
274
274
274
274
274
274
274
274
274
274
274
274
274
274
274
274.005
274.276
286.167
557.339
1055.39
1155.51
1180.24
1217.88
1259.59
1291.32
1335.68
1410.58
1530.06
1688.95
1839.81
1891.3
1897.09
1840.82
1787.34
1689.77
1650.72
1650.25
1651.42
1650.33
1640.36
1637.06
1615.17
1591.54
1534.12
1448.94
1395.42
1407.29
1405.67
1412.97
1412.11
1447.56
1522.89
1577.78
1650.87
1714.97
1834.56
1857.68
274
274
274
274
274
274
274
274
274
274
274
274
274
274
274
274
274
274
274
274
274
274
274
274
274
274
274
274
274
274
274
274
274
274
274
274
274
274
274
274
274
274
274
274
274
274
274
274
274
274
274
274
274
274
274
274
274
274
274
274
274
274
274
274
274
274
274
274
274
274
274
274
274
274
274
274
274
274
274
274
274
274
274
274.002
274.085
278.166
431.218
955.166
1137.95
1163.07
1197.35
1242.73
1284.28
1330.64
1398.35
1502.5
1653.05
1822.02
1892.85
1905.35
1879.82
1796.32
1715.53
1619
1595.18
1576.48
1567.04
1564.4
1569.29
1561.3
1514.18
1419.81
1358.72
1347.6
1344.95
1371.21
1376.8
1362.65
1427.57
1473.96
1538.94
1604.7
1679.01
1832.19
1938.8
274
274
274
274
274
274
274
274
274
274
274
274
274
274
274
274
274
274
274
274
274
274
274
274
274
274
274
274
274
274
274
274
274
274
274
274
274
274
274
274
274
274
274
274
274
274
274
274
274
274
274
274
274
274
274
274
274
274
274
274
274
274
274
274
274
274
274
274
274
274
274
274
274
274
274
274
274
274
274
274
274
274
274
274.001
274.024
275.359
340.765
815.863
1118.68
1142.07
1157.42
1194.15
1250
1309.17
1372.98
1463.76
1610.85
1800.19
1892.13
1911.02
1901.47
1774.09
1679.83
1589.94
1575.35
1569.56
1581.42
1595.08
1578.47
1532.46
1395.41
1317.47
1321.34
1290.93
1302.92
1333.05
1310
1310.39
1335.73
1357.19
1429.94
1519.73
1672.57
1839.4
2072.4
274
274
274
274
274
274
274
274
274
274
274
274
274
274
274
274
274
274
274
274
274
274
274
274
274
274
274
274
274
274
274
274
274
274
274
274
274
274
274
274
274
274
274
274
274
274
274
274
274
274
274
274
274
274
274
274
274
274
274
274
274
274
274
274
274
274
274
274
274
274
274
274
274
274
274
274
274
274
274
274
274
274
274
274
274.008
274.477
295.689
644.482
1070.76
1134.56
1160.11
1193.79
1231.99
1276.45
1339.13
1431.45
1580.1
1774.77
1889.44
1915.33
1905.24
1791.83
1705.2
1590.58
1545.8
1534.95
1506.6
1497.12
1491.42
1438.29
1327.49
1292.43
1249.77
1214.7
1249.38
1269.27
1235.28
1241.05
1290.1
1358.75
1474.28
1598
1713.49
1910.96
2039.01
274
274
274
274
274
274
274
274
274
274
274
274
274
274
274
274
274
274
274
274
274
274
274
274
274
274
274
274
274
274
274
274
274
274
274
274
274
274
274
274
274
274
274
274
274
274
274
274
274
274
274
274
274
274
274
274
274
274
274
274
274
274
274
274
274
274
274
274
274
274
274
274
274
274
274
274
274
274
274
274
274
274
274
274
274.004
274.225
284.166
536.754
1022.86
1116.52
1148.3
1187.42
1222.58
1257.73
1316.24
1411.25
1562.23
1762
1889.13
1919.22
1914.61
1834.6
1693.33
1603.6
1523.72
1516.96
1491.11
1476.14
1443.54
1382.52
1292.08
1267.84
1209.25
1183.74
1223.85
1226.16
1206.32
1223.73
1277.08
1347.31
1462.09
1559.76
1630.7
1743.48
1988.21
274
274
274
274
274
274
274
274
274
274
274
274
274
274
274
274
274
274
274
274
274
274
274
274
274
274
274
274
274
274
274
274
274
274
274
274
274
274
274
274
274
274
274
274
274
274
274
274
274
274
274
274
274
274
274
274
274
274
274
274
274
274
274
274
274
274
274
274
274
274
274
274
274
274
274
274
274
274
274
274
274
274
274
274
274.001
274.027
275.63
354.552
841.973
1090.51
1117.48
1144.68
1177.58
1205.87
1244.44
1327.68
1473.8
1675.23
1858.41
1921.74
1930.22
1901.87
1762.24
1619.65
1512.62
1418.82
1363.7
1347.72
1353.07
1259.59
1164.96
1120
1069.23
1067.87
1071.17
1072.13
1085.17
1111.05
1144.83
1201.18
1272
1321.88
1420.47
1622.5
1650.9
274
274
274
274
274
274
274
274
274
274
274
274
274
274
274
274
274
274
274
274
274
274
274
274
274
274
274
274
274
274
274
274
274
274
274
274
274
274
274
274
274
274
274
274
274
274
274
274
274
274
274
274
274
274
274
274
274
274
274
274
274
274
274
274
274
274
274
274
274
274
274
274
274
274
274
274
274
274
274
274
274
274
274
274
274
274.001
274.075
278.4
443.211
948.005
1091.79
1103.42
1123.75
1148.51
1181.05
1241.17
1370.36
1569.26
1782.49
1901.46
1931.95
1924.85
1862.18
1656.64
1533.56
1458.11
1429.27
1394.12
1230.25
1159.27
1116.06
1054.4
1055.42
1051.44
1083.6
1123.58
1151.38
1219.25
1248.96
1308.25
1429.91
1531.11
1567.73
1366.03
1292.32
274
274
274
274
274
274
274
274
274
274
274
274
274
274
274
274
274
274
274
274
274
274
274
274
274
274
274
274
274
274
274
274
274
274
274
274
274
274
274
274
274
274
274
274
274
274
274
274
274
274
274
274
274
274
274
274
274
274
274
274
274
274
274
274
274
274
274
274
274
274
274
274
274
274
274
274
274
274
274
274
274
274
274
274
274
274
274.003
274.225
285.429
556.022
1030.95
1091.09
1091.14
1117.13
1158.48
1215.5
1314.01
1469.75
1673.92
1853.91
1921.55
1929.65
1900.55
1784.3
1575.54
1483.06
1445.82
1435.03
1288.82
1212.16
1157.22
1092.56
1087.2
1126.9
1144.63
1147.7
1187.25
1231.05
1258.45
1343.66
1447.18
1484.51
1451.78
1252.21
1255.86
274
274
274
274
274
274
274
274
274
274
274
274
274
274
274
274
274
274
274
274
274
274
274
274
274
274
274
274
274
274
274
274
274
274
274
274
274
274
274
274
274
274
274
274
274
274
274
274
274
274
274
274
274
274
274
274
274
274
274
274
274
274
274
274
274
274
274
274
274
274
274
274
274
274
274
274
274
274
274
274
274
274
274
274
274
274
274
274.006
274.487
298.778
668.194
1065.85
1082.86
1077.86
1098.18
1135.74
1195.98
1305.68
1477.54
1697.4
1865.46
1919.25
1916.43
1872.17
1716.61
1599.9
1558.53
1550.5
1524.23
1551.24
1273.06
1171.12
1139.85
1110.87
1135.37
1184.72
1217.56
1278.4
1356.58
1425.74
1468.77
1468.91
1360.79
1357.28
1340.25
274
274
274
274
274
274
274
274
274
274
274
274
274
274
274
274
274
274
274
274
274
274
274
274
274
274
274
274
274
274
274
274
274
274
274
274
274
274
274
274
274
274
274
274
274
274
274
274
274
274
274
274
274
274
274
274
274
274
274
274
274
274
274
274
274
274
274
274
274
274
274
274
274
274
274
274
274
274
274
274
274
274
274
274
274
274
274
274
274.011
274.806
315.095
734.933
1064.95
1068.97
1062.82
1071.21
1095.67
1155.7
1269.73
1443.64
1666.25
1842.81
1896.26
1890.34
1863.77
1802.76
1763.45
1754.3
1940.5
2099.95
1948.94
1683.16
1512.42
1469.42
1460.02
1465
1516.87
1647.07
1700.42
1726.57
1621.24
1496.78
1434.35
1474.53
1207.91
274
274
274
274
274
274
274
274
274
274
274
274
274
274
274
274
274
274
274
274
274
274
274
274
274
274
274
274
274
274
274
274
274
274
274
274
274
274
274
274
274
274
274
274
274
274
274
274
274
274
274
274
274
274
274
274
274
274
274
274
274
274
274
274
274
274
274
274
274
274
274
274
274
274
274
274
274
274
274
274
274
274
274
274
274
274
274
274
274
274.015
275.023
322.467
740.145
1049.53
1054.13
1040.35
1038.93
1056.16
1111.39
1219.03
1389.7
1611.1
1802.32
1858.28
1858.2
1830.78
1823.65
1825.67
1943.91
2099.36
2124.69
2140.87
2193.53
2247.17
2100.44
2105.26
2082.83
2012.76
1881.38
1715.57
1640.98
1627.31
1462.72
1277.11
1008.87
274
274
274
274
274
274
274
274
274
274
274
274
274
274
274
274
274
274
274
274
274
274
274
274
274
274
274
274
274
274
274
274
274
274
274
274
274
274
274
274
274
274
274
274
274
274
274
274
274
274
274
274
274
274
274
274
274
274
274
274
274
274
274
274
274
274
274
274
274
274
274
274
274
274
274
274
274
274
274
274
274
274
274
274
274
274
274
274
274
274
274.019
275.003
315.686
691.678
1023.44
1037.11
1015.48
1007.11
1017.69
1061.21
1157.52
1319.38
1544.79
1750.44
1804.62
1798.76
1779.62
1773.91
1785.21
1838.23
1888.41
1929.65
2041.68
2050.92
2020.5
2015.86
2013.64
1960.74
1909.08
1797.45
1695.5
1557.74
1378.8
972.379
725.83
274
274
274
274
274
274
274
274
274
274
274
274
274
274
274
274
274
274
274
274
274
274
274
274
274
274
274
274
274
274
274
274
274
274
274
274
274
274
274
274
274
274
274
274
274
274
274
274
274
274
274
274
274
274
274
274
274
274
274
274
274
274
274
274
274
274
274
274
274
274
274
274
274
274
274
274
274
274
274
274
274
274
274
274
274
274
274
274
274
274
274
274.019
274.777
300.907
603.388
974.777
1019.37
994.823
977.539
977.724
1008.78
1087.81
1230.45
1443.84
1653.74
1716.85
1716.15
1699.54
1658.37
1625.19
1628.19
1634.08
1674.52
1681.1
1670.85
1692.99
1688.29
1671.56
1627.24
1543.24
1379.74
1138.91
955.654
717.138
588.672
274
274
274
274
274
274
274
274
274
274
274
274
274
274
274
274
274
274
274
274
274
274
274
274
274
274
274
274
274
274
274
274
274
274
274
274
274
274
274
274
274
274
274
274
274
274
274
274
274
274
274
274
274
274
274
274
274
274
274
274
274
274
274
274
274
274
274
274
274
274
274
274
274
274
274
274
274
274
274
274
274
274
274
274
274
274
274
274
274
274
274
274
274.016
274.492
287.942
494.796
886.24
997.493
977.528
950.931
942.274
959.377
1015.45
1128.13
1296.72
1474.47
1575.38
1588.08
1563.43
1508.94
1468.84
1443.07
1394.14
1348.43
1308.92
1299.61
1238.94
1180.07
1108.17
1021.86
913.313
787.511
693.121
569.991
493.233
274
274
274
274
274
274
274
274
274
274
274
274
274
274
274
274
274
274
274
274
274
274
274
274
274
274
274
274
274
274
274
274
274
274
274
274
274
274
274
274
274
274
274
274
274
274
274
274
274
274
274
274
274
274
274
274
274
274
274
274
274
274
274
274
274
274
274
274
274
274
274
274
274
274
274
274
274
274
274
274
274
274
274
274
274
274
274
274
274
274
274
274
274
274.011
274.265
279.967
386.557
734.924
956.571
959.669
930.522
913.641
915.205
947.763
1022.87
1130.43
1241.29
1316.5
1337.01
1323.54
1277.63
1228.8
1179.38
1114.72
1058.87
1011.29
949.064
888.301
819.302
752.469
686.236
613.936
561.249
491.972
442.098
274
274
274
274
274
274
274
274
274
274
274
274
274
274
274
274
274
274
274
274
274
274
274
274
274
274
274
274
274
274
274
274
274
274
274
274
274
274
274
274
274
274
274
274
274
274
274
274
274
274
274
274
274
274
274
274
274
274
274
274
274
274
274
274
274
274
274
274
274
274
274
274
274
274
274
274
274
274
274
274
274
274
274
274
274
274
274
274
274
274
274
274
274
274
274.006
274.127
276.135
310.537
540.328
844.436
932.203
914.973
890.944
881.18
892.306
925.117
973.489
1025.52
1049.74
1050.77
1034.02
1004.03
959.708
907.726
855.515
802.704
754.099
706.887
659.221
612.226
569.963
523.863
488.949
446.678
414.716
274
274
274
274
274
274
274
274
274
274
274
274
274
274
274
274
274
274
274
274
274
274
274
274
274
274
274
274
274
274
274
274
274
274
274
274
274
274
274
274
274
274
274
274
274
274
274
274
274
274
274
274
274
274
274
274
274
274
274
274
274
274
274
274
274
274
274
274
274
274
274
274
274
274
274
274
274
274
274
274
274
274
274
274
274
274
274
274
274
274
274
274
274
274
274
274.003
274.054
274.697
283.123
378.676
643.273
855.708
892.504
873.009
856.63
847.443
845.288
852.761
859.943
858.857
845.135
819.393
790.754
752.382
712.495
675.628
639.677
603.99
571.259
536.88
507.285
475.1
449.545
423.631
402.774
274
274
274
274
274
274
274
274
274
274
274
274
274
274
274
274
274
274
274
274
274
274
274
274
274
274
274
274
274
274
274
274
274
274
274
274
274
274
274
274
274
274
274
274
274
274
274
274
274
274
274
274
274
274
274
274
274
274
274
274
274
274
274
274
274
274
274
274
274
274
274
274
274
274
274
274
274
274
274
274
274
274
274
274
274
274
274
274
274
274
274
274
274
274
274
274
274.001
274.02
274.223
276.183
295.101
426.77
661.682
816.388
842.057
825.972
808.382
787.473
768.017
750.108
731.913
710.685
689.181
662.491
633.686
604.652
575.952
548.127
522.518
495.695
472.728
448.46
428.437
409.879
394.613
274
274
274
274
274
274
274
274
274
274
274
274
274
274
274
274
274
274
274
274
274
274
274
274
274
274
274
274
274
274
274
274
274
274
274
274
274
274
274
274
274
274
274
274
274
274
274
274
274
274
274
274
274
274
274
274
274
274
274
274
274
274
274
274
274
274
274
274
274
274
274
274
274
274
274
274
274
274
274
274
274
274
274
274
274
274
274
274
274
274
274
274
274
274
274
274
274
274
274.006
274.064
274.521
278.03
302.608
419.553
598.663
724.871
767.444
758.205
736.744
711.237
683.79
655
628.942
603.411
578.885
554.404
531.093
508.455
487.851
466.633
448.637
430.917
416.188
402.836
391.126
274
274
274
274
274
274
274
274
274
274
274
274
274
274
274
274
274
274
274
274
274
274
274
274
274
274
274
274
274
274
274
274
274
274
274
274
274
274
274
274
274
274
274
274
274
274
274
274
274
274
274
274
274
274
274
274
274
274
274
274
274
274
274
274
274
274
274
274
274
274
274
274
274
274
274
274
274
274
274
274
274
274
274
274
274
274
274
274
274
274
274
274
274
274
274
274
274
274
274
274.001
274.017
274.124
274.762
278.31
294.502
358.461
468.008
580.391
642.156
659.275
647.2
624.357
599.192
573.432
548.79
525.517
504.661
484.854
467.438
450.231
435.18
419.269
398.413
368.296
332.147
274
274
274
274
274
274
274
274
274
274
274
274
274
274
274
274
274
274
274
274
274
274
274
274
274
274
274
274
274
274
274
274
274
274
274
274
274
274
274
274
274
274
274
274
274
274
274
274
274
274
274
274
274
274
274
274
274
274
274
274
274
274
274
274
274
274
274
274
274
274
274
274
274
274
274
274
274
274
274
274
274
274
274
274
274
274
274
274
274
274
274
274
274
274
274
274
274
274
274
274
274
274.003
274.027
274.146
274.661
276.565
282.751
298.659
333.104
381.828
435.269
469.688
482.216
480.879
471.582
457.606
442.116
422.903
403.302
378.02
351.635
321.042
296.177
286.072
280.086
274
274
274
274
274
274
274
274
274
274
274
274
274
274
274
274
274
274
274
274
274
274
274
274
274
274
274
274
274
274
274
274
274
274
274
274
274
274
274
274
274
274
274
274
274
274
274
274
274
274
274
274
274
274
274
274
274
274
274
274
274
274
274
274
274
274
274
274
274
274
274
274
274
274
274
274
274
274
274
274
274
274
274
274
274
274
274
274
274
274
274
274
274
274
274
274
274
274
274
274
274
274
274.001
274.005
274.026
274.1
274.339
274.969
276.352
278.941
282.938
287.829
292.158
294.989
296.135
295.667
294.028
290.972
287.726
283.993
280.944
278.334
276.564
275.403
274.695
274
274
274
274
274
274
274
274
274
274
274
274
274
274
274
274
274
274
274
274
274
274
274
274
274
274
274
274
274
274
274
274
274
274
274
274
274
274
274
274
274
274
274
274
274
274
274
274
274
274
274
274
274
274
274
274
274
274
274
274
274
274
274
274
274
274
274
274
274
274
274
274
274
274
274
274
274
274
274
274
274
274
274
274
274
274
274
274
274
274
274
274
274
274
274
274
274
274
274
274
274
274
274
274
274.001
274.004
274.016
274.046
274.112
274.239
274.446
274.732
275.056
275.356
275.582
275.683
275.656
275.479
275.234
274.925
274.666
274.44
274.278
274.162
274.085
274
274
274
274
274
274
274
274
274
274
274
274
274
274
274
274
274
274
274
274
274
274
274
274
274
274
274
274
274
274
274
274
274
274
274
274
274
274
274
274
274
274
274
274
274
274
274
274
274
274
274
274
274
274
274
274
274
274
274
274
274
274
274
274
274
274
274
274
274
274
274
274
274
274
274
274
274
274
274
274
274
274
274
274
274
274
274
274
274
274
274
274
274
274
274
274
274
274
274
274
274
274
274
274
274
274
274
274.002
274.005
274.014
274.027
274.047
274.071
274.097
274.12
274.137
274.141
274.133
274.117
274.093
274.071
274.049
274.032
274.018
274.009
274
274
274
274
274
274
274
274
274
274
274
274
274
274
274
274
274
274
274
274
274
274
274
274
274
274
274
274
274
274
274
274
274
274
274
274
274
274
274
274
274
274
274
274
274
274
274
274
274
274
274
274
274
274
274
274
274
274
274
274
274
274
274
274
274
274
274
274
274
274
274
274
274
274
274
274
274
274
274
274
274
274
274
274
274
274
274
274
274
274
274
274
274
274
274
274
274
274
274
274
274
274
274
274
274
274
274
274
274
274
274.001
274.002
274.004
274.006
274.009
274.011
274.012
274.011
274.01
274.008
274.006
274.004
274.003
274.001
274.001
274
274
274
274
274
274
274
274
274
274
274
274
274
274
274
274
274
274
274
274
274
274
274
274
274
274
274
274
274
274
274
274
274
274
274
274
274
274
274
274
274
274
274
274
274
274
274
274
274
274
274
274
274
274
274
274
274
274
274
274
274
274
274
274
274
274
274
274
274
274
274
274
274
274
274
274
274
274
274
274
274
274
274
274
274
274
274
274
274
274
274
274
274
274
274
274
274
274
274
274
274
274
274
274
274
274
274
274
274
274
274
274
274
274
274
274.001
274.001
274.001
274.001
274
274
274
274
274
274
274
274
274
274
274
274
274
274
274
274
274
274
274
274
274
274
274
274
274
274
274
274
274
274
274
274
274
274
274
274
274
274
274
274
274
274
274
274
274
274
274
274
274
274
274
274
274
274
274
274
274
274
274
274
274
274
274
274
274
274
274
274
274
274
274
274
274
274
274
274
274
274
274
274
274
274
274
274
274
274
274
274
274
274
274
274
274
274
274
274
274
274
274
274
274
274
274
274
274
274
274
274
274
274
274
274
274
274
274
274
274
274
274
274
274
274
274
274
274
274
274
274
274
274
274
274
274
274
274
274
274
274
274
274
274
274
274
274
274
274
274
274
274
274
274
274
274
274
274
274
274
274
274
274
274
274
274
274
274
274
274
274
274
274
274
274
274
274
274
274
274
274
274
274
274
274
274
274
274
274
274
274
274
274
274
274
274
274
274
274
274
274
274
274
274
274
274
274
274
274
274
274
274
274
274
274
274
274
274
274
274
274
274
274
274
274
274
274
274
274
274
274
274
274
274
274
274
274
274
274
274
274
274
274
274
274
274
274
274
274
274
274
274
274
274
274
274
274
274
274
274
274
274
274
274
274
274
274
274
274
274
274
274
274
274
274
274
274
274
274
274
274
274
274
274
274
274
274
274
274
274
274
274
274
274
274
274
274
274
274
274
274
274
274
274
274
274
274
274
274
274
274
274
274
274
274
274
274
274
274
274
274
274
274
274
274
274
274
274
274
274
274
274
274
274
274
274
274
274
274
274
274
274
274
274
274
274
274
274
274
274
274
274
274
274
274
274
274
274
274
274
274
274
274
274
274
274
274
274
274
274
274
274
274
274
274
274
274
274
274
274
274
274
274
274
274
274
274
274
274
274
274
274
274
274
274
274
274
274
274
274
274
274
274
274
274
274
274
274
274
274
274
274
274
274
274
274
274
274
274
274
274
274
274
274
274
274
274
274
274
274
274
274
274
274
274
274
274
274
274
274
274
274
274
274
274
274
274
274
274
274
274
274
274
274
274
274
274
274
274
274
274
274
274
274
274
274
274
274
274
274
274
274
274
274
274
274
274
274
274
274
274
274
274
274
274
274
274
274
274
274
274
274
274
274
274
274
274
274
274
274
274
274
274
274
274
274
274
274
274
274
274
274
274
274
274
274
274
274
274
274
274
274
274
274
274
274
274
274
274
274
274
274
274
274
274
274
274
274
274
274
274
274
274
274
274
274
274
274
274
274
274
274
274
274
274
274
274
274
274
274
274
274
274
274
274
274
274
274
274
274
274
274
274
274
274
274
274
274
274
274
274
274
274
274
274
274
274
274
274
274
274
274
274
274
274
274
274
274
274
274
274
274
274
274
274
274
274
274
274
274
274
274
274
274
274
274
274
274
274
274
274
274
274
274
274
274
274
274
274
274
274
274
274
274
274
274
274
274
274
274
274
274
274
274
274
274
274
274
274
274
274
274
274
274
274
274
274
274
274
274
274
274
274
274
274
274
274
274
274
274
274
274
274
274
274
274
274
274
274
274
274
274
274
274
274
274
274
274
274
274
274
274
274
274
274
274
274
274
274
274
274
274
274
274
274
274
274
274
274
274
274
274
274
274
274
274
274
274
274
274
274
274
274
274
274
274
274
274
274
274
274
274
274
274
274
274
274
274
274
274
274
274
274
274
274
274
274
274
274
274
274
274
274
274
274
274
274
274
274
274
274
274
274
274
274
274
274
274
274
274
274
274
274
274
274
274
274
274
274
274
274
274
274
274
274
274
274
274
274
274
274
274
274
274
274
274
274
274
274
274
274
274
274
274
274
274
274
274
274
274
274
274
274
274
274
274
274
274
274
274
274
274
274
274
274
274
274
274
274
274
274
274
274
274
274
274
274
274
274
274
274
274
274
274
274
274
274
274
274
274
274
274
274
274
274
274
274
274
274
274
274
274
274
274
274
274
274
274
274
274
274
274
274
274
274
274
274
274
274
274
274
274
274
274
274
274
274
274
274
274
274
274
274
274
274
274
274
274
274
274
274
274
274
274
274
274
274
274
274
274
274
274
274
274
274
274
274
274
274
274
274
274
274
274
274
274
274
274
274
274
274
274
274
274
274
274
274
274
274
274
274
274
274
274
274
274
274
274
274
274
274
274
274
274
274
274
274
274
274
274
274
274
274
274
274
274
274
274
274
274
274
274
274
274
274
274
274
274
274
274
274
274
274
274
274
274
274
274
274
274
274
274
274
274
274
274
274
274
274
274
274
274
274
274
274
274
274
274
274
274.002
274.002
274.002
274.002
274.002
274.002
274.002
274.002
274.002
274.002
274.002
274.002
274.002
274.002
274.002
274.002
274.002
274.002
274.002
274.002
274.002
274.002
274.002
274.002
274.002
274.002
274.002
274.002
274.002
274.002
274.002
274.002
274.002
274.002
274.002
274.002
274.002
274.002
274.002
274.002
274.002
274.002
274.002
274.002
274.002
274.002
274.002
274.002
274.002
274.002
274.002
274.002
274.002
274.002
274.002
274.002
274.002
274.002
274.002
274.002
274.002
274.002
274.002
274.002
274.002
274.002
274.002
274.002
274.002
274.002
274.002
274.002
274.002
274.002
274.002
274.002
274.002
274.002
274.002
274.002
274.002
274.002
274.002
274.002
274.002
274.002
274.002
274.002
274.002
274.002
274.002
274.002
274.002
274.002
274.002
274.002
274.002
274.002
274.002
274.002
274.002
274.001
274.001
274.001
274.001
274.001
274.001
274.001
274.001
274.001
274.001
274.002
274.002
274.002
274.002
274.002
274.002
274.002
274.002
274.002
274.002
274.002
274.002
274.002
274.002
)
;

boundaryField
{
    wall
    {
        type            zeroGradient;
    }
    inlet
    {
        type            fixedValue;
        value           uniform 3673;
    }
    outlet-1
    {
        type            inletOutlet;
        inletValue      uniform 274;
        value           uniform 274;
    }
    outlet-2
    {
        type            inletOutlet;
        inletValue      uniform 274;
        value           nonuniform List<scalar> 
89
(
274.002
274
274
274
274
274
274
274
274
274
274
274
274
274
274
274
274
274
274
274
274
274
274
274
274
274
274
274
274
274
274
274
274
274
274
274
274
274
274
274
274
274
274
274
274
274
274
274
274
274
274
274
274
274
274
274
274
274
274
274
274
274
274
274
274
274
274
274
274
274
274
274
274
274
274
274
274
274
274
274
274
274
274
274
274
274
274
274
274.002
)
;
    }
    frontAndBackPlanes
    {
        type            empty;
    }
}


// ************************************************************************* //
