/*--------------------------------*- C++ -*----------------------------------*\
| =========                 |                                                 |
| \\      /  F ield         | OpenFOAM: The Open Source CFD Toolbox           |
|  \\    /   O peration     | Version:  2112                                  |
|   \\  /    A nd           | Website:  www.openfoam.com                      |
|    \\/     M anipulation  |                                                 |
\*---------------------------------------------------------------------------*/
FoamFile
{
    version     2.0;
    format      ascii;
    arch        "LSB;label=32;scalar=64";
    class       volScalarField;
    location    "0.00011";
    object      T;
}
// * * * * * * * * * * * * * * * * * * * * * * * * * * * * * * * * * * * * * //

dimensions      [0 0 0 1 0 0 0];

internalField   nonuniform List<scalar> 
13875
(
1503.94
1567.25
1502.47
1503.36
1510.44
1512.97
1514.62
1515.53
1516.16
1516.45
1516.59
1516.65
1516.66
1516.63
1516.57
1516.41
1516.12
1515.53
1514.56
1512.9
1510.63
1503.31
1501.94
1562.37
1504.2
1476.88
1494.64
1470.05
1472.77
1476.01
1477.43
1477.93
1477.83
1477.77
1477.68
1477.62
1477.59
1477.56
1477.53
1477.52
1477.59
1477.68
1477.77
1477.89
1477.41
1476.15
1473.03
1470.96
1494.33
1482.79
1485.99
1499.82
1486.38
1486.67
1488.39
1489.12
1488.95
1488.36
1487.91
1487.66
1487.53
1487.46
1487.43
1487.4
1487.43
1487.56
1487.81
1488.3
1488.92
1489.12
1488.5
1486.99
1487.24
1500.45
1487.48
1497.27
1532.56
1550.64
1550.86
1549.82
1549.04
1547.45
1546.04
1544.97
1544.43
1544.16
1544.04
1543.99
1543.98
1544.08
1544.35
1544.9
1546.01
1547.48
1549.13
1549.89
1551.1
1551.28
1533.7
1503.27
1558.65
1757.12
1835.79
1851.8
1850.87
1846.98
1842.51
1839.67
1837.79
1836.82
1836.33
1836.12
1836.05
1836.08
1836.29
1836.79
1837.8
1839.72
1842.64
1847.19
1850.94
1852
1837.23
1761.32
1574.32
1704.3
1856.3
1893.14
1922.21
1929.53
1926.46
1921.61
1918.07
1915.94
1914.76
1914.2
1913.96
1913.88
1913.92
1914.14
1914.7
1915.88
1918.03
1921.61
1926.55
1930.05
1923.54
1892.16
1852.7
1682.04
1936.83
1889.74
1899.36
1922.73
1932.29
1930.6
1926.04
1922.06
1919.66
1918.44
1917.86
1917.62
1917.55
1917.6
1917.83
1918.41
1919.68
1922.13
1926.17
1930.78
1932.38
1922.67
1898.95
1889.11
1944.91
1935.4
1863.22
1843.55
1844.48
1841.25
1835.71
1830.43
1826.68
1824.55
1823.51
1823.04
1822.85
1822.8
1822.84
1823
1823.46
1824.52
1826.68
1830.48
1835.82
1841.33
1844.21
1842.74
1860.78
1934.96
2012.52
1848.69
1794.66
1771.97
1756.69
1747.37
1741.66
1738.41
1736.78
1736.05
1735.75
1735.65
1735.64
1735.67
1735.78
1736.08
1736.82
1738.46
1741.72
1747.39
1756.64
1771.48
1792.29
1842.51
2001.42
1701.59
1651.58
1619.15
1592.25
1575.95
1568.68
1565.43
1564.05
1563.53
1563.36
1563.31
1563.29
1563.26
1563.21
1563.16
1563.13
1563.24
1563.7
1565.03
1568.21
1575.27
1591.05
1617.33
1648.35
1705.64
886.172
919.6
928.377
923.821
920.345
919.873
920.321
920.937
921.398
921.683
921.854
921.933
921.908
921.813
921.675
921.459
921.108
920.577
919.898
919.352
919.489
922.138
926.658
917.304
891.022
350.939
346.367
353.845
355.104
355.444
355.952
356.404
356.735
356.945
357.076
357.165
357.226
357.256
357.265
357.257
357.221
357.136
356.97
356.683
356.269
355.741
355.24
353.959
346.18
352.577
277.45
276.805
276.576
275.95
275.611
275.481
275.449
275.446
275.448
275.45
275.451
275.452
275.453
275.453
275.453
275.453
275.451
275.45
275.453
275.483
275.605
275.927
276.537
276.748
277.438
275.967
275.539
275.233
274.603
274.246
274.088
274.037
274.024
274.022
274.021
274.021
274.021
274.021
274.021
274.021
274.021
274.022
274.024
274.036
274.086
274.243
274.6
275.24
275.565
276.001
275.708
275.429
275.178
274.591
274.245
274.078
274.02
274.005
274.001
274.001
274.001
274.001
274.001
274.001
274.001
274.001
274.002
274.006
274.024
274.09
274.275
274.645
275.24
275.486
275.738
275.298
275.165
275.009
274.539
274.244
274.086
274.024
274.006
274.001
274
274
274
274
274
274
274
274.001
274.006
274.026
274.091
274.258
274.566
275.044
275.209
275.294
274.753
274.752
274.69
274.36
274.168
274.059
274.017
274.004
274.001
274
274
274
274
274
274
274
274.001
274.004
274.016
274.058
274.164
274.352
274.685
274.738
274.744
274.208
274.211
274.178
274.102
274.048
274.017
274.005
274.001
274
274
274
274
274
274
274
274
274
274.001
274.005
274.016
274.04
274.078
274.121
274.136
274.112
273.254
273.405
273.447
273.707
273.864
273.953
273.987
273.997
273.999
274
274
274
274
274
274
274
273.999
273.997
273.988
273.956
273.873
273.727
273.48
273.454
273.32
272.649
272.695
272.869
273.352
273.693
273.891
273.969
273.993
273.999
274
274
274
274
274
274
274
273.999
273.993
273.969
273.891
273.694
273.358
272.884
272.715
272.67
272.27
272.409
272.696
273.283
273.683
273.895
273.973
273.994
273.999
274
274
274
274
274
274
274
273.999
273.993
273.97
273.886
273.662
273.245
272.65
272.362
272.255
272.119
272.441
272.787
273.396
273.767
273.933
273.985
273.997
273.999
274
274
274
274
274
274
274
273.999
273.997
273.983
273.927
273.749
273.36
272.735
272.379
272.084
272.143
272.676
273.035
273.564
273.851
273.962
273.992
273.999
274
274
274
274
274
274
274
274
274
273.999
273.992
273.962
273.853
273.57
273.041
272.678
272.14
272.263
272.928
273.264
273.705
273.911
273.98
273.996
273.999
274
274
274
274
274
274
274
274
274
273.999
273.996
273.98
273.912
273.708
273.271
272.941
272.274
272.372
273.094
273.401
273.78
273.94
273.988
273.998
274
274
274
274
274
274
274
274
274
274
274
273.998
273.988
273.939
273.777
273.396
273.087
272.37
272.44
273.195
273.49
273.827
273.957
273.992
273.999
274
274
274
274
274
274
274
274
274
274
274
273.999
273.992
273.958
273.831
273.497
273.204
272.434
272.518
273.3
273.576
273.868
273.97
273.995
273.999
274
274
274
274
274
274
274
274
274
274
274
273.999
273.995
273.969
273.864
273.567
273.287
272.52
272.605
273.371
273.634
273.893
273.977
273.996
274
274
274
274
274
274
274
274
274
274
274
274
274
273.996
273.977
273.892
273.63
273.364
272.602
272.695
273.431
273.681
273.912
273.982
273.997
274
274
274
274
274
274
274
274
274
274
274
274
274
273.998
273.984
273.917
273.695
273.453
272.705
272.813
273.525
273.744
273.935
273.988
273.998
274
274
274
274
274
274
274
274
274
274
274
274
274
273.998
273.987
273.932
273.736
273.513
272.809
272.91
273.586
273.782
273.948
273.991
273.999
274
274
274
274
274
274
274
274
274
274
274
274
274
273.999
273.991
273.947
273.78
273.58
272.905
272.988
273.622
273.806
273.955
273.992
273.999
274
274
274
274
274
274
274
274
274
274
274
274
274
273.999
273.993
273.958
273.814
273.636
272.999
273.078
273.679
273.84
273.965
273.994
273.999
274
274
274
274
274
274
274
274
274
274
274
274
274
273.999
273.994
273.964
273.836
273.673
273.08
273.152
273.716
273.861
273.971
273.996
273.999
274
274
274
274
274
274
274
274
274
274
274
274
274
273.999
273.996
273.971
273.863
273.718
273.158
273.214
273.738
273.874
273.974
273.996
274
274
274
274
274
274
274
274
274
274
274
274
274
274
274
273.996
273.976
273.878
273.747
273.22
273.283
273.775
273.894
273.98
273.997
274
274
274
274
274
274
274
274
274
274
274
274
274
274
274
273.997
273.978
273.89
273.767
273.279
273.344
273.8
273.907
273.983
273.998
274
274
274
274
274
274
274
274
274
274
274
274
274
274
274
273.998
273.983
273.908
273.801
273.345
273.399
273.816
273.916
273.984
273.998
274
274
274
274
274
274
274
274
274
274
274
274
274
274
274
273.998
273.985
273.918
273.822
273.402
273.457
273.843
273.929
273.988
273.998
274
274
274
274
274
274
274
274
274
274
274
274
274
274
274
273.998
273.987
273.926
273.836
273.454
273.51
273.861
273.938
273.989
273.999
274
274
274
274
274
274
274
274
274
274
274
274
274
274
274
273.999
273.989
273.938
273.862
273.51
273.558
273.873
273.944
273.99
273.999
274
274
274
274
274
274
274
274
274
274
274
274
274
274
274
273.999
273.991
273.946
273.878
273.56
273.607
273.894
273.953
273.992
273.999
274
274
274
274
274
274
274
274
274
274
274
274
274
274
274
273.999
273.992
273.951
273.888
273.606
273.653
273.907
273.959
273.993
273.999
274
274
274
274
274
274
274
274
274
274
274
274
274
274
274
273.999
273.993
273.96
273.907
273.651
273.695
273.916
273.963
273.994
273.999
274
274
274
274
274
274
274
274
274
274
274
274
274
274
274
273.999
273.994
273.965
273.92
273.697
273.735
273.932
273.971
273.995
273.999
274
274
274
274
274
274
274
274
274
274
274
274
274
274
274
273.999
273.995
273.969
273.928
273.737
273.776
273.942
273.975
273.996
274
274
274
274
274
274
274
274
274
274
274
274
274
274
274
274
274
273.996
273.975
273.942
273.773
273.813
273.949
273.978
273.997
274
274
274
274
274
274
274
274
274
274
274
274
274
274
274
274
274
273.997
273.98
273.952
273.812
273.845
273.962
273.984
273.998
274
274
274
274
274
274
274
274
274
274
274
274
274
274
274
274
274
273.997
273.982
273.958
273.843
273.876
273.961
273.986
273.998
274
274
274
274
274
274
274
274
274
274
274
274
274
274
274
274
274
273.998
273.985
273.959
273.867
273.857
273.93
273.983
273.997
274
274
274
274
274
274
274
274
274
274
274
274
274
274
274
274
274
273.997
273.983
273.93
273.86
274.875
274.136
274.022
274.002
274
274
274
274
274
274
274
274
274
274
274
274
274
274
274
274
274
274
274
274
274
274
274
274
273.996
274.004
275.143
274.135
274.024
274.002
274
274
274
274
274
274
274
274
274
274
274
274
274
274
274
274
274
274
274
274
274
274
274
274
273.998
274.002
275.117
274.104
274.02
274.001
274
274
274
274
274
274
274
274
274
274
274
274
274
274
274
274
274
274
274
274
274
274
274
274
274
274
274.978
274.088
274.016
274.001
274
274
274
274
274
274
274
274
274
274
274
274
274
274
274
274
274
274
274
274
274
274
274
274
274
274
274.888
274.084
274.015
274.001
274
274
274
274
274
274
274
274
274
274
274
274
274
274
274
274
274
274
274
274
274
274
274
274
274
274
274.841
274.08
274.014
274.001
274
274
274
274
274
274
274
274
274
274
274
274
274
274
274
274
274
274
274
274
274
274
274
274
274
274
274.789
274.073
274.013
274.001
274
274
274
274
274
274
274
274
274
274
274
274
274
274
274
274
274
274
274
274
274
274
274
274
274
274
274.724
274.066
274.012
274.001
274
274
274
274
274
274
274
274
274
274
274
274
274
274
274
274
274
274
274
274
274
274
274
274
274
274
274.657
274.059
274.01
274.001
274
274
274
274
274
274
274
274
274
274
274
274
274
274
274
274
274
274
274
274
274
274
274
274
274
274
274.594
274.053
274.009
274
274
274
274
274
274
274
274
274
274
274
274
274
274
274
274
274
274
274
274
274
274
274
274
274
274
274
274.54
274.048
274.008
274
274
274
274
274
274
274
274
274
274
274
274
274
274
274
274
274
274
274
274
274
274
274
274
274
274
274
274.493
274.043
274.008
274
274
274
274
274
274
274
274
274
274
274
274
274
274
274
274
274
274
274
274
274
274
274
274
274
274
274
274.449
274.039
274.007
274
274
274
274
274
274
274
274
274
274
274
274
274
274
274
274
274
274
274
274
274
274
274
274
274
274
274
274.408
274.035
274.006
274
274
274
274
274
274
274
274
274
274
274
274
274
274
274
274
274
274
274
274
274
274
274
274
274
274
274
274.367
274.031
274.006
274
274
274
274
274
274
274
274
274
274
274
274
274
274
274
274
274
274
274
274
274
274
274
274
274
274
274
274.329
274.028
274.005
274
274
274
274
274
274
274
274
274
274
274
274
274
274
274
274
274
274
274
274
274
274
274
274
274
274
274
274.293
274.025
274.004
274
274
274
274
274
274
274
274
274
274
274
274
274
274
274
274
274
274
274
274
274
274
274
274
274
274
274
274.257
274.021
274.004
274
274
274
274
274
274
274
274
274
274
274
274
274
274
274
274
274
274
274
274
274
274
274
274
274
274
274
274.224
274.018
274.003
274
274
274
274
274
274
274
274
274
274
274
274
274
274
274
274
274
274
274
274
274
274
274
274
274
274
274
274.192
274.016
274.003
274
274
274
274
274
274
274
274
274
274
274
274
274
274
274
274
274
274
274
274
274
274
274
274
274
274
274
274.161
274.013
274.002
274
274
274
274
274
274
274
274
274
274
274
274
274
274
274
274
274
274
274
274
274
274
274
274
274
274
274
274.133
274.01
274.002
274
274
274
274
274
274
274
274
274
274
274
274
274
274
274
274
274
274
274
274
274
274
274
274
274
274
274
274.105
274.008
274.002
274
274
274
274
274
274
274
274
274
274
274
274
274
274
274
274
274
274
274
274
274
274
274
274
274
274
274
274.076
274.004
274.001
274
274
274
274
274
274
274
274
274
274
274
274
274
274
274
274
274
274
274
274
274
274
274
274
274
274
274
274.02
273.989
274
274
274
274
274
274
274
274
274
274
274
274
274
274
274
274
274
274
274
274
274
274
274
274
274
274
274
274
274.004
273.996
274
274
274
274
274
274
274
274
274
274
274
274
274
274
274
274
274
274
274
274
274
274
274
274
274.002
274.022
274.136
274.875
274.002
273.998
274
274
274
274
274
274
274
274
274
274
274
274
274
274
274
274
274
274
274
274
274
274
274
274
274.002
274.024
274.135
275.143
274
274
274
274
274
274
274
274
274
274
274
274
274
274
274
274
274
274
274
274
274
274
274
274
274
274
274.001
274.02
274.104
275.117
274
274
274
274
274
274
274
274
274
274
274
274
274
274
274
274
274
274
274
274
274
274
274
274
274
274
274.001
274.016
274.088
274.977
274
274
274
274
274
274
274
274
274
274
274
274
274
274
274
274
274
274
274
274
274
274
274
274
274
274
274.001
274.015
274.084
274.888
274
274
274
274
274
274
274
274
274
274
274
274
274
274
274
274
274
274
274
274
274
274
274
274
274
274
274.001
274.014
274.08
274.841
274
274
274
274
274
274
274
274
274
274
274
274
274
274
274
274
274
274
274
274
274
274
274
274
274
274
274.001
274.013
274.073
274.788
274
274
274
274
274
274
274
274
274
274
274
274
274
274
274
274
274
274
274
274
274
274
274
274
274
274
274.001
274.012
274.066
274.725
274
274
274
274
274
274
274
274
274
274
274
274
274
274
274
274
274
274
274
274
274
274
274
274
274
274
274.001
274.01
274.059
274.657
274
274
274
274
274
274
274
274
274
274
274
274
274
274
274
274
274
274
274
274
274
274
274
274
274
274
274
274.009
274.053
274.594
274
274
274
274
274
274
274
274
274
274
274
274
274
274
274
274
274
274
274
274
274
274
274
274
274
274
274
274.008
274.048
274.541
274
274
274
274
274
274
274
274
274
274
274
274
274
274
274
274
274
274
274
274
274
274
274
274
274
274
274
274.008
274.043
274.492
274
274
274
274
274
274
274
274
274
274
274
274
274
274
274
274
274
274
274
274
274
274
274
274
274
274
274
274.007
274.039
274.449
274
274
274
274
274
274
274
274
274
274
274
274
274
274
274
274
274
274
274
274
274
274
274
274
274
274
274
274.006
274.035
274.408
274
274
274
274
274
274
274
274
274
274
274
274
274
274
274
274
274
274
274
274
274
274
274
274
274
274
274
274.006
274.031
274.367
274
274
274
274
274
274
274
274
274
274
274
274
274
274
274
274
274
274
274
274
274
274
274
274
274
274
274
274.005
274.028
274.329
274
274
274
274
274
274
274
274
274
274
274
274
274
274
274
274
274
274
274
274
274
274
274
274
274
274
274
274.004
274.025
274.293
274
274
274
274
274
274
274
274
274
274
274
274
274
274
274
274
274
274
274
274
274
274
274
274
274
274
274
274.004
274.021
274.257
274
274
274
274
274
274
274
274
274
274
274
274
274
274
274
274
274
274
274
274
274
274
274
274
274
274
274
274.003
274.018
274.223
274
274
274
274
274
274
274
274
274
274
274
274
274
274
274
274
274
274
274
274
274
274
274
274
274
274
274
274.003
274.016
274.192
274
274
274
274
274
274
274
274
274
274
274
274
274
274
274
274
274
274
274
274
274
274
274
274
274
274
274
274.002
274.013
274.161
274
274
274
274
274
274
274
274
274
274
274
274
274
274
274
274
274
274
274
274
274
274
274
274
274
274
274
274.002
274.01
274.132
274
274
274
274
274
274
274
274
274
274
274
274
274
274
274
274
274
274
274
274
274
274
274
274
274
274
274
274.002
274.008
274.105
274
274
274
274
274
274
274
274
274
274
274
274
274
274
274
274
274
274
274
274
274
274
274
274
274
274
274
274.001
274.004
274.076
274
274
274
274
274
274
274
274
274
274
274
274
274
274
274
274
274
274
274
274
274
274
274
274
274
274
274
274
273.989
274.02
274
274
274
274
274
274
274
274
274
274
274
274
274
274
274
274
274
274
274
274
274
274
274
274
274
274
274
274
274
274
274
274
274
274
274
274
274
274
274
274
274
274
274
274
274
274
274
274
274
274
274
274
274
274
274
274
274
274
274
274
274
274
274
274
274
274
274
274
274
274
274
274
274
274
274
274
274
274
274
274
274
274
274
274
274
274
274
274
274
274
274
274
274
274
274
274
274
274
274
274
274
274
274
274
274
274
274
274
274
274
274
274
274
274
274
274
274
274
274
274
274
274
274
274
274
274
274
274
274
274
274
274
274
274
274
274
274
274
274
274
274
274
274
274
274
274
274
274
274
274
274
274
274
274
274
274
274
274
274
274
274
274
274
274
274
274
274
274
274
274
274
274
274
274
274
274
274
274
274
274
274
274
274
274
274
274
274
274
274
274
274
274
274
274
274
274
274
274
274
274
274
274
274
274
274
274
274
274
274
274
274
274
274
274
274
274
274
274
274
274
274
274
274
274
274
274
274
274
274
274
274
274
274
274
274
274
274
274
274
274
274
274
274
274
274
274
274
274
274
274
274
274
274
274
274
274
274
274
274
274
274
274
274
274
274
274
274
274
274
274
274
274
274
274
274
274
274
274
274
274
274
274
274
274
274
274
274
274
274
274
274
274
274
274
274
274
274
274
274
274
274
274
274
274
274
274
274
274
274
274
274
274
274
274
274
274
274
274
274
274
274
274
274
274
274
274
274
274
274
274
274
274
274
274
274
274
274
274
274
274
274
274
274
274
274
274
274
274
274
274
274
274
274
274
274
274
274
274
274
274
274
274
274
274
274
274
274
274
274
274
274
274
274
274
274
274
274
274
274
274
274
274
274
274
274
274
274
274
274
274
274
274
274
274
274
274
274
274
274
274
274
274
274
274
274
274
274
274
274
274
274
274
274
274
274
274
274
274
274
274
274
274
274
274
274
274
274
274
274
274
274
274
274
274
274
274
274
274
274
274
274
274
274
274
274
274
274
274
274
274
274
274
274
274
274
274
274
274
274
274
274
274
274
274
274
274
274
274
274
274
274
274
274
274
274
274
274
274
274
274
274
274
274
274
274
274
274
274
274
274
274
274
274
274
274
274
274
274
274
274
274
274
274
274
274
274
274
274
274
274
274
274
274
274
274
274
274
274
274
274
274
274
274
274
274
274
274
274
274
274
274
274
274
274
274
274
274
274
274
274
274
274
274
274
274
274
274
274
274
274
274
274
274
274
274
274
274
274
274
274
274
274
274
274
274
274
274
274
274
274
274
274
274
274
274
274
274
274
274
274
274
274
274
274
274
274
274
274
274
274
274
274
274
274
274
274
274
274
274
274
274
274
274
274
274
274
274
274
274
274
274
274
274
274
274
274
274
274
274
274
274
274
274
274
274
274
274
274
274
274
274
274
274
274
274
274
274
274
274
274
274
274
274
274
274
274
274
274
274
274
274
274
274
274
274
274
274
274
274
274
274
274
274
274
274
274
274
274
274
274
274
274
274
274
274
274
274
274
274
274
274
274
274
274
274
274
274
274
274
274
274
274
274
274
274
274
274
274
274
274
274
274
274
274
274
274
274
274
274
274
274
274
274
274
274
274
274
274
274
274
274
274
274
274
274
274
274
274
274
274
274
274
274
274
274
274
274
274
274
274
274
274
274
274
274
274
274
274
274
274
274
274
274
274
274
274
274
274
274
274
274
274
274
274
274
274
274
274
274
274
274
274
274
274
274
274
274
274
274
274
274
274
274
274
274
274
274
274
274
274
274
274
274
274
274
274
274
274
274
274
274
274
274
274
274
274
274
274
274
274
274
274
274
274
274
274
274
274
274
274
274
274
274
274
274
274
274
274
274
274
274
274
274
274
274
274
274
274
274
274
274
274
274
274
274
274
274
274
274
274
274
274
274
274
274
274
274
274
274
274
274
274
274
274
274
274
274
274
274
274
274
274
274
274
274
274
274
274
274
274
274
274
274
274
274
274
274
274
274
274
274
274
274
274
274
274
274
274
274
274
274
274
274
274
274
274
274
274
274
274
274
274
274
274
274
274
274
274
274
274
274
274
274
274
274
274
274
274
274
274
274
274
274
274
274
274
274
274
274
274
274
274
274
274
274
274
274
274
274
274
274
274
274
274
274
274
274
274
274
274
274
274
274
274
274
274
274
274
274
274
274
274
274
274
274
274
274
274
274
274
274
274
274
274
274
274
274
274
274
274
274
274
274
274
274
274
274
274
274
274
274
274
274
274
274
274
274
274
274
274
274
274
274
274
274
274
274
274
274
274
274
274
274
274
274
274
274
274
274
274
274
274
274
274
274
274
274
274
274
274
274
274
274
274
274
274
274
274
274
274
274
274
274
274
274
274
274
274
274
274
274
274
274
274
274
274
274
274
274
274
274
274
274
274
274
274
274
274
274
274
274
274
274
274
274
274
274
274
274
274
274
274
274
274
274
274
274
274
274
274
274
274
274
274
274
274
274
274
274
274
274
274
274
274
274
274
274
274
274
274
274
274
274
274
274
274
274
274
274
274
274
274
274
274
274
274
274
274
274
274
274
274
274
274
274
274
274
274
274
274
274
274
274
274
274
274
274
274
274
274
274
274
274
274
274
274
274
274
274
274
274
274
274
274
274
274
274
274
274
274
274
274
274
274
274
274
274
274
274
274
274
274
274
274
274
274
274
274
274
274
274
274
274
274
274
274
274
274
274
274
274
274
274
274
274
274
274
274
274
274
274
274
274
274
274
274
274
274
274
274
274
274
274
274
274
274
274
274
274
274
274
274
274
274
274
274
274
274
274
274
274
274
274
274
274
274
274
274
274
274
274
274
274
274
274
274
274
274
274
274
274
274
274
274
274
274
274
274
274
274
274
274
274
274
274
274
274
274
274
274
274
274
274
274
274
274
274
274
274
274
274
274
274
274
274
274
274
274
274
274
274
274
274
274
274
274
274
274
274
274
274
274
274
274
274
274
274
274
274
274
274
274
274
274
274
274
274
274
274
274
274
274
274
274
274
274
274
274
274
274
274
274
274
274
274
274
274
274
274
274
274
274
274
274
274
274
274
274
274
274
274
274
274
274
274
274
274
274
274
274
274
274
274
274
274
274
274
274
274
274
274
274
274
274
274
274
274
274
274
274
274
274
274
274
274
274
274
274
274
274
274
274
274
274
274
274
274
274
274
274
274
274
274
274
274
274
274
274
274
274
274
274
274
274
274
274
274
274
274
274
274
274
274
274
274
274
274
274
274
274
274
274
274
274
274
274
274
274
274
274
274
274
274
274
274
274
274
274
274
274
274
274
274
274
274
274
274
274
274
274
274
274
274
274
274
274
274
274
274
274
274
274
274
274
274
274
274
274
274
274
274
274
274
274
274
274
274
274
274
274
274
274
274
274
274
274
274
274
274
274
274
274
274
274
274
274
274
274
274
274
274
274
274
274
274
274
274
274
274
274
274
274
274
274
274
274
274
274
274
274
274
274
274
274
274
274
274
274
274
274
274
274
274
274
274
274
274
274
274
274
274
274
274
274
274
274
274
274
274
274
274
274
274
274
274
274
274
274
274
274
274
274
274
274
274
274
274
274
274
274
274
274
274
274
274
274
274
274
274
274
274
274
274
274
274
274
274
274
274
274
274
274
274
274
274
274
274
274
274
274
274
274
274
274
274
274
274
274
274
274
274
274
274
274
274
274
274
274
274
274
274
274
274
274
274
274
274
274
274
274
274
274
274
274
274
274
274
274
274
274
274
274
274
274
274
274
274
274
274
274
274
274
274
274
274
274
274
274
274
274
274
274
274
274
274
274
274
274
274
274
274
274
274
274
274
274
274
274
274
274
274
274
274
274
274
274
274
274
274
274
274
274
274
274
274
274
274
274
274
274
274
274
274
274
274
274
274
274
274
274
274
274
274
274
274
274
274
274
274
274
274
274
274
274
274
274
274
274
274
274
274
274
274
274
274
274
274
274
274
274
274
274
274
274
274
274
274
274
274
274
274
274
274
274
274
274
274
274
274
274
274
274
274
274
274
274
274
274
274
274
274
274
274
274
274
274
274
274
274
274
274
274
274
274
274
274
274
274
274
274
274
274
274
274
274
274
274
274
274
274
274
274
274
274
274
274
274
274
274
274
274
274
274
274
274
274
274
274
274
274
274
274
274
274
274
274
274
274
274
274
274
274
274
274
274
274
274
274
274
274
274
274
274
274
274
274
274
274
274
274
274
274
274
274
274
274
274
274
274
274
274
274
274
274
274
274
274
274
274
274
274
274
274
274
274
274
274
274
274
274
274
274
274
274
274
274
274
274
274
274
274
274
274
274
274
274
274
274
274
274
274
274
274
274
274
274
274
274
274
274
274
274
274
274
274
274
274
274
274
274
274
274
274
274
274
274
274
274
274
274
274
274
274
274
274
274
274
274
274
274
274
274
274
274
274
274
274
274
274
274
274
274
274
274
274
274
274
274
274
274
274
274
274
274
274
274
274
274
274
274
274
274
274
274
274
274
274
274
274
274
274
274
274
274
274
274
274
274
274
274
274
274
274
274
274
274
274
274
274
274
274
274
274
274
274
274
274
274
274
274
274
274
274
274
274
274
274
274
274
274
274
274
274
274
274
274
274
274
274
274
274
274
274
274
274
274
274
274
274
274
274
274
274
274
274
274
274
274
274
274
274
274
274
274
274
274
274
274
274
274
274
274
274
274
274
274
274
274
274
274
274
274
274
274
274
274
274
274
274
274
274
274
274
274
274
274
274
274
274
274
274
274
274
274
274
274
274
274
274
274
274
274
274
274
274
274
274
274
274
274
274
274
274
274
274
274
274
274
274
274
274
274
274
274
274
274
274
274
274
274
274
274
274
274
274
274
274
274
274
274
274
274
274
274
274
274
274
274
274
274
274
274
274
274
274
274
274
274
274
274
274
274
274
274
274
274
274
274
274
274
274
274
274
274
274
274
274
274
274
274
274
274
274
274
274
274
274
274
274
274
274
274
274
274
274
274
274
274
274
274
274
274
274
274
274
274
274
274
274
274
274
274
274
274
274
274
274
274
274
274
274
274
274
274
274
274
274
274
274
274
274
274
274
274
274
274
274
274
274
274
274
274
274
274
274
274
274
274
274
274
274
274
274
274
274
274
274
274
274
274
274
274
274
274
274
274
274
274
274
274
274
274
274
274
274
274
274
274
274
274
274
274
274
274
274
274
274
274
274
274
274
274
274
274
274
274
274
274
274
274
274
274
274
274
274
274
274
274
274
274
274
274
274
274
274
274
274
274
274
274
274
274
274
274
274
274
274
274
274
274
274
274
274
274
274
274
274
274
274
274
274
274
274
274
274
274
274
274
274
274
274
274
274
274
274
274
274
274
274
274
274
274
274
274
274
274
274
274
274
274
274
274
274
274
274
274
274
274
274
274
274
274
274
274
274
274
274
274
274
274
274
274
274
274
274
274
274
274
274
274
274
274
274
274
274
274
274
274
274
274
274
274
274
274
274
274
274
274
274
274
274
274
274
274
274
274
274
274
274
274
274
274
274
274
274
274
274
274
274
274
274
274
274
274
274
274
274
274
274
274
274
274
274
274
274
274
274
274
274
274
274
274
274
274
274
274
274
274
274
274
274
274
274
274
274
274
274
274
274
274
274
274
274
274
274
274
274
274
274
274
274
274
274
274
274
274
274
274
274
274
274
274
274
274
274
274
274
274
274
274
274
274
274
274
274
274
274
274
274
274
274
274
274
274
274
274
274
274
274
274
274
274
274
274
274
274
274
274
274
274
274
274
274
274
274
274
274
274
274
274
274
274
274
274
274
274
274
274
274
274
274
274
274
274
274
274
274
274
274
274
274
274
274
274
274
274
274
274
274
274
274
274
274
274
274
274
274
274
274
274
274
274
274
274
274
274
274
274
274
274
274
274
274
274
274
274
274
274
274
274
274
274
274
274
274
274
274
274
274
274
274
274
274
274
274
274
274
274
274
274
274
274
274
274
274
274
274
274
274
274
274
274
274
274
274
274
274
274
274
274
274
274
274
274
274
274
274
274
274
274
274
274
274
274
274
274
274
274
274
274
274
274
274
274
274
274
274
274
274
274
274
274
274
274
274
274
274
274
274
274
274
274
274
274
274
274
274
274
274
274
274
274
274
274
274
274
274
274
274
274
274
274
274
274
274
274
274
274
274
274
274
274
274
274
274
274
274
274
274
274
274
274
274
274
274
274
274
274
274
274
274
274
274
274
274
274
274
274
274
274
274
274
274
274
274
274
274
274
274
274
274
274
274
274
274
274
274
274
274
274
274
274
274
274
274
274
274
274
274
274
274
274
274
274
274
274
274
274
274
274
274
274
274
274
274
274
274
274
274
274
274
274
274
274
274
274
274
274
274
274
274
274
274
274
274
274
274
274
274
274
274
274
274
274
274
274
274
274
274
274
274
274
274
274
274
274
274
274
274
274
274
274
274
274
274
274
274
274
274
274
274
274
274
274
274
274
274
274
274
274
274
274
274
274
274
274
274
274
274
274
274
274
274
274
274
274
274
274
274
274
274
274
274
274
274
274
274
274
274
274
274
274
274
274
274
274
274
274
274
274
274
274
274
274
274
274
274
274
274
274
274
274
274
274
274
274
274
274
274
274
274
274
274
274
274
274
274
274
274
274
274
274
274
274
274
274
274
274
274
274
274
274
274
274
274
274
274
274
274
274
274
274
274
274
274
274
274
274
274
274
274
274
274
274
274
274
274
274
274
274
274
274
274
274
274
274
274
274
274
274
274
274
274
274
274
274
274
274
274
274
274
274
274
274
274
274
274
274
274
274
274
274
274
274
274
274
274
274
274
274
274
274
274
274
274
274
274
274
274
274
274
274
274
274
274
274
274
274
274
274
274
274
274
274
274
274
274
274
274
274
274
274
274
274
274
274
274
274
274
274
274
274
274
274
274
274
274
274
274
274
274
274
274
274
274
274
274
274
274
274
274
274
274
274
274
274
274
274
274
274
274
274
274
274
274
274
274
274
274
274
274
274
274
274
274
274
274
274
274
274
274
274
274
274
274
274
274
274
274
274
274
274
274
274
274
274
274
274
274
274
274
274
274
274
274
274
274
274
274
274
274
274
274
274
274
274
274
274
274
274
274
274
274
274
274
274
274
274
274
274
274
274
274
274
274
274
274
274
274
274
274
274
274
274
274
274
274
274
274
274
274
274
274
274
274
274
274
274
274
274
274
274
274
274
274
274
274
274
274
274
274
274
274
274
274
274
274
274
274
274
274
274
274
274
274
274
274
274
274
274
274
274
274
274
274
274
274
274
274
274
274
274
274
274
274
274
274
274
274
274
274
274
274
274
274
274
274
274
274
274
274
274
274
274
274
274
274
274
274
274
274
274
274
274
274
274
274
274
274
274
274
274
274
274
274
274
274
274
274
274
274
274
274
274
274
274
274
274
274
274
274
274
274
274
274
274
274
274
274
274
274
274
274
274
274
274
274
274
274
274
274
274
274
274
274
274
274
274
274
274
274
274
274
274
274
274
274
274
274
274
274
274
274
274
274
274
274
274
274
274
274
274
274
274
274
274
274
274
274
274
274
274
274
274
274
274
274
274
274
274
274
274
274
274
274
274
274
274
274
274
274
274
274
274
274
274
274
274
274
274
274
274
274
274
274
274
274
274
274
274
274
274
274
274
274
274
274
274
274
274
274
274
274
274
274
274
274
274
274
274
274
274
274
274
274
274
274
274
274
274
274
274
274
274
274
274
274
274
274
274
274
274
274
274
274
274
274
274
274
274
274
274
274
274
274
274
274
274
274
274
274
274
274
274
274
274
274
274
274
274
274
274
274
274
274
274
274
274
274
274
274
274
274
274
274
274
274
274
274
273.997
274
274
274
274
274
274
274
274
274
274
274
274
274
274
274
274
274
274
274
274
274
274
274
274
274
274
274
274
274
274
274
274
274
274
274
274
274
274
274
274
274
274
274
274
274
274
274
274
274
274
274
274
274
274
274
274
274
274
274
274
274
274
274
274
274
274
274
274
274
274
274
274
274
274
274
274
274
274
274
274
274
274
274
274
274
274
274
274
274
274
274
274
274
274
274
274
274
274
274
274
274
274
274
274
274
274
274
274
274
274
274
274
274
274
274
274
274
274
274
274
274
274
273.999
273.983
273.941
274
274
274
274
274
274
274
274
274
274
274
274
274
274
274
274
274
274
274
274
274
274
274
274
274
274
274
274
274
274
274
274
274
274
274
274
274
274
274
274
274
274
274
274
274
274
274
274
274
274
274
274
274
274
274
274
274
274
274
274
274
274
274
274
274
274
274
274
274
274
274
274
274
274
274
274
274
274
274
274
274
274
274
274
274
274
274
274
274
274
274
274
274
274
274
274
274
274
274
274
274
274
274
274
274
274
274
274
274
274
274
274
274
274
274
274
274
274
274
274
274
274
274
273.991
273.944
274
274
274
274
274
274
274
274
274
274
274
274
274
274
274
274
274
274
274
274
274
274
274
274
274
274
274
274
274
274
274
274
274
274
274
274
274
274
274
274
274
274
274
274
274
274
274
274
274
274
274
274
274
274
274
274
274
274
274
274
274
274
274
274
274
274
274
274
274
274
274
274
274
274
274
274
274
274
274
274
274
274
274
274
274
274
274
274
274
274
274
274
274
274
274
274
274
274
274
274
274
274
274
274
274
274
274
274
274
274
274
274
274
274
274
274
274
274
274
274
274
273.996
273.965
273.84
273.449
274
274
274
274
274
274
274
274
274
274
274
274
274
274
274
274
274
274
274
274
274
274
274
274
274
274
274
274
274
274
274
274
274
274
274
274
274
274
274
274
274
274
274
274
274
274
274
274
274
274
274
274
274
274
274
274
274
274
274
274
274
274
274
274
274
274
274
274
274
274
274
274
274
274
274
274
274
274
274
274
274
274
274
274
274
274
274
274
274
274
274
274
274
274
274
274
274
274
274
274
274
274
274
274
274
274
274
274
274
274
274
274
274
274
274
274
274
274
274
274
274
273.996
273.965
273.838
273.479
274
274
274
274
274
274
274
274
274
274
274
274
274
274
274
274
274
274
274
274
274
274
274
274
274
274
274
274
274
274
274
274
274
274
274
274
274
274
274
274
274
274
274
274
274
274
274
274
274
274
274
274
274
274
274
274
274
274
274
274
274
274
274
274
274
274
274
274
274
274
274
274
274
274
274
274
274
274
274
274
274
274
274
274
274
274
274
274
274
274
274
274
274
274
274
274
274
274
274
274
274
274
274
274
274
274
274
274
274
274
274
274
274
274
274
274
274
274
274
274
274
273.998
273.983
273.89
273.674
274
274
274
274
274
274
274
274
274
274
274
274
274
274
274
274
274
274
274
274
274
274
274
274
274
274
274
274
274
274
274
274
274
274
274
274
274
274
274
274
274
274
274
274
274
274
274
274
274
274
274
274
274
274
274
274
274
274
274
274
274
274
274
274
274
274
274
274
274
274
274
274
274
274
274
274
274
274
274
274
274
274
274
274
274
274
274
274
274
274
274
274
274
274
274
274
274
274
274
274
274
274
274
274
274
274
274
274
274
274
274
274
274
274
274
274
274
274
274
274
274
274
273.994
273.934
273.779
274
274
274
274
274
274
274
274
274
274
274
274
274
274
274
274
274
274
274
274
274
274
274
274
274
274
274
274
274
274
274
274
274
274
274
274
274
274
274
274
274
274
274
274
274
274
274
274
274
274
274
274
274
274
274
274
274
274
274
274
274
274
274
274
274
274
274
274
274
274
274
274
274
274
274
274
274
274
274
274
274
274
274
274
274
274
274
274
274
274
274
274
274
274
274
274
274
274
274
274
274
274
274
274
274
274
274
274
274
274
274
274
274
274
274
274
274
274
274
274
274
274
273.999
273.988
273.964
274
274
274
274
274
274
274
274
274
274
274
274
274
274
274
274
274
274
274
274
274
274
274
274
274
274
274
274
274
274
274
274
274
274
274
274
274
274
274
274
274
274
274
274
274
274
274
274
274
274
274
274
274
274
274
274
274
274
274
274
274
274
274
274
274
274
274
274
274
274
274
274
274
274
274
274
274
274
274
274
274
274
274
274
274
274
274
274
274
274
274
274
274
274
274
274
274
274
274
274
274
274
274
274
274
274
274
274
274
274
274
274
274
274
274
274
274
274
274
274
274
274
274
273.998
273.992
274
274
274
274
274
274
274
274
274
274
274
274
274
274
274
274
274
274
274
274
274
274
274
274
274
274
274
274
274
274
274
274
274
274
274
274
274
274
274
274
274
274
274
274
274
274
274
274
274
274
274
274
274
274
274
274
274
274
274
274
274
274
274
274
274
274
274
274
274
274
274
274
274
274
274
274
274
274
274
274
274
274
274
274
274
274
274
274
274
274
274
274
274
274
274
274
274
274
274
274
274
274
274
274
274
274
274
274
274
274
274
274
274
274
274
274
274
274
274
274
274
274
274
274
273.999
274
274
274
274
274
274
274
274
274
274
274
274
274
274
274
274
274
274
274
274
274
274
274
274
274
274
274
274
274
274
274
274
274
274
274
274
274
274
274
274
274
274
274
274
274
274
274
274
274
274
274
274
274
274
274
274
274
274
274
274
274
274
274
274
274
274
274
274
274
274
274
274
274
274
274
274
274
274
274
274
274
274
274
274
274
274
274
274
274
274
274
274
274
274
274
274
274
274
274
274
274
274
274
274
274
274
274
274
274
274
274
274
274
274
274
274
274
274
274
274
274
274
274
274
274
274
274
274
274
274
274
274
274
274
274
274
274
274
274
274
274
274
274
274
274
274
274
274
274
274
274
274
274
274
274
274
274
274
274
274
274
274
274
274
274
274
274
274
274
274
274
274
274
274
274
274
274
274
274
274
274
274
274
274
274
274
274
274
274
274
274
274
274
274
274
274
274
274
274
274
274
274
274
274
274
274
274
274
274
274
274
274
274
274
274
274
274
274
274
274
274
274
274
274
274
274
274
274
274
274
274
274
274
274
274
274
274
274
274
274
274
274
274
274
274
274
274
274
274
274
274
274
274
274
274
274
274
274
274
274
274
274
274
274
274
274
274
274
274
274
274
274
274
274
274
274
274
274
274
274
274
274
274
274
274
274
274
274
274
274
274
274
274
274
274
274
274
274
274
274
274
274
274
274
274
274
274
274
274
274
274
274
274
274
274
274
274
274
274
274
274
274
274
274
274
274
274
274
274
274
274
274
274
274
274
274
274
274
274
274
274
274
274
274
274
274
274
274
274
274
274
274
274
274
274
274
274
274
274
274
274
274
274
274
274
274
274
274
274
274
274
274
274
274
274
274
274
274
274
274
274
274
274
274
274
274
274
274
274
274
274
274
274
274
274
274
274
274
274
274
274
274
274
274
274
274
274
274
274
274
274
274
274
274
274
274
274
274
274
274
274
274
274
274
274
274
274
274
274
274
274
274
274
274
274
274
274
274
274
274
274
274
274
274
274
274
274
274
274
274
274
274
274
274
274
274
274
274
274
274
274
274
274
274
274
274
274
274
274
274
274
274
274
274
274
274
274
274
274
274
274
274
274
274
274
274
274
274
274
274
274
274
274
274
274
274
274
274
274
274
274
274
274
274
274
274
274
274
274
274
274
274
274
274
274
274
274
274
274
274
274
274
274
274
274
274
274
274
274
274
274
274
274
274
274
274
274
274
274
274
274
274
274
274
274
274
274
274
274
274
274
274
274
274
274
274
274
274
274
274
274
274
274
274
274
274
274
274
274
274
274
274
274
274
274
274
274
274
274
274
274
274
274
274
274
274
274
274
274
274
274
274
274
274
274
274
274
274
274
274
274
274
274
274
274
274
274
274
274
274
274
274
274
274
274
274
274
274
274
274
274
274
274
274
274
274
274
274
274
274
274
274
274
274
274
274
274
274
274
274
274
274
274
274
274
274
274
274
274
274
274
274
274
274
274
274
274
274
274
274
274
274
274
274
274
274
274
274
274
274
274
274
274
274
274
274
274
274
274
274
274
274
274
274
274
274
274
274
274
274
274
274
274
274
274
274
274
274
274
274
274
274
274
274
274
274
274
274
274
274
274
274
274
274
274
274
274
274
274
274
274
274
274
274
274
274
274
274
274
274
274
274
274
274
274
274
274
274
274
274
274
274
274
274
274
274
274
274
274
274
274
274
274
274
274
274
274
274
274
274
274
274
274
274
274
274
274
274
274
274
274
274
274
274
274
274
274
274
274
274
274
274
274
274
274
274
274
274
274
274
274
274
274
274
274
274
274
274
274
274
274
274
274
274
274
274
274
274
274
274
274
274
274
274
274
274
274
274
274
274
274
274
274
274
274
274
274
274
274
274
274
274
274
274
274
274
274
274
274
274
274
274
274
274
274
274
274
274
274
274
274
274
274
274
274
274
274
274
274
274
274
274
274
274
274
274
274
274
274
274
274
274
274
274
274
274
274
274
274
274
274
274
274
274
274
274
274
274
274
274
274
274
274
274
274
274
274
274
274
274
274
274
274
274
274
274
274
274
274
274
274
274
274
274
274
274
274
274
274
274
274
274
274
274
274
274
274
274
274
274
274
274
274
274
274
274
274
274
274
274
274
274
274
274
274
274
274
274
274
274
274
274
274
274
274
274
274
274
274
274
274
274
274
274
274
274
274
274
274
274
274
274
274
274
274
274
274
274
274
274
274
274
274
274
274
274
274
274
274
274
274
274
274
274
274
274
274
274
274
274
274
274
274
274
274
274
274
274
274
274
274
274
274
274
274
274
274
274
274
274
274
274
274
274
274
274
274
274
274
274
274
274
274
274
274
274
274
274
274
274
274
274
274
274
274
274
274
274
274
274
274
274
274
274
274
274
274
274
274
274
274
274
274
274
274
274
274
274
274
274
274
274
274
274
274
274
274
274
274
274
274
274
274
274
274
274
274
274
274
274
274
274
274
274
274
274
274
274
274
274
274
274
274
274
274
274
274
274
274
274
274
274
274
274
274
274
274
274
274
274
274
274
274
274
274
274
274
274
274
274
274
274
274
274
274
274
274
274
274
274
274
274
274
274
274
274
274
274
274
274
274
274
274
274
274
274
274
274
274
274
274
274
274
274
274
274
274
274
274
274
274
274
274
274
274
274
274
274
274
274
274
274
274
274
274
274
274
274
274
274
274
274
274
274
274
274
274
274
274
274
274
274
274
274
274
274
274
274
274
274
274
274
274
274
274
274
274
274
274
274
274
274
274
274
274
274
274
274
274
274
274
274
274
274
274
274
274
274
274
274
274
274
274
274
274
274
274
274
274
274
274
274
274
274
274
274
274
274
274
274
274
274
274
274
274
274
274
274
274
274
274
274
274
274
274
274
274
274
274
274
274
274
274
274
274
274
274
274
274
274
274
274
274
274
274
274
274
274
274
274
274
274
274
274
274
274
274
274
274
274
274
274
274
274
274
274
274
274
274
274
274
274
274
274
274
274
274
274
274
274
274
274
274
274
274
274
274
274
274
274
274
274
274
274
274
274
274
274
274
274
274
274
274
274
274
274
274
274
274
274
274
274
274
274
274
274
274
274
274
274
274
274
274
274
274
274
274
274
274
274
274
274
274
274
274
274
274
274
274
274
274
274
274
274
274
274
274
274
274
274
274
274
274
274
274
274
274
274
274
274
274
274
274
274
274
274
274
274
274
274
274
274
274
274
274
274
274
274
274
274
274
274
274
274
274
274
274
274
274
274
274
274
274
274
274
274
274
274
274
274
274
274
274
274
274
274
274
274
274
274
274
274
274
274
274
274
274
274
274
274
274
274
274
274
274
274
274
274
274
274
274
274
274
274
274
274
274
274
274
274
274
274
274
274
274
274
274
274
274
274
274
274
274
274
274
274
274
274
274
274
274
274
274
274
274
274
274
274
274
274
274
274
274
274
274
274
274
274
274
274
274
274
274
274
274
274
274
274
274
274
274
274
274
274
274
274
274
274
274
274
274
274
274
274
274
274
274
274
274
274
274
274
274
274
274
274
274
274
274
274
274
274
274
274
274
274
274
274
274
274
274
274
274
274
274
274
274
274
274
274
274
274
274
274
274
274
274
274
274
274
274
274
274
274
274
274
274
274
274
274
274
274
274
274
274
274
274
274
274
274
274
274
274
274
274
274
274
274
274
274
274
274
274
274
274
274
274
274
274
274
274
274
274
274
274
274
274
274
274
274
274
274
274
274
274
274
274
274
274
274
274
274
274
274
274
274
274
274
274
274
274
274
274
274
274
274
274
274
274
274
274
274
274
274
274
274
274
274
274
274
274
274
274
274
274
274
274
274
274
274
274
274
274
274
274
274
274
274
274
274
274
274
274
274
274
274
274
274
274
274
274
274
274
274
274
274
274
274
274
274
274
274
274
274
274
274
274
274
274
274
274
274
274
274
274
274
274
274
274
274
274
274
274
274
274
274
274
274
274
274
274
274
274
274
274
274
274
274
274
274
274
274
274
274
274
274
274
274
274
274
274
274
274
274
274
274
274
274
274
274
274
274
274
274
274
274
274
274
274
274
274
274
274
274
274
274
274
274
274
274
274
274
274
274
274
274
274
274
274
274
274
274
274
274
274
274
274
274
274
274
274
274
274
274
274
274
274
274
274
274
274
274
274
274
274
274
274
274
274
274
274
274
274
274
274
274
274
274
274
274
274
274
274
274
274
274
274
274
274
274
274
274
274
274
274
274
274
274
274
274
274
274
274
274
274
274
274
274
274
274
274
274
274
274
274
274
274
274
274
274
274
274
274
274
274
274
274
274
274
274
274
274
274
274
274
274
274
274
274
274
274
274
274
274
274
274
274
274
274
274
274
274
274
274
274
274
274
274
274
274
274
274
274
274
274
274
274
274
274
274
274
274
274
274
274
274
274
274
274
274
274
274
274
274
274
274
274
274
274
274
274
274
274
274
274
274
274
274
274
274
274
274
274
274
274
274
274
274
274
274
274
274
274
274
274
274
274
274
274
273.999
274
274
274
274
274
274
274
274
274
274
274
274
274
274
274
274
274
274
274
274
274
274
274
274
274
274
274
274
274
274
274
274
274
274
274
274
274
274
274
274
274
274
274
274
274
274
274
274
274
274
274
274
274
274
274
274
274
274
274
274
274
274
274
274
274
274
274
274
274
274
274
274
274
274
274
274
274
274
274
274
274
274
274
274
274
274
274
274
274
274
274
274
274
274
274
274
274
274
274
274
274
274
274
274
274
274
274
274
274
274
274
274
274
274
274
274
274
274
274
274
274
274
274
273.998
273.992
274
274
274
274
274
274
274
274
274
274
274
274
274
274
274
274
274
274
274
274
274
274
274
274
274
274
274
274
274
274
274
274
274
274
274
274
274
274
274
274
274
274
274
274
274
274
274
274
274
274
274
274
274
274
274
274
274
274
274
274
274
274
274
274
274
274
274
274
274
274
274
274
274
274
274
274
274
274
274
274
274
274
274
274
274
274
274
274
274
274
274
274
274
274
274
274
274
274
274
274
274
274
274
274
274
274
274
274
274
274
274
274
274
274
274
274
274
274
274
274
274
274
273.999
273.988
273.965
274
274
274
274
274
274
274
274
274
274
274
274
274
274
274
274
274
274
274
274
274
274
274
274
274
274
274
274
274
274
274
274
274
274
274
274
274
274
274
274
274
274
274
274
274
274
274
274
274
274
274
274
274
274
274
274
274
274
274
274
274
274
274
274
274
274
274
274
274
274
274
274
274
274
274
274
274
274
274
274
274
274
274
274
274
274
274
274
274
274
274
274
274
274
274
274
274
274
274
274
274
274
274
274
274
274
274
274
274
274
274
274
274
274
274
274
274
274
274
274
274
274
273.994
273.934
273.78
274
274
274
274
274
274
274
274
274
274
274
274
274
274
274
274
274
274
274
274
274
274
274
274
274
274
274
274
274
274
274
274
274
274
274
274
274
274
274
274
274
274
274
274
274
274
274
274
274
274
274
274
274
274
274
274
274
274
274
274
274
274
274
274
274
274
274
274
274
274
274
274
274
274
274
274
274
274
274
274
274
274
274
274
274
274
274
274
274
274
274
274
274
274
274
274
274
274
274
274
274
274
274
274
274
274
274
274
274
274
274
274
274
274
274
274
274
274
274
274
274
273.998
273.983
273.891
273.678
274
274
274
274
274
274
274
274
274
274
274
274
274
274
274
274
274
274
274
274
274
274
274
274
274
274
274
274
274
274
274
274
274
274
274
274
274
274
274
274
274
274
274
274
274
274
274
274
274
274
274
274
274
274
274
274
274
274
274
274
274
274
274
274
274
274
274
274
274
274
274
274
274
274
274
274
274
274
274
274
274
274
274
274
274
274
274
274
274
274
274
274
274
274
274
274
274
274
274
274
274
274
274
274
274
274
274
274
274
274
274
274
274
274
274
274
274
274
274
274
274
273.996
273.965
273.838
273.481
274
274
274
274
274
274
274
274
274
274
274
274
274
274
274
274
274
274
274
274
274
274
274
274
274
274
274
274
274
274
274
274
274
274
274
274
274
274
274
274
274
274
274
274
274
274
274
274
274
274
274
274
274
274
274
274
274
274
274
274
274
274
274
274
274
274
274
274
274
274
274
274
274
274
274
274
274
274
274
274
274
274
274
274
274
274
274
274
274
274
274
274
274
274
274
274
274
274
274
274
274
274
274
274
274
274
274
274
274
274
274
274
274
274
274
274
274
274
274
274
274
273.996
273.965
273.84
273.451
274
274
274
274
274
274
274
274
274
274
274
274
274
274
274
274
274
274
274
274
274
274
274
274
274
274
274
274
274
274
274
274
274
274
274
274
274
274
274
274
274
274
274
274
274
274
274
274
274
274
274
274
274
274
274
274
274
274
274
274
274
274
274
274
274
274
274
274
274
274
274
274
274
274
274
274
274
274
274
274
274
274
274
274
274
274
274
274
274
274
274
274
274
274
274
274
274
274
274
274
274
274
274
274
274
274
274
274
274
274
274
274
274
274
274
274
274
274
274
274
274
274
274
273.991
273.945
274
274
274
274
274
274
274
274
274
274
274
274
274
274
274
274
274
274
274
274
274
274
274
274
274
274
274
274
274
274
274
274
274
274
274
274
274
274
274
274
274
274
274
274
274
274
274
274
274
274
274
274
274
274
274
274
274
274
274
274
274
274
274
274
274
274
274
274
274
274
274
274
274
274
274
274
274
274
274
274
274
274
274
274
274
274
274
274
274
274
274
274
274
274
274
274
274
274
274
274
274
274
274
274
274
274
274
274
274
274
274
274
274
274
274
274
274
274
274
274
274
274
273.999
273.983
273.941
274
274
274
274
274
274
274
274
274
274
274
274
274
274
274
274
274
274
274
274
274
274
274
274
274
274
274
274
274
274
274
274
274
274
274
274
274
274
274
274
274
274
274
274
274
274
274
274
274
274
274
274
274
274
274
274
274
274
274
274
274
274
274
274
274
274
274
274
274
274
274
274
274
274
274
274
274
274
274
274
274
274
274
274
274
274
274
274
274
274
274
274
274
274
274
274
274
274
274
274
274
274
274
274
274
274
274
274
274
274
274
274
274
274
274
274
274
274
274
274
274
274
274
274
273.997
274
274
274
274
274
274
274
274
274
274
274
274
274
274
274
274
274
274
274
274
274
274
274
274
274
274
274
274
274
274
274
274
274
274
274
274
274
274
274
274
274
274
274
274
274
274
274
274
274
274
274
274
274
274
274
274
274
274
274
274
274
274
274
274
274
274
274
274
274
274
274
274
274
274
274
274
274
274
274
274
274
274
274
274
274
274
274
274
274
274
274
274
274
274
274
274
274
274
274
274
274
274
274
274
274
274
274
274
274
274
274
274
274
274
274
274
274
274
274
274
274
274
274
274
274
274
274
274
274
274
274
274
274
274
274
274
274
274
274
274
274
274
274
274
274
274
274
274
274
274
274
274
274
274
274
274
274
274
274
274
274
274
274
274
274
274
274
274
274
274
274
274
274
274
274
274
274
274
274
274
274
274
274
274
274
274
274
274
274
274
274
274
274
274
274
274
274
274
274
274
274
274
274
274
274
274
274
274
274
274
274
274
274
274
274
274
274
274
274
274
274
274
274
274
274
274
274
274
274
274
274
274
274
274
274
274
274
274
274
274
274
274
274
274
274
274
274
274
274
274
274
274
274
274
274
274
274
274
274
274
274
274
274
274
274
274
274
274
274
274
274
274
274
274
274
274
274
274
274
274
274
274
274
274
274
274
274
274
274
274
274
274
274
274
274
274
274
274
274
274
274
274
274
274
274
274
274
274
274
274
274
274
274
274
274
274
274
274
274
274
274
274
274
274
274
274
274
274
274
274
274
274
274
274
274
274
274
274
274
274
274
274
274
274
274
274
274
274
274
274
274
274
274
274
274
274
274
274
274
274
274
274
274
274
274
274
274
274
274
274
274
274
274
274
274
274
274
274
274
274
274
274
274
274
274
274
274
274
274
274
274
274
274
274
274
274
274
274
274
274
274
274
274
274
274
274
274
274
274
274
274
274
274
274
274
274
274
274
274
274
274
274
274
274
274
274
274
274
274
274
274
274
274
274
274
274
274
274
274
274
274
274
274
274
274
274
274
274
274
274
274
274
274
274
274
274
274
274
274
274
274
274
274
274
274
274
274
274
274
274
274
274
274
274
274
274
274
274
274
274
274
274
274
274
274
274
274
274
274
274
274
274
274
274
274
274
274
274
274
274
274
274
274
274
274
274
274
274
274
274
274
274
274
274
274
274
274
274
274
274
274
274
274
274
274
274
274
274
274
274
274
274
274
274
274
274
274
274
274
274
274
274
274
274
274
274
274
274
274
274
274
274
274
274
274
274
274
274
274
274
274
274
274
274
274
274
274
274
274
274
274
274
274
274
274
274
274
274
274
274
274
274
274
274
274
274
274
274
274
274
274
274
274
274
274
274
274
274
274
274
274
274
274
274
274
274
274
274
274
274
274
274
274
274
274
274
274
274
274
274
274
274
274
274
274
274
274
274
274
274
274
274
274
274
274
274
274
274
274
274
274
274
274
274
274
274
274
274
274
274
274
274
274
274
274
274
274
274
274
274
274
274
274
274
274
274
274
274
274
274
274
274
274
274
274
274
274
274
274
274
274
274
274
274
274
274
274
274
274
274
274
274
274
274
274
274
274
274
274
274
274
274
274
274
274
274
274
274
274
274
274
274
274
274
274
274
274
274
274
274
274
274
274
274
274
274
274
274
274
274
274
274
274
274
274
274
274
274
274
274
274
274
274
274
274
274
274
274
274
274
274
274
274
274
274
274
274
274
274
274
274
274
274
274
274
274
274
274
274
274
274
274
274
274
274
274
274
274
274
274
274
274
274
274
274
274
274
274
274
274
274
274
274
274
274
274
274
274
274
274
274
274
274
274
274
274
274
274
274
274
274
274
274
274
274
274
274
274
274
274
274
274
274
274
274
274
274
274
274
274
274
274
274
274
274
274
274
274
274
274
274
274
274
274
274
274
274
274
274
274
274
274
274
274
274
274
274
274
274
274
274
274
274
274
274
274
274
274
274
274
274
274
274
274
274
274
274
274
274
274
274
274
274
274
274
274
274
274
274
274
274
274
274
274
274
274
274
274
274
274
274
274
274
274
274
274
274
274
274
274
274
274
274
274
274
274
274
274
274
274
274
274
274
274
274
274
274
274
274
274
274
274
274
274
274
274
274
274
274
274
274
274
274
274
274
274
274
274
274
274
274
274
274
274
274
274
274
274
274
274
274
274
274
274
274
274
274
274
274
274
274
274
274
274
274
274
274
274
274
274
274
274
274
274
274
274
274
274
274
274
274
274
274
274
274
274
274
274
274
274
274
274
274
274
274
274
274
274
274
274
274
274
274
274
274
274
274
274
274
274
274
274
274
274
274
274
274
274
274
274
274
274
274
274
274
274
274
274
274
274
274
274
274
274
274
274
274
274
274
274
274
274
274
274
274
274
274
274
274
274
274
274
274
274
274
274
274
274
274
274
274
274
274
274
274
274
274
274
274
274
274
274
274
274
274
274
274
274
274
274
274
274
274
274
274
274
274
274
274
274
274
274
274
274
274
274
274
274
274
274
274
274
274
274
274
274
274
274
274
274
274
274
274
274
274
274
274
274
274
274
274
274
274
274
274
274
274
274
274
274
274
274
274
274
274
274
274
274
274
274
274
274
274
274
274
274
274
274
274
274
274
274
274
274
274
274
274
274
274
274
274
274
274
274
274
274
274
274
274
274
274
274
274
274
274
274
274
274
274
274
274
274
274
274
274
274
274
274
274
274
274
274
274
274
274
274
274
274
274
274
274
274
274
274
274
274
274
274
274
274
274
274
274
274
274
274
274
274
274
274
274
274
274
274
274
274
274
274
274
274
274
274
274
274
274
274
274
274
274
274
274
274
274
274
274
274
274
274
274
274
274
274
274
274
274
274
274
274
274
274
274
274
274
274
274
274
274
274
274
274
274
274
274
274
274
274
274
274
274
274
274
274
274
274
274
274
274
274
274
274
274
274
274
274
274
274
274
274
274
274
274
274
274
274
274
274
274
274
274
274
274
274
274
274
274
274
274
274
274
274
274
274
274
274
274
274
274
274
274
274
274
274
274
274
274
274
274
274
274
274
274
274
274
274
274
274
274
274
274
274
274
274
274
274
274
274
274
274
274
274
274
274
274
274
274
274
274
274
274
274
274
274
274
274
274
274
274
274
274
274
274
274
274
274
274
274
274
274
274
274
274
274
274
274
274
274
274
274
274
274
274
274
274
274
274
274
274
274
274
274
274
274
274
274
274
274
274
274
274
274
274
274
274
274
274
274
274
274
274
274
274
274
274
274
274
274
274
274
274
274
274
274
274
274
274
274
274
274
274
274
274
274
274
274
274
274
274
274
274
274
274
274
274
274
274
274
274
274
274
274
274
274
274
274
274
274
274
274
274
274
274
274
274
274
274
274
274
274
274
274
274
274
274
274
274
274
274
274
274
274
274
274
274
274
274
274
274
274
274
274
274
274
274
274
274
274
274
274
274
274
274
274
274
274
274
274
274
274
274
274
274
274
274
274
274
274
274
274
274
274
274
274
274
274
274
274
274
274
274
274
274
274
274
274
274
274
274
274
274
274
274
274
274
274
274
274
274
274
274
274
274
274
274
274
274
274
274
274
274
274
274
274
274
274
274
274
274
274
274
274
274
274
274
274
274
274
274
274
274
274
274
274
274
274
274
274
274
274
274
274
274
274
274
274
274
274
274
274
274
274
274
274
274
274
274
274
274
274
274
274
274
274
274
274
274
274
274
274
274
274
274
274
274
274
274
274
274
274
274
274
274
274
274
274
274
274
274
274
274
274
274
274
274
274
274
274
274
274
274
274
274
274
274
274
274
274
274
274
274
274
274
274
274
274
274
274
274
274
274
274
274
274
274
274
274
274
274
274
274
274
274
274
274
274
274
274
274
274
274
274
274
274
274
274
274
274
274
274
274
274
274
274
274
274
274
274
274
274
274
274
274
274
274
274
274
274
274
274
274
274
274
274
274
274
274
274
274
274
274
274
274
274
274
274
274
274
274
274
274
274
274
274
274
274
274
274
274
274
274
274
274
274
274
274
274
274
274
274
274
274
274
274
274
274
274
274
274
274
274
274
274
274
274
274
274
274
274
274
274
274
274
274
274
274
274
274
274
274
274
274
274
274
274
274
274
274
274
274
274
274
274
274
274
274
274
274
274
274
274
274
274
274
274
274
274
274
274
274
274
274
274
274
274
274
274
274
274
274
274
274
274
274
274
274
274
274
274
274
274
274
274
274
274
274
274
274
274
274
274
274
274
274
274
274
274
274
274
274
274
274
274
274
274
274
274
274
274
274
274
274
274
274
274
274
274
274
274
274
274
274
274
274
274
274
274
274
274
274
274
274
274
274
274
274
274
274
274
274
274
274
274
274
274
274
274
274
274
274
274
274
274
274
274
274
274
274
274
274
274
274
274
274
274
274
274
274
274
274
274
274
274
274
274
274
274
274
274
274
274
274
274
274
274
274
274
274
274
274
274
274
274
274
274
274
274
274
274
274
274
274
274
274
274
274
274
274
274
274
274
274
274
274
274
274
274
274
274
274
274
274
274
274
274
274
274
274
274
274
274
274
274
274
274
274
274
274
274
274
274
274
274
274
274
274
274
274
274
274
274
274
274
274
274
274
274
274
274
274
274
274
274
274
274
274
274
274
274
274
274
274
274
274
274
274
274
274
274
274
274
274
274
274
274
274
274
274
274
274
274
274
274
274
274
274
274
274
274
274
274
274
274
274
274
274
274
274
274
274
274
274
274
274
274
274
274
274
274
274
274
274
274
274
274
274
274
274
274
274
274
274
274
274
274
274
274
274
274
274
274
274
274
274
274
274
274
274
274
274
274
274
274
274
274
274
274
274
274
274
274
274
274
274
274
274
274
274
274
274
274
274
274
274
274
274
274
274
274
274
274
274
274
274
274
274
274
274
274
274
274
274
274
274
274
274
274
274
274
274
274
274
274
274
274
274
274
274
274
274
274
274
274
274
274
274
274
274
274
274
274
274
274
274
274
274
274
274
274
274
274
274
274
274
274
274
274
274
274
274
274
274
274
274
274
274
274
274
274
274
274
274
274
274
274
274
274
274
274
274
274
274
274
274
274
274
274
274
274
274
274
274
274
274
274
274
274
274
274
274
274
274
274
274
274
274
274
274
274
274
274
274
274
274
274
274
274
274
274
274
274
274
274
274
274
274
274
274
274
274
274
274
274
274
274
274
274
274
274
274
274
274
274
274
274
274
274
274
274
274
274
274
274
274
274
274
274
274
274
274
274
274
274
274
274
274
274
274
274
274
274
274
274
274
274
274
274
274
274
274
274
274
274
274
274
274
274
274
274
274
274
274
274
274
274
274
274
274
274
274
274
274
274
274
274
274
274
274
274
274
274
274
274
274
274
274
274
274
274
274
274
274
274
274
274
274
274
274
274
274
274
274
274
274
274
274
274
274
274
274
274
274
274
274
274
274
274
274
274
274
274
274
274
274
274
274
274
274
274
274
274
274
274
274
274
274
274
274
274
274
274
274
274
274
274
274
274
274
274
274
274
274
274
274
274
274
274
274
274
274
274
274
274
274
274
274
274
274
274
274
274
274
274
274
274
274
274
274
274
274
274
274
274
274
274
274
274
274
274
274
274
274
274
274
274
274
274
274
274
274
274
274
274
274
274
274
274
274
274
274
274
274
274
274
274
274
274
274
274
274
274
274
274
274
274
274
274
274
274
274
274
274
274
274
274
274
274
274
274
274
274
274
274
274
274
274
274
274
274
274
274
274
274
274
274
274
274
274
274
274
274
274
274
274
274
274
274
274
274
274
274
274
274
274
274
274
274
274
274
274
274
274
274
274
274
274
274
274
274
274
274
274
274
274
274
274
274
274
274
274
274
274
274
274
274
274
274
274
274
274
274
274
274
274
274
274
274
274
274
274
274
274
274
274
274
274
274
274
274
274
274
274
274
274
274
274
274
274
274
274
274
274
274
274
274
274
274
274
274
274
274
274
274
274
274
274
274
274
274
274
274
274
274
274
274
274
274
274
274
274
274
274
274
274
274
274
274
274
274
274
274
274
274
274
274
274
274
274
274
274
274
274
274
274
274
274
274
274
274
274
274
274
274
274
274
274
274
274
274
274
274
274
274
274
274
274
274
274
274
274
274
274
274
274
274
274
274
274
274
274
274
274
274
274
274
274
274
274
274
274
274
274
274
274
274
274
274
274
274
274
274
274
274
274
274
274
274
274
274
274
274
274
274
274
274
274
274
274
274
274
274
274
274
274
274
274
274
274
274
274
274
274
274
274
274
274
274
274
274
274
274
274
274
274
274
274
274
274
274
274
274
274
274
274
274
274
274
274
274
274
274
274
274
274
274
274
274
274
274
274
274
274
274
274
274
274
274
274
274
274
274
274
274
274
274
274
274
274
274
274
274
274
274
274
274
274
274
274
274
274
274
274
274
274
274
274
274
274
274
274
274
274
274
274
274
274
274
274
274
274
274
274
274
274
274
274
274
274
274
274
274
274
274
274
274
274
274
274
274
274
274
274
274
274
274
274
274
274
274
274
274
274
274
274
274
274
274
274
274
274
274
274
274
274
274
274
274
274
274
274
274
274
274
274
274
274
274
274
274
274
274
274
274
274
274
274
274
274
274
274
274
274
274
274
274
274
274
274
274
274
274
274
274
274
274
274
274
274
274
274
274
274
274
274
274
274
274
274
274
274
274
274
274
274
274
274
274
274
274
274
274
274
274
274
274
274
274
274
274
274
274
274
274
274
274
274
274
274
274
274
274
274
274
274
274
274
274
274
274
274
274
274
274
274
274
274
274
274
274
274
274
274
274
274
274
274
274
274
274
274
274
274
274
274
274
274
274
274
274
274
274
274
274
274
274
274
274
274
274
274
274
274
274
274
274
274
274
274
274
274
274
274
274
274
274
274
274
274
274
274
274
274
274
274
274
274
274
274
274
274
274
274
274
274
274
274
274
274
274
274
274
274
274
274
274
274
274
274
274
274
274
274
274
274
274
274
274
274
274
274
274
274
274
274
274
274
274
274
274
274
274
274
274
274
274
274
274
274
274
274
274
274
274
274
274
274
274
274
274
274
274
274
274
274
274
274
274
274
274
274
274
274
274
274
274
274
274
274
274
274
274
274
274
274
274
274
274
274
274
274
274
274
274
274
274
274
274
274
274
274
274
274
274
274
274
274
274
274
274
274
274
274
274
274
274
274
274
274
274
274
274
274
274
274
274
274
274
274
274
274
274
274
274
274
274
274
274
274
274
274
274
274
274
274
274
274
274
274
274
274
274
274
274
274
274
274
274
274
274
274
274
274
274
274
274
274
274
274
274
274
274
274
274
274
274
274
274
274
274
274
274
274
274
274
274
274
274
274
274
274
274
274
274
274
274
274
274
274
274
274
274
274
274
274
274
274
274
274
274
274
274
274
274
274
274
274
274
274
274
274
274
274
274
274
274
274
274
274
274
274
274
274
274
274
274
274
274
274
274
274
274
274
274
274
274
274
274
274
274
274
274
274
274
274
274
274
274
274
274
274
274
274
274
274
274
274
274
274
274
274
274
274
274
274
274
274
274
274
274
274
274
274
274
274
274
274
274
274
274
274
274
274
274
274
274
274
274
)
;

boundaryField
{
    wall
    {
        type            zeroGradient;
    }
    inlet
    {
        type            fixedValue;
        value           uniform 3673;
    }
    outlet-1
    {
        type            inletOutlet;
        inletValue      uniform 274;
        value           uniform 274;
    }
    outlet-2
    {
        type            inletOutlet;
        inletValue      uniform 274;
        value           nonuniform List<scalar> 
89
(
274
274
274
274
274
274
274
274
274
274
274
274
274
274
274
274
274
274
274
274
274
274
274
274
274
274
274
274
274
274
274
274
274
274
274
274
274
274
274
274
274
274
274
274
274
274
274
274
274
274
274
274
274
274
274
274
274
274
274
274
274
274
274
274
274
274
274
274
274
274
274
274
274
274
274
274
274
274
274
274
274
274
274
274
274
274
274
274
274
)
;
    }
    frontAndBackPlanes
    {
        type            empty;
    }
}


// ************************************************************************* //
