/*--------------------------------*- C++ -*----------------------------------*\
| =========                 |                                                 |
| \\      /  F ield         | OpenFOAM: The Open Source CFD Toolbox           |
|  \\    /   O peration     | Version:  2112                                  |
|   \\  /    A nd           | Website:  www.openfoam.com                      |
|    \\/     M anipulation  |                                                 |
\*---------------------------------------------------------------------------*/
FoamFile
{
    version     2.0;
    format      ascii;
    arch        "LSB;label=32;scalar=64";
    class       volScalarField;
    location    "0.0029";
    object      T;
}
// * * * * * * * * * * * * * * * * * * * * * * * * * * * * * * * * * * * * * //

dimensions      [0 0 0 1 0 0 0];

internalField   nonuniform List<scalar> 
13875
(
1411.95
1535.39
1482.66
1486.85
1481.04
1483.45
1483.35
1483.03
1483.9
1484.22
1484.37
1484.01
1484.35
1484.14
1483.66
1484.05
1484.25
1483.17
1483.14
1483.13
1481.12
1487.58
1480.76
1533.06
1398.53
1307.03
1356.14
1319.16
1322.08
1316.56
1317.09
1316.94
1317.66
1322.49
1323.52
1323.27
1322.78
1318.56
1318.53
1322.19
1323.1
1323.14
1320.22
1317.19
1316.8
1316.14
1322
1319.7
1356.6
1304.25
1307.21
1339.91
1314.52
1311.04
1303.85
1304.22
1303.6
1303.6
1305.42
1306.26
1306.59
1306.14
1306.14
1305.82
1305.87
1306.25
1306.06
1303.1
1303.44
1304.08
1303.52
1310.85
1311.58
1336.5
1296.89
1317.34
1344.81
1314.96
1308.6
1304.99
1304.7
1303.8
1303.76
1303.83
1304.66
1305.16
1305.53
1306.17
1305.79
1305.25
1304.4
1304.44
1303.13
1303.66
1304.51
1304.3
1307.59
1314.07
1343.56
1311.2
1329.49
1341.98
1315.97
1311.63
1303.38
1304.08
1303.88
1303.81
1303.84
1304.62
1305.46
1305.9
1306.41
1306.14
1305.54
1304.45
1304.46
1303.25
1303.72
1304.06
1303.18
1311.54
1312.22
1338.48
1315.86
1332.2
1351.18
1319.15
1309.82
1306.85
1306.11
1304.78
1304.36
1304.33
1304.91
1305.65
1306.03
1306.92
1306.41
1305.72
1304.58
1304.56
1303.81
1304.7
1305.98
1306.16
1308.36
1319.08
1349.22
1326.81
1339.02
1360.39
1329.21
1316.76
1306.81
1306.26
1305.33
1304.82
1304.81
1305.32
1306.32
1306.57
1307.52
1307.34
1306.38
1305.09
1305.17
1304.29
1305.24
1306.24
1306.63
1317.27
1326.03
1358.42
1322.17
1360.14
1384.96
1344.75
1321.36
1316.15
1311.93
1308.88
1307.29
1306.55
1306.53
1307.28
1307.69
1308.74
1308.64
1307.51
1306.09
1306.89
1306.5
1308.5
1311.52
1315.02
1320.7
1341.58
1381.32
1351.08
1536.37
1507.71
1387.41
1350.72
1323
1316.25
1312.5
1310.4
1309.3
1309.19
1310.02
1310.1
1311.32
1311.26
1310.05
1308.91
1309.53
1309.44
1312.07
1315.67
1321.93
1348.28
1384.4
1508.09
1522.96
1839.69
1577.73
1431.5
1364.63
1344.14
1328.03
1321.07
1317.57
1315.65
1315.28
1315.97
1315.87
1317.08
1317.01
1316.01
1315.04
1315.8
1316.59
1320.27
1327.39
1340.43
1363.46
1427.58
1568.27
1830.56
2511.41
1803.35
1525.86
1440.14
1362.73
1345.62
1336.24
1331.54
1329.06
1328.41
1329.03
1328.73
1329.83
1329.79
1329.27
1328.51
1329.48
1330.88
1335.19
1344.76
1360.63
1427.97
1515.2
1809.83
2446.71
2851.71
2285.07
1821.5
1501.39
1438.39
1399.54
1375.44
1367.23
1361.79
1360.22
1360.28
1359.75
1360.6
1360.6
1360.84
1360.74
1362.67
1367.53
1374.67
1402.32
1429.02
1488.71
1758.62
2306.98
2849.18
2825.97
2680.36
2492.74
2338.41
1603.22
1515.79
1492.87
1473.42
1464.38
1461.76
1461.32
1460.87
1461.97
1461.71
1462.61
1463.14
1466.56
1476.43
1494.7
1526.1
1633.38
2344.24
2417.58
2714.55
2788
2733.22
2677.72
2850.96
2827.95
2137.16
2143.16
1946.61
1855.13
1796.08
1781.98
1777.33
1775.08
1778.4
1778.11
1780.97
1786.4
1805.58
1872.54
1986.22
2166.01
2162.19
2845.09
2858.18
2727.57
2709.77
2663.28
2701.34
2824.84
2812.42
2816.73
2975.54
3333.56
3270.76
3435.4
3424.67
3484.1
3462.75
3503.28
3472.12
3490.18
3442.89
3451.92
3312.4
3366.54
3076.46
2857.4
2843.63
2841.11
2704.2
2671.22
2531.03
2609.27
2830.84
2957.94
2997.57
3330.26
3600.44
3702.92
3685.43
3672.35
3643.71
3645.19
3631.06
3646.61
3642.83
3668.4
3689.03
3718.5
3631.42
3376.36
3027.75
2952.56
2855.37
2651.79
2575.61
2464.13
2571.95
2705.14
2876.12
2989.49
3294.33
3575.1
3679.36
3667.38
3653.7
3621.29
3623.68
3611.71
3625.59
3621.29
3651.44
3675.28
3699
3618.62
3405.55
3018.22
2937.37
2752.98
2599.27
2486.47
2261.61
2510.54
2834.26
2963.98
2961.78
3198.91
3385.66
3480.36
3493.26
3508.08
3499.48
3503.44
3500.07
3506.57
3503.48
3510.49
3500.68
3481.18
3387.78
3197.4
2972.99
2962.71
2811.99
2496.13
2272.07
2181.22
2263.93
2585.34
2759.41
2740.52
2880.91
3112.7
3304.84
3377.68
3402.11
3404.48
3409.91
3409.08
3414.48
3407.31
3405.02
3396.88
3343.81
3152.39
2900.41
2757.7
2776.55
2609.12
2277.81
2195.69
2279.64
2226.37
2365.72
2505.59
2539.23
2626.08
2841.95
3088.74
3239
3300.77
3309.09
3318.69
3318.94
3322.14
3313.69
3312.27
3269.63
3122.05
2857.61
2641.44
2559.76
2530.34
2323.74
2213.95
2291.37
2911.78
2271.52
2172.73
2307.94
2379.03
2463.72
2665.44
2907.75
3086.5
3180.5
3208.85
3218.12
3220.61
3222.17
3215.57
3194.46
3110.28
2920.92
2664.26
2474.29
2395.27
2313.01
2149.48
2260.38
2959.91
2917.52
2054.24
1971.13
2154.81
2249.85
2351.41
2529.39
2760.2
2953.32
3063.48
3096.42
3112.41
3113.77
3115.62
3101.07
3072.69
2965.32
2759.64
2524.91
2364.15
2259.48
2153.34
1960.48
2040.73
2895.31
2910.55
2063.82
1882.14
2038.31
2148.61
2264.37
2412.78
2626.37
2819.08
2944.51
2989.97
3002.19
3006.25
3004.55
2993.63
2953.11
2831.39
2628.12
2413.76
2279.58
2159.26
2039.02
1852.12
2051.14
2978.18
2824.33
2038.69
1870.77
1982.11
2074.62
2180.57
2323.15
2527.53
2714.41
2833.8
2876.98
2896.8
2898.33
2898.49
2878.82
2840.32
2724.69
2527.24
2319.21
2188.78
2082.05
1984.24
1853.71
2017.89
2833.02
2755.09
2036.11
1898.21
1948.25
2012.8
2101.33
2234.64
2434.48
2610.09
2729.93
2777.27
2789.97
2795.12
2791.76
2779.06
2734.02
2614.34
2427.65
2227.71
2105.43
2028.81
1953.9
1877.08
2031.65
2797.66
2730.87
2054.3
1915.8
1931.48
1966.94
2034.58
2168.11
2357.6
2523.84
2631.1
2672.03
2691.89
2693.83
2693.68
2672.63
2635.21
2530.49
2354.39
2162.63
2035.68
1974.96
1944.99
1897.13
2042.48
2743.3
2703.78
2080.18
1939.31
1926.07
1926
1978.93
2104.28
2284.79
2436.21
2540.21
2583.81
2593.12
2598.9
2594.42
2583.61
2542.74
2442.24
2280.26
2098.79
1978.57
1935.1
1937.73
1935.74
2086.69
2731.74
2705.27
2146.95
1978.56
1927.76
1899.13
1938.13
2063.26
2229.61
2368.76
2454.52
2488.17
2505.52
2507.58
2507.65
2487.38
2456.17
2371.54
2222.3
2054.17
1934.8
1903.23
1938.15
1964.02
2140.28
2734.22
2734.12
2158.79
1974.33
1918.09
1882.34
1905.97
2013.26
2165.79
2289.62
2372.28
2411.25
2416.9
2423.84
2417.73
2411.98
2376.52
2300.5
2168.43
2012.58
1907.64
1891.14
1930.25
1984.37
2125.39
2728.25
2777.01
2173.68
1995.36
1926.1
1867.76
1885.16
1991.92
2127.92
2236.03
2300.51
2326.34
2341.68
2342.78
2342.19
2324.77
2302.16
2241.85
2126.12
1987.54
1885.54
1873.05
1933.71
1990.12
2158.68
2771.12
2747.56
2171.41
1979.56
1918.35
1847.78
1874.63
1963.54
2081.37
2170.39
2227.64
2262.66
2261.83
2269.98
2263.21
2261.55
2231.59
2179.49
2081.39
1956.97
1873.1
1858.02
1925.46
1993.95
2157.49
2763.25
2740.82
2177.93
2013.53
1929.92
1840.5
1858.5
1945.53
2050.96
2125.85
2169.84
2186.51
2198.35
2199.37
2199.06
2184.69
2171.57
2135.54
2056.41
1945.08
1858.69
1850.3
1926.81
2000.17
2168.79
2731.81
2710.79
2176.7
2027.11
1913.02
1832.23
1851.37
1927.02
2010.21
2071.28
2106.03
2135.61
2128.51
2136.89
2129.39
2132.62
2108.54
2079.86
2015.62
1923.79
1849.05
1840.42
1922.38
2023.15
2163.12
2725.18
2681.93
2169.2
2075.72
1940.46
1838.35
1839.7
1913.1
1989.26
2038.81
2061.93
2069.47
2075.41
2076.07
2076.32
2065.66
2061.32
2044.45
1994.92
1912.71
1833.59
1841.9
1934.02
2055.64
2167.43
2699.57
2680.52
2178.01
2103
1929.94
1846.48
1833.38
1896.76
1952.74
1988.9
2004.2
2029.02
2015.27
2023.25
2015.49
2024.7
2005.5
1994.53
1963.25
1901.39
1828.52
1852.77
1935.99
2116.65
2161.86
2676.84
2659.41
2171.19
2098.38
1961.71
1863.52
1830.54
1881.74
1936.37
1963.54
1972.16
1972.15
1972.69
1971.98
1972.62
1967.01
1969.87
1965.34
1940.59
1888.12
1821.77
1864.96
1963.29
2113.99
2169.82
2649.04
2633.53
2158.96
2097.27
1979.5
1876.85
1838.34
1874.7
1904.76
1918.24
1919.35
1939.89
1920.07
1928.26
1920.58
1935.8
1920.62
1919.26
1909.64
1881.93
1824.49
1874.66
1988.71
2111.32
2155.83
2621.68
2613.57
2145.17
2090.91
2044.09
1904.54
1850.73
1868.21
1888.64
1894.17
1895.24
1890.81
1887.05
1885.36
1887.5
1886.29
1892.78
1895.98
1888.63
1878.58
1846.27
1895.5
2045.67
2102.14
2139.48
2589.9
2595.72
2135.14
2079.07
2033.14
1918.86
1870.98
1869.14
1859.71
1855.23
1845.85
1864.02
1841.03
1849.61
1842.19
1860.52
1847.72
1855.59
1862.7
1878.22
1863.35
1922.51
2045.45
2089.07
2121.95
2578.35
2564.88
2114.96
2049.05
2034.78
1967.21
1888.43
1881.56
1851.05
1836.79
1831.45
1822.41
1815.2
1813.65
1816.67
1818.1
1827.75
1839.16
1849.86
1892.24
1886.32
1965.15
2040.22
2052.81
2114.23
2556.51
2551.52
2109.3
2018.6
2018.48
2022.21
1920.6
1896.43
1832.23
1807.5
1785.7
1800.33
1775.41
1783.94
1776.4
1797.66
1786.83
1809.36
1838.37
1911.72
1913.48
2032.36
2033.46
2021.39
2096.02
2536.33
2524.45
2096.62
1992.12
2008.87
2026.66
1946.5
1895.32
1845.91
1801.1
1782.94
1765.99
1756.07
1753.93
1756.56
1762.14
1780.3
1803.68
1845.82
1923.02
1959.9
2032.37
2018.5
1996.03
2092.22
2514.9
2504.76
2087.14
1973.02
1970.92
2008.47
2006.09
1919.98
1852.38
1788.78
1741.71
1749.11
1721.02
1729.47
1722.24
1747.05
1743.63
1789.67
1852.13
1948.77
2022.74
2012.03
1985.06
1978.67
2085.53
2499.71
2476.58
2079.83
1957.02
1944.92
1998.27
2037.55
1937.43
1868.56
1797.3
1760.78
1724.94
1707.73
1704.65
1708.76
1720.93
1759.89
1797.34
1864.33
1986.93
2049.81
2001.17
1956.73
1961.69
2068.93
2469.79
2463.43
2077.18
1949.48
1912.59
1959.71
2017.99
1993.99
1885.89
1797.51
1722.15
1718.38
1680.18
1686.32
1681.65
1717
1728.63
1804.9
1886.92
2062.81
2036.3
1954.37
1926.26
1955.59
2068.37
2455.03
2435.97
2055.8
1937.14
1896.38
1929.77
2007.71
2070.94
1938.13
1811.01
1766.05
1715.2
1681.95
1672.01
1681.92
1709.09
1764.33
1817.69
1927.56
2087.55
2010.67
1926.88
1905.64
1944.18
2053.64
2425.42
2424.49
2055.37
1934.56
1876.07
1891.67
1979.01
2052.46
2016.48
1834.77
1731.26
1719.98
1666.56
1667.38
1668.16
1716.28
1735.51
1843.58
2012.33
2072.28
1980.09
1891.8
1890.59
1939.88
2044.58
2414.63
2390.3
2034.05
1921.55
1871.34
1876.13
1938.37
2038.57
2063.96
1880.05
1783.48
1719.89
1683.57
1668.71
1685.37
1714.21
1784.24
1899.7
2058.46
2053.02
1933.69
1877.66
1880.01
1927.61
2029.44
2370.61
2360.61
2023.34
1913.48
1856.69
1853.05
1910.25
2011.51
2047.89
1985.45
1763.76
1733.91
1668.31
1671.96
1670.54
1731.23
1769.14
2009.68
2047.31
2026.46
1904.52
1856.02
1871.44
1919.75
2017.51
2344.49
2221.35
1975.61
1888.63
1852.91
1849.98
1876.05
1972.37
2033.75
2013.04
1866.23
1752.48
1696.72
1680.06
1698.03
1748.35
1863.08
2010.91
2031.64
1985.83
1873.51
1851.62
1859.99
1895.52
1968.5
2202.37
283.196
284.886
284.431
284.999
285.234
285.639
286.173
286.804
287.485
288.305
289.527
291.252
293.517
296.193
299.149
302.344
305.65
308.299
309.156
298.217
281.299
276.03
274.542
274.143
274.032
274.009
273.998
274.001
273.997
274
281.739
282.858
282.402
282.877
282.975
283.354
283.94
284.622
285.297
286.005
287.036
288.636
290.955
293.897
297.3
300.954
304.713
308.309
311.404
313.776
303.801
282.234
276.124
274.534
274.126
274.031
273.999
274.002
273.99
274.01
281.127
281.806
281.315
281.764
281.654
282.154
282.8
283.558
284.285
284.979
285.911
287.444
289.771
292.895
296.795
301.03
305.232
309.482
313.348
316.738
318.055
301.274
280.919
275.664
274.399
274.097
274.011
274.006
273.992
274.009
280.435
280.586
280.493
280.465
280.31
280.696
281.306
282.189
283.022
283.732
284.58
286.113
288.582
291.762
295.593
300.123
305.094
309.679
313.802
317.325
320.134
320.596
297.111
279.537
275.247
274.295
274.057
274.016
273.996
274.006
280.291
280.156
280.235
279.973
279.863
280.126
280.56
281.302
282.168
283.029
283.828
285.192
287.701
290.97
294.832
299.103
303.838
309.112
313.94
317.582
320.652
323.267
322.502
292.36
278.188
274.914
274.196
274.045
274.003
274.005
280.281
280.166
280.263
279.954
279.868
280.083
280.45
281.113
281.887
282.694
283.474
284.661
286.918
290.189
293.986
298.134
302.642
307.577
312.824
317.466
320.994
324.209
326.371
322.158
287.604
277.006
274.627
274.136
274.023
274.009
280.704
280.645
280.788
280.49
280.415
280.506
280.754
281.349
282.086
282.827
283.396
284.041
286.022
289.045
292.887
296.996
301.366
306.033
311.247
316.625
321.115
324.637
327.987
329.459
317.624
283.951
276.035
274.421
274.082
274.02
281.222
281.226
281.493
281.334
281.239
281.336
281.516
282.004
282.638
283.276
283.727
284.091
285.171
287.754
291.673
295.815
300.224
304.823
309.798
315.314
320.652
324.956
328.604
331.896
332.629
308.996
280.94
275.342
274.264
274.059
281.651
281.769
282.158
282.219
282.22
282.349
282.587
282.959
283.472
283.898
284.205
284.461
284.915
286.791
290.455
294.78
299.278
303.906
308.724
314.003
319.653
324.836
329.001
332.837
335.841
335.335
298.565
278.556
274.848
274.181
281.985
282.227
282.718
283.056
283.458
283.818
284.155
284.381
284.567
284.754
284.802
284.9
285.045
286.359
289.442
293.904
298.5
303.193
307.968
312.992
318.521
324.197
329.175
333.282
337.224
339.531
334.585
289.246
276.82
274.568
282.372
282.623
283.176
283.927
284.818
285.502
285.949
286.184
285.931
285.461
285.274
285.315
285.38
286.303
288.787
293.011
297.768
302.531
307.353
312.26
317.56
323.276
328.88
333.663
337.783
341.632
342.931
324.903
283.497
275.826
282.742
282.99
283.55
284.399
285.351
286.118
286.641
286.983
286.695
286.087
285.67
285.637
285.737
286.236
288.272
292.01
296.943
301.741
306.662
311.615
316.802
322.326
328.138
333.628
338.262
342.48
345.787
345.583
308.128
280.145
283.204
283.438
283.938
284.719
285.684
286.507
287.04
287.521
287.374
286.755
286.256
285.888
285.774
285.829
287.738
291.043
295.939
300.811
305.82
310.881
316.075
321.443
327.177
333.055
338.455
343.012
347.076
349.59
343.457
293.633
283.621
283.873
284.262
285.042
285.879
286.688
287.493
288.101
288.138
287.717
287.13
286.504
286.291
286.319
287.42
290.369
294.951
299.921
304.93
310.054
315.264
320.597
326.224
332.163
338.111
343.439
347.724
352.304
356.417
335.18
284.217
284.373
284.631
285.422
286.208
287.258
288.289
288.977
289.251
288.888
288.137
287.505
287.226
287.266
287.576
290.223
294.385
299.458
304.329
309.406
314.537
319.906
325.452
331.275
337.4
343.436
348.148
353.951
365.061
379.446
284.468
284.798
285.019
286.03
287.055
288.297
289.575
290.405
290.941
290.474
289.644
288.952
288.681
288.687
288.635
290.672
294.42
299.46
304.244
309.252
314.29
319.613
324.964
330.62
336.625
343.003
347.85
355.973
374.979
430.865
284.933
285.282
285.829
287.231
288.672
290.435
292.084
293.123
293.825
293.122
292.15
291.4
290.976
290.615
290.487
291.706
295.079
300.056
304.699
309.542
314.447
319.598
324.764
330.241
335.955
341.641
348.447
361.578
392.094
484.465
285.025
285.815
287.081
289.401
292.044
294.419
296.929
298.346
299.197
297.869
296.377
295.319
294.466
293.674
293.145
293.389
296.543
301.296
305.771
310.343
315.048
319.79
324.757
330.18
335.719
340.619
349.563
368.698
409.971
494.161
285.301
286.86
289.406
293.908
298.987
302.823
306.711
308.609
308.756
305.81
303.518
301.676
299.911
298.392
297.323
296.242
298.924
303.222
307.59
311.796
316.145
320.506
325.122
330.4
335.886
341.585
353.163
378.216
425.538
495.938
285.336
288.232
294.136
303.727
314.396
320.872
326.087
327.981
325.38
320.13
316.045
312.576
309.122
305.074
301.942
299.779
301.44
305.523
310.059
314.063
318.056
322.182
326.411
331.243
336.597
343.558
358.798
393.357
452.344
494.939
286.232
291.164
304.594
328.769
348.881
358.851
363.147
363.32
355.97
345.343
337.494
329.949
321.676
315.134
310.019
306.292
306.02
309.252
313.341
317.068
320.711
324.503
328.542
332.925
337.351
346.473
366.746
414.233
480.061
488.948
285.457
298.343
333.416
394.311
423.668
429.607
427.517
419.939
402.666
383.235
368.161
353.627
340.746
330.752
322.707
316.652
313.82
315.157
317.971
320.705
323.964
327.29
331.068
335.116
339.72
350.414
376.673
438.964
483.879
482.239
295.692
317.803
419.687
519.747
540.824
524.44
514.71
494.602
463.528
430.035
406.712
385.541
367.165
352.372
340.581
331.173
325.233
324.165
324.855
325.701
327.865
330.662
334.021
337.724
342.932
355.804
389.449
468.248
483.239
477.997
279.502
382.574
607.076
669.694
675.395
637.116
625.976
581.266
530.266
489.016
455.344
425.28
400.251
379.052
362.695
349.181
337.59
333.793
332.939
332.577
333.055
334.808
337.485
340.808
347.015
363.091
407.536
493.363
486.245
476.611
314.372
559.664
813.162
819.885
828.586
777.456
740.279
682.4
604.199
560.122
514.992
473.814
441.74
412.146
388.33
367.858
351.695
344.465
342.041
341.274
340.399
340.587
341.834
344.46
352.049
372.88
438.016
501.926
489.016
476.706
274
273.997
274.001
273.998
274.008
274.032
274.141
274.531
275.987
281.155
297.801
309.015
308.224
305.596
302.298
299.107
296.155
293.483
291.219
289.494
288.271
287.451
286.771
286.14
285.606
285.202
284.968
284.402
284.857
283.175
274.01
273.99
274.002
273.999
274.03
274.123
274.523
276.075
282.055
303.263
313.677
311.328
308.246
304.663
300.91
297.261
293.862
290.922
288.601
286.999
285.965
285.258
284.584
283.903
283.317
282.936
282.837
282.363
282.82
281.709
274.009
273.992
274.005
274.01
274.095
274.39
275.625
280.755
300.629
317.903
316.645
313.276
309.424
305.184
300.988
296.76
292.861
289.735
287.405
285.869
284.933
284.24
283.515
282.757
282.11
281.61
281.719
281.272
281.766
281.092
274.006
273.996
274.016
274.055
274.288
275.216
279.393
296.427
320.389
320.018
317.232
313.73
309.622
305.049
300.085
295.555
291.723
288.542
286.069
284.533
283.681
282.968
282.131
281.253
280.646
280.259
280.41
280.433
280.527
280.381
274.005
274.003
274.044
274.191
274.89
278.07
291.781
322.179
323.128
320.545
317.488
313.866
309.056
303.79
299.055
294.785
290.922
287.653
285.133
283.76
282.957
282.096
281.246
280.51
280.076
279.809
279.914
280.171
280.089
280.23
274.009
274.022
274.133
274.61
276.917
287.181
321.522
326.21
324.102
320.888
317.38
312.759
307.52
302.588
298.082
293.936
290.139
286.866
284.561
283.373
282.633
281.844
281.071
280.404
280.035
279.816
279.895
280.197
280.099
280.224
274.02
274.079
274.409
275.972
283.648
316.698
329.302
327.881
324.535
321.019
316.554
311.188
305.974
301.307
296.94
292.835
288.992
285.966
283.977
283.376
282.804
282.062
281.323
280.723
280.471
280.374
280.44
280.728
280.588
280.658
274.058
274.257
275.301
280.717
307.901
332.459
331.794
328.513
324.856
320.576
315.259
309.747
304.77
300.172
295.766
291.632
287.707
285.14
284.107
283.739
283.278
282.641
282.006
281.508
281.324
281.221
281.306
281.458
281.193
281.194
274.176
274.822
278.404
297.654
335.079
335.734
332.76
328.907
324.761
319.609
313.972
308.69
303.877
299.255
294.758
290.445
286.778
284.942
284.51
284.283
283.94
283.492
282.993
282.622
282.383
282.246
282.234
282.175
281.781
281.641
274.551
276.726
288.69
333.832
339.412
337.161
333.208
329.104
324.16
318.506
312.983
307.961
303.195
298.511
293.917
289.469
286.388
285.063
284.939
284.803
284.719
284.563
284.38
284.251
283.918
283.55
283.147
282.808
282.303
282.019
275.768
283.191
323.766
342.835
341.585
337.73
333.596
328.847
323.282
317.58
312.282
307.382
302.57
297.818
293.067
288.85
286.346
285.368
285.23
285.246
285.528
285.978
286.27
286.226
285.791
285.089
284.147
283.356
282.784
282.488
279.947
307.093
345.467
345.754
342.458
338.207
333.595
328.146
322.363
316.846
311.66
306.71
301.792
297.007
292.08
288.323
286.107
285.605
285.607
285.75
286.314
286.994
287.37
286.993
286.473
285.697
284.724
283.833
283.244
282.938
293.015
342.744
349.532
347.068
342.984
338.428
333.06
327.213
321.493
316.129
310.935
305.872
300.859
295.996
291.1
287.669
285.969
285.918
286.143
286.497
287.129
287.875
288.026
287.461
286.873
286.045
285.078
284.312
283.788
283.494
333.977
356.3
352.288
347.717
343.426
338.122
332.206
326.275
320.649
315.315
310.099
304.973
299.957
294.986
290.404
287.183
286.576
286.581
286.866
287.39
288.139
288.765
288.672
288.018
287.094
286.28
285.433
284.673
284.308
283.998
378.539
364.924
353.972
348.16
343.45
337.439
331.325
325.497
319.943
314.57
309.429
304.354
299.484
294.404
290.278
287.752
287.603
287.554
287.908
288.599
289.467
289.93
289.566
288.821
287.659
286.586
285.831
285.073
284.865
284.701
430.3
374.807
355.945
347.887
343.042
336.665
330.66
324.99
319.631
314.309
309.267
304.264
299.482
294.442
290.79
289.039
289.023
289.096
289.432
290.194
291.203
291.622
290.991
290.129
288.719
287.419
286.406
285.46
285.341
285.017
484.704
391.937
361.551
348.48
341.705
335.979
330.261
324.779
319.613
314.456
309.545
304.705
300.076
295.123
291.906
290.911
291.037
291.428
291.96
292.867
293.99
294.507
293.656
292.515
290.791
289.032
287.602
286.239
285.849
285.431
494.45
409.93
368.676
349.59
340.657
335.747
330.192
324.77
319.805
315.053
310.336
305.748
301.324
296.602
293.673
293.563
294.158
295.018
296.091
297.25
298.828
299.916
298.905
297.367
294.839
292.518
289.865
287.566
286.345
285.457
496.207
425.602
378.203
353.173
341.628
335.935
330.403
325.115
320.491
316.127
311.76
307.532
303.247
299.005
296.439
297.661
298.922
300.593
302.595
304.55
306.957
309.658
309.28
307.495
303.597
299.779
294.714
290.069
287.318
285.647
495.24
452.74
393.357
358.804
343.598
336.669
331.225
326.366
322.128
317.986
313.991
310.004
305.604
301.494
300.3
302.46
305.76
309.736
313.641
317.245
321.455
326.615
329.117
327.518
322.409
315.903
305.02
295.094
288.739
285.643
489.25
480.359
414.326
366.746
346.511
337.406
332.863
328.455
324.387
320.552
316.932
313.228
309.389
306.449
307.019
310.889
316.182
322.812
331.344
338.687
347.172
357.646
365.144
366.003
361.611
351.765
331.23
305.981
291.747
286.592
482.529
484.092
439.175
376.682
350.347
339.593
335.009
330.915
327.096
323.737
320.538
317.856
315.277
314.306
317.464
323.808
332.227
342.439
355.79
369.518
385.781
405.141
422.599
431.661
434.064
428.691
399.599
336.074
299.261
285.844
478.366
483.448
468.919
389.524
355.652
342.754
337.533
333.782
330.405
327.629
325.508
324.682
324.13
325.75
332.161
341.864
354.254
369.124
388.657
408.163
433.551
467.707
498.196
520.527
528.778
548.937
528.639
427.325
319.923
296.491
476.989
486.504
493.89
407.747
362.929
346.778
340.519
337.156
334.476
332.789
332.395
333.112
334.108
338.153
350.382
364.395
381.344
402.52
429.258
457.144
491.448
537.018
588.038
632.528
644.416
684.988
679.847
619.673
388.477
280.629
476.665
489.205
501.855
438.62
372.764
351.73
344.035
341.399
340.184
340.138
341.283
342.426
345.666
352.826
369.403
390.499
415.021
444.602
478.492
517.888
561.873
609.845
692.208
744.654
781.303
840.26
833.523
827.02
569.263
316.423
274.002
274.002
274.002
274.002
274.002
274.002
274.002
274.002
274.002
274.002
274.002
274.002
274.002
274.002
274.002
274.002
274.002
274.002
274.002
274.002
274.002
274.002
274.002
274.002
274.002
274.002
274.002
274.002
274.002
274.002
274.002
274.002
274.002
274.002
274.002
274.002
274.002
274.002
274.002
274.002
274.002
274.002
274.002
274.002
274.002
274.002
274.002
274.002
274.002
274.002
274.003
274.012
274.173
276.864
314.31
529.633
786.163
985.563
1166.52
1194.16
1196.54
1194.65
1192.85
1179.83
1155.1
1126.49
1098.28
1072.7
1051.18
1031.81
1015.16
1000.26
986.458
973.333
960.62
948.018
934.958
921.017
905.65
888.896
872.339
856.38
840.871
825.297
809.752
794.882
780.836
766.981
753.38
740.221
727.747
715.956
704.641
693.636
682.341
671.16
660.337
649.905
639.798
629.976
620.241
610.566
601.08
591.812
582.895
574.376
566.273
558.712
551.658
544.763
538.212
532.023
526.152
520.783
515.808
511.198
506.756
502.378
498.175
494.276
490.632
487.251
484.037
481.063
478.563
274.001
274.001
274.001
274.001
274.001
274.001
274.001
274.001
274.001
274.001
274.001
274.001
274.001
274.001
274.001
274.001
274.001
274.001
274.001
274.001
274.001
274.001
274.001
274.001
274.001
274.001
274.001
274.001
274.001
274.001
274.001
274.001
274.001
274.001
274.001
274.001
274.001
274.001
274.001
274.001
274.001
274.001
274.001
274.001
274.001
274.001
274.001
274.001
274.001
274.001
274.013
274.251
279.221
361.693
617.934
748.575
802.83
855.937
928.525
999.238
1056.44
1105.31
1157.83
1239.39
1249.56
1242.94
1235.07
1222.95
1204.64
1181.87
1154.15
1120.52
1085.4
1054.68
1026.62
1000.89
976.838
954.743
934.285
915.708
898.245
881.695
865.701
849.811
834.756
820.12
806.247
792.793
779.579
766.743
754.285
742.198
730.215
718.529
706.812
694.79
682.876
671.619
660.624
649.941
639.49
629.371
619.693
610.564
602.047
594.103
586.695
579.573
572.659
565.542
558.629
551.876
545.368
539.194
533.328
527.797
522.406
517.313
512.477
507.771
503.17
498.842
495.102
492.776
491.145
274
274
274
274
274
274
274
274
274
274
274
274
274
274
274
274
274
274
274
274
274
274
274
274
274
274
274
274
274
274
274
274
274
274
274
274
274
274
274
274
274
274
274
274
274
274
274
274
274.001
274.013
274.318
281.944
418.037
701.422
766.746
784.73
797.986
817.343
842.117
871.297
901.577
932.716
969.787
1017.05
1068.36
1122.16
1179.64
1237.12
1306.33
1328.63
1329.28
1322.67
1301.41
1257.98
1199.56
1143.28
1091.29
1045.74
1007.9
979.084
954.61
931.791
910.109
889.64
870.731
853.211
836.857
821.441
807.03
793.552
780.709
768.298
756.001
744.162
732.478
721.214
710.103
699.357
689.235
679.214
669.295
659.515
649.89
640.549
631.668
623.14
614.859
606.587
598.437
590.051
582.474
575.12
567.802
560.169
552.544
545.669
541.035
536.379
531.511
526.375
520.991
516.617
512.676
508.546
505.268
274
274
274
274
274
274
274
274
274
274
274
274
274
274
274
274
274
274
274
274
274
274
274
274
274
274
274
274
274
274
274
274
274
274
274
274
274
274
274
274
274
274
274
274
274
274
274
274
274.012
274.336
283.416
450.574
741.226
782.059
789.027
793.94
799.501
813.206
827.702
846.047
866.957
889.69
912.676
939.597
973.889
1017.92
1071.45
1133.17
1204.08
1275.74
1340.36
1398.76
1445.72
1492.76
1487.18
1441.8
1387.15
1307.52
1224.04
1155.71
1098.53
1049.65
1008.95
974.725
946.38
921.639
899.237
878.178
858.899
841.218
824.899
809.582
794.816
780.977
767.958
755.987
745.025
734.574
724.882
715.766
706.962
698.343
689.976
681.781
673.719
665.656
657.67
649.573
641.542
633.538
626.45
619.808
613.146
605.862
598.454
590.256
581.118
571.456
561.801
552.996
545.389
538.111
527.757
502.319
471.834
274
274
274
274
274
274
274
274
274
274
274
274
274
274
274
274
274
274
274
274
274
274
274
274
274
274
274
274
274
274
274
274
274
274
274
274
274
274
274
274
274
274
274
274
274
274
274
274.009
274.295
282.903
455.646
756.756
791.128
794.154
797.057
802.25
811.414
823.838
838.431
853.135
868.183
883.992
902.159
925.313
956.706
1000.73
1055.6
1120.07
1194.49
1263.08
1337.23
1423.61
1503.45
1565.53
1615.19
1644.94
1657.44
1669.58
1626.35
1533.57
1418.8
1320.59
1242.63
1176.39
1120.7
1072.2
1031.2
995.999
966.261
940.584
918.122
897.684
878.512
860.933
845.016
830.665
817.943
806.315
795.773
785.656
776.241
767.481
758.954
750.883
743.319
736.062
729.213
722.389
715.519
707.805
698.946
687.927
675.693
662.279
650.08
637.324
623.534
608.354
585.378
551.872
513.258
469.575
428.656
404.207
386.319
274
274
274
274
274
274
274
274
274
274
274
274
274
274
274
274
274
274
274
274
274
274
274
274
274
274
274
274
274
274
274
274
274
274
274
274
274
274
274
274
274
274
274
274
274
274
274.006
274.22
280.991
436.392
755.977
797.735
799.924
801.394
804.902
813.862
825.16
839.814
855.488
869.273
885.699
906.499
935.637
977.267
1037.2
1119.8
1225.91
1355.21
1508.46
1626.42
1699.02
1743.11
1763.4
1772.16
1782.89
1799.88
1812.88
1825.34
1823.5
1817.46
1820.55
1783.92
1704.15
1584.87
1471.39
1375.51
1296.01
1229.86
1175.87
1130.7
1092.46
1059.6
1030.14
1004.29
981.769
961.65
943.67
927.846
913.779
900.957
889.456
879.322
870.085
861.64
854.112
846.959
839.854
832.013
822.51
811.084
797.29
779.503
757.856
727.968
685.121
634.235
577.943
518.296
468.905
437.256
412.991
393.72
378.488
366.559
358.017
274
274
274
274
274
274
274
274
274
274
274
274
274
274
274
274
274
274
274
274
274
274
274
274
274
274
274
274
274
274
274
274
274
274
274
274
274
274
274
274
274
274
274
274
274
274.004
274.141
278.675
401.896
740.788
800.797
804.652
806.834
810.466
816.975
828.227
842.694
859.38
874.189
890.819
914.205
951.169
1006.49
1089.25
1205.53
1356.65
1539.95
1701.32
1780.27
1798.62
1797.32
1786.92
1773.26
1757.59
1745.08
1746.23
1739.99
1737.81
1746.21
1759.32
1774.99
1782.79
1797.65
1840.35
1834.36
1795.27
1734.95
1651.53
1562.41
1483.52
1415.82
1359.18
1310.55
1269.21
1234.25
1204.61
1178.3
1155.23
1134.47
1115.43
1099.07
1085.57
1073.54
1062.55
1052.06
1040.9
1027.54
1008.39
976.898
924.601
858.46
781.412
696.985
617.049
562.826
517.248
479.691
449.389
425.09
405.723
389.79
376.78
365.931
356.387
348.625
274
274
274
274
274
274
274
274
274
274
274
274
274
274
274
274
274
274
274
274
274
274
274
274
274
274
274
274
274
274
274
274
274
274
274
274
274
274
274
274
274
274
274
274
274.002
274.078
276.697
358.577
710.035
801.915
808.519
811.4
814.907
821.187
832.443
846.851
863.299
877.904
895.234
920.639
963.782
1031.39
1133.51
1283.66
1493.33
1722.35
1831
1854
1845.64
1831.28
1815.82
1795.01
1777.78
1771.57
1769.21
1743.12
1718.73
1702.93
1681.11
1674.18
1671.73
1673.68
1686.93
1704
1719.89
1724.29
1726.37
1741.72
1752.33
1740.04
1713.67
1682.52
1647.07
1609.94
1573.01
1539.44
1507.93
1477.8
1448.61
1419.68
1392.04
1364.01
1333.56
1298.04
1254.53
1200.26
1131.16
1044.27
947.135
866.084
791.582
719.15
655.124
600.132
555.328
514.284
479.345
449.614
424.678
404.804
388.521
375.218
364.656
355.587
347.715
274
274
274
274
274
274
274
274
274
274
274
274
274
274
274
274
274
274
274
274
274
274
274
274
274
274
274
274
274
274
274
274
274
274
274
274
274
274
274
274
274
274
274
274.001
274.037
275.368
317.997
655.264
801.769
811.013
814.76
818.398
824.197
835.202
849.351
866.11
881.376
898.589
925.073
970.912
1046.17
1161.34
1332.73
1576.82
1812.53
1881.67
1888.03
1884.81
1857.76
1846.8
1851.84
1860.21
1882.82
1907.18
1907.19
1877.91
1835
1781.88
1743.05
1716.13
1692.23
1666.15
1656.4
1647.05
1645.75
1645.18
1646.66
1641.89
1635.26
1627.18
1612.15
1596.03
1576.03
1550.69
1524.06
1498.38
1474.06
1448.98
1421.33
1389.45
1354.87
1317.6
1278.51
1239.42
1199.48
1155.08
1105.71
1051.93
991.488
925.997
857.383
787.633
720.236
658.209
604.814
554.264
511.298
474.197
443.262
418.544
398.218
380.991
367.613
356.72
348.155
274
274
274
274
274
274
274
274
274
274
274
274
274
274
274
274
274
274
274
274
274
274
274
274
274
274
274
274
274
274
274
274
274
274
274
274
274
274
274
274
274
274
274
274.015
274.617
293.644
564.365
797.706
813.116
816.211
820.115
825.745
834.953
849.124
865.843
883.177
900.903
927.827
973.747
1050.66
1170.91
1351.06
1605.55
1837.63
1896.84
1901.75
1905.89
1903.62
1894.57
1902.06
1925.18
1954.24
1987.42
1989.34
1983.31
1970.8
1951.25
1931.34
1904.74
1869.37
1829.42
1788.53
1754.4
1725.09
1702.86
1683.24
1669.64
1652.74
1635.08
1614.24
1596.7
1580.41
1563.23
1538.9
1509.77
1480.54
1452.4
1424.16
1395.19
1365.21
1334.71
1303.75
1271.63
1239.13
1207.43
1177.88
1148.43
1119.46
1082.39
1031.81
970.722
900.322
824.885
749.055
681.967
617.626
561.165
511.619
471.364
439.746
413.037
390.854
373.571
359.839
349.735
274
274
274
274
274
274
274
274
274
274
274
274
274
274
274
274
274
274
274
274
274
274
274
274
274
274
274
274
274
274
274
274
274
274
274
274
274
274
274
274
274
274
274.005
274.24
281.84
451.912
774.382
814.158
817.463
820.272
825.436
833.776
847.105
863.548
881.679
901.027
927.667
971.649
1045.24
1162.35
1338.53
1582.58
1821.98
1893.76
1905.79
1908.27
1919.43
1927.11
1930.52
1931
1946.84
1973.83
2019.63
2039.34
2011.59
1985.06
1974.1
1977.54
1975.31
1970.71
1960.68
1937.52
1910.36
1876.66
1838.76
1794.25
1757.07
1729.35
1698.46
1669.78
1645.67
1624.41
1598.5
1569.72
1538.08
1507.84
1482.07
1454.06
1422.45
1389.53
1360.17
1332.37
1305.43
1277.96
1250.08
1224.52
1196.01
1166.61
1141.02
1110.01
1065.13
1003.54
931.086
851.179
775.769
700.007
630.106
565.844
510.911
467.988
433.076
405.135
382.533
365.195
352.021
274
274
274
274
274
274
274
274
274
274
274
274
274
274
274
274
274
274
274
274
274
274
274
274
274
274
274
274
274
274
274
274
274
274
274
274
274
274
274
274
274
274.002
274.078
276.728
358.422
710.958
812.08
818.154
820.906
825.342
832.863
844.224
859.632
878.12
898.188
924.592
965.11
1032.86
1141.91
1305.37
1532.67
1780.09
1875.76
1890.95
1898.65
1914.1
1917.32
1932.04
1929.73
1931.4
1952.63
1980.33
2027.04
2041.52
2015.77
1983.44
1970.73
1978.48
1980.8
1982.4
1985.52
1979.29
1973.17
1964.72
1947.31
1920.54
1890.23
1862.55
1827.78
1798.67
1762.77
1729.18
1695.29
1663.39
1627.18
1590.75
1553.85
1512.78
1472.88
1432.36
1397.31
1363.44
1331.92
1301.48
1272.11
1245.43
1217.5
1190.96
1169.43
1148.5
1121.72
1089.11
1035.24
959.038
877.578
787.739
702.441
622.824
554.314
500.537
459.408
424.149
395.898
373.693
356.105
274
274
274
274
274
274
274
274
274
274
274
274
274
274
274
274
274
274
274
274
274
274
274
274
274
274
274
274
274
274
274
274
274
274
274
274
274
274
274
274
274.001
274.022
274.862
300.415
597.723
805.062
818.824
821.641
825.315
831.739
841.348
855.283
872.779
893.632
918.448
954.606
1014.49
1109.35
1251.8
1454.7
1714.18
1861.78
1881.77
1882.51
1890.03
1893.23
1854.5
1812.74
1816.2
1860.07
1941.69
2014.2
2022.06
1909.49
1870.9
1855.23
1857.08
1884.98
1904.57
1926.23
1955.61
1965.76
1972.06
1977.38
1978.82
1973.31
1967.52
1958.09
1947.46
1936.26
1915.42
1890.44
1857.46
1824.83
1786.9
1746.76
1696.97
1653.04
1604.88
1552.17
1490.27
1433.17
1382.64
1338.19
1297.92
1264.2
1236.68
1210.17
1188.89
1171.94
1157.08
1131.77
1105.82
1053.32
985.307
900.172
808.274
712.354
622.14
549.606
491.44
445.797
410.081
382.544
362.108
274
274
274
274
274
274
274
274
274
274
274
274
274
274
274
274
274
274
274
274
274
274
274
274
274
274
274
274
274
274
274
274
274
274
274
274
274
274
274
274
274.005
274.238
281.619
447.244
773.506
818.524
822.494
825.606
830.595
838.846
851.133
866.626
886.584
911.028
943.039
995.023
1075.45
1193.84
1363.19
1597.25
1828.98
1896.13
1901.89
1909.59
1918.38
1887.37
1836.26
1832.3
1837.58
1895.28
1941.98
1924.58
1936.2
1731.81
1662.04
1648.56
1646.96
1667.12
1702.73
1766.31
1863.85
1912.82
1948.43
1985.91
1996.55
1991.03
1983.71
1975.14
1973.5
1968.59
1958.5
1951.16
1938.81
1924.92
1901.76
1877.06
1840.99
1804.02
1761.37
1719.54
1666.32
1606.19
1542.69
1475.14
1411.42
1355.68
1307.25
1263.16
1230.68
1205.62
1186.07
1172.22
1153.44
1118.28
1073.56
1003.26
919.651
817.97
711.484
619.673
543.579
483.971
438.534
402.171
373.56
274
274
274
274
274
274
274
274
274
274
274
274
274
274
274
274
274
274
274
274
274
274
274
274
274
274
274
274
274
274
274
274
274
274
274
274
274
274
274
274.001
274.053
275.913
333.361
679.499
813.148
821.738
825.321
829.261
835.953
845.916
860.365
878.353
901.641
930.793
974.119
1040.36
1136.42
1273.76
1468.91
1721.82
1883.46
1915.3
1925.1
1944.01
1952.78
1949.62
1937.69
1931.92
1920.15
1911.85
1913.5
1819.72
1692.73
1476.64
1448.72
1448.44
1458.43
1501.58
1531.54
1591.55
1667.09
1735.91
1806.06
1890.25
1954.15
1959.27
1925.55
1912.67
1905.46
1907.54
1907.72
1915.09
1917.78
1915.83
1903.01
1888.38
1864.71
1833.81
1796.41
1773.19
1737.13
1708.4
1681.5
1650.01
1606.48
1544.45
1473.16
1399.38
1332.33
1276.41
1236.9
1209.88
1194.34
1166.46
1132.88
1086.69
1019.14
923.433
813.808
707.971
613.536
536.517
478.565
433.665
396.768
274
274
274
274
274
274
274
274
274
274
274
274
274
274
274
274
274
274
274
274
274
274
274
274
274
274
274
274
274
274
274
274
274
274
274
274
274
274
274
274.011
274.451
287.677
512.324
792.293
819.525
824.717
828.596
833.461
841.225
853.293
870.137
891.615
919.391
954.994
1004.44
1080.66
1189.01
1347.25
1569.61
1813.98
1906.88
1920.16
1936.79
1954.39
1956.02
1962.35
1967.03
1974.41
1982.73
1981.49
1968.87
1797.32
1566.28
1392.23
1318.33
1300.04
1298.53
1310.15
1318.57
1361.15
1426.03
1477.45
1551.53
1639.22
1738.69
1744.96
1692.36
1706.69
1707.18
1703.33
1717.47
1741.99
1763.79
1784.83
1796.55
1806.09
1812.38
1791.09
1767.36
1751.3
1729.32
1723.49
1711.68
1700.95
1682.74
1662.68
1631.48
1588.11
1525.71
1439.53
1358.34
1292.18
1252.27
1213.41
1177.46
1129.97
1086.61
1020.42
914.514
793.356
682.625
592.332
524.552
470.528
425.463
274
274
274
274
274
274
274
274
274
274
274
274
274
274
274
274
274
274
274
274
274
274
274
274
274
274
274
274
274
274
274
274
274
274
274
274
274
274
274.002
274.087
276.957
361.837
709.815
812.83
822.731
827.853
831.714
837.197
846.506
861.749
882.446
908.159
940.332
981.851
1037.56
1122.61
1248.82
1433.32
1680.48
1876.86
1918.86
1919.12
1925.65
1944.98
1951.27
1974.03
1990.87
2034.38
2091.68
2105.59
2101.46
1932.79
1571.37
1359.69
1246.72
1225.88
1232.06
1217.58
1225.04
1251.27
1245.2
1252.2
1262.41
1274.13
1279.45
1262.81
1162.7
1245.38
1275.73
1250.41
1274.34
1336.4
1401.66
1437.06
1497.93
1525.64
1557.61
1578.61
1611.86
1637.51
1651.81
1684.05
1697.75
1702.94
1696.2
1685.66
1667.83
1660.22
1637.81
1591.3
1530.19
1453.52
1379.13
1301
1242.92
1185.44
1136.22
1086.01
1005.18
900.269
785.194
675.699
587.204
516.642
459.729
274
274
274
274
274
274
274
274
274
274
274
274
274
274
274
274
274
274
274
274
274
274
274
274
274
274
274
274
274
274
274
274
274
274
274
274
274
274.001
274.015
274.611
291.961
542.761
793.876
819.732
825.865
829.38
833.69
841.004
853.611
873.298
898.236
927.051
962.987
1011.53
1075.27
1170.36
1315.18
1525.35
1785.8
1904.83
1923.18
1924.09
1922.19
1943.17
1956.04
1986.91
1998.36
2060.79
2126.1
2145.18
2156.86
1986.61
1702
1313.01
1208.39
1170.17
1199.56
1181.6
1210.91
1214.56
1194.72
1178.68
1149.88
1136.34
1110.27
1111.69
1104.8
1093.52
1105.88
1071.07
1058.89
1042.91
1073.65
1108.52
1152.64
1206.01
1285.75
1374.99
1441.99
1502.16
1549.49
1573.57
1639.96
1666.82
1679.77
1679.5
1678.06
1678.31
1662.17
1626.19
1604.68
1575.31
1525.14
1451.49
1376.81
1289.26
1212.14
1140.52
1073.18
979.126
864.245
760.532
658.296
572.898
500.71
274
274
274
274
274
274
274
274
274
274
274
274
274
274
274
274
274
274
274
274
274
274
274
274
274
274
274
274
274
274
274
274
274
274
274
274
274
274.003
274.109
277.581
374.548
718.668
813.98
822.564
826.344
829.876
835.813
846.605
864.246
888.457
915.859
946.415
983.969
1037.2
1114.47
1227.41
1394.88
1629.67
1849.84
1913.67
1927.96
1933.04
1940.74
1961.29
1972.65
1989.14
1997.09
2069.58
2131.9
2159.75
2178.96
1853.43
1410.6
1123.99
1039.08
1018.44
1003.98
999.61
1009.46
1008.65
1037.08
1027.47
1051.49
1063.84
1035.06
1027.09
1025.54
1033.22
1039
1004.78
1000.49
982.576
984.458
1020.54
1057.86
1085.91
1120.14
1153.84
1210.99
1271.48
1334.29
1375.29
1390.61
1467.32
1548.77
1586.52
1622.79
1637.53
1640.14
1615.26
1607.08
1592.3
1575.39
1545.16
1497.21
1426.14
1342.16
1243.49
1144.3
1044.11
951.217
833.351
726.273
624.577
541.665
274
274
274
274
274
274
274
274
274
274
274
274
274
274
274
274
274
274
274
274
274
274
274
274
274
274
274
274
274
274
274
274
274
274
274
274
274.001
274.017
274.667
293.121
547.708
797.184
820.966
823.59
825.741
830.245
839.499
855.72
879.054
906.824
934.75
964.918
1003.73
1063.15
1153.67
1288.22
1480.43
1729.97
1885.58
1920.65
1933.75
1947.37
1968.79
1972.62
1987.14
2004.43
2041.71
2119.27
2150.56
2154.24
2028.78
1608.84
1103.73
970.438
938.499
938.817
917.628
943.565
943.36
947.054
969.909
961.186
978.179
987.81
992.326
992.631
991.798
986.195
959.55
934.891
905.708
893.377
885.905
876.355
891.678
931.049
1000.35
1071.53
1117.9
1157.04
1180.27
1224.48
1284.77
1320.6
1362.77
1438.72
1490.96
1550.61
1573.06
1576.45
1579.95
1581.08
1569.93
1564.89
1559.41
1528.56
1474.91
1398.73
1284.8
1168.65
1046.42
918.006
788.609
678.205
591.283
274
274
274
274
274
274
274
274
274
274
274
274
274
274
274
274
274
274
274
274
274
274
274
274
274
274
274
274
274
274
274
274
274
274
274
274
274.003
274.1
277.262
366.277
712.809
816.337
820.976
822.076
825.193
832.952
847.658
869.328
894.12
918.441
945.35
978.678
1026.75
1098.93
1205.27
1354.99
1554.71
1791.4
1913.8
1939.74
1952.59
1972.66
1995.38
2003.84
2016.24
2034.63
2109.56
2183.06
2210.35
2215.51
1864.97
1452.23
1057.81
954.217
919.288
921.899
905.623
904.336
907.151
903.483
916.355
949.381
952.467
956.851
976.645
983.247
1004.37
1017.02
997.413
971.808
969.51
916.391
878.403
858.059
847.448
825.827
824.626
849.503
894.542
963.962
1041.61
1119.67
1206.24
1270.26
1300.29
1327.93
1350.79
1380.19
1444.04
1469.87
1482.46
1505.14
1520.39
1524.82
1524.9
1526.98
1524.54
1495.18
1435.45
1338.48
1214.79
1047.3
886.009
758.904
652.125
274
274
274
274
274
274
274
274
274
274
274
274
274
274
274
274
274
274
274
274
274
274
274
274
274
274
274
274
274
274
274
274
274
274
274
274
274.013
274.505
288.513
512.723
793.375
819.883
819.439
820.715
826.61
839.734
859.674
881.374
902.101
923.088
950.733
992.247
1056.58
1148.16
1270.28
1427.38
1624.9
1841.71
1941.44
1966
1980.33
2002.56
2021.41
2045.19
2051.4
2074.44
2144.6
2207.62
2238.14
2215.54
1845.92
1257.14
1066.97
987.979
977.339
981.763
980.352
974.267
970.639
951.987
934.632
928.257
926.582
924.469
911.854
920.509
934.611
954.772
968.002
975.738
980.94
967.206
944.924
899.285
881.395
877.205
866.025
849.249
832.732
829.183
847.117
873.606
926.106
997.123
1106.95
1207.93
1278.8
1308.13
1334.3
1395.13
1422.08
1444.56
1476.13
1489.67
1494.61
1495.73
1493.19
1508.09
1496.7
1449.39
1349.23
1194.7
1017.49
857.274
716.293
274
274
274
274
274
274
274
274
274
274
274
274
274
274
274
274
274
274
274
274
274
274
274
274
274
274
274
274
274
274
274
274
274
274
274
274.002
274.063
276.117
335.573
678.118
812.403
817.436
817.681
821.481
832.331
849.933
870.222
888.91
907.049
930.102
965.137
1019.06
1097.31
1202.99
1338
1500.61
1689.04
1878.22
1960.81
1982.24
1997.37
2018.59
2037.32
2062.8
2074.21
2096.25
2151.72
2183.04
2196.32
1892.87
1470.16
1063.38
979.491
945.797
936.848
929.426
928.253
926.617
932.003
956.267
960.527
960.066
964.727
948.255
940.161
950.46
950.324
939.018
944.798
940.944
953.105
959.409
973.581
933.342
885.903
875.974
878.936
879.355
892.513
872.96
868.432
863.517
861.004
879.005
899.812
956.662
1038.41
1178.36
1264.63
1313.11
1372
1402.7
1444.6
1472.26
1484.05
1487.15
1483.2
1480.91
1493.3
1496.89
1431.14
1328.75
1166.45
978.865
811.043
274
274
274
274
274
274
274
274
274
274
274
274
274
274
274
274
274
274
274
274
274
274
274
274
274
274
274
274
274
274
274
274
274
274
274
274.007
274.297
282.802
455.611
773.036
814.398
814.798
817.06
825.001
839.571
857.377
875.809
893.727
915.257
945.531
990.669
1056.95
1147.22
1262.13
1402.25
1567.95
1751.12
1908.3
1968.48
1984.27
2002.37
2026.16
2055.26
2079.79
2088.63
2117.76
2156.48
2165.7
2106.13
1717.92
1199.99
1002.84
943.642
921.581
915.158
929.948
935.901
931.499
920.456
909.529
932.798
946.229
943.607
955.428
955.941
974.826
981.928
973.627
969.213
978.044
979.719
979.396
973.618
973.478
954.14
863.959
867.218
860.528
861.302
877.939
875.646
892.819
881.426
883.194
883.985
891.124
907.325
949.067
1039.38
1169.58
1279.34
1336.75
1379.5
1428.39
1467.68
1483.66
1488.23
1483.59
1482.76
1489.03
1467.56
1376.26
1246.28
1052.25
881.165
274
274
274
274
274
274
274
274
274
274
274
274
274
274
274
274
274
274
274
274
274
274
274
274
274
274
274
274
274
274
274
274
274
274
274.001
274.033
275.162
306.683
613.948
801.899
812.768
814.702
820.028
830.553
846.727
865.335
883.428
902.998
928.261
964.903
1018.45
1097.55
1203.57
1333.8
1485.14
1653.42
1816.24
1930.93
1972.06
1987.5
2011.61
2038.76
2088.69
2122.39
2128.97
2151.93
2220.21
2244.85
2021.1
1663.03
1165.21
1055.96
999.015
971.09
951.077
939.354
928.272
927.703
919.424
913.087
919.682
936.906
944.169
946.302
955.818
980.902
981.324
975.827
987.749
1005.59
1018.16
1008.42
994.689
1004.69
1005.9
978.019
874.254
881.204
855.097
851.527
858.096
874.721
881.261
883.481
894.018
893.785
893.689
893.818
916.664
959.498
1037.67
1177.23
1310.94
1375.81
1407.18
1453.21
1494.51
1504.33
1506.38
1493.22
1491.88
1416.48
1308.25
1159.13
950.515
274
274
274
274
274
274
274
274
274
274
274
274
274
274
274
274
274
274
274
274
274
274
274
274
274
274
274
274
274
274
274
274
274
274
274.003
274.131
278.118
384.489
725.801
807.58
812.815
817.259
825.642
838.839
855.947
873.572
891.158
912.848
944.908
992.502
1060.66
1152.79
1267.93
1404.86
1559.78
1724.56
1872.48
1953.62
1981.06
1994.15
2020.79
2056.46
2115.82
2163.7
2182.57
2206.32
2239.99
2237.43
1881.44
1364.79
1094.83
1018.51
995.253
979.513
985.905
997.565
999.473
995.055
978.954
960.234
953.957
964.773
960.283
953.06
974.15
989.045
989.89
994.455
1002.85
1027.46
1045.96
1026.97
1011.64
1029.59
1038.18
1033.98
1001.33
910.823
917.442
877.68
875.647
865.18
883.033
885.497
894.267
904.69
911.519
919.092
917.684
919.843
936.308
970.945
1047.57
1180.72
1340.05
1418.06
1443.57
1483.57
1521.3
1526.39
1501.33
1461.57
1314.32
1164.59
1020.68
274
274
274
274
274
274
274
274
274
274
274
274
274
274
274
274
274
274
274
274
274
274
274
274
274
274
274
274
274
274
274
274
274
274
274.012
274.464
287.106
497.429
782.731
810.723
813.681
819.062
829.546
843.933
860.748
878.406
899.884
928.907
971.471
1030.88
1109.04
1208.25
1330.94
1477.22
1643.38
1810.98
1931.41
1975.51
1990.33
2006.31
2037.41
2079.75
2127.98
2166.76
2186.7
2203.77
2221.3
2109.83
1730.1
1230.21
1081.48
1019.6
998.36
984.326
968.737
970.376
977.502
971.64
968.052
974.281
994.226
1007.19
992.724
986.376
1000.43
1004.21
1005.44
1005.8
1020.66
1044.49
1044.19
1035.29
1037.23
1066.77
1072
1057.94
1061.82
1033.7
973.955
924.307
892.363
889.442
873.854
884.423
889.384
905.571
913.064
927.298
934.216
945.336
951.315
957.861
965.9
999.106
1058.55
1188.53
1371.44
1476.95
1504.44
1513.44
1543.84
1486.45
1472.85
1136.98
1002.02
274
274
274
274
274
274
274
274
274
274
274
274
274
274
274
274
274
274
274
274
274
274
274
274
274
274
274
274
274
274
274
274
274
274.001
274.04
275.359
311.448
625.307
801.401
811.36
814.738
822.815
835.39
850.293
866.851
886.403
912.693
948.138
997.186
1061.83
1143.19
1245.25
1372.26
1525.34
1701.04
1872.54
1957.45
1982.75
1995.89
2017.79
2051.04
2085.94
2122.38
2159.29
2182.22
2221.04
2246.29
1910.48
1537.85
1136.87
1062.48
1030.24
1016.27
1006.47
1005.5
1007.65
1003.88
1006.12
994.323
983.626
1010.21
1026.13
1005.73
999.285
1016.17
1027.49
1015.2
1014.2
1033.94
1047.59
1049.81
1034.26
1048.79
1098.84
1087.82
1073.52
1087.23
1097.44
1082.83
1049.36
953.759
936.87
904.286
896.617
887.105
895.694
898.104
916.34
933.347
949.917
958.833
971.537
986.231
998.081
1014.28
1033.7
1090.49
1201.03
1417.19
1528.29
1552.9
1508.22
1491.74
1442.64
967.582
274
274
274
274
274
274
274
274
274
274
274
274
274
274
274
274
274
274
274
274
274
274
274
274
274
274
274
274
274
274
274
274
274
274.003
274.119
277.708
373.898
715.302
806.806
812.494
817.473
827.91
840.548
855.664
873.096
895.831
927.424
969.122
1024.4
1095.01
1183.52
1293.24
1426.83
1584.98
1759.61
1909.42
1972.31
1993.21
2006.19
2029.21
2052.84
2085.94
2131.04
2180.21
2220.55
2254.06
2243.59
1941.29
1418.89
1183.05
1107.49
1075.69
1052.94
1041.21
1028.42
1031.24
1040.54
1034.19
1021.45
1029.02
1053.82
1061.29
1040.57
1045.05
1061.18
1068.04
1058.44
1053.07
1066.64
1084.14
1071.45
1053.85
1087.68
1124.96
1114.6
1096.67
1110.27
1127.33
1124.73
1122.08
1092.75
1046.35
986.93
960.218
945.398
933.025
928.781
926.29
927.935
941.394
958.709
972.438
989.972
1005.66
1028.91
1050.83
1077.08
1103.01
1160.4
1269.9
1454.07
1575.21
1590.05
1432.99
1383.99
274
274
274
274
274
274
274
274
274
274
274
274
274
274
274
274
274
274
274
274
274
274
274
274
274
274
274
274
274
274
274
274
274
274.008
274.321
283.168
455.649
766.559
808.054
812.545
819.388
830.775
844.562
860.505
881.912
909.575
946.067
993.465
1056.64
1137.88
1239.18
1359.72
1496.58
1646.96
1793.99
1919.6
1990.3
2016.51
2029.43
2047.76
2071.9
2117.85
2164.24
2208.21
2246.73
2266
2193.84
1823.35
1294.41
1138.42
1092.89
1074.13
1065.17
1059.19
1053.73
1047.75
1056.33
1055.39
1043.25
1048.6
1072.76
1077
1065.99
1066.72
1092.32
1100.73
1084.66
1090.24
1114.81
1119.86
1098.47
1102.55
1131.83
1149.53
1134.98
1127.67
1147.23
1169.1
1156.92
1151.29
1159.52
1140.12
1108.45
1044.68
1019.87
994.517
993.02
991.177
983.557
978.347
977.988
975.953
979.391
991.843
1011.81
1037
1073.92
1113.72
1149.03
1201.46
1246.07
1334.04
1499.64
1681.8
1762.23
274
274
274
274
274
274
274
274
274
274
274
274
274
274
274
274
274
274
274
274
274
274
274
274
274
274
274
274
274
274
274
274
274.001
274.017
274.629
291.203
529.173
787.562
807.857
812.94
822.192
833.734
848.904
866.885
889.688
919.991
959.882
1013.61
1085.24
1176.58
1286.83
1409.96
1539.48
1673.25
1802.68
1915.36
1998.13
2036.8
2053.29
2064.79
2091.2
2121.48
2156.07
2194.91
2229.14
2254.94
2085.57
1750.3
1272.26
1156.18
1111.28
1095.54
1086.51
1082.49
1073.16
1075.87
1085.37
1086.95
1077.72
1082.63
1109.66
1112.65
1097.01
1098.38
1125.19
1130.47
1118.1
1117.14
1146.69
1157.92
1143.61
1146.65
1181.68
1196.74
1178.49
1170.68
1200.62
1235.15
1216.98
1211.19
1219.38
1217.2
1211.51
1147.26
1111.01
1079.64
1040.84
1060.37
1065.59
1067.7
1083.92
1084.41
1090.18
1090.69
1099.73
1106.19
1135.55
1188.6
1243.67
1339.59
1451.52
1567.52
1625.14
1737.3
1983.43
274
274
274
274
274
274
274
274
274
274
274
274
274
274
274
274
274
274
274
274
274
274
274
274
274
274
274
274
274
274
274
274
274.001
274.028
274.969
299.924
578.651
791.907
809.595
817.406
827.061
836.431
850.487
868.755
892.463
924.673
967.774
1026.25
1103.6
1200.27
1314.24
1437.48
1562.94
1686.97
1806.59
1912.94
1997.22
2041.54
2061.18
2073.87
2097.51
2118.06
2153.16
2198.09
2239.23
2272.33
2005.11
1685.82
1246.76
1154.63
1118.85
1103.75
1100.12
1097.78
1089.48
1093.71
1106.18
1111.5
1104.18
1114.81
1136.33
1142.29
1126.89
1128.05
1150.52
1157.28
1144.4
1144.44
1172.86
1183.84
1165.17
1165.75
1204.19
1222.26
1211.51
1201.19
1216.86
1254.38
1248.18
1244.26
1251.76
1252.42
1251.95
1215.38
1140.9
1133.69
1088.16
1073.49
1091.35
1082.13
1105.62
1112.31
1131.31
1141.05
1155.67
1162.32
1165.36
1207.68
1252.15
1344.95
1464.98
1612.96
1732.78
1875.76
2027.06
274
274
274
274
274
274
274
274
274
274
274
274
274
274
274
274
274
274
274
274
274
274
274
274
274
274
274
274
274
274
274
274
274.001
274.051
275.626
317.141
634.942
796.669
811.381
819.086
828.25
838.115
851.58
871.775
897.435
932.624
979.334
1041.62
1122.38
1222.86
1341.3
1467.39
1592.01
1711.39
1818.24
1915.67
1994.58
2046.42
2072.31
2086.35
2107.17
2130.42
2178.58
2223.97
2252.23
2261.72
1914.33
1546.97
1219.23
1150.9
1122.77
1109.96
1107.61
1103.6
1096.01
1108.71
1125.5
1130.4
1123.45
1137.63
1153.81
1161.25
1147.22
1152.93
1179.36
1189.83
1180.42
1177.21
1200.51
1210.29
1192.78
1192.65
1218.78
1244.14
1233.06
1226.94
1256.7
1288.43
1282.28
1279.64
1289.96
1290
1287.1
1284.39
1224.49
1159.04
1169.29
1129.12
1147.47
1131.52
1143.55
1142.41
1157.71
1177.5
1198.77
1225.61
1238.25
1264.99
1289.01
1331.48
1403.07
1511.58
1665.55
1817.08
2046.67
274
274
274
274
274
274
274
274
274
274
274
274
274
274
274
274
274
274
274
274
274
274
274
274
274
274
274
274
274
274
274
274
274.002
274.086
276.59
343.16
676.619
797.824
812.028
821.56
832.082
843.66
855.548
875.387
901.901
937.322
984.475
1048.54
1133.5
1242.15
1369.05
1502.24
1628.6
1742.7
1841.18
1925.19
1999.1
2053.26
2078.06
2091.56
2102.76
2135.57
2184.37
2232.48
2258.54
2242.22
1939.86
1484.62
1217.22
1158.92
1134.43
1122.79
1117.87
1117
1111.09
1123.09
1136.84
1136.11
1145.29
1154.57
1169.6
1185.18
1176.55
1186.49
1209.84
1223.95
1218.01
1212.76
1236.44
1249.75
1235.71
1238.21
1253.05
1270.2
1266.62
1259.72
1279.24
1309.58
1302.24
1311.64
1340.51
1342.6
1336.8
1334.19
1330.69
1273.84
1217.26
1221.31
1184.66
1202.82
1183.82
1201.56
1192.44
1224.35
1239.89
1280.97
1311.5
1351.07
1398.4
1447.48
1512.98
1586.46
1682.99
1795.95
1913.7
274
274
274
274
274
274
274
274
274
274
274
274
274
274
274
274
274
274
274
274
274
274
274
274
274
274
274
274
274
274
274
274
274.004
274.147
278.3
382.071
715.067
800.685
811.895
821.014
831.878
844.398
859.367
878.826
905.6
942.538
993.923
1062.04
1151.62
1266.19
1399.05
1538.24
1667.91
1778.2
1866.69
1943.32
2006.71
2050.28
2070.04
2081.36
2100.57
2144.42
2193.92
2240.66
2261.15
2223.91
1938.08
1434.86
1216.37
1161.88
1139.95
1128.93
1125.68
1122.93
1116.52
1134.76
1143.56
1145.13
1154.03
1163.25
1177.17
1195.12
1189.07
1198.59
1221.56
1242.16
1243.86
1245.28
1266.83
1291.88
1284.88
1289.61
1309.05
1323.61
1316.24
1311.17
1325.57
1346.75
1335.31
1343.35
1369.39
1382.39
1390.98
1394.46
1387.56
1381.05
1321.19
1257.88
1270.96
1234.68
1254.37
1230.39
1250.99
1244.79
1278.23
1296.32
1344.69
1376.4
1437.07
1488.44
1563.04
1637.73
1720.26
1782.71
1852.76
274
274
274
274
274
274
274
274
274
274
274
274
274
274
274
274
274
274
274
274
274
274
274
274
274
274
274
274
274
274
274
274
274.006
274.23
280.52
418.322
738.352
800.643
811.967
822.801
835.537
849.477
865.52
886.155
913.089
949.513
1000.69
1069.11
1160.23
1277.58
1408.01
1549.1
1685.21
1799.27
1888.34
1955.93
2007.01
2045.72
2069.26
2081.46
2104.38
2138.48
2181.78
2217.7
2231.23
2164.91
1858.04
1393.12
1224.09
1178.17
1159.02
1150.47
1147.78
1146.45
1141.3
1156.79
1164.09
1170.05
1183.51
1184.95
1199.96
1220.09
1213.57
1221.57
1239.17
1259.1
1260.21
1260.81
1275.83
1301.41
1303.19
1311.32
1323.52
1341.25
1360.37
1358.58
1367.76
1394.49
1389.94
1394.99
1416.46
1425.2
1440.28
1461.24
1462.17
1460.87
1445.04
1405.45
1334.99
1349.01
1307.45
1331.89
1301.69
1323.39
1322.64
1364.6
1385.46
1447.07
1488.84
1559.85
1605.41
1674.78
1716.62
1781.28
1819.77
274
274
274
274
274
274
274
274
274
274
274
274
274
274
274
274
274
274
274
274
274
274
274
274
274
274
274
274
274
274
274
274
274.01
274.356
283.763
456.917
759.573
803.045
812.486
822.49
834.827
848.662
864.863
886.116
914.265
952.251
1004.61
1074.14
1166.82
1286.22
1421.13
1562.71
1702.87
1818.78
1904.42
1963.84
2004.74
2036.63
2064.01
2084.35
2110.05
2145.35
2188.5
2213.56
2223.79
2105.64
1798.69
1332.44
1201.65
1164.11
1149.85
1145.11
1144.94
1143.77
1145.62
1160.1
1165.62
1179.11
1188.39
1196.37
1214.6
1232.34
1234.83
1248.65
1262.27
1278.55
1291.4
1294.48
1306.1
1334.33
1336.71
1348.62
1361.49
1372.86
1394.77
1395.4
1407.45
1430.27
1431.99
1444.13
1458.95
1470.56
1486.39
1504.09
1521.79
1530.51
1528.95
1509.35
1488.16
1428.39
1429.43
1390.88
1412.02
1384.54
1413.77
1428.23
1484.26
1515.24
1568.95
1606.42
1661.07
1709.81
1752.88
1806.54
1828.24
274
274
274
274
274
274
274
274
274
274
274
274
274
274
274
274
274
274
274
274
274
274
274
274
274
274
274
274
274
274
274
274
274.014
274.501
287.383
490.225
770.563
803.194
812.627
823.548
837.067
852.117
869.331
891.158
919.396
957.731
1010.94
1081.35
1175.12
1295.55
1435.17
1577.17
1718.59
1835.87
1915.57
1961.16
1997.25
2033.65
2065.16
2095.06
2128.33
2164.9
2205.48
2228.75
2241.1
2078.55
1768.64
1315.49
1202.47
1165.31
1150.22
1145.68
1144.55
1142.08
1148.3
1162.54
1168.46
1179.69
1189.91
1196.9
1210.76
1233.24
1237.35
1248.93
1272
1287.22
1307.41
1315
1328.55
1357.54
1364.1
1380.64
1397.01
1406.34
1435.48
1442.21
1452.89
1481.18
1490.53
1501.77
1518.43
1535.54
1546.72
1562.99
1581.97
1600.62
1622.17
1628.73
1619.61
1587.11
1540.18
1517.23
1501.22
1497.69
1493.67
1505.36
1541.02
1571.22
1623.32
1658.34
1714.26
1748.17
1802.11
1825.86
1853.39
274
274
274
274
274
274
274
274
274
274
274
274
274
274
274
274
274
274
274
274
274
274
274
274
274
274
274
274
274
274
274
274.001
274.02
274.689
292.066
526.978
780.022
805.127
813.456
823.586
836.633
851.753
869.324
891.303
919.796
959.33
1014.4
1087.48
1184.62
1307.17
1447.9
1596.89
1735.82
1841.62
1910.36
1959
1995.43
2033.74
2071.38
2102.19
2131.96
2158.73
2192.22
2220.29
2238.18
2052.85
1753.48
1306.61
1201.42
1164.49
1150.14
1144.77
1142.84
1141.19
1141.95
1161.01
1169.3
1173.1
1189.76
1197.88
1207.87
1234.11
1240.39
1250.59
1268.06
1280.77
1306.71
1316.97
1329.71
1353.82
1369.88
1388.67
1411.72
1428.54
1450.47
1472.49
1490.27
1510.37
1531.62
1555.18
1571.08
1588.02
1606.33
1626.36
1646.77
1666.83
1694.86
1719.08
1737.41
1753.02
1711.82
1677.52
1624.22
1634.9
1611.78
1627.26
1626.07
1662.21
1691.12
1743.19
1780.61
1823
1858.7
1887.29
1928.47
274
274
274
274
274
274
274
274
274
274
274
274
274
274
274
274
274
274
274
274
274
274
274
274
274
274
274
274
274
274
274
274.001
274.026
274.878
296.731
555.602
783.916
805.487
813.904
824.519
838.39
854.687
873.521
896.466
925.851
966.774
1023.56
1098.49
1197.12
1319.01
1457.11
1603.02
1738.59
1837.34
1909.05
1954.91
1990.96
2028.43
2064.5
2096.85
2121.06
2145.72
2181.61
2212.14
2235.07
2010.23
1720.49
1301.34
1207.9
1174.36
1161.39
1156.23
1153.78
1150.93
1149
1167.61
1178.17
1182.83
1196.31
1206.79
1213.35
1237.03
1245.46
1258.9
1276.99
1287.76
1305.08
1323.9
1334.45
1353.96
1372.54
1391
1412.84
1433.25
1454.5
1477.39
1503.8
1525.78
1553.07
1578.04
1601.63
1632.31
1656.31
1682.6
1710.17
1736.63
1765.27
1798.5
1830.59
1860.49
1875.05
1878.62
1848.96
1794.49
1775.92
1762.48
1772.07
1776.04
1799.17
1829.82
1869.93
1894.51
1927.85
1960.52
2002.61
274
274
274
274
274
274
274
274
274
274
274
274
274
274
274
274
274
274
274
274
274
274
274
274
274
274
274
274
274
274
274
274.001
274.034
275.092
302.082
581.737
788.379
807.067
815.114
825.725
839.812
856.658
876.577
900.92
932.146
976.013
1036.64
1115.86
1217.37
1337.89
1470.39
1607.34
1729.57
1833.12
1903.52
1948.84
1985.01
2023.77
2061.41
2092.86
2117.94
2149.13
2189.75
2221.51
2247.54
1989.37
1699.17
1294.04
1205.99
1174.31
1162.56
1158.37
1156.6
1154.75
1154.11
1168.9
1180.22
1188.66
1200.46
1212.09
1225.1
1238.59
1250.47
1266.64
1282.3
1296.86
1313.27
1332.45
1347.61
1365.34
1385.41
1403.36
1422.05
1443.02
1466.51
1488.38
1511.68
1536.63
1563.24
1590.44
1618.74
1648.13
1678.47
1709.4
1741.09
1771.94
1802.59
1836.72
1871.91
1910.16
1952.86
1990.8
2017.93
2016.05
1990.69
1929.63
1913.09
1890.34
1906.12
1905.9
1928.36
1939.08
1970.08
1985.3
2012.31
274
274
274
274
274
274
274
274
274
274
274
274
274
274
274
274
274
274
274
274
274
274
274
274
274
274
274
274
274
274
274
274.001
274.04
275.272
306.542
599.085
790.328
807.838
816.029
826.836
841.072
858.286
879.214
905.312
939.441
988.096
1054.99
1140.84
1245.86
1363.24
1486.25
1608.43
1720.04
1816.52
1885.89
1936.18
1979.6
2018.6
2058.95
2087.28
2113.96
2148
2186.67
2209.95
2238.43
1962.89
1682.26
1297.24
1211.88
1180.29
1167.8
1162.93
1160.69
1159.16
1159.49
1174.25
1181.16
1191.68
1203.34
1215.37
1228.05
1242.65
1255.73
1272.24
1287.41
1302.44
1320.81
1337.09
1355
1373.74
1392.11
1412.97
1435.16
1456.87
1478.21
1502.7
1527.57
1553.42
1579.58
1607.39
1637.16
1667.85
1698.72
1730.79
1764.22
1795.21
1826.63
1859.2
1890.8
1925.77
1966.15
2015.2
2064.92
2109.85
2120.95
2139.9
2038.13
2025.88
1976.02
1964.96
1964.51
1966.1
1976.82
2002.04
1965.87
274
274
274
274
274
274
274
274
274
274
274
274
274
274
274
274
274
274
274
274
274
274
274
274
274
274
274
274
274
274
274
274.001
274.046
275.438
310.773
613.325
793.549
809.63
817.243
827.759
842.286
860.904
884.55
914.217
952.829
1007.31
1080.98
1173.08
1279.78
1391.06
1501.96
1608.51
1703.04
1783.73
1852.34
1908.56
1959.91
2002.9
2045.54
2076.3
2108.14
2152.07
2193.6
2215.1
2244.56
1968.15
1690.49
1302.86
1218.52
1187.21
1174.73
1170.08
1168.34
1167.93
1167.54
1182.99
1190.94
1200.61
1212.32
1224.63
1236.91
1252.06
1265.12
1282.11
1297.34
1313.01
1329.6
1346.93
1364.91
1384.12
1404.43
1424.15
1445.28
1467.89
1489.74
1513.7
1539.58
1565.58
1593.91
1622.91
1652.14
1682.81
1715.65
1748.17
1782.69
1820.47
1854.47
1891.47
1927.86
1961.53
2000.97
2042.55
2090.92
2147.43
2182.25
2209.6
2214.77
2223.02
2126.29
2080.01
2041.01
2016.13
1989.46
1961.28
1822.79
274
274
274
274
274
274
274
274
274
274
274
274
274
274
274
274
274
274
274
274
274
274
274
274
274
274
274
274
274
274
274
274.001
274.049
275.533
313.206
620.467
795.116
810.451
817.613
827.925
842.578
861.823
886.847
918.733
960.661
1019.76
1098.93
1196.24
1304.81
1412.79
1513.44
1605
1688.24
1759.01
1826.44
1887.88
1946.5
1995.77
2035.92
2065.91
2099.64
2144.54
2187.36
2208.91
2233.79
1931.53
1644.86
1285.58
1205.6
1175.45
1164.03
1159.88
1158.66
1158.26
1158.61
1171.55
1178.5
1191.73
1202.87
1214.49
1228.04
1242.51
1256.66
1272.65
1288.53
1303.98
1321.65
1339.87
1357.87
1376.89
1397.45
1418.26
1440.04
1462.19
1486.01
1511.08
1536.24
1562.61
1591.1
1619.44
1648.61
1680.25
1711.71
1744.63
1780.48
1816.54
1853.91
1894.16
1934.44
1974.29
2012.87
2048.57
2083.2
2120.31
2160
2204.45
2224.36
2250.02
2240.77
2232.35
2117.35
2094.66
1889.26
1789.92
1697.68
274
274
274
274
274
274
274
274
274
274
274
274
274
274
274
274
274
274
274
274
274
274
274
274
274
274
274
274
274
274
274
274.001
274.051
275.579
314.408
623.858
795.984
810.967
818.052
828.451
843.236
862.696
888.125
920.787
964.014
1024.94
1106.04
1204.82
1313.52
1419.57
1515.68
1601.53
1678.92
1744.97
1808.78
1871.07
1930.86
1980.94
2012.98
2043.73
2081.9
2137.63
2193.41
2224.19
2252.59
2002.37
1720.03
1314.67
1227.69
1196.56
1184.86
1180.68
1179.44
1179.34
1179.41
1190.53
1198.9
1210.47
1221.9
1235.32
1246.83
1261.36
1277.27
1291.12
1306.72
1323.53
1341.37
1359.58
1377.44
1397.23
1417.89
1437.84
1459.75
1483.23
1506.03
1530.64
1557.18
1582.88
1610.69
1639.55
1668.56
1699.72
1731.35
1764.09
1799.35
1835.68
1873.15
1913.5
1956.62
1999.53
2041.87
2078.48
2106.64
2128.46
2149.39
2180.13
2228.58
2286.5
2312.4
2322.89
2339.69
2102.14
1859.19
1759.09
1701.48
274
274
274
274
274
274
274
274
274
274
274
274
274
274
274
274
274
274
274
274
274
274
274
274
274
274
274
274
274
274
274
274.001
274.049
275.536
313.262
620.559
794.849
810.295
817.642
828.139
842.885
861.994
886.675
918.452
960.713
1020.31
1099.46
1196.08
1303.96
1411.66
1511.06
1600.4
1681.53
1750.82
1814.24
1875.67
1935.1
1984.05
2028.62
2065.88
2104.3
2146.62
2187.44
2208.05
2236.13
1942.71
1657.56
1290.71
1209.49
1178.89
1166.91
1162.52
1160.9
1160.21
1160.6
1172.41
1180.85
1193.53
1204.07
1216.41
1229.41
1244.07
1258.01
1273.5
1289.34
1304.76
1322.63
1340.12
1357.94
1377.65
1397.78
1417.97
1439.75
1461.47
1485.06
1510.23
1535.32
1561.88
1589.85
1617.64
1646.08
1677.72
1709.6
1742.51
1778.69
1814.28
1851.22
1891.25
1931.75
1971.78
2009.19
2044.04
2079.01
2115.33
2155.31
2202.74
2224.42
2248.53
2247.56
2215.61
2117.51
2086.57
1900.4
1781.5
1700.27
274
274
274
274
274
274
274
274
274
274
274
274
274
274
274
274
274
274
274
274
274
274
274
274
274
274
274
274
274
274
274
274.001
274.046
275.442
310.872
613.507
793.014
809.26
817.18
828.042
842.752
861.134
884.163
913.572
952.705
1007.92
1081.39
1172.09
1277.48
1388.31
1498
1600.68
1692.58
1771.22
1831.73
1888.42
1940.96
1987
2033
2071.11
2104.41
2141.65
2183.89
2207.7
2235.24
1958.26
1678.9
1295.37
1210.5
1178.73
1166.28
1161.82
1160.2
1159.62
1159.3
1174.17
1181.88
1193.68
1204.6
1215.72
1227.59
1242.42
1256.54
1273.04
1288.35
1303.33
1322.01
1337.77
1355.72
1377.11
1396.55
1415.93
1439.57
1460.36
1481.9
1509.38
1533.84
1559.86
1589.57
1616.92
1646.3
1678.09
1710.6
1744.37
1779.99
1816.04
1852.37
1890.07
1925.93
1961.18
1999.42
2040.94
2089.98
2147.87
2183.2
2206.7
2225.23
2227.46
2128.79
2066.76
2039.4
2003.91
1981.32
1953.4
1818.55
274
274
274
274
274
274
274
274
274
274
274
274
274
274
274
274
274
274
274
274
274
274
274
274
274
274
274
274
274
274
274
274.001
274.04
275.279
306.729
599.66
789.659
807.235
815.778
827.028
841.484
858.393
878.579
904.396
939.074
988.363
1054.8
1138.76
1242.2
1358.88
1480.62
1600.55
1710.68
1800.49
1865.2
1908.51
1956.29
2003.63
2045.38
2083.32
2113.34
2142.87
2181.21
2202.15
2228.23
1956.5
1676.24
1294.17
1208.52
1177.01
1164.38
1159.84
1158.2
1157.78
1156.6
1170.41
1178.6
1188.85
1200.07
1212.47
1226.73
1241.45
1254.79
1271.87
1286.21
1302.24
1320.34
1336.73
1354.84
1374.53
1394.22
1414.02
1436.24
1457.53
1479.25
1505.15
1529.94
1555.48
1584.02
1611.67
1640.29
1671.44
1702.76
1735.02
1768.27
1800.43
1831.67
1863.57
1896.42
1931.89
1973.15
2021.8
2073.25
2122.5
2136.28
2158.28
2050.74
2035.49
1983.88
1970.22
1969.89
1971.29
1976.71
2000.32
1968.4
274
274
274
274
274
274
274
274
274
274
274
274
274
274
274
274
274
274
274
274
274
274
274
274
274
274
274
274
274
274
274
274.001
274.034
275.102
302.322
582.616
787.623
806.431
814.976
826.155
840.444
856.862
876.071
900.221
931.951
976.347
1036.53
1113.92
1213.37
1332.38
1463.2
1596.9
1720.08
1819.3
1885.02
1924.4
1966.74
2009.01
2049.46
2087.65
2117.98
2146.86
2187.12
2215.93
2238.64
1990.67
1701.05
1297.94
1208.31
1176.23
1163.81
1158.95
1156.83
1154.56
1154.76
1172.64
1183.23
1189.89
1203.67
1215.41
1227.47
1242.85
1252.85
1268.89
1284.87
1298.24
1314.89
1334.22
1350.06
1367.21
1389.02
1406.72
1426.02
1449.99
1468.66
1492.88
1518.62
1540.87
1568.53
1595.3
1622.55
1651.95
1681
1711.85
1742.39
1771.47
1802.86
1836.85
1871.46
1908.98
1952.59
1995.95
2029.76
2027.52
2010.02
1939.75
1922.01
1893.61
1916.26
1908.79
1932.96
1939.19
1969.92
1984.9
2022.33
274
274
274
274
274
274
274
274
274
274
274
274
274
274
274
274
274
274
274
274
274
274
274
274
274
274
274
274
274
274
274
274.001
274.027
274.889
296.997
556.814
783.199
804.877
813.777
824.899
838.913
854.784
873.07
896.017
925.856
967.135
1023.48
1096.59
1192.83
1312.87
1449.11
1590.88
1722.28
1828.52
1899.24
1936.26
1973.77
2012.49
2050.66
2088.83
2117
2140.84
2174.76
2206.6
2226.92
2012.29
1725.77
1310.73
1214.04
1179.54
1166.13
1160.85
1158.51
1155.79
1152.36
1167.54
1179.67
1187.64
1200.22
1209.09
1218.29
1243.21
1250.88
1264.6
1282.99
1293.86
1311.19
1329.8
1344.07
1366.56
1377.96
1402.11
1423.36
1439.46
1460.4
1483.97
1507.88
1529.3
1556.68
1580.76
1605.78
1632.99
1657.67
1683.1
1708.42
1738.33
1770.11
1801.93
1836.9
1868.45
1888.74
1900.03
1867.35
1806.57
1789.66
1771.15
1784.4
1782.58
1809.52
1833.59
1875.73
1894.7
1928.49
1957.12
2002.07
274
274
274
274
274
274
274
274
274
274
274
274
274
274
274
274
274
274
274
274
274
274
274
274
274
274
274
274
274
274
274
274.001
274.02
274.7
292.313
528.395
779.266
804.568
813.479
824.015
837.064
851.839
869.097
891.129
919.855
959.479
1013.94
1085.22
1180.03
1300.67
1439.44
1584.59
1719.33
1829.21
1905.22
1950.4
1977.15
2015.02
2053.16
2094.53
2131.05
2158.92
2184.98
2213.92
2231.6
2064.28
1767.26
1318.15
1209.25
1172.16
1157.97
1152.86
1151.2
1150.23
1148.37
1166.96
1176.35
1178.95
1194.3
1203.14
1215.16
1241.39
1246.17
1256.82
1274.9
1284.88
1307.4
1318.18
1332.91
1351.35
1361.63
1396.02
1405.04
1414.14
1450.75
1465.45
1481.95
1504.4
1527.9
1550.09
1572.64
1594.81
1611.76
1634.04
1658.11
1680.65
1708.08
1736.29
1758.63
1774.08
1731.68
1698.1
1638.11
1648.82
1624.24
1640.4
1637.84
1671.33
1701.14
1751.06
1789.39
1830.97
1868.68
1895.55
1942.34
274
274
274
274
274
274
274
274
274
274
274
274
274
274
274
274
274
274
274
274
274
274
274
274
274
274
274
274
274
274
274
274
274.014
274.511
287.607
491.826
769.88
802.618
812.687
823.861
837.194
852.034
869.285
891.244
919.404
957.521
1010.11
1079.05
1170.86
1289.49
1427.87
1573.83
1709.77
1821.76
1901.84
1953.42
1986.29
2017.56
2052.42
2086.1
2125.05
2163.16
2200.98
2228.49
2240.43
2091.59
1778.44
1325.67
1207.83
1170.38
1154.48
1149.57
1148.05
1145.71
1147.4
1163.36
1169.16
1180.79
1191.08
1197.76
1213.97
1235.44
1234.77
1245.23
1269.46
1281.66
1297.79
1307.11
1327.41
1344.48
1355.56
1384.31
1388.72
1403.84
1441.13
1446.6
1459.6
1490.14
1502.3
1517.03
1533.5
1548.87
1563.72
1581.97
1598.76
1617.99
1636.62
1642.26
1638.25
1600.51
1557.17
1522.67
1510.88
1501.17
1502.57
1508.73
1542.86
1573.47
1622.25
1658.66
1713.93
1748.59
1801.86
1826.63
1852.5
274
274
274
274
274
274
274
274
274
274
274
274
274
274
274
274
274
274
274
274
274
274
274
274
274
274
274
274
274
274
274
274
274.01
274.364
283.964
458.453
759.078
802.446
812.58
822.794
834.904
848.63
865.067
886.569
914.488
952.057
1004.02
1072.59
1163.71
1281.4
1418.32
1561.71
1694.63
1805.32
1888.61
1947.6
1992.05
2028.65
2058.13
2080.15
2106.41
2142.01
2183.8
2214.19
2226.21
2124.45
1816.84
1350.55
1211.29
1171.28
1154.77
1148.37
1146.58
1144.16
1146.75
1164.09
1169.86
1180.13
1189
1194.7
1214.72
1229.41
1226.86
1237.15
1267.46
1279.83
1284.7
1293.99
1316.42
1327.27
1336.8
1361.93
1364.97
1382.49
1409.37
1406.5
1421.8
1446.58
1446.89
1458.01
1472.54
1482.22
1495.92
1511.33
1531.43
1540.66
1537.99
1519.67
1505.75
1446.56
1436.4
1404.73
1416.35
1401.13
1419.72
1439.43
1489.08
1525.89
1575.71
1615.1
1667.21
1713.43
1758.29
1809.53
1832.03
274
274
274
274
274
274
274
274
274
274
274
274
274
274
274
274
274
274
274
274
274
274
274
274
274
274
274
274
274
274
274
274
274.006
274.238
280.692
420.26
738.288
799.997
812.077
823.139
835.609
849.473
865.868
887.07
914.318
950.591
1001.23
1068.69
1157.82
1272.9
1406.55
1546.05
1675.21
1781.49
1866.78
1938.12
1994.76
2038.48
2067.69
2080.87
2102.08
2137.01
2178.73
2216.49
2232.28
2170.42
1857.03
1396.75
1225.61
1179.24
1158.94
1150.08
1147.5
1146.44
1138.9
1151.82
1164.18
1169.76
1172.56
1180.18
1205.45
1211.85
1203.92
1217.44
1249.5
1258.21
1255.96
1268.38
1290.99
1305.29
1312.68
1331.77
1336.38
1354.02
1379.3
1373.34
1383.37
1406.46
1401.53
1405.49
1425.84
1431.06
1446.67
1467.03
1467.52
1468.08
1454.39
1428.31
1371.87
1359.89
1337.19
1337.67
1327.66
1332.41
1338.4
1371.08
1403.2
1453.18
1505.02
1568.77
1621.43
1682.05
1734.32
1788.71
1836.43
274
274
274
274
274
274
274
274
274
274
274
274
274
274
274
274
274
274
274
274
274
274
274
274
274
274
274
274
274
274
274
274
274.004
274.154
278.458
384.718
716.052
799.851
811.747
821.339
832.257
844.855
860.324
881.013
908.154
944.088
994.072
1060.92
1148.6
1260.99
1391.11
1526.38
1649.36
1755.72
1847.95
1925.36
1990.78
2041.72
2069.84
2082.12
2100.2
2141.64
2190.03
2240.07
2263.99
2225.28
1928.75
1433.81
1216.3
1162.99
1143.01
1132.51
1128.33
1124.53
1118.12
1133.07
1146.82
1148.9
1148.27
1163.93
1186.11
1191.53
1188.64
1209.34
1241.46
1248.52
1247.28
1262.11
1288.17
1295.79
1299.5
1313.24
1318.56
1324.42
1336.94
1324.21
1329.72
1351.05
1340.49
1353.32
1373.8
1381
1402.92
1405.75
1402.97
1401.39
1338.35
1292.73
1277.79
1258.52
1260.87
1247.51
1259.7
1255.58
1286.16
1305.88
1352.94
1386.17
1445.74
1496.21
1571.87
1642.83
1725.78
1788.28
1854.93
274
274
274
274
274
274
274
274
274
274
274
274
274
274
274
274
274
274
274
274
274
274
274
274
274
274
274
274
274
274
274
274
274.003
274.091
276.717
346.187
679.14
796.453
811.23
821.786
833.222
845.793
860.547
880.037
905.618
939.045
986.234
1050.56
1134.44
1241.88
1365.85
1495.27
1618.99
1731.07
1826
1912.29
1988.65
2046.84
2077.89
2092.19
2107.18
2133.31
2181.3
2228.92
2257.29
2240.3
1938.05
1487.88
1219.84
1160.02
1135.39
1124.25
1119.2
1117.86
1111.57
1123.61
1140.26
1144.03
1143.77
1161.72
1184.51
1190.21
1183.89
1199.51
1226.43
1235.88
1226.9
1229.88
1247.68
1252.87
1248.38
1253.15
1254.59
1270.36
1281.78
1264.91
1273.78
1308.14
1306.82
1320.46
1349.94
1352.45
1358.54
1355.38
1352.61
1279.23
1240.25
1225.59
1200.99
1214.83
1193.68
1215.99
1199.37
1233.44
1247.97
1287.62
1316.51
1355.63
1399.97
1447.22
1510.46
1580.45
1677.06
1788.64
1905.23
274
274
274
274
274
274
274
274
274
274
274
274
274
274
274
274
274
274
274
274
274
274
274
274
274
274
274
274
274
274
274
274
274.002
274.054
275.714
319.322
638.584
794.717
810.288
819.497
830.135
842.573
857.511
876.956
902.052
934.874
980.927
1042.72
1122.37
1222.93
1339.01
1462.05
1585.69
1704.21
1809.19
1904.35
1984.5
2039.92
2070.97
2086.67
2110.85
2131.48
2179.61
2224.72
2258.27
2267.19
1919.28
1543.91
1220.76
1153.97
1126.46
1114.13
1111.45
1106.58
1097.18
1109.69
1130.15
1135.35
1127.49
1144.72
1165.94
1166.05
1152.94
1163.97
1189.86
1201.9
1191.9
1192.92
1209.81
1215.63
1207.29
1210.26
1215.9
1242.05
1253.89
1234.19
1252.78
1292.95
1298
1307.78
1317.87
1309.41
1299.59
1297.72
1231.84
1179.59
1183.54
1132.75
1164.48
1136.25
1157.84
1149.47
1170.97
1182.28
1204.87
1225.19
1235.36
1260.75
1281.26
1325.88
1395.32
1504.88
1657.98
1806.19
2033.24
274
274
274
274
274
274
274
274
274
274
274
274
274
274
274
274
274
274
274
274
274
274
274
274
274
274
274
274
274
274
274
274
274.001
274.03
275.024
301.184
582.619
789.205
808.339
818.067
829.487
841.98
855.937
873.628
896.754
927.154
969.656
1027.63
1103.56
1200.2
1312.98
1433.79
1559.4
1684.56
1799.24
1904.25
1988.2
2035.92
2056.34
2075.75
2103.54
2124.11
2158.96
2200.74
2246.38
2283.12
2004.98
1682.69
1247.7
1156.37
1121.9
1104.94
1097.49
1094.42
1090.34
1093.13
1109.83
1115.01
1107.1
1122.96
1144.58
1147.3
1132.61
1139.74
1167.32
1171.25
1156.05
1158.74
1176.46
1186.51
1178.33
1177.47
1187.48
1219.68
1227.63
1211.64
1227.59
1271.69
1271.73
1263.01
1261.63
1254.82
1259.8
1228.79
1142.59
1158.68
1097.47
1095.42
1106.68
1092.21
1117.52
1118.63
1135.6
1140.3
1149.34
1150.21
1161.73
1201.97
1244.72
1340.28
1457.55
1605.81
1723.65
1859.95
2016.62
274
274
274
274
274
274
274
274
274
274
274
274
274
274
274
274
274
274
274
274
274
274
274
274
274
274
274
274
274
274
274
274
274.001
274.018
274.664
291.992
533.045
784.314
806.222
813.781
824.932
838.444
853.187
870.65
893.164
922.587
962.266
1015.8
1086.55
1177.42
1286.62
1407.74
1538.85
1671.81
1797.48
1908.74
1992.72
2032.82
2047.1
2065.71
2096.32
2125.86
2158.69
2197.63
2235.6
2264.6
2083.28
1740.03
1265.79
1158.06
1114.6
1097.34
1090.43
1087.34
1079.81
1081.34
1095.15
1100.99
1093.03
1101.81
1126.1
1126.51
1110.23
1113.05
1138.4
1144.47
1127.73
1125.54
1146.85
1162.1
1153.93
1155.74
1172.01
1202.03
1208.43
1193.1
1211.35
1255.88
1236.86
1223.29
1222.84
1221.43
1220.79
1165.63
1126.27
1104.87
1054.38
1074.82
1070.62
1077.89
1090.76
1087.15
1088.92
1087.37
1089.9
1102.73
1135.48
1181.54
1237.07
1335.26
1444.16
1559.6
1613.48
1724.19
1974.56
274
274
274
274
274
274
274
274
274
274
274
274
274
274
274
274
274
274
274
274
274
274
274
274
274
274
274
274
274
274
274
274
274
274.009
274.337
283.559
458.666
764.646
806.101
813.113
821.599
833.321
846.945
863.905
884.747
911.779
947.363
993.686
1054.45
1133.22
1232.29
1350.99
1486.78
1636.47
1782.98
1908.73
1984.57
2014.42
2028.13
2044.89
2073.14
2120.31
2166.17
2207.69
2247.69
2268.36
2188.38
1830.82
1295.1
1141.55
1093.47
1075.7
1069.81
1069.46
1066.76
1056.84
1062.14
1073.72
1068.62
1060.52
1082.32
1086.04
1070.39
1071.11
1100.28
1110.6
1092.08
1091.31
1111.92
1129.44
1113.54
1112.74
1128.78
1158.79
1166.98
1142.85
1152.72
1180.35
1167.17
1155.02
1162.5
1150.86
1130.79
1055.59
1040.43
1003.53
1002.43
995.425
986.711
982.49
976.542
973.723
973.762
985.369
1004.19
1030.4
1064.84
1102.02
1142.75
1193.82
1236.72
1323.62
1490.43
1673.61
1756.52
274
274
274
274
274
274
274
274
274
274
274
274
274
274
274
274
274
274
274
274
274
274
274
274
274
274
274
274
274
274
274
274
274
274.003
274.125
277.859
376.835
715.24
803.473
811.898
819.542
830.785
842.787
857.309
875.166
898.222
929.839
970.994
1024.97
1093.52
1180.17
1288.89
1421.54
1577.87
1748.11
1899.64
1968.17
1991.51
2005.36
2028.08
2051.43
2088.49
2135.68
2184.47
2227.3
2261.8
2251.45
1959.27
1424.34
1191.16
1119.2
1090.66
1073.89
1061.77
1041.66
1036.89
1048.12
1043.73
1039.91
1032.28
1051.32
1070.06
1053.55
1045.35
1061.96
1077.21
1067.18
1061.6
1077.95
1095.97
1085.02
1063.21
1092.61
1125.89
1134.92
1111.17
1107.35
1130.58
1127.55
1128.32
1109.39
1081.96
997.186
973.606
944.653
933.479
926.921
924.348
928.374
936.809
949.678
967.403
982.221
1002.07
1023.15
1049.99
1077.25
1111.8
1163.7
1273.39
1451.84
1571.67
1586.13
1430.17
1376.36
274
274
274
274
274
274
274
274
274
274
274
274
274
274
274
274
274
274
274
274
274
274
274
274
274
274
274
274
274
274
274
274
274
274.001
274.041
275.415
313.041
628.762
796.913
809.189
816.309
827.061
839.145
852.241
868.015
887.133
913.449
948.943
996.499
1058.7
1137.91
1239.03
1365.94
1518.06
1691.08
1862.15
1953.75
1981.35
1994.4
2016.53
2051.55
2087.16
2131.41
2167.18
2192.11
2237.04
2263.54
1930.59
1549.08
1140.87
1063.66
1030.26
1014.73
1007.45
1004.88
1001.11
997.54
1010.1
1010.09
992.105
1011.29
1034.66
1024.97
1009.44
1021.93
1047.29
1039.77
1027.87
1049.88
1065.86
1068.32
1047.25
1056.72
1104.5
1098.24
1087.38
1086.56
1098.24
1091.22
1076.59
971.228
957.952
911.503
902.14
890.889
896.866
907.707
922.207
929.303
943.87
952.804
965.504
978.268
992.987
1006.38
1030.85
1091.18
1200.96
1409.47
1521.56
1543.84
1508.79
1507.12
1428.73
955.146
274
274
274
274
274
274
274
274
274
274
274
274
274
274
274
274
274
274
274
274
274
274
274
274
274
274
274
274
274
274
274
274
274
274
274.012
274.487
287.794
503.878
780.122
806.64
813.262
822.92
835.275
848.258
862.365
878.86
900.175
929.719
971.964
1030.41
1107.16
1206.39
1330.35
1476.2
1637.56
1800.63
1924.58
1973.07
1988.13
2005.3
2037.06
2082.04
2131.13
2173.49
2196.02
2216.1
2234.68
2119.74
1744.74
1231.3
1085.95
1024.06
1003.52
989.928
973.377
968.914
981.494
985.094
986.756
987.444
996.944
1019.42
1014.74
1002.37
1001.56
1007.99
1014.94
999.326
1016.64
1042.81
1046.06
1037.01
1028.32
1059.29
1073.2
1061.28
1064.53
1056.81
1013.53
918.029
906.41
886.852
877.79
881.837
895.418
902.006
913.113
918.253
927.266
936.508
940.127
950.4
956.617
997.885
1062.5
1204.24
1374.17
1470.43
1491.55
1493.11
1525.37
1535.53
1442.21
1121.41
986.648
274
274
274
274
274
274
274
274
274
274
274
274
274
274
274
274
274
274
274
274
274
274
274
274
274
274
274
274
274
274
274
274
274
274
274.003
274.139
278.371
390.274
728.312
802.953
809.928
818.779
831.13
844.859
859.169
874.186
890.799
912.842
946.349
996.523
1066.06
1159.4
1278.27
1418.08
1574.13
1736.78
1879.25
1956.78
1983.18
1996.43
2022.03
2060.93
2123.5
2169.37
2186.64
2209.9
2244.48
2240.73
1894.46
1355.71
1099.45
1025.73
1003.52
991.343
995.858
1000
1006.81
1009.35
995.678
980.728
970.911
978.742
976.531
960.791
965.002
986.02
994.654
982.36
989.675
1029.74
1038.82
1024.41
1016.66
1046.75
1058.54
1050.25
994.418
985.157
901.322
887.871
874.939
869.311
879.908
884.465
891.966
897.497
908.364
903.663
910.325
908.136
931.943
968.75
1057.85
1198.55
1344.92
1411.9
1430.6
1475.78
1504.75
1506.68
1477.86
1456.96
1299.76
1151.31
1006.43
274
274
274
274
274
274
274
274
274
274
274
274
274
274
274
274
274
274
274
274
274
274
274
274
274
274
274
274
274
274
274
274
274
274
274.001
274.035
275.234
309.181
622.994
798.805
808.529
813.718
823.779
837.022
852.187
867.384
883.184
902.561
929.679
969.047
1025.19
1104.17
1209.39
1340.31
1491.84
1660.31
1821.26
1933.43
1977.27
1993.45
2016.5
2043.44
2094.27
2122.59
2128.15
2151.65
2225.86
2253.39
2012.77
1652.87
1167.34
1064.18
1014.59
988.703
969.879
956.561
947.615
945.923
935.155
928.752
928.56
945.051
952.897
949.918
956.607
983.727
991.807
986.004
996.973
1019.83
1036.05
1018.5
1010.97
1025.25
1025.82
964.288
917.804
876.851
860.495
852.53
857.643
874.064
875.479
879.571
882.049
884.738
880.654
886.391
914.65
956.35
1050.76
1200.28
1316.62
1369.22
1391.77
1450.17
1489.83
1499.07
1494.43
1476.25
1474.53
1399.25
1307.5
1157.63
949.41
274
274
274
274
274
274
274
274
274
274
274
274
274
274
274
274
274
274
274
274
274
274
274
274
274
274
274
274
274
274
274
274
274
274
274
274.008
274.322
283.59
466.08
776.266
809.922
812.156
819.484
832.427
847.344
861.216
877.224
893.879
915.781
948.941
994.765
1059.35
1148.49
1264.56
1405.05
1572.5
1756.31
1910.21
1974.25
1991.03
2008.79
2026.92
2053.27
2080.02
2090.88
2119.07
2162.77
2175.61
2104.9
1713.33
1187.37
1008.98
952.264
934.826
929.528
931.362
939.268
937.772
926.058
915.212
938.326
951.934
953.779
966.027
972.256
1003.63
1016.99
996.071
980.264
1002.89
1006.72
1001.87
986.115
980.9
958.542
891.613
874.435
868.149
868.256
877.462
882.155
884.758
875.979
874.14
871.572
877.077
903.165
953.213
1051.27
1187.27
1287.5
1332.88
1375.43
1415.87
1462.83
1479.51
1484.09
1480.82
1473.16
1481.07
1462.66
1375.92
1243.73
1045.35
875.152
274
274
274
274
274
274
274
274
274
274
274
274
274
274
274
274
274
274
274
274
274
274
274
274
274
274
274
274
274
274
274
274
274
274
274
274.002
274.07
276.352
343.637
690.548
810.697
814.035
817.206
825.572
839.8
854.949
873.143
890.159
907.898
933.329
971.685
1025.85
1101.05
1203.88
1336.18
1500.22
1694.8
1885.31
1970.75
1991.73
2005.61
2019.49
2037.34
2068.06
2081.01
2099.99
2153.69
2193.48
2209.49
1874.94
1433.82
1056.12
981.202
952.95
941.379
928.515
926.154
929.053
938.253
954.771
957.639
965.838
981.059
967.237
955.087
970.351
974.095
964.744
959.733
952.998
969.304
975.035
977.669
958.513
903.785
882.089
879.883
878.429
876.926
878.16
855.719
850.909
842.622
859.736
890.907
952.24
1049.95
1184.22
1263.16
1309.02
1366.11
1396.33
1435.88
1462.92
1474.95
1479.21
1474.77
1472.29
1483.09
1487.93
1428.39
1323.1
1158.82
969.451
797.826
274
274
274
274
274
274
274
274
274
274
274
274
274
274
274
274
274
274
274
274
274
274
274
274
274
274
274
274
274
274
274
274
274
274
274
274.001
274.014
274.572
290.574
532.734
799.444
817.925
816.929
820.827
830.906
845.678
865.143
885.552
903.892
925.076
954.838
996.873
1059.78
1150.78
1274.17
1434.28
1634.04
1848.83
1954.94
1980.42
1991.59
2010.84
2028.31
2054.19
2063
2083.9
2147.94
2211.78
2243.69
2200.42
1809.31
1230.4
1068.5
993.829
985.154
984.067
981.37
978.656
976.719
959.484
944.038
934.629
931.031
923.07
910.498
918.59
935.921
951.572
958.414
975.858
984.932
990.021
958.141
913.574
883.273
872.037
861.156
838.092
827.753
821.431
829.176
869.039
915.576
1008.92
1129.06
1215.39
1281.33
1305.66
1332.11
1394.29
1420.69
1438.11
1468.98
1481.28
1484.7
1486.02
1486.02
1502.62
1491.42
1446.24
1344.83
1190.63
1018.25
854.185
713.478
274
274
274
274
274
274
274
274
274
274
274
274
274
274
274
274
274
274
274
274
274
274
274
274
274
274
274
274
274
274
274
274
274
274
274
274
274.003
274.119
277.906
383.294
732.652
818.407
818.718
819.642
825.95
838.576
855.77
874.277
895.434
919.403
948.419
987.164
1038.56
1112
1222.45
1377.64
1579.96
1813.25
1930.08
1954.46
1967.19
1988.85
2007.94
2014.72
2024.51
2045.81
2107.71
2186.94
2211.9
2212.4
1848.87
1405.64
1058.11
958.14
930.193
926.896
909.423
909.535
910.123
904.587
920.847
947.508
941.964
951.286
967.518
975.654
1000.66
1014.73
1001.39
984.879
978.176
943.097
878.486
852.133
838.739
823.511
809.585
837.945
876.065
944.23
1031.81
1122.44
1199.49
1264.33
1289.29
1324.32
1344.04
1384.18
1441.67
1465.5
1477.39
1496.08
1513.7
1519.96
1518.33
1519.29
1518.34
1494.68
1434.66
1334.3
1209.35
1039.45
883.58
756.231
647.532
274
274
274
274
274
274
274
274
274
274
274
274
274
274
274
274
274
274
274
274
274
274
274
274
274
274
274
274
274
274
274
274
274
274
274
274
274.001
274.022
274.845
298.596
583.625
808.682
821.764
820.593
823.29
832.194
846.756
863.723
883.106
907.41
936.336
970.668
1013.77
1076.94
1171.6
1309.11
1501.96
1748.13
1900.21
1933.83
1946.81
1961.84
1980.63
1980.54
1994.56
2007.7
2039.06
2121.9
2165.21
2172.13
2009.68
1592.49
1095.28
974.315
948.107
947.152
928.444
954.652
953.03
955.246
970.164
957.996
974.122
985.961
991.472
993.151
995.459
983.908
970.375
940.606
905.436
884.721
878.486
870.221
869.184
924.177
982.583
1071.54
1111.36
1161.69
1181.05
1224.9
1275.26
1320.29
1369.99
1450.86
1493.02
1546.31
1562.41
1564.65
1569.17
1569.45
1564.29
1557.62
1551.46
1518.97
1467.84
1393.34
1280.91
1163.5
1037.12
911.484
785.563
675.175
587.794
274
274
274
274
274
274
274
274
274
274
274
274
274
274
274
274
274
274
274
274
274
274
274
274
274
274
274
274
274
274
274
274
274
274
274
274
274
274.004
274.157
279.124
408.053
750.766
820.979
822.052
822.712
828.081
839.125
853.903
871.02
892.452
918.552
947.966
990.634
1046.78
1128.09
1248.69
1425.45
1671.18
1875.43
1925.15
1935.62
1941.75
1957.01
1965.6
1979.39
1994.57
2004.67
2074.2
2139.24
2173.23
2178.63
1843.25
1343.48
1123.19
1041.64
1028.62
1014.85
1012.9
1018.53
1014.38
1034.9
1027.48
1057.32
1068.64
1040.93
1033.39
1026.73
1033.89
1051.18
1006.65
988.553
978.225
966.425
1000.4
1043.91
1090.29
1114.45
1155.1
1211.81
1275.14
1328.86
1373.25
1388.22
1474.29
1544.85
1576.2
1613.13
1624.4
1625.23
1605.37
1599.99
1580.2
1568.93
1539.73
1490.18
1417.44
1335.43
1238.92
1136.23
1038.22
939.972
824.025
720.658
619.142
536.115
274
274
274
274
274
274
274
274
274
274
274
274
274
274
274
274
274
274
274
274
274
274
274
274
274
274
274
274
274
274
274
274
274
274
274
274
274
274.001
274.023
274.909
301.189
599.582
809.392
821.71
822.198
825.763
833.742
845.775
861.054
878.819
900.794
926.492
966.356
1017.96
1090.91
1198.48
1357.03
1584.07
1831.67
1917.64
1929.84
1932
1935.59
1942.89
1963.44
1993.15
2007.59
2065.47
2132.18
2156.86
2167.7
1932.92
1647.77
1300.41
1210.27
1184.39
1203.01
1190.38
1225.33
1213.23
1201.35
1185.89
1156.7
1148.19
1119.1
1115.91
1106.33
1101.15
1100.62
1069.04
1050.37
1029.43
1051.36
1091.09
1140.51
1195.13
1274.45
1391.01
1446.64
1504.35
1538.02
1567.41
1629.26
1653.45
1664.88
1662.89
1671.28
1669.29
1650.06
1619.12
1601.63
1567.7
1516.96
1443.91
1370.26
1282.33
1205.33
1131.11
1063.44
969.15
855.12
749.919
652.146
569.148
497.179
274
274
274
274
274
274
274
274
274
274
274
274
274
274
274
274
274
274
274
274
274
274
274
274
274
274
274
274
274
274
274
274
274
274
274
274
274
274
274.003
274.135
278.52
398.805
746.494
819.671
822.015
824.051
829.531
839.381
852.634
868.336
886.697
907.32
941.751
989.048
1053.15
1145.56
1281.74
1476.56
1730.94
1897.5
1927.53
1929.79
1935.12
1940.77
1956.69
1972.65
1990.06
2044.22
2097.49
2115.35
2117.05
1874.57
1532.48
1357.95
1244.51
1227.49
1229.71
1216.27
1235.09
1250.62
1243.85
1258.52
1265.95
1281.35
1295.79
1295.24
1257.19
1189.88
1292.16
1279.98
1271.36
1324.63
1387.24
1419.96
1482.82
1512.84
1544.89
1566.13
1597.98
1628.95
1643.52
1675.82
1687.69
1693.37
1687.92
1668.15
1657.11
1648.37
1624.34
1579.46
1521.31
1444.77
1372.26
1296.17
1235.37
1178.13
1128.05
1076.53
995.254
892.54
778.743
669.744
581.658
511.382
455.498
274
274
274
274
274
274
274
274
274
274
274
274
274
274
274
274
274
274
274
274
274
274
274
274
274
274
274
274
274
274
274
274
274
274
274
274
274
274
274.001
274.016
274.655
293.981
564.165
804.471
821.746
824.053
827.309
833.717
844.699
859.619
876.188
894.522
918.893
960.514
1018.4
1100.6
1219.64
1390.46
1622.25
1847.76
1919.66
1931.92
1939.68
1944.06
1951.85
1957.81
1958.29
1971.3
1980.74
1985.81
1976.5
1727.85
1539.95
1371.76
1308.37
1291.38
1289.38
1303.99
1316.21
1359.17
1404.64
1461.3
1537.54
1629.66
1737.77
1762.29
1729.72
1716.71
1718.4
1719.91
1720.01
1740.09
1765.45
1778.31
1798.5
1807.04
1814.57
1785.55
1764.42
1746.72
1725.72
1719.27
1705.64
1696.12
1679.33
1654.05
1622.28
1579.85
1514.66
1431.27
1351.46
1285.12
1245.9
1206.49
1170.76
1120.3
1076.75
1008.56
900.917
780.544
672.492
585.169
519.203
466.353
422.332
274
274
274
274
274
274
274
274
274
274
274
274
274
274
274
274
274
274
274
274
274
274
274
274
274
274
274
274
274
274
274
274
274
274
274
274
274
274
274
274.002
274.077
276.691
357.185
711.224
816.338
823.031
826.321
830.442
838.145
850.922
866.824
883.404
902.352
935.225
983.885
1054.45
1157.1
1303.88
1508.47
1759.81
1896.44
1925.01
1933.27
1945.53
1950.59
1937.72
1920.92
1919.79
1908.94
1907.89
1916.88
1776.82
1651.69
1451.17
1437.95
1433.62
1447.47
1496.54
1519.98
1580.99
1643.48
1712.69
1795.84
1886.61
1964.79
1979.34
1941.88
1933.34
1924.95
1921.97
1919.39
1920.86
1924.25
1919.68
1908.33
1894.24
1869.16
1831.36
1799.28
1770.22
1734.37
1705.23
1676.52
1643.92
1602.97
1541.66
1468.39
1394.89
1327.94
1274.13
1234
1205.27
1188.21
1158.27
1122.87
1075.96
1007.44
912.154
804.089
699.952
607.019
531.43
474.371
430.054
394.155
274
274
274
274
274
274
274
274
274
274
274
274
274
274
274
274
274
274
274
274
274
274
274
274
274
274
274
274
274
274
274
274
274
274
274
274
274
274
274
274
274.008
274.33
284.331
480.556
785.979
819.756
824.636
827.94
833.323
843.154
857.578
873.989
892.209
914.746
950.383
1007.13
1094.29
1222.62
1404.7
1646.63
1846.34
1899.21
1913.63
1925.99
1927.62
1862.09
1820.7
1823.18
1836.64
1903.73
1946.15
1900.4
1898.79
1693.5
1639.23
1628.12
1630.15
1661.1
1692.26
1756.13
1847
1890.05
1935.31
1988.85
2009
2009.59
1993.83
1981.55
1981.22
1974.27
1965.64
1951.98
1943.17
1927.22
1903.84
1879.58
1844.06
1805.07
1761.21
1714.24
1663.07
1602.03
1539.01
1472.51
1410.25
1356.04
1306.32
1260.36
1228.11
1204.24
1184.34
1169.48
1146.56
1107.7
1061.7
990.358
905.859
804.518
700.12
611.491
537.827
479.996
435.681
400.041
371.825
274
274
274
274
274
274
274
274
274
274
274
274
274
274
274
274
274
274
274
274
274
274
274
274
274
274
274
274
274
274
274
274
274
274
274
274
274
274
274
274
274.001
274.031
275.165
309.533
629.951
807.256
820.911
825.262
829.061
836.026
847.754
863.244
880.021
898.342
923.442
963.469
1030.56
1135.32
1290.5
1506.62
1759.13
1866.39
1881.64
1888.22
1901.82
1901.1
1859.8
1821.59
1829.62
1878.31
1946.68
2019.39
1999.8
1885.21
1857.72
1843.27
1847.11
1883.79
1898.43
1927.33
1958.57
1968.92
1976
1982.8
1985.81
1979.77
1972.26
1962.8
1947.76
1931.77
1914
1884.51
1854.2
1819.87
1779.54
1738.08
1693.22
1654.46
1604.18
1544.05
1482.63
1427.09
1377.27
1333.83
1294.23
1259.78
1231.87
1205.78
1186.33
1169.78
1152.38
1123.2
1094.86
1040.98
973.153
888.826
797.665
702.944
614.491
544.061
487.436
442.914
408.188
381.119
360.592
274
274
274
274
274
274
274
274
274
274
274
274
274
274
274
274
274
274
274
274
274
274
274
274
274
274
274
274
274
274
274
274
274
274
274
274
274
274
274
274
274
274.003
274.113
277.792
383.051
731.079
813.747
821.44
825.239
830.046
838.737
852.054
867.903
884.001
902.918
930.312
975.776
1051.43
1171.01
1348.68
1589.49
1812.26
1879.69
1894.5
1907.19
1918.48
1922.91
1941.95
1938.27
1940.99
1948.53
2013.4
2033.53
2038.7
2004.57
1975.87
1966.68
1980.62
1984.2
1988.16
1992.6
1984.93
1979.7
1968.65
1948.25
1919.47
1886.93
1857.89
1825.47
1794.64
1759.95
1723.59
1687.59
1656.84
1620.85
1583.17
1548.37
1508.78
1469.5
1428.84
1392.14
1355.43
1322.49
1292
1263.73
1238.34
1211.59
1186.6
1166.72
1144.4
1113.52
1077.39
1022.19
946.693
866.472
778.206
694.182
616.26
549.217
496.416
456.466
422.561
395.052
373.261
355.695
274
274
274
274
274
274
274
274
274
274
274
274
274
274
274
274
274
274
274
274
274
274
274
274
274
274
274
274
274
274
274
274
274
274
274
274
274
274
274
274
274
274
274.008
274.354
285.099
487.978
783.868
815.78
820.492
824.05
830.139
840.978
855.715
871.217
886.536
904.978
934.435
983.876
1065.59
1194.97
1386.2
1647.09
1847.95
1894.67
1907.42
1914.44
1923.49
1935.94
1940.14
1940.67
1953.21
1997.69
2031.5
2045.83
2006.19
1978.09
1973.29
1981.79
1980.92
1971.9
1963.28
1936.62
1908.11
1874.21
1831.11
1793.35
1759.88
1731.02
1705.54
1678.02
1644.76
1619.47
1587.29
1557.65
1527.75
1498.5
1472.82
1443.85
1411.68
1379.85
1350.62
1322.1
1294.81
1267.87
1241.34
1216.73
1190.06
1162.21
1136.12
1101.26
1052.76
991.105
919.603
841.734
767.731
692.66
623.846
561.381
507.865
465.992
431.785
404.484
382.127
365.126
351.854
274
274
274
274
274
274
274
274
274
274
274
274
274
274
274
274
274
274
274
274
274
274
274
274
274
274
274
274
274
274
274
274
274
274
274
274
274
274
274
274
274
274
274.001
274.024
274.927
302.55
604.247
800.742
814.941
818.342
822.557
830.222
842.735
857.877
872.398
886.709
905.398
936.057
987.636
1073.55
1209.37
1409.18
1680.26
1864.7
1899.06
1907.05
1910.2
1903.96
1910.49
1921.51
1942.32
1986.79
2011.74
2015.39
1993.17
1970.36
1943.62
1926.07
1892.81
1857.85
1820.87
1784.32
1758.43
1740.26
1720.73
1704.15
1682.32
1655.6
1630.76
1609.99
1583.82
1565.25
1542.66
1514.38
1487.77
1462.21
1434.39
1405.15
1376.08
1347.26
1318.37
1288.23
1256.71
1225.8
1195.82
1167.61
1139.84
1110.42
1071.45
1019.38
958.356
889.089
815.233
741.367
675.794
612.691
557.413
508.914
469.459
438.775
412.603
390.782
373.565
360.079
349.897
274
274
274
274
274
274
274
274
274
274
274
274
274
274
274
274
274
274
274
274
274
274
274
274
274
274
274
274
274
274
274
274
274
274
274
274
274
274
274
274
274
274
274
274.002
274.06
276.112
340.152
688.278
805.708
813.392
816.545
821.114
829.957
842.873
857.079
870.722
885.551
904.723
935.793
988.654
1074.06
1205.07
1396.96
1664.25
1849.89
1889.82
1894.35
1884.96
1864.07
1861
1871.45
1895.17
1926.87
1940.8
1926.21
1881.25
1829.32
1777.1
1740.97
1718.42
1700.75
1684.99
1678.35
1672.27
1659.27
1648.72
1634.49
1616.28
1598.72
1586.9
1570.79
1556.49
1535.69
1509.73
1487.86
1465.13
1440.6
1415.11
1388.97
1360.55
1329.24
1295.29
1259.4
1223.3
1184.29
1140.87
1092.49
1038.87
978.887
914.069
847.156
779.174
713.527
653.183
600.823
551.249
509.22
472.729
442.387
418.276
398.23
381.195
367.88
356.857
348.577
274
274
274
274
274
274
274
274
274
274
274
274
274
274
274
274
274
274
274
274
274
274
274
274
274
274
274
274
274
274
274
274
274
274
274
274
274
274
274
274
274
274
274
274
274.003
274.128
278.235
392.133
736.098
806.692
811.431
813.914
818.335
826.538
838.865
853.268
868.296
884.29
903.68
932.854
981.769
1059.08
1176.39
1347.65
1578.9
1781.09
1851.5
1861.25
1844.73
1837.32
1822.35
1810.56
1801.31
1795.02
1791.05
1753.51
1736.8
1723.99
1698.69
1687.67
1686.39
1685.2
1684.45
1686.86
1686.51
1678.72
1667.68
1664.27
1679.34
1679.29
1663.63
1640.23
1611.78
1580.96
1551.98
1523.38
1494.69
1467.36
1440.29
1412.29
1383.86
1354.4
1322.38
1284.82
1239.62
1183.5
1112.29
1024.29
932.343
855.252
782.58
712.166
650.021
596.628
552.829
512.446
478.076
448.846
424.385
404.817
388.836
375.656
364.917
355.96
348.212
274
274
274
274
274
274
274
274
274
274
274
274
274
274
274
274
274
274
274
274
274
274
274
274
274
274
274
274
274
274
274
274
274
274
274
274
274
274
274
274
274
274
274
274
274
274.006
274.232
281.408
442.474
762.866
805.195
807.543
809.624
814.562
821.807
833.634
848.205
865.124
881.417
898.53
924.402
966.82
1031.24
1125.79
1257.85
1427.44
1612.38
1745.34
1794.85
1808.72
1806.69
1798.34
1785.31
1771.28
1762.98
1760.14
1754.03
1747.69
1745.97
1746.64
1746.35
1742.2
1742.11
1774.16
1776.55
1746.86
1697.87
1631.8
1553.55
1479.57
1415
1360.2
1313.12
1272.82
1239.15
1209.28
1183.4
1160.53
1139.56
1120.33
1103.67
1089.93
1077.53
1065.99
1054.77
1042.69
1027.85
1006.98
971.704
917.699
851.361
774.374
690.077
613.058
560.452
515.531
478.758
449.064
425.096
405.812
390.048
377.042
366.249
356.733
349.061
274
274
274
274
274
274
274
274
274
274
274
274
274
274
274
274
274
274
274
274
274
274
274
274
274
274
274
274
274
274
274
274
274
274
274
274
274
274
274
274
274
274
274
274
274
274
274.011
274.366
285.224
483.821
773.284
800.94
802.662
804.973
810.344
818.027
829.752
844.773
861.662
876.334
892.59
915.227
949.206
997.504
1066.53
1159.92
1273.76
1410.29
1564.61
1673.38
1732.3
1762.1
1774.23
1782.64
1792.38
1804.12
1806.04
1802.56
1782.47
1768.54
1772.05
1738.67
1670.93
1566.84
1460.51
1368.27
1290.9
1227.9
1176.35
1132.74
1095.63
1062.67
1033.01
1007.51
984.953
965.162
947.646
931.997
917.75
904.586
892.693
882.465
873.005
864.325
856.451
848.863
841.292
833.201
823.357
811.695
797.914
779.877
758.18
726.948
683.407
632.007
575.12
515.387
467.85
436.873
412.856
393.787
378.792
366.931
358.424
274
274
274
274
274
274
274
274
274
274
274
274
274
274
274
274
274
274
274
274
274
274
274
274
274
274
274
274
274
274
274
274
274
274
274
274
274
274
274
274
274
274
274
274
274
274
274
274.016
274.497
288.475
506.69
771.045
793.998
796.561
801.049
806.824
815.138
828.003
843.388
859.579
874.963
889.869
909.488
935.244
969.381
1016.51
1072.08
1139.45
1219.64
1294.49
1371.51
1451.28
1517.19
1572.45
1612.23
1635.63
1638.64
1646.84
1601.2
1513.38
1405.58
1313.42
1238.55
1175.63
1121.68
1074.63
1033.79
999.582
970.429
944.682
922.205
900.987
881.54
864.022
848.121
834.051
821.277
809.503
798.714
788.303
778.609
769.644
760.841
752.636
744.925
737.523
730.429
723.543
716.434
708.522
699.594
688.588
676.516
663.367
651.333
638.524
624.494
608.892
584.58
550.728
511.827
468.201
428.097
404.161
386.394
274
274
274
274
274
274
274
274
274
274
274
274
274
274
274
274
274
274
274
274
274
274
274
274
274
274
274
274
274
274
274
274
274
274
274
274
274
274
274
274
274
274
274
274
274
274
274
274.001
274.02
274.573
289.563
503.508
757.782
784.469
792.107
799.21
804.668
818.69
832.983
852.714
874.575
896.906
920.171
949.151
985.214
1031.32
1085.52
1149.05
1222.25
1295.86
1359.67
1411.94
1451.19
1492.7
1475.24
1427.66
1371.64
1292.42
1213.74
1148.79
1094.05
1047.11
1007.51
973.992
946.156
922.033
900.261
880.394
861.851
844.379
828.186
812.501
797.574
783.603
770.662
758.762
747.743
737.224
727.406
718.125
709.163
700.373
691.72
683.226
674.921
666.721
658.649
650.462
642.368
634.361
627.36
620.774
614.148
606.873
599.392
591.056
581.793
572.06
562.456
553.682
546.101
538.648
527.497
501.491
471.146
274
274
274
274
274
274
274
274
274
274
274
274
274
274
274
274
274
274
274
274
274
274
274
274
274
274
274
274
274
274
274
274
274
274
274
274
274
274
274
274
274
274
274
274
274
274
274
274
274.001
274.021
274.543
287.275
465.956
722.795
771.196
789.44
805.157
826.33
849.568
879.023
910.167
943.364
980.822
1029.13
1080.4
1134.01
1190.73
1249.06
1316.81
1333.96
1331.8
1321.39
1296.51
1248.97
1190.15
1135.11
1084.39
1039.95
1003.57
975.808
952.29
930.327
909.116
888.857
870.269
853.139
837.016
821.975
807.891
794.718
782.15
769.777
757.585
745.692
734.118
722.811
711.572
700.596
690.37
680.287
670.308
660.459
650.753
641.335
632.442
623.876
615.535
607.168
598.957
590.538
582.936
575.549
568.216
560.546
552.937
546.182
541.623
536.93
532.036
526.848
521.427
516.902
512.895
508.831
505.57
274.001
274.001
274.001
274.001
274.001
274.001
274.001
274.001
274.001
274.001
274.001
274.001
274.001
274.001
274.001
274.001
274.001
274.001
274.001
274.001
274.001
274.001
274.001
274.001
274.001
274.001
274.001
274.001
274.001
274.001
274.001
274.001
274.001
274.001
274.001
274.001
274.001
274.001
274.001
274.001
274.001
274.001
274.001
274.001
274.001
274.001
274.001
274.001
274.001
274.001
274.02
274.423
282.72
399.084
650.236
760.893
813.814
871.773
946.764
1012.66
1067.87
1117.62
1174.79
1251.05
1257.76
1250.65
1242.48
1229.02
1209.87
1185.76
1155.72
1120.18
1084.39
1053.44
1025.57
999.675
975.596
953.308
932.652
914.311
897.039
880.826
864.869
849.268
834.508
820.142
806.315
792.887
779.718
767.172
755.069
743.238
731.449
719.767
707.978
695.887
683.837
672.347
661.21
650.506
639.967
629.777
620.033
610.889
602.411
594.482
587.074
579.896
572.942
565.779
558.83
552.035
545.509
539.293
533.421
527.916
522.545
517.436
512.616
507.934
503.331
498.969
495.155
492.641
490.998
274.002
274.002
274.002
274.002
274.002
274.002
274.002
274.002
274.002
274.002
274.002
274.002
274.002
274.002
274.002
274.002
274.002
274.002
274.002
274.002
274.002
274.002
274.002
274.002
274.002
274.002
274.002
274.002
274.002
274.002
274.002
274.002
274.002
274.002
274.002
274.002
274.002
274.002
274.002
274.002
274.002
274.002
274.002
274.002
274.002
274.002
274.002
274.002
274.002
274.002
274.003
274.018
274.284
278.678
335.825
581.69
821.41
1026.39
1180.35
1199.38
1199.99
1198.35
1195.38
1179.66
1152.68
1124.76
1098.7
1074.66
1053.11
1033.81
1016.65
1001.09
986.728
973.294
960.381
947.264
933.717
919.309
903.468
886.714
870.26
854.207
838.304
822.946
808.03
793.852
780.012
766.271
752.929
740.064
727.955
716.419
705.256
694.237
682.918
671.619
660.678
650.158
640.013
630.138
620.32
610.598
601.127
591.932
583.119
574.663
566.589
559.008
551.929
545.004
538.429
532.218
526.336
520.942
515.961
511.356
506.925
502.538
498.325
494.406
490.745
487.358
484.136
481.124
478.487
)
;

boundaryField
{
    wall
    {
        type            zeroGradient;
    }
    inlet
    {
        type            fixedValue;
        value           uniform 3673;
    }
    outlet-1
    {
        type            inletOutlet;
        inletValue      uniform 274;
        value           nonuniform List<scalar> 
60
(
283.196
284.886
284.431
284.999
285.234
285.639
286.173
286.804
287.485
288.305
289.527
291.252
293.517
296.193
299.148
302.344
305.65
308.299
309.16
298.216
281.297
274
274
274
274
274
274
274
274
274
274
274
274
274
274
274
274
274
274
281.153
297.801
309.018
308.224
305.596
302.298
299.107
296.155
293.483
291.219
289.494
288.271
287.451
286.771
286.14
285.606
285.202
284.968
284.402
284.857
283.175
)
;
    }
    outlet-2
    {
        type            inletOutlet;
        inletValue      uniform 274;
        value           nonuniform List<scalar> 
89
(
274.002
274.001
274
274
274
274
274
274
274
274
274
274
274
274
274
274
274
274
274
274
274
274
274
274
274
274
274
274
274
274
274
274
274
274
274
274
274
274
274
274
274
274
274
274
274
274
274
274
274
274
274
274
274
274
274
274
274
274
274
274
274
274
274
274
274
274
274
274
274
274
274
274
274
274
274
274
274
274
274
274
274
274
274
274
274
274
274
274.001
274.002
)
;
    }
    frontAndBackPlanes
    {
        type            empty;
    }
}


// ************************************************************************* //
