/*--------------------------------*- C++ -*----------------------------------*\
| =========                 |                                                 |
| \\      /  F ield         | OpenFOAM: The Open Source CFD Toolbox           |
|  \\    /   O peration     | Version:  2112                                  |
|   \\  /    A nd           | Website:  www.openfoam.com                      |
|    \\/     M anipulation  |                                                 |
\*---------------------------------------------------------------------------*/
FoamFile
{
    version     2.0;
    format      ascii;
    arch        "LSB;label=32;scalar=64";
    class       volScalarField;
    location    "0.00133";
    object      T;
}
// * * * * * * * * * * * * * * * * * * * * * * * * * * * * * * * * * * * * * //

dimensions      [0 0 0 1 0 0 0];

internalField   nonuniform List<scalar> 
13875
(
1411.74
1534.93
1482.69
1486.74
1481.05
1483.45
1483.35
1482.91
1484.24
1484.22
1483.7
1484.08
1484.27
1484.1
1483.98
1483.63
1484.17
1483.32
1482.86
1483.2
1480.95
1487.36
1480.69
1532.92
1397.35
1306.97
1356.03
1319.09
1322.04
1316.58
1317.05
1316.89
1317.77
1323.21
1323.89
1322.69
1322.15
1319.21
1318.57
1322.68
1323.05
1322.56
1320.02
1317.27
1317.22
1316.21
1321.99
1319.68
1356.06
1302.82
1307.05
1339.6
1314.66
1311.06
1303.95
1304.31
1303.63
1303.57
1304.22
1305.04
1305.18
1305.47
1305.81
1305.8
1306.11
1306
1305.46
1303.79
1303.59
1304.3
1303.78
1310.87
1311.6
1336.19
1297.78
1317.18
1345.03
1315.14
1308.78
1305.11
1304.79
1303.84
1303.69
1303.37
1303.69
1304.88
1305.59
1305.75
1305.86
1305.87
1305
1304.38
1303.68
1303.75
1304.73
1304.57
1307.81
1314.16
1343.88
1312.31
1329.36
1341.75
1316.17
1311.74
1303.52
1304.18
1303.96
1303.81
1303.47
1303.91
1304.99
1305.74
1305.93
1306.1
1305.92
1305.05
1304.44
1303.73
1303.72
1304.17
1303.44
1311.54
1312.28
1338.63
1316.4
1332.21
1351.56
1319.44
1310.08
1307.08
1306.28
1304.92
1304.39
1303.73
1304.23
1305.38
1305.92
1306.39
1306.61
1306.17
1305.39
1304.51
1304.2
1304.7
1306.14
1306.47
1308.65
1319.3
1349.23
1326.23
1339.23
1360.53
1329.73
1317.08
1307.18
1306.53
1305.54
1305.02
1304.42
1304.74
1306.1
1306.48
1306.87
1307.3
1306.71
1305.85
1305.11
1304.75
1305.31
1306.36
1306.97
1317.33
1326.2
1358.6
1321.75
1361.82
1386.34
1345.9
1322.16
1316.88
1312.54
1309.31
1307.68
1306.28
1305.99
1307.53
1307.74
1308.32
1308.8
1307.69
1306.98
1306.82
1307.2
1308.71
1311.76
1315.53
1321.12
1342.24
1381.69
1351.05
1535.42
1509.17
1389.84
1352.49
1324.33
1317.26
1313.3
1311.25
1309.82
1309.18
1310.46
1310.96
1311.59
1312.02
1310.68
1309.98
1309.71
1310.59
1312.63
1316.25
1322.6
1348.83
1384.79
1508.59
1526.84
1863.11
1590.75
1439.24
1368.99
1346.48
1330.29
1322.69
1319.3
1317.38
1316.4
1317.17
1317.9
1318.47
1318.8
1317.26
1316.76
1316.67
1318.41
1321.43
1328.46
1342.21
1365.39
1429.85
1571.33
1834.26
2523.05
1803.81
1543.25
1446.09
1369.07
1350.2
1340.51
1335.67
1333.3
1332.25
1332.35
1333.05
1333.61
1333.73
1332.16
1331.92
1332.11
1334.58
1338.25
1347.83
1363.85
1435.87
1519.48
1804.93
2455.33
2891.75
2313.25
2132.02
1537.92
1449.51
1414.7
1386.51
1378.15
1372.33
1370.41
1369.91
1369.78
1370.87
1370.41
1369.08
1369.41
1370.46
1375.67
1382.23
1410.27
1434.99
1500.2
1795.91
2317.13
2848.27
2852.17
2778.47
2655.07
2392.7
1656.2
1556.03
1528.77
1508.29
1498.2
1495.89
1495.48
1493
1497.77
1494.44
1493.48
1494.5
1496.82
1505.33
1522.05
1551.11
1666.96
2377.46
2464.89
2719.96
2776.35
2771.02
2757.14
2866.29
2858.99
2232.91
2260.52
2061.2
1967.49
1932
1890.47
1916.7
1872.72
1917.66
1888.53
1895.9
1897.7
1912.13
1954.83
2060.48
2212.79
2167.83
2865.77
2888.52
2735.53
2694.81
2654.97
2748.8
2871.62
2859.06
2890.18
3201.5
3448.93
3471.52
3704.95
3610.33
3699.07
3644.39
3682.85
3659.67
3682.22
3667.68
3679.46
3563.37
3470.19
3207.02
2911.06
2874.9
2878.25
2700.61
2662.59
2540.58
2684.49
2896.77
2990.43
3002.24
3348.5
3596.16
3685.01
3694
3667.89
3624.47
3641.71
3596.32
3633.9
3630.6
3657.93
3675.34
3713.67
3641.47
3446.54
3047.54
2982.77
2911.46
2701.34
2592.39
2490.34
2620
2758.91
2962.93
3048.33
3350.4
3572.69
3670.21
3667.62
3649.32
3616.6
3625.34
3597.91
3620.06
3617.75
3636.29
3658.5
3703.26
3628.06
3451.62
3107.73
3012.56
2817.84
2631.52
2522.76
2315.24
2613.27
2862.65
2957.23
2961.57
3207.92
3367.28
3461.17
3502.14
3510.77
3509.58
3503.25
3505.83
3506.36
3509.2
3510.17
3500.85
3481.56
3387.95
3220.08
3012.44
3013.22
2871.94
2609.37
2347.93
2234.07
2327.44
2627.94
2775.61
2742.19
2874.43
3120.8
3297.1
3381.98
3407.34
3414.67
3412.84
3417.45
3417.21
3414.35
3414.03
3411.65
3362.45
3174.19
2913.13
2777.08
2826.93
2673.78
2353.46
2269.2
2320.58
2262.81
2368.78
2549.82
2565
2630.99
2838.91
3086.89
3238.28
3303.81
3320.86
3320.85
3324.91
3326.61
3325.31
3322.15
3281.81
3138.26
2868.76
2658.93
2588.84
2571.06
2357.2
2257
2362.73
2868.92
2247.37
2190.27
2347.9
2408.51
2480.29
2666.3
2906.91
3091.24
3186.77
3217.47
3224.6
3229.67
3229.52
3224.17
3206.03
3121.51
2930.48
2673.12
2497.22
2417.66
2344.28
2169.13
2221.94
2801.6
2824.67
2044.48
1998.47
2189.41
2279.77
2369.46
2529.88
2763.55
2958.21
3073.82
3114.71
3123.11
3126.18
3124.85
3116.1
3082.39
2969.35
2761.86
2531.09
2386.54
2284.95
2175.22
1989.87
2037.42
2847.27
2849.48
2049.13
1892.73
2070.91
2183.1
2285.07
2420.88
2627.84
2821.12
2951.48
3003.85
3014.56
3016.99
3013.84
3002.02
2955.19
2827.31
2629.66
2425.1
2302.34
2185.27
2061.79
1873.76
2045.81
2924.43
2802.16
2030.39
1883.71
2014.42
2100.68
2197.33
2326.32
2531.87
2720.33
2843.42
2892.99
2911.27
2911.47
2907.6
2887.48
2842.98
2720.68
2521.96
2322.8
2207.13
2110.74
2009.51
1862.42
2014.02
2805.41
2744.76
2033.81
1910.75
1983.23
2039.84
2121.52
2244.06
2437.34
2613.66
2744.16
2797.21
2805.37
2807.84
2802.82
2789.15
2738.2
2608.07
2426.28
2236.99
2130.65
2052.13
1984.69
1889.95
2035.89
2787.06
2707.54
2049.2
1926.76
1964.5
1985.91
2049.39
2168.4
2358.84
2528.98
2641.43
2686.93
2705.08
2707.3
2701.2
2681.25
2637.65
2522.98
2342.38
2161.22
2054.23
2002.43
1974.51
1913.91
2028.37
2705.28
2675.48
2072.84
1946.97
1960.88
1947.68
1997.26
2113.25
2291.96
2443.72
2555.89
2602.05
2609.61
2610.59
2606.66
2592.35
2551.29
2444.87
2281.71
2104.7
2002.12
1958.15
1968.03
1938.61
2068.54
2701.06
2675.49
2119.17
1987.55
1954.71
1914.52
1949.22
2061.61
2230.44
2376.16
2467.18
2503.28
2517.3
2519.21
2514.17
2501.57
2465.34
2371.41
2213.99
2049
1949.55
1929.03
1970.93
1980.15
2123.94
2712.21
2705.74
2156.65
1996.48
1937.69
1898.6
1922.69
2022.43
2178.04
2300.39
2387.13
2422.97
2429.44
2433.56
2427.49
2413.98
2387.71
2316.27
2180.68
2019.08
1921.03
1906.98
1942.74
1996.55
2134.14
2718.34
2745.36
2169.27
2009.45
1946.72
1884.77
1895.98
1989.44
2127.39
2242.23
2314.19
2343.08
2352.29
2351.51
2348.23
2343.39
2313.05
2248.81
2127.32
1983.96
1899.01
1895.42
1961.36
2006.43
2162.32
2791.72
2719.45
2171.69
2003.88
1938.2
1861.57
1885.55
1971.04
2098.18
2189.47
2242.64
2264.32
2271
2277.79
2270.76
2256.94
2242.94
2199.96
2103.14
1970.79
1879.88
1865.98
1936.26
2008.22
2158.84
2791.5
2718.8
2180.9
2027.98
1946.62
1858.17
1869.52
1944.65
2048.65
2129.34
2180.91
2205.23
2206.02
2206.51
2203.22
2202.72
2176.04
2138.73
2060.52
1948.34
1872.65
1869.12
1941.17
2002.61
2173.99
2766.75
2699.23
2176.59
2063.53
1926.69
1843.39
1854.77
1929.11
2029.29
2092.62
2121.35
2129.07
2138.7
2144.4
2136.84
2125.21
2118.99
2094.92
2031.3
1935.48
1852.22
1839.36
1921.62
2043.37
2157.69
2747.78
2655.05
2169.42
2087.46
1952.68
1856.64
1847.74
1918.71
1990.54
2038.86
2068.69
2088.25
2083.2
2084.68
2081.29
2083.62
2060.58
2039.44
1990.12
1912.97
1847.16
1858.25
1942.79
2041.42
2173.49
2716.9
2651.36
2166.15
2115.85
1937.45
1855.05
1837.08
1897.41
1970.04
2010.36
2024.89
2021.11
2027.29
2031.75
2025
2017.99
2018.1
2006.03
1965.78
1895.16
1822.34
1844.47
1919.82
2112.56
2157.46
2679.02
2628.2
2171.44
2100.36
1970.33
1876.2
1833.66
1891.01
1941.5
1962.34
1974.22
1990.17
1983.67
1983.88
1980.8
1985.43
1965.49
1956.16
1930.21
1883.91
1833.54
1876.14
1970.57
2111.4
2173.67
2647.16
2604.91
2162.57
2117.42
1982.2
1886.39
1846.91
1876.28
1913.32
1940.59
1945.17
1934.32
1935.87
1940.39
1935.15
1930.66
1936.02
1928.58
1903.98
1854.41
1813.69
1865.63
1984.98
2115.27
2172.06
2631.94
2595.06
2152.93
2103.39
2051.52
1913.68
1852.23
1877.27
1902.22
1895.64
1897.1
1911.59
1902.83
1901.81
1899.44
1908.05
1889.68
1890.38
1882.12
1867.97
1853.03
1901.83
2045.4
2101.62
2159.98
2609.57
2577.27
2140.71
2106.22
2040.26
1933.94
1884.66
1877.64
1868.26
1879.32
1875.75
1861.68
1861.73
1866.73
1865.04
1862.35
1869.34
1865.48
1858.6
1852.01
1856.75
1926.14
2049.73
2108.12
2143.23
2601.03
2558.84
2137.55
2074.02
2042.97
1974.19
1888.95
1900.33
1881.58
1846.1
1831.52
1846.17
1836.14
1835.33
1830.16
1844.03
1831.79
1845.87
1855.06
1883.81
1882.63
1966.81
2046.93
2072.57
2142.59
2591.99
2555.54
2131.94
2051.91
2030.65
2038.95
1928.95
1901.6
1846.47
1827.75
1824.07
1801.15
1800.23
1805.5
1810.66
1806.05
1818.07
1825.66
1850.19
1894.6
1918.55
2051.67
2038.57
2043
2119.38
2587.31
2531.6
2117.29
2016.99
2015.98
2026.91
1960.19
1922.96
1877.66
1827.08
1783.21
1794.76
1781.58
1780.03
1772.75
1795.14
1792.8
1824.17
1867.09
1924.89
1965.76
2038.24
2021.39
2008.12
2125.02
2581.18
2507.07
2104.03
2004.45
1988.12
2029.86
2038.6
1944.27
1866.76
1802.23
1794.68
1758.67
1751.66
1754.21
1760.63
1764.41
1789.8
1812.98
1878.47
1949.4
2067.17
2042.19
1986.55
1995.5
2117.84
2564.85
2479.68
2106.36
1986.2
1959.03
2000.27
2038.4
1970.19
1895.36
1834.15
1764.81
1759.17
1737.11
1736.57
1734.11
1763.22
1776.87
1838.66
1900.32
2011.01
2067.74
2007.87
1956.22
1973.87
2104.85
2521.84
2473.57
2104.5
1977.69
1934.36
1981.72
2033.18
2045.54
1912.26
1800.08
1779.18
1740.38
1726.45
1715.08
1729.39
1749.7
1790.93
1818.37
1928.33
2106.34
2061.52
1979.09
1927.25
1967.61
2113.09
2492.81
2449.49
2084.2
1970.78
1923.79
1944.31
2014.49
2089.1
1969.56
1861.15
1781.21
1749.57
1706.73
1713.63
1709.89
1748.9
1785.53
1882.57
1997.63
2107.99
2035.04
1941.84
1918.22
1963.55
2104.92
2464.69
2441.7
2087.96
1962.58
1896.21
1921.5
1992.55
2070.13
2067.68
1842.18
1783.05
1748.18
1723.25
1710.95
1721.53
1760.52
1796.46
1862.63
2096.59
2086.96
2001.18
1916.26
1890.31
1954.32
2094.06
2448.32
2410.48
2069.56
1963.42
1907.06
1897.68
1955.47
2058.78
2069.09
1947.57
1828.29
1747.81
1703.97
1711.46
1704.59
1741.11
1839.59
1987.68
2090.17
2067.49
1955.07
1889.66
1894.87
1950.54
2081.73
2408.45
2379.96
2061.18
1953.81
1888.43
1892.85
1922.06
2020.85
2064.91
2052.69
1853.81
1784.82
1729.92
1717.25
1730.91
1796.68
1884.74
2079.31
2086.97
2025.03
1914.04
1871.36
1872.97
1942.98
2072.73
2386.85
2241.48
2015.87
1931.02
1895.73
1875.88
1894.65
1987.13
2042.02
2068.67
1997.31
1807.2
1713.24
1733.79
1720.92
1816.67
2030.24
2084.39
2060.13
1988.56
1884.84
1857.27
1872.84
1914.13
2032.35
2259.93
274.004
274.071
274.03
274.069
274.138
274.242
274.343
274.331
274.255
274.16
274.085
274.041
274.018
274.007
274.003
274.001
274
274
274
274
274
273.999
273.999
273.999
273.999
274.001
273.996
274.003
273.988
274.013
274.306
274.346
274.283
274.285
274.335
274.423
274.509
274.458
274.346
274.216
274.115
274.055
274.024
274.01
274.004
274.001
274
274
274
274
273.999
273.999
273.999
273.999
273.999
274
273.994
274.004
273.987
274.017
274.43
274.456
274.368
274.316
274.347
274.456
274.557
274.503
274.384
274.239
274.127
274.061
274.027
274.011
274.004
274.001
274
274
274
274
273.999
273.999
273.999
273.999
273.999
274
273.996
274.003
273.992
274.011
274.438
274.476
274.363
274.292
274.326
274.461
274.597
274.539
274.413
274.257
274.137
274.065
274.028
274.011
274.004
274.001
274
274
274
274
273.999
273.999
273.999
273.999
273.999
274
273.997
274.002
273.996
274.008
274.42
274.471
274.34
274.264
274.311
274.479
274.634
274.566
274.433
274.269
274.143
274.067
274.029
274.011
274.004
274.001
274
274
274
274
273.999
273.999
273.999
273.999
274
274
273.998
274.002
273.998
274.005
274.396
274.444
274.315
274.245
274.303
274.519
274.667
274.583
274.444
274.273
274.144
274.068
274.029
274.011
274.004
274.001
274
274
274
274
273.999
273.999
273.999
274
274
274
273.999
274.001
273.999
274.004
274.381
274.402
274.295
274.235
274.303
274.559
274.693
274.585
274.444
274.271
274.143
274.067
274.029
274.011
274.004
274.001
274
274
274
274
273.999
273.999
273.999
274
274
274
274
274.001
274
274.003
274.37
274.366
274.291
274.231
274.336
274.594
274.704
274.581
274.441
274.268
274.142
274.066
274.028
274.011
274.003
274.001
274
274
274
274
273.999
273.999
273.999
274
274
274
274
274.001
274
274.002
274.371
274.337
274.294
274.23
274.371
274.619
274.704
274.572
274.433
274.262
274.139
274.065
274.027
274.01
274.003
274.001
274
274
274
274
274
273.999
273.999
274
274
274
274
274.001
274
274.002
274.385
274.321
274.318
274.29
274.4
274.639
274.701
274.555
274.42
274.251
274.133
274.062
274.025
274.009
274.003
274.001
274
274
274
274
274
273.999
273.999
274
274
274
274.001
274.001
274.001
274.001
274.401
274.343
274.393
274.386
274.454
274.661
274.692
274.53
274.4
274.237
274.125
274.057
274.023
274.008
274.002
274.001
274
274
274
274
274
274
273.999
274
274
274
274.001
274.001
274.001
274.002
274.461
274.446
274.575
274.62
274.605
274.732
274.682
274.501
274.375
274.219
274.115
274.052
274.021
274.007
274.002
274.001
274
274
274
274
274
274
274
274
274
274
274.001
274.001
274.001
274.001
274.649
274.792
275.122
275.247
275.073
274.985
274.756
274.49
274.351
274.201
274.105
274.048
274.019
274.007
274.002
274.001
274
274
274
274
274
274
274
274
274
274
274
274.001
274.001
274.001
275.22
275.833
276.738
277.252
276.769
275.881
275.102
274.591
274.359
274.188
274.097
274.044
274.018
274.006
274.002
274
274
274
274
274
274
274
274
274
274
274
274
274.001
274.001
274.003
276.889
278.642
280.845
283.017
282.594
279.851
276.724
275.05
274.473
274.207
274.093
274.04
274.016
274.005
274.002
274
274
274
274
274
274
274
274
274
274
274
274
274
274.001
274.002
281.067
285.073
291.475
299.806
302.817
296.094
283.818
277.323
274.994
274.317
274.114
274.041
274.015
274.005
274.001
274
274
274
274
274
274
274
274
274
274
274
274
274
274
274.001
291.834
294.402
296.602
304.43
313.797
321.502
314.941
287.276
277.453
274.798
274.206
274.056
274.016
274.005
274.001
274
274
274
274
274
274
274
274
274
274
274
274
274
274
274.001
297.162
295.072
296.565
303.261
313.929
323.478
331.597
327.369
288.164
276.907
274.578
274.121
274.025
274.006
274.001
274
274
274
274
274
274
274
274
274
274
274
274
274
274
274.001
295.804
293.173
293.565
296.901
311.505
323.834
333.102
340.339
329.347
285.721
276.046
274.361
274.064
274.01
274.002
274
274
274
274
274
274
274
274
274
274
274
274
274
274
274.001
292.21
289.017
289.328
291.813
306.312
322.379
334.463
342.438
348.551
322.641
281.788
275.224
274.196
274.03
274.004
274
274
274
274
274
274
274
274
274
274
274
274
274
274
274.001
279.733
280.865
286.449
292.427
305.789
323.111
336.379
345.158
353.218
352.728
304.612
278.268
274.623
274.092
274.012
274.001
274
274
274
274
274
274
274
274
274
274
274
274
274
274.001
271.996
281.04
293.289
306.067
320.414
337.685
345.889
351.589
356.819
359.346
348.274
287.821
275.985
274.271
274.037
274.004
274
274
274
274
274
274
274
274
274
274
274
274
274
274.001
280.724
294.309
320.509
359.568
388.683
388.869
379.213
366.297
364.338
367.46
366.855
322.852
279.992
274.78
274.102
274.012
274.001
274
274
274
274
274
274
274
274
274
274
274
274
274.001
242.661
312.806
413.57
548.72
611.693
507.761
446.769
402.74
383.778
379.269
374.995
363.292
290.246
276.145
274.262
274.033
274.003
274
274
274
274
274
274
274
274
274
274
274
274
274.001
313.906
493.823
813.866
1029.29
1008.1
723.417
570.524
468.796
419.195
397.856
387.114
382.363
323.989
279.396
274.637
274.077
274.009
274.001
274
274
274
274
274
274
274
274
274
274
274
274.001
274.013
273.988
274.003
273.996
274.001
273.999
273.999
273.999
273.999
274
274
274
274
274
274.001
274.003
274.007
274.018
274.041
274.085
274.16
274.255
274.331
274.343
274.242
274.138
274.069
274.03
274.071
274.004
274.017
273.987
274.004
273.994
274
273.999
273.999
273.999
273.999
273.999
274
274
274
274
274.001
274.004
274.01
274.024
274.055
274.115
274.216
274.346
274.458
274.509
274.423
274.335
274.285
274.283
274.346
274.306
274.012
273.992
274.003
273.996
274
273.999
273.999
273.999
273.999
273.999
274
274
274
274
274.001
274.004
274.011
274.027
274.06
274.127
274.239
274.384
274.503
274.557
274.455
274.346
274.316
274.368
274.456
274.43
274.008
273.996
274.002
273.997
274
273.999
273.999
273.999
273.999
273.999
274
274
274
274
274.001
274.004
274.011
274.028
274.065
274.137
274.257
274.413
274.539
274.597
274.46
274.325
274.292
274.363
274.476
274.438
274.005
273.998
274.002
273.998
274
274
273.999
273.999
273.999
273.999
274
274
274
274
274.001
274.004
274.011
274.029
274.067
274.143
274.269
274.433
274.566
274.634
274.479
274.311
274.264
274.34
274.471
274.421
274.004
273.999
274.001
273.999
274
274
274
273.999
273.999
273.999
274
274
274
274
274.001
274.004
274.011
274.029
274.068
274.144
274.272
274.444
274.583
274.667
274.519
274.303
274.245
274.315
274.444
274.396
274.003
274
274.001
274
274
274
274
273.999
273.999
273.999
274
274
274
274
274.001
274.004
274.011
274.029
274.067
274.143
274.271
274.444
274.585
274.693
274.558
274.302
274.235
274.295
274.402
274.381
274.002
274
274.001
274
274
274
274
273.999
273.999
273.999
274
274
274
274
274.001
274.003
274.011
274.028
274.066
274.142
274.268
274.441
274.581
274.704
274.593
274.336
274.231
274.291
274.366
274.37
274.002
274
274.001
274
274
274
274
273.999
273.999
274
274
274
274
274
274.001
274.003
274.01
274.027
274.065
274.139
274.262
274.433
274.572
274.704
274.619
274.371
274.23
274.294
274.337
274.371
274.001
274.001
274.001
274.001
274
274
274
273.999
273.999
274
274
274
274
274
274.001
274.003
274.009
274.025
274.062
274.133
274.252
274.42
274.556
274.701
274.639
274.4
274.29
274.318
274.32
274.385
274.002
274.001
274.001
274.001
274
274
274
273.999
274
274
274
274
274
274
274.001
274.002
274.008
274.023
274.057
274.125
274.237
274.4
274.529
274.691
274.661
274.454
274.386
274.393
274.343
274.401
274.001
274.001
274.001
274.001
274
274
274
274
274
274
274
274
274
274
274.001
274.002
274.007
274.021
274.052
274.115
274.219
274.375
274.501
274.682
274.732
274.605
274.621
274.575
274.445
274.461
274.001
274.001
274.001
274
274
274
274
274
274
274
274
274
274
274
274.001
274.002
274.007
274.019
274.048
274.105
274.201
274.351
274.49
274.756
274.985
275.074
275.247
275.123
274.792
274.65
274.003
274.001
274.001
274
274
274
274
274
274
274
274
274
274
274
274
274.002
274.006
274.018
274.044
274.097
274.188
274.359
274.591
275.102
275.88
276.768
277.253
276.738
275.833
275.219
274.002
274.001
274
274
274
274
274
274
274
274
274
274
274
274
274
274.002
274.005
274.016
274.04
274.093
274.207
274.473
275.05
276.722
279.845
282.588
283.013
280.844
278.639
276.887
274.001
274
274
274
274
274
274
274
274
274
274
274
274
274
274
274.001
274.005
274.015
274.041
274.114
274.317
274.993
277.319
283.801
296.049
302.773
299.781
291.464
285.059
281.057
274.001
274
274
274
274
274
274
274
274
274
274
274
274
274
274
274.001
274.005
274.016
274.056
274.206
274.797
277.448
287.246
314.839
321.414
313.729
304.398
296.571
294.373
291.791
274.001
274
274
274
274
274
274
274
274
274
274
274
274
274
274
274.001
274.006
274.025
274.121
274.577
276.901
288.123
327.228
331.486
323.387
313.862
303.231
296.533
295.043
297.122
274.001
274
274
274
274
274
274
274
274
274
274
274
274
274
274
274.002
274.01
274.064
274.361
276.042
285.686
329.185
340.196
332.985
323.731
311.441
296.87
293.53
293.143
295.76
274.001
274
274
274
274
274
274
274
274
274
274
274
274
274
274
274.004
274.03
274.196
275.222
281.768
322.477
348.38
342.281
334.322
322.243
306.265
291.776
289.299
288.988
292.177
274.001
274
274
274
274
274
274
274
274
274
274
274
274
274
274.001
274.012
274.092
274.623
278.257
304.476
352.529
353.022
344.965
336.181
322.886
305.758
292.391
286.419
280.838
279.647
274.001
274
274
274
274
274
274
274
274
274
274
274
274
274
274.004
274.037
274.271
275.982
287.777
348.025
359.132
356.584
351.3
345.507
337.079
320.125
305.911
293.194
280.985
271.93
274.001
274
274
274
274
274
274
274
274
274
274
274
274
274.001
274.012
274.102
274.78
279.985
322.724
366.618
367.201
363.98
365.793
378.448
387.344
387.559
359.114
320.368
294.23
280.728
274.001
274
274
274
274
274
274
274
274
274
274
274
274
274.003
274.033
274.263
276.146
290.224
363.069
374.729
378.927
383.278
401.905
445
503.597
608.281
545.592
413.191
312.5
241.171
274.001
274
274
274
274
274
274
274
274
274
274
274
274.001
274.009
274.078
274.638
279.402
323.967
382.108
386.78
397.361
418.369
466.944
566.701
714.732
999.516
1021.76
809.589
493.13
312.838
274.002
274.002
274.002
274.002
274.002
274.002
274.002
274.002
274.002
274.002
274.002
274.002
274.002
274.002
274.002
274.002
274.002
274.002
274.002
274.002
274.002
274.002
274.002
274.002
274.002
274.002
274.002
274.002
274.002
274.002
274.002
274.002
274.002
274.002
274.002
274.002
274.002
274.002
274.002
274.002
274.002
274.002
274.002
274.002
274.002
274.002
274.002
274.002
274.002
274.002
274.002
274.001
274.001
274.001
274.001
274.001
274.001
274.001
274.001
274.001
274.001
274.001
274.001
274.001
274.001
274.001
274.001
274.001
274.001
274.001
274.001
274.001
274.001
274.001
274.001
274.001
274.001
274.001
274.001
274.001
274.001
274.001
274.001
274.001
274.001
274.001
274.001
274.001
274.001
274.001
274.001
274.001
274.001
274.001
274.001
274.001
274.001
274.001
274.001
274.001
274.001
274.001
274.001
274.001
274.001
274.001
274.001
274.001
274.001
274.001
274.001
274.001
274.001
274.001
274.001
274.001
274.001
274.001
274.001
274.001
274.001
274.001
274.002
274.002
274.002
274
274
274
274
274
274
274
274
274
274
274
274
274
274
274
274
274
274
274
274
274
274
274
274
274
274
274
274
274
274
274
274
274
274
274
274
274
274
274
274
274
274
274
274
274
274
274
274
274
274
274
274
274
274
274
274
274
274
274
274
274
274
274
274
274
274
274
274
274
274
274
274
274
274
274
274
274
274
274
274
274
274
274
274
274
274
274
274
274
274
274
274
274
274
274
274
274
274
274
274
274
274
274
274
274
274
274
274
274
274
274
274
274
274
274
274
274
274
274
274
274
274
274
274
274
274
274
274
274
274
274
274
274
274
274
274
274
274
274
274
274
274
274
274
274
274
274
274
274
274
274
274
274
274
274
274
274
274
274
274
274
274
274
274
274
274
274
274
274
274
274
274
274
274
274
274
274
274
274
274
274
274
274
274
274
274
274
274
274
274
274
274
274
274
274
274
274
274
274
274
274
274
274
274
274
274
274
274
274
274
274
274
274
274
274
274
274
274
274
274
274
274
274
274
274
274
274
274
274
274
274
274
274
274
274
274
274
274
274
274
274
274
274
274
274
274
274
274
274
274
274
274
274
274
274
274
274
274
274
274
274
274
274
274
274
274
274
274
274
274
274
274
274
274
274
274
274
274
274
274
274
274
274
274
274
274
274
274
274
274
274
274
274
274
274
274
274
274
274
274
274
274
274
274
274
274
274
274
274
274
274
274
274
274
274
274
274
274
274
274
274
274
274
274
274
274
274
274
274
274
274
274
274
274
274
274
274
274
274
274
274
274
274
274
274
274
274
274
274
274
274
274
274
274
274
274
274
274
274
274
274
274
274
274
274
274
274
274
274
274
274
274
274
274
274
274
274
274
274
274
274
274
274
274
274
274
274
274
274
274
274
274
274
274
274
274
274
274
274
274
274
274
274
274
274
274
274
274
274
274
274
274
274
274
274
274
274
274
274
274
274
274
274
274
274
274
274
274
274
274
274
274
274
274
274
274
274
274
274
274
274
274
274
274
274
274
274
274
274
274
274
274
274
274
274
274
274
274
274
274
274
274
274
274
274
274
274
274
274
274
274
274
274
274
274
274
274
274
274
274
274
274
274
274
274
274
274
274
274
274
274
274
274
274
274
274
274
274
274
274
274
274
274
274
274
274
274
274
274
274
274
274
274
274
274
274
274
274
274
274
274
274
274
274
274
274
274
274
274
274
274
274
274
274
274
274
274
274
274
274
274
274
274
274
274
274
274
274
274
274
274
274
274
274
274
274
274
274
274
274
274
274
274
274
274
274
274
274
274
274
274
274
274
274
274
274
274
274
274
274
274
274
274
274
274
274
274
274
274
274
274
274
274
274
274
274
274
274
274
274
274
274
274
274
274
274
274
274
274
274
274
274
274
274
274
274
274
274
274
274
274
274
274
274
274
274
274
274
274
274
274
274
274
274
274
274
274
274
274
274
274
274
274
274
274
274
274
274
274
274
274
274
274
274
274
274
274
274
274
274
274
274
274
274
274
274
274
274
274
274
274
274
274
274
274
274
274
274
274
274
274
274
274
274
274
274
274
274
274
274
274
274
274
274
274
274
274
274
274
274
274
274
274
274
274
274
274
274
274
274
274
274
274
274
274
274
274
274
274
274
274
274
274
274
274
274
274
274
274
274
274
274
274
274
274
274
274
274
274
274
274
274
274
274
274
274
274
274
274
274
274
274
274
274
274
274
274
274
274
274
274
274
274
274
274
274
274
274
274
274
274
274
274
274
274
274
274
274
274
274
274
274
274
274
274
274
274
274
274
274
274
274
274
274
274
274
274
274
274
274
274
274
274
274
274
274
274
274
274
274
274
274
274
274
274
274
274
274
274
274
274
274
274
274
274
274
274
274
274
274
274
274
274
274
274
274
274
274
274
274
274
274
274
274
274
274
274
274
274
274
274
274
274
274
274
274
274
274
274
274
274
274
274
274
274
274
274
274
274
274
274
274
274
274
274
274
274
274
274
274
274
274
274
274
274
274
274
274
274
274
274
274
274
274
274
274
274
274
274
274
274
274
274
274
274
274
274
274
274
274
274
274
274
274
274
274
274
274
274
274
274
274
274
274
274
274
274
274
274
274
274
274
274
274
274
274
274
274
274
274
274
274
274
274
274
274
274
274
274
274
274
274
274
274
274
274
274
274
274
274
274
274
274
274
274
274
274
274
274
274
274
274
274
274
274
274
274
274
274
274
274
274
274
274
274
274
274
274
274
274
274
274
274
274
274
274
274
274
274
274
274
274
274
274
274
274
274
274
274
274
274
274
274
274
274
274
274
274
274
274
274
274
274
274
274
274
274
274
274
274
274
274
274
274
274
274
274
274
274
274
274
274
274
274
274
274
274
274
274
274
274
274
274
274
274
274
274
274
274
274
274
274
274
274
274
274
274
274
274
274
274
274
274
274
274
274
274
274
274
274
274
274
274
274
274
274
274
274
274
274
274
274
274
274
274
274
274
274
274
274
274
274
274
274
274
274
274
274
274
274
274
274
274
274
274
274
274
274
274
274
274
274
274
274
274
274
274
274
274
274
274
274
274
274
274
274
274
274
274
274
274
274
274
274
274
274
274
274
274
274
274
274
274
274
274
274
274
274
274
274
274
274
274
274
274
274
274
274
274
274
274
274
274
274
274
274
274
274
274
274
274
274
274
274
274
274
274
274
274
274
274
274
274
274
274
274
274
274
274
274
274
274
274
274
274
274
274
274
274
274
274
274
274
274
274
274
274
274
274
274
274
274
274
274
274
274
274
274
274
274
274
274
274
274
274
274
274
274
274
274
274
274
274
274
274
274
274
274
274
274
274
274
274
274
274
274
274
274
274
274
274
274
274
274
274
274
274
274
274
274
274
274
274
274
274
274
274
274
274
274
274
274
274
274
274
274
274
274
274
274
274
274
274
274
274
274
274
274
274
274
274
274
274
274
274
274
274
274
274
274
274
274
274
274
274
274
274
274
274
274
274
274
274
274
274
274
274
274
274
274
274
274
274
274
274
274
274
274
274
274
274
274
274
274
274
274
274
274
274
274
274
274
274
274
274
274
274
274
274
274
274
274
274
274
274
274
274.001
274.001
274.001
274.001
274.001
274
274
274
274
274
274
274
274
274
274
274
274
274
274
274
274
274
274
274
274
274
274
274
274
274
274
274
274
274
274
274
274
274
274
274
274
274
274
274
274
274
274
274
274
274
274
274
274
274
274
274
274
274
274
274
274
274
274
274
274
274
274
274
274
274
274
274
274
274
274
274
274
274
274
274
274
274
274
274
274
274
274
274
274
274
274
274
274
274
274
274
274
274
274
274
274
274
274
274
274
274
274
274
274
274
274
274
274
274
274
274
274
274
274
274
274
274.001
274.003
274.006
274.01
274.013
274.015
274.015
274.013
274.011
274.008
274.005
274.003
274.001
274
274
274
274
274
274
274
274
274
274
274
274
274
274
274
274
274
274
274
274
274
274
274
274
274
274
274
274
274
274
274
274
274
274
274
274
274
274
274
274
274
274
274
274
274
274
274
274
274
274
274
274
274
274
274
274
274
274
274
274
274
274
274
274
274
274
274
274
274
274
274
274
274
274
274
274
274
274
274
274
274
274
274
274
274
274
274
274
274
274
274
274
274
274
274
274
274
274
274
274
274
274
274
274
274
274
274
274
274
274.001
274.004
274.014
274.032
274.062
274.1
274.139
274.169
274.178
274.173
274.151
274.124
274.09
274.062
274.037
274.019
274
274
274
274
274
274
274
274
274
274
274
274
274
274
274
274
274
274
274
274
274
274
274
274
274
274
274
274
274
274
274
274
274
274
274
274
274
274
274
274
274
274
274
274
274
274
274
274
274
274
274
274
274
274
274
274
274
274
274
274
274
274
274
274
274
274
274
274
274
274
274
274
274
274
274
274
274
274
274
274
274
274
274
274
274
274
274
274
274
274
274
274
274
274
274
274
274
274
274
274
274
274
274
274
274
274
274
274.002
274.01
274.036
274.1
274.234
274.49
274.902
275.396
275.862
276.144
276.135
275.964
275.592
275.23
274.838
274.548
274.324
274.171
274
274
274
274
274
274
274
274
274
274
274
274
274
274
274
274
274
274
274
274
274
274
274
274
274
274
274
274
274
274
274
274
274
274
274
274
274
274
274
274
274
274
274
274
274
274
274
274
274
274
274
274
274
274
274
274
274
274
274
274
274
274
274
274
274
274
274
274
274
274
274
274
274
274
274
274
274
274
274
274
274
274
274
274
274
274
274
274
274
274
274
274
274
274
274
274
274
274
274
274
274
274
274
274
274
274.002
274.013
274.061
274.229
274.737
275.99
278.556
283.31
289.606
295.342
299.299
300.845
298.95
295.755
290.906
286.764
282.45
279.285
276.944
275.471
274
274
274
274
274
274
274
274
274
274
274
274
274
274
274
274
274
274
274
274
274
274
274
274
274
274
274
274
274
274
274
274
274
274
274
274
274
274
274
274
274
274
274
274
274
274
274
274
274
274
274
274
274
274
274
274
274
274
274
274
274
274
274
274
274
274
274
274
274
274
274
274
274
274
274
274
274
274
274
274
274
274
274
274
274
274
274
274
274
274
274
274
274
274
274
274
274
274
274
274
274
274
274
274.001
274.009
274.061
274.342
275.513
279.801
292.526
319.129
367.934
430.466
465.142
477.885
478.397
470.766
454.64
436.621
412.561
389.733
360.277
329.94
299.765
286.31
274
274
274
274
274
274
274
274
274
274
274
274
274
274
274
274
274
274
274
274
274
274
274
274
274
274
274
274
274
274
274
274
274
274
274
274
274
274
274
274
274
274
274
274
274
274
274
274
274
274
274
274
274
274
274
274
274
274
274
274
274
274
274
274
274
274
274
274
274
274
274
274
274
274
274
274
274
274
274
274
274
274
274
274
274
274
274
274
274
274
274
274
274
274
274
274
274
274
274
274
274
274
274.003
274.033
274.267
275.747
284.253
321.261
417.724
537.414
609.927
631.061
620.77
602.647
581.471
558.611
535.637
513.514
493.187
471.305
452.143
432.189
414.585
395.299
365.016
274
274
274
274
274
274
274
274
274
274
274
274
274
274
274
274
274
274
274
274
274
274
274
274
274
274
274
274
274
274
274
274
274
274
274
274
274
274
274
274
274
274
274
274
274
274
274
274
274
274
274
274
274
274
274
274
274
274
274
274
274
274
274
274
274
274
274
274
274
274
274
274
274
274
274
274
274
274
274
274
274
274
274
274
274
274
274
274
274
274
274
274
274
274
274
274
274
274
274
274
274
274.01
274.115
275.051
283.192
343.928
505.902
663.733
732.824
733.859
720.213
700.241
678.199
654.585
628.471
602.206
576.797
552.222
528.874
502.546
478.671
452.552
430.776
410.705
394.766
274
274
274
274
274
274
274
274
274
274
274
274
274
274
274
274
274
274
274
274
274
274
274
274
274
274
274
274
274
274
274
274
274
274
274
274
274
274
274
274
274
274
274
274
274
274
274
274
274
274
274
274
274
274
274
274
274
274
274
274
274
274
274
274
274
274
274
274
274
274
274
274
274
274
274
274
274
274
274
274
274
274
274
274
274
274
274
274
274
274
274
274
274
274
274
274
274
274
274
274.001
274.026
274.345
278.276
322.53
515.282
735.105
811.825
810.886
805.858
797.851
789.981
782.75
767.571
742.285
711.473
681.575
649.081
619.007
590.147
557.492
525.645
490.504
460.796
429.338
404.886
274
274
274
274
274
274
274
274
274
274
274
274
274
274
274
274
274
274
274
274
274
274
274
274
274
274
274
274
274
274
274
274
274
274
274
274
274
274
274
274
274
274
274
274
274
274
274
274
274
274
274
274
274
274
274
274
274
274
274
274
274
274
274
274
274
274
274
274
274
274
274
274
274
274
274
274
274
274
274
274
274
274
274
274
274
274
274
274
274
274
274
274
274
274
274
274
274
274
274.002
274.062
274.978
289.775
444.856
732.935
861.903
860.472
857.368
870.118
891.07
920.955
943.123
944.847
917.904
880.68
844.359
808.752
769.114
726.316
685.711
642.815
602.254
553.268
511.518
460.613
424.869
274
274
274
274
274
274
274
274
274
274
274
274
274
274
274
274
274
274
274
274
274
274
274
274
274
274
274
274
274
274
274
274
274
274
274
274
274
274
274
274
274
274
274
274
274
274
274
274
274
274
274
274
274
274
274
274
274
274
274
274
274
274
274
274
274
274
274
274
274
274
274
274
274
274
274
274
274
274
274
274
274
274
274
274
274
274
274
274
274
274
274
274
274
274
274
274
274
274.005
274.13
276.726
328.656
615.661
880.345
907.313
891.753
897.349
939.007
1012.22
1085.76
1154.56
1185.03
1171.23
1145.96
1101.01
1060.56
1026.42
978.14
928.199
880.212
828.532
758.61
681.867
612.622
521.743
466.576
274
274
274
274
274
274
274
274
274
274
274
274
274
274
274
274
274
274
274
274
274
274
274
274
274
274
274
274
274
274
274
274
274
274
274
274
274
274
274
274
274
274
274
274
274
274
274
274
274
274
274
274
274
274
274
274
274
274
274
274
274
274
274
274
274
274
274
274
274
274
274
274
274
274
274
274
274
274
274
274
274
274
274
274
274
274
274
274
274
274
274
274
274
274
274
274
274.008
274.243
280.8
412.488
786.655
951.803
936.453
923.917
943.883
1014.06
1137.12
1275.8
1376.43
1430.97
1445.73
1431.8
1399.61
1362.15
1338.41
1309.64
1285.16
1263.45
1222.61
1185.7
1069.75
937.61
803.321
633.198
547.758
274
274
274
274
274
274
274
274
274
274
274
274
274
274
274
274
274
274
274
274
274
274
274
274
274
274
274
274
274
274
274
274
274
274
274
274
274
274
274
274
274
274
274
274
274
274
274
274
274
274
274
274
274
274
274
274
274
274
274
274
274
274
274
274
274
274
274
274
274
274
274
274
274
274
274
274
274
274
274
274
274
274
274
274
274
274
274
274
274
274
274
274
274
274
274
274.009
274.398
288.039
518.208
914.343
991.258
965.845
962.963
996.507
1089.46
1241.86
1423.95
1558.05
1590.47
1589.08
1586.52
1594.78
1592.68
1601.46
1649.93
1667.69
1706.85
1756.25
1776.69
1765.79
1639.98
1461.95
1180.21
852.526
706.812
274
274
274
274
274
274
274
274
274
274
274
274
274
274
274
274
274
274
274
274
274
274
274
274
274
274
274
274
274
274
274
274
274
274
274
274
274
274
274
274
274
274
274
274
274
274
274
274
274
274
274
274
274
274
274
274
274
274
274
274
274
274
274
274
274
274
274
274
274
274
274
274
274
274
274
274
274
274
274
274
274
274
274
274
274
274
274
274
274
274
274
274
274
274
274.009
274.547
297.357
612.859
1000.23
1024.85
1000.9
1006.1
1053.1
1154.36
1316.57
1512.35
1655.64
1690.1
1692.51
1671.72
1690.65
1825.01
1917.67
1905.26
1871.42
1858.97
1905.03
1956.73
1975.82
1921.14
1808.52
1702.71
1561.22
1292.94
982.598
274
274
274
274
274
274
274
274
274
274
274
274
274
274
274
274
274
274
274
274
274
274
274
274
274
274
274
274
274
274
274
274
274
274
274
274
274
274
274
274
274
274
274
274
274
274
274
274
274
274
274
274
274
274
274
274
274
274
274
274
274
274
274
274
274
274
274
274
274
274
274
274
274
274
274
274
274
274
274
274
274
274
274
274
274
274
274
274
274
274
274
274
274
274.008
274.604
304.019
677.589
1053.08
1056.17
1038.12
1050.44
1104.43
1209.31
1361.85
1553.22
1715.18
1768.99
1778.46
1739.59
1726.87
1764.7
2011.9
2190.44
2083.03
1849.8
1780.96
1828.64
1838.88
1852.54
1856.28
1831.08
1677.4
1583.39
1555.64
1264.21
274
274
274
274
274
274
274
274
274
274
274
274
274
274
274
274
274
274
274
274
274
274
274
274
274
274
274
274
274
274
274
274
274
274
274
274
274
274
274
274
274
274
274
274
274
274
274
274
274
274
274
274
274
274
274
274
274
274
274
274
274
274
274
274
274
274
274
274
274
274
274
274
274
274
274
274
274
274
274
274
274
274
274
274
274
274
274
274
274
274
274
274
274.006
274.525
302.272
688.944
1081.45
1086.61
1074.81
1093.8
1149.95
1258.16
1404.95
1580.01
1751
1834.69
1853.76
1819.85
1730.84
1698.83
1724.96
1774.76
1562.13
1337.89
1298.76
1275.6
1352.12
1372.77
1418.93
1486.66
1566.48
1601.44
1582.18
1404.82
1415
274
274
274
274
274
274
274
274
274
274
274
274
274
274
274
274
274
274
274
274
274
274
274
274
274
274
274
274
274
274
274
274
274
274
274
274
274
274
274
274
274
274
274
274
274
274
274
274
274
274
274
274
274
274
274
274
274
274
274
274
274
274
274
274
274
274
274
274
274
274
274
274
274
274
274
274
274
274
274
274
274
274
274
274
274
274
274
274
274
274
274
274.004
274.352
293.17
635.891
1083.01
1111.55
1111.33
1136.92
1193.03
1298.26
1450.38
1619.39
1772.22
1875.03
1902.07
1874.56
1749.06
1654.84
1563.39
1490.2
1479.9
1296.51
1208.41
1185.22
1217.29
1275.06
1292.81
1309.02
1364.32
1460.79
1495.54
1494.32
1327.91
1317.01
274
274
274
274
274
274
274
274
274
274
274
274
274
274
274
274
274
274
274
274
274
274
274
274
274
274
274
274
274
274
274
274
274
274
274
274
274
274
274
274
274
274
274
274
274
274
274
274
274
274
274
274
274
274
274
274
274
274
274
274
274
274
274
274
274
274
274
274
274
274
274
274
274
274
274
274
274
274
274
274
274
274
274
274
274
274
274
274
274
274
274.002
274.162
283.921
549.123
1046.35
1129.19
1138.54
1156.65
1205.64
1304.7
1450.57
1608.18
1752.03
1876.81
1923.33
1915.51
1805.87
1656.37
1547.09
1506.36
1394.45
1279.39
1254.74
1162.81
1165.8
1181.78
1239.65
1258.05
1284.99
1356.81
1451.25
1553.21
1616.36
1414.57
1313.97
274
274
274
274
274
274
274
274
274
274
274
274
274
274
274
274
274
274
274
274
274
274
274
274
274
274
274
274
274
274
274
274
274
274
274
274
274
274
274
274
274
274
274
274
274
274
274
274
274
274
274
274
274
274
274
274
274
274
274
274
274
274
274
274
274
274
274
274
274
274
274
274
274
274
274
274
274
274
274
274
274
274
274
274
274
274
274
274
274
274.001
274.077
278.466
457.729
1007.24
1152.69
1154.95
1154.41
1176.34
1240.43
1354.51
1515.05
1681.07
1833.18
1920.2
1934.44
1880.27
1753.1
1658.92
1601.03
1475.05
1362.96
1221.04
1175.72
1113.88
1096.1
1118.06
1129.26
1132.63
1164.74
1242.51
1306.26
1355.69
1496.29
1677.16
1617.25
274
274
274
274
274
274
274
274
274
274
274
274
274
274
274
274
274
274
274
274
274
274
274
274
274
274
274
274
274
274
274
274
274
274
274
274
274
274
274
274
274
274
274
274
274
274
274
274
274
274
274
274
274
274
274
274
274
274
274
274
274
274
274
274
274
274
274
274
274
274
274
274
274
274
274
274
274
274
274
274
274
274
274
274
274
274
274
274
274
274.01
274.645
306.933
719.369
1134.73
1181.95
1192.65
1211.84
1249.74
1319.65
1435.61
1593.35
1765.12
1889.39
1926.97
1915.18
1822.58
1735.46
1667.62
1630.26
1577.66
1529.42
1418.78
1297.58
1285.32
1243.94
1239.89
1292.06
1287.75
1300.58
1386.99
1489.22
1547.16
1646.66
1750.09
1976.48
274
274
274
274
274
274
274
274
274
274
274
274
274
274
274
274
274
274
274
274
274
274
274
274
274
274
274
274
274
274
274
274
274
274
274
274
274
274
274
274
274
274
274
274
274
274
274
274
274
274
274
274
274
274
274
274
274
274
274
274
274
274
274
274
274
274
274
274
274
274
274
274
274
274
274
274
274
274
274
274
274
274
274
274
274
274
274
274
274.001
274.024
275.426
348.376
845.374
1162.26
1197.79
1211.6
1230.72
1263.38
1331.49
1452.58
1612.13
1779.48
1891.88
1924.52
1895.58
1817.59
1725.36
1671.09
1641.18
1594.62
1555.59
1478.55
1331.23
1320.85
1293.35
1255.99
1316.8
1308.29
1314.68
1401.04
1509.57
1590.13
1718.06
1908.01
2024.63
274
274
274
274
274
274
274
274
274
274
274
274
274
274
274
274
274
274
274
274
274
274
274
274
274
274
274
274
274
274
274
274
274
274
274
274
274
274
274
274
274
274
274
274
274
274
274
274
274
274
274
274
274
274
274
274
274
274
274
274
274
274
274
274
274
274
274
274
274
274
274
274
274
274
274
274
274
274
274
274
274
274
274
274
274
274
274
274
274.002
274.087
278.614
454.272
1014.84
1193.97
1211.11
1229.48
1260.93
1298.19
1368.46
1487.46
1641.29
1803.43
1891.97
1912.66
1868.79
1802.89
1708
1668.4
1643.22
1637.16
1643.31
1586.54
1442.1
1396.4
1377.31
1323.23
1366.91
1369.76
1366.57
1421.87
1481.83
1558.96
1682.72
1839.79
2057.24
274
274
274
274
274
274
274
274
274
274
274
274
274
274
274
274
274
274
274
274
274
274
274
274
274
274
274
274
274
274
274
274
274
274
274
274
274
274
274
274
274
274
274
274
274
274
274
274
274
274
274
274
274
274
274
274
274
274
274
274
274
274
274
274
274
274
274
274
274
274
274
274
274
274
274
274
274
274
274
274
274
274
274
274
274
274
274
274
274.005
274.341
290.473
615.682
1132.17
1214.35
1230.88
1262.9
1300.78
1342.04
1411.31
1525.03
1679.98
1831.74
1890.56
1895.95
1856.76
1779.06
1718.82
1695.75
1666.76
1650.83
1647.69
1639.81
1532.13
1448.62
1435.15
1412.91
1391.23
1417.93
1422.78
1503.86
1578.39
1612.55
1724
1841.99
1957.13
274
274
274
274
274
274
274
274
274
274
274
274
274
274
274
274
274
274
274
274
274
274
274
274
274
274
274
274
274
274
274
274
274
274
274
274
274
274
274
274
274
274
274
274
274
274
274
274
274
274
274
274
274
274
274
274
274
274
274
274
274
274
274
274
274
274
274
274
274
274
274
274
274
274
274
274
274
274
274
274
274
274
274
274
274
274
274
274
274.019
275.148
333.574
811.036
1192.89
1235.25
1256.01
1288.11
1319.04
1366.25
1440.65
1557.98
1722.74
1849.13
1883.61
1874.85
1856.65
1788.76
1755.02
1728.27
1699.65
1696.08
1698.85
1698.33
1670.06
1565.56
1512.95
1498.92
1467.94
1461.04
1458.88
1521.76
1633.21
1670.23
1741.38
1819.65
1889.94
274
274
274
274
274
274
274
274
274
274
274
274
274
274
274
274
274
274
274
274
274
274
274
274
274
274
274
274
274
274
274
274
274
274
274
274
274
274
274
274
274
274
274
274
274
274
274
274
274
274
274
274
274
274
274
274
274
274
274
274
274
274
274
274
274
274
274
274
274
274
274
274
274
274
274
274
274
274
274
274
274
274
274
274
274
274
274
274.001
274.065
277.439
416.761
972.037
1219.23
1251.34
1279.69
1316.1
1343.16
1382.74
1456.57
1579.01
1751.54
1857.5
1879.55
1873.54
1838.4
1790.01
1772.65
1751.62
1725.27
1717.33
1718.44
1726.75
1727.92
1686.52
1601.95
1568.64
1566.49
1517.44
1552.96
1584.84
1653.11
1710.91
1746.88
1819.2
1846.66
274
274
274
274
274
274
274
274
274
274
274
274
274
274
274
274
274
274
274
274
274
274
274
274
274
274
274
274
274
274
274
274
274
274
274
274
274
274
274
274
274
274
274
274
274
274
274
274
274
274
274
274
274
274
274
274
274
274
274
274
274
274
274
274
274
274
274
274
274
274
274
274
274
274
274
274
274
274
274
274
274
274
274
274
274
274
274
274.003
274.197
283.315
531.7
1086.07
1238.14
1269.41
1304.93
1340.93
1359.68
1401.91
1475.68
1599.99
1773.8
1856.22
1866.73
1864.78
1822.76
1805
1797.82
1787.32
1776.79
1764.62
1771.41
1814.24
1815.58
1813.97
1756.56
1663.21
1660.72
1636.04
1607.71
1674.5
1684.17
1748.6
1789.18
1832.18
1861.89
274
274
274
274
274
274
274
274
274
274
274
274
274
274
274
274
274
274
274
274
274
274
274
274
274
274
274
274
274
274
274
274
274
274
274
274
274
274
274
274
274
274
274
274
274
274
274
274
274
274
274
274
274
274
274
274
274
274
274
274
274
274
274
274
274
274
274
274
274
274
274
274
274
274
274
274
274
274
274
274
274
274
274
274
274
274
274
274.008
274.487
296.686
651.565
1158.05
1255.85
1290.95
1332.99
1360.16
1379.85
1422.56
1499.32
1620.64
1781.59
1853.61
1861.41
1845.33
1819.8
1812.47
1808.02
1800.99
1798.58
1801.38
1807.78
1890.17
1916.88
1922.95
1918.61
1852.48
1729.03
1742.08
1742.89
1700.33
1783.31
1789.37
1823.09
1862.01
1871.87
274
274
274
274
274
274
274
274
274
274
274
274
274
274
274
274
274
274
274
274
274
274
274
274
274
274
274
274
274
274
274
274
274
274
274
274
274
274
274
274
274
274
274
274
274
274
274
274
274
274
274
274
274
274
274
274
274
274
274
274
274
274
274
274
274
274
274
274
274
274
274
274
274
274
274
274
274
274
274
274
274
274
274
274
274
274
274
274.019
275.079
327.3
780.63
1202.52
1278.34
1319.04
1364.51
1381.36
1406.22
1450.52
1521.3
1630.72
1778.24
1846.23
1857.41
1839.73
1828.48
1828.77
1827.98
1826.59
1830.61
1854.53
1900.08
1950.13
2010.48
2039.14
2043.86
2040.45
1979.84
1870.61
1827.71
1841.19
1849.53
1867.3
1893.87
1907.96
1947.05
274
274
274
274
274
274
274
274
274
274
274
274
274
274
274
274
274
274
274
274
274
274
274
274
274
274
274
274
274
274
274
274
274
274
274
274
274
274
274
274
274
274
274
274
274
274
274
274
274
274
274
274
274
274
274
274
274
274
274
274
274
274
274
274
274
274
274
274
274
274
274
274
274
274
274
274
274
274
274
274
274
274
274
274
274
274
274.001
274.039
276.106
370.637
885.134
1227.62
1290.53
1331.69
1374.04
1390.89
1421.6
1464.36
1529.85
1635.18
1778.27
1838.3
1847.43
1835.62
1837.44
1848.13
1848.16
1850.44
1856.38
1893.36
1949.85
2004.75
2077.58
2150.99
2175.66
2191.23
2192.25
2143.3
2020.48
1955.49
1933.82
1956.62
1955.93
2000.34
2017.88
274
274
274
274
274
274
274
274
274
274
274
274
274
274
274
274
274
274
274
274
274
274
274
274
274
274
274
274
274
274
274
274
274
274
274
274
274
274
274
274
274
274
274
274
274
274
274
274
274
274
274
274
274
274
274
274
274
274
274
274
274
274
274
274
274
274
274
274
274
274
274
274
274
274
274
274
274
274
274
274
274
274
274
274
274
274
274.001
274.074
277.681
418.005
966.973
1244.39
1297.24
1336.55
1375.56
1392.27
1426.59
1468.94
1531.24
1634.75
1776.46
1838.28
1841.5
1832.42
1843.41
1860.44
1862.89
1866
1887.55
1934.62
1981.69
2042.76
2129.15
2208.18
2275.87
2309.92
2327.58
2332.56
2242.29
2118.46
2027.97
1996.25
2025.58
2032.08
2051.73
274
274
274
274
274
274
274
274
274
274
274
274
274
274
274
274
274
274
274
274
274
274
274
274
274
274
274
274
274
274
274
274
274
274
274
274
274
274
274
274
274
274
274
274
274
274
274
274
274
274
274
274
274
274
274
274
274
274
274
274
274
274
274
274
274
274
274
274
274
274
274
274
274
274
274
274
274
274
274
274
274
274
274
274
274
274
274.002
274.117
279.559
460.406
1018.4
1250.42
1300.97
1343.32
1385.07
1401.8
1431.1
1465.11
1521.45
1628.82
1775.46
1835.49
1837.32
1832.32
1849.31
1871.38
1875.31
1876.7
1906.82
1952.16
2011.47
2084.82
2163.85
2235.21
2296.64
2355.93
2389.76
2406.12
2411.21
2235.31
2118.03
2074.45
2054.36
2050.24
2034.86
274
274
274
274
274
274
274
274
274
274
274
274
274
274
274
274
274
274
274
274
274
274
274
274
274
274
274
274
274
274
274
274
274
274
274
274
274
274
274
274
274
274
274
274
274
274
274
274
274
274
274
274
274
274
274
274
274
274
274
274
274
274
274
274
274
274
274
274
274
274
274
274
274
274
274
274
274
274
274
274
274
274
274
274
274
274
274.003
274.169
281.8
500.57
1059.16
1258.33
1306.81
1351
1395.64
1415.93
1427.6
1456.94
1515.61
1625.75
1772.71
1833.12
1835.33
1832.93
1850.09
1876.12
1883.89
1888.59
1913.3
1955.88
2024.76
2103.56
2182.91
2258.31
2324.75
2372.44
2418.56
2441.15
2454.37
2463.88
2280.95
2202.74
2046.78
1964.52
1982.31
274
274
274
274
274
274
274
274
274
274
274
274
274
274
274
274
274
274
274
274
274
274
274
274
274
274
274
274
274
274
274
274
274
274
274
274
274
274
274
274
274
274
274
274
274
274
274
274
274
274
274
274
274
274
274
274
274
274
274
274
274
274
274
274
274
274
274
274
274
274
274
274
274
274
274
274
274
274
274
274
274
274
274
274
274
274
274.004
274.217
283.813
529.648
1086.42
1269.03
1317.99
1365.71
1410.61
1426.21
1433.72
1455.02
1513.44
1624.33
1769.63
1830.7
1833.9
1833.52
1849.09
1876.57
1887.42
1892.84
1913.14
1952.55
2022.61
2102.55
2183.27
2265.98
2352.77
2400.94
2414.77
2447.74
2462.1
2461.37
2445.96
2224.27
2144.46
1833.94
1827.83
274
274
274
274
274
274
274
274
274
274
274
274
274
274
274
274
274
274
274
274
274
274
274
274
274
274
274
274
274
274
274
274
274
274
274
274
274
274
274
274
274
274
274
274
274
274
274
274
274
274
274
274
274
274
274
274
274
274
274
274
274
274
274
274
274
274
274
274
274
274
274
274
274
274
274
274
274
274
274
274
274
274
274
274
274
274
274.004
274.239
284.786
542.278
1098.32
1273.38
1321.01
1369.9
1416.48
1430.78
1437.27
1456.14
1513.66
1624.21
1768.36
1829.49
1832.92
1832.88
1847.47
1874.34
1885.42
1890.17
1908.23
1945.58
2015.22
2094.97
2176.6
2261.47
2349.29
2426.92
2480.32
2510.22
2524.56
2532.04
2528.29
2497.51
2195.99
1902.69
1793.56
274
274
274
274
274
274
274
274
274
274
274
274
274
274
274
274
274
274
274
274
274
274
274
274
274
274
274
274
274
274
274
274
274
274
274
274
274
274
274
274
274
274
274
274
274
274
274
274
274
274
274
274
274
274
274
274
274
274
274
274
274
274
274
274
274
274
274
274
274
274
274
274
274
274
274
274
274
274
274
274
274
274
274
274
274
274
274.004
274.218
283.856
530.23
1087.01
1269.31
1318.25
1366.14
1411.09
1426.47
1433.86
1454.89
1513.13
1624.02
1769.54
1830.73
1833.92
1833.22
1849.02
1875.96
1886.33
1891.61
1912.19
1951.78
2021.18
2100.51
2182.9
2267.92
2356
2414.07
2435.42
2469.97
2483.21
2486.75
2475.35
2305.85
2162.83
1841.24
1827.41
274
274
274
274
274
274
274
274
274
274
274
274
274
274
274
274
274
274
274
274
274
274
274
274
274
274
274
274
274
274
274
274
274
274
274
274
274
274
274
274
274
274
274
274
274
274
274
274
274
274
274
274
274
274
274
274
274
274
274
274
274
274
274
274
274
274
274
274
274
274
274
274
274
274
274
274
274
274
274
274
274
274
274
274
274
274
274.003
274.171
281.851
501.383
1059.99
1258.83
1307.44
1351.88
1396.63
1416.43
1427.74
1456.65
1515.22
1625.34
1772.49
1833.11
1835.4
1832.48
1849.94
1874.65
1881.71
1886.44
1911.67
1954.31
2023.47
2103.94
2188.5
2267.87
2332.37
2369.32
2403.33
2419.22
2428.23
2441.54
2352.69
2226.72
2075.45
1976.25
2002.07
274
274
274
274
274
274
274
274
274
274
274
274
274
274
274
274
274
274
274
274
274
274
274
274
274
274
274
274
274
274
274
274
274
274
274
274
274
274
274
274
274
274
274
274
274
274
274
274
274
274
274
274
274
274
274
274
274
274
274
274
274
274
274
274
274
274
274
274
274
274
274
274
274
274
274
274
274
274
274
274
274
274
274
274
274
274
274.002
274.118
279.597
461.191
1019.26
1250.67
1301.31
1343.9
1385.81
1402.39
1431.35
1464.96
1521.16
1628.73
1775.38
1835.26
1837.39
1831.88
1848.39
1868.1
1871.62
1873.66
1904.26
1950.13
2010.84
2086.18
2171.09
2247.97
2307.19
2356.99
2381.86
2394.72
2402.28
2295.19
2152.45
2099.16
2064.96
2060.75
2051.62
274
274
274
274
274
274
274
274
274
274
274
274
274
274
274
274
274
274
274
274
274
274
274
274
274
274
274
274
274
274
274
274
274
274
274
274
274
274
274
274
274
274
274
274
274
274
274
274
274
274
274
274
274
274
274
274
274
274
274
274
274
274
274
274
274
274
274
274
274
274
274
274
274
274
274
274
274
274
274
274
274
274
274
274
274
274
274.001
274.074
277.717
418.96
968.588
1244.9
1297.62
1337.02
1376.05
1392.97
1427.06
1469.06
1531.22
1634.9
1776.57
1838.13
1841.76
1832.45
1842.56
1858.05
1860.33
1863.36
1885.47
1931.8
1982.41
2043.41
2136.97
2219.08
2283.7
2315.44
2331.41
2337.68
2283.78
2150.63
2064.11
2015.32
2040.6
2044.69
2060.91
274
274
274
274
274
274
274
274
274
274
274
274
274
274
274
274
274
274
274
274
274
274
274
274
274
274
274
274
274
274
274
274
274
274
274
274
274
274
274
274
274
274
274
274
274
274
274
274
274
274
274
274
274
274
274
274
274
274
274
274
274
274
274
274
274
274
274
274
274
274
274
274
274
274
274
274
274
274
274
274
274
274
274
274
274
274
274.001
274.04
276.132
371.64
887.389
1228.44
1291.03
1332.03
1374.28
1391.86
1423.06
1465.44
1530.8
1636.42
1778.67
1838.4
1848.06
1836.85
1838.11
1847.27
1846.59
1848.47
1853.33
1889.4
1949.85
2012.77
2088.47
2159.25
2184.61
2196.83
2197.31
2162.35
2044.33
1981.43
1953.78
1974.54
1965.7
2007.92
2034.78
274
274
274
274
274
274
274
274
274
274
274
274
274
274
274
274
274
274
274
274
274
274
274
274
274
274
274
274
274
274
274
274
274
274
274
274
274
274
274
274
274
274
274
274
274
274
274
274
274
274
274
274
274
274
274
274
274
274
274
274
274
274
274
274
274
274
274
274
274
274
274
274
274
274
274
274
274
274
274
274
274
274
274
274
274
274
274
274.019
275.097
328.208
783.671
1203.89
1279.28
1319.91
1365.21
1382.44
1408.79
1453.06
1523.54
1632.38
1778.65
1845.81
1857.36
1841.99
1829.77
1828.58
1826.21
1824.46
1827.79
1854.14
1902.83
1953.12
2010.18
2038.87
2044.5
2037.7
1981.2
1881.01
1834.69
1853.14
1851.24
1882.37
1890.89
1905.99
1942.42
274
274
274
274
274
274
274
274
274
274
274
274
274
274
274
274
274
274
274
274
274
274
274
274
274
274
274
274
274
274
274
274
274
274
274
274
274
274
274
274
274
274
274
274
274
274
274
274
274
274
274
274
274
274
274
274
274
274
274
274
274
274
274
274
274
274
274
274
274
274
274
274
274
274
274
274
274
274
274
274
274
274
274
274
274
274
274
274.008
274.496
297.142
654.478
1160.02
1257.31
1292.62
1334.96
1361.78
1383.25
1425.83
1502.52
1623.73
1782.85
1853.88
1863.21
1848.48
1821.49
1812.2
1805.63
1797.95
1796.68
1799.72
1804.74
1884.48
1912.77
1920.92
1903.18
1838.8
1708.38
1721.59
1725.05
1680.03
1759.89
1769.16
1799.6
1838.14
1856.11
274
274
274
274
274
274
274
274
274
274
274
274
274
274
274
274
274
274
274
274
274
274
274
274
274
274
274
274
274
274
274
274
274
274
274
274
274
274
274
274
274
274
274
274
274
274
274
274
274
274
274
274
274
274
274
274
274
274
274
274
274
274
274
274
274
274
274
274
274
274
274
274
274
274
274
274
274
274
274
274
274
274
274
274
274
274
274
274.003
274.201
283.516
534.585
1088.82
1239.67
1271.11
1306.84
1342.8
1361.65
1404.6
1478.76
1603.91
1777.22
1858.56
1869.47
1867.86
1825.23
1804.07
1795.45
1782.51
1771.83
1756.65
1761.57
1808.17
1809.43
1802.06
1740.11
1635.24
1625.18
1602.99
1581.44
1634.41
1648.92
1722.28
1758.24
1791.13
1833
274
274
274
274
274
274
274
274
274
274
274
274
274
274
274
274
274
274
274
274
274
274
274
274
274
274
274
274
274
274
274
274
274
274
274
274
274
274
274
274
274
274
274
274
274
274
274
274
274
274
274
274
274
274
274
274
274
274
274
274
274
274
274
274
274
274
274
274
274
274
274
274
274
274
274
274
274
274
274
274
274
274
274
274
274
274
274
274.001
274.067
277.522
419.209
975.767
1220.95
1253.07
1281.65
1318.11
1344.98
1384.8
1459.26
1583.27
1757.25
1861.52
1883.14
1875.81
1840.93
1787.78
1767.48
1742.43
1712.96
1704.61
1704.91
1709.16
1704.17
1652.28
1564.1
1526.5
1516.01
1471.79
1517.12
1532.42
1619.69
1676.49
1713.11
1783.62
1819.76
274
274
274
274
274
274
274
274
274
274
274
274
274
274
274
274
274
274
274
274
274
274
274
274
274
274
274
274
274
274
274
274
274
274
274
274
274
274
274
274
274
274
274
274
274
274
274
274
274
274
274
274
274
274
274
274
274
274
274
274
274
274
274
274
274
274
274
274
274
274
274
274
274
274
274
274
274
274
274
274
274
274
274
274
274
274
274
274
274.02
275.178
335.133
815.691
1194.99
1237.1
1258.1
1290.22
1320.74
1367.74
1443.08
1562.32
1729.48
1854.68
1888.15
1877.42
1858.51
1786.6
1747.36
1718.53
1687.46
1682.84
1682.65
1674.38
1634.42
1530.26
1488.46
1475.68
1425.39
1441.39
1441.97
1503.85
1623.74
1659.71
1732.06
1807.81
1874.82
274
274
274
274
274
274
274
274
274
274
274
274
274
274
274
274
274
274
274
274
274
274
274
274
274
274
274
274
274
274
274
274
274
274
274
274
274
274
274
274
274
274
274
274
274
274
274
274
274
274
274
274
274
274
274
274
274
274
274
274
274
274
274
274
274
274
274
274
274
274
274
274
274
274
274
274
274
274
274
274
274
274
274
274
274
274
274
274
274.005
274.351
290.962
619.995
1135.45
1216.33
1232.91
1265.39
1303.27
1344.16
1413.82
1529.3
1687.74
1839.57
1896.39
1901.07
1856.73
1775.63
1709.7
1684.47
1655.14
1637.23
1631.67
1614.95
1498.49
1421.93
1410.2
1374.21
1365.13
1402.47
1409.95
1488.42
1575.68
1613.42
1721.79
1843.65
1965.53
274
274
274
274
274
274
274
274
274
274
274
274
274
274
274
274
274
274
274
274
274
274
274
274
274
274
274
274
274
274
274
274
274
274
274
274
274
274
274
274
274
274
274
274
274
274
274
274
274
274
274
274
274
274
274
274
274
274
274
274
274
274
274
274
274
274
274
274
274
274
274
274
274
274
274
274
274
274
274
274
274
274
274
274
274
274
274
274
274.002
274.09
278.759
458.003
1019.36
1195.9
1213.24
1232.24
1264
1300.67
1370.85
1491.04
1647.92
1813.28
1898.41
1917.56
1869.01
1799.12
1701.48
1659.33
1631.86
1624.66
1628.51
1553.48
1395.09
1372.72
1346.49
1296.91
1363.39
1372
1371.98
1420.15
1503.55
1591.02
1694.51
1856.81
2073.9
274
274
274
274
274
274
274
274
274
274
274
274
274
274
274
274
274
274
274
274
274
274
274
274
274
274
274
274
274
274
274
274
274
274
274
274
274
274
274
274
274
274
274
274
274
274
274
274
274
274
274
274
274
274
274
274
274
274
274
274
274
274
274
274
274
274
274
274
274
274
274
274
274
274
274
274
274
274
274
274
274
274
274
274
274
274
274
274
274.001
274.025
275.471
350.534
850.624
1164.32
1199.93
1214.21
1233.35
1265.86
1333.69
1455.59
1618.06
1789.4
1898.33
1928.78
1897.07
1811.84
1718.27
1659.96
1629.96
1581.04
1536.78
1437.34
1300.84
1308.46
1258.84
1249.2
1313.46
1311.45
1313.56
1400.4
1509.7
1578.78
1733.53
1932.1
2039.67
274
274
274
274
274
274
274
274
274
274
274
274
274
274
274
274
274
274
274
274
274
274
274
274
274
274
274
274
274
274
274
274
274
274
274
274
274
274
274
274
274
274
274
274
274
274
274
274
274
274
274
274
274
274
274
274
274
274
274
274
274
274
274
274
274
274
274
274
274
274
274
274
274
274
274
274
274
274
274
274
274
274
274
274
274
274
274
274
274
274.011
274.664
308.124
724.827
1137.23
1184.34
1195.17
1214
1251.54
1321.47
1438.22
1599
1775.03
1896.03
1930.76
1917.18
1817.02
1727
1655.55
1614.43
1557.39
1507.37
1379.97
1280.51
1273.16
1222.55
1235.24
1286.86
1286.16
1300.63
1387.12
1487.74
1534.49
1673.51
1771.62
1987.21
274
274
274
274
274
274
274
274
274
274
274
274
274
274
274
274
274
274
274
274
274
274
274
274
274
274
274
274
274
274
274
274
274
274
274
274
274
274
274
274
274
274
274
274
274
274
274
274
274
274
274
274
274
274
274
274
274
274
274
274
274
274
274
274
274
274
274
274
274
274
274
274
274
274
274
274
274
274
274
274
274
274
274
274
274
274
274
274
274
274.001
274.08
278.611
461.531
1011.43
1154.9
1157.45
1156.83
1178.12
1241.76
1356.07
1518.92
1689.08
1842.86
1924.91
1936.53
1875.98
1742.43
1644.65
1581.02
1454.69
1327.4
1191.75
1165.08
1098.19
1086.07
1106.64
1123.43
1131.87
1163.82
1238.08
1297.96
1355.65
1516.89
1690.94
1603.12
274
274
274
274
274
274
274
274
274
274
274
274
274
274
274
274
274
274
274
274
274
274
274
274
274
274
274
274
274
274
274
274
274
274
274
274
274
274
274
274
274
274
274
274
274
274
274
274
274
274
274
274
274
274
274
274
274
274
274
274
274
274
274
274
274
274
274
274
274
274
274
274
274
274
274
274
274
274
274
274
274
274
274
274
274
274
274
274
274
274
274.002
274.169
284.286
554.193
1050.94
1131.83
1140.75
1158.12
1206.21
1305.83
1453.99
1614.37
1761.05
1883.28
1926.04
1913.46
1793.75
1644.54
1533.12
1494.36
1374.68
1269.86
1248.53
1161.05
1168.28
1183.54
1233.66
1248.95
1276.94
1347.94
1435.93
1538.62
1611.54
1415.67
1320.37
274
274
274
274
274
274
274
274
274
274
274
274
274
274
274
274
274
274
274
274
274
274
274
274
274
274
274
274
274
274
274
274
274
274
274
274
274
274
274
274
274
274
274
274
274
274
274
274
274
274
274
274
274
274
274
274
274
274
274
274
274
274
274
274
274
274
274
274
274
274
274
274
274
274
274
274
274
274
274
274
274
274
274
274
274
274
274
274
274
274
274
274.004
274.366
293.995
642.805
1087.45
1114.36
1114
1139.5
1195.76
1302.14
1456.17
1627.43
1781.07
1879.18
1901.67
1868.09
1735.44
1636.88
1546.05
1482.84
1478.86
1286.05
1217.62
1192.69
1234.58
1272.46
1283.6
1301.62
1357.21
1446.31
1480.99
1484.01
1326.76
1320.25
274
274
274
274
274
274
274
274
274
274
274
274
274
274
274
274
274
274
274
274
274
274
274
274
274
274
274
274
274
274
274
274
274
274
274
274
274
274
274
274
274
274
274
274
274
274
274
274
274
274
274
274
274
274
274
274
274
274
274
274
274
274
274
274
274
274
274
274
274
274
274
274
274
274
274
274
274
274
274
274
274
274
274
274
274
274
274
274
274
274
274
274
274.006
274.548
303.695
697.16
1085.98
1089.78
1077.61
1096.34
1152.64
1262.66
1411.69
1588.3
1757.21
1834.77
1849.09
1807.65
1716.35
1685.01
1716.05
1774.65
1540.5
1333.42
1297.17
1277.31
1347.2
1364.18
1412.66
1478.42
1542.97
1571.21
1568.3
1397.01
1420.75
274
274
274
274
274
274
274
274
274
274
274
274
274
274
274
274
274
274
274
274
274
274
274
274
274
274
274
274
274
274
274
274
274
274
274
274
274
274
274
274
274
274
274
274
274
274
274
274
274
274
274
274
274
274
274
274
274
274
274
274
274
274
274
274
274
274
274
274
274
274
274
274
274
274
274
274
274
274
274
274
274
274
274
274
274
274
274
274
274
274
274
274
274
274.008
274.633
305.664
686.395
1058.14
1059.59
1040.96
1052.8
1107.1
1213.13
1367.82
1560.86
1716.72
1764.87
1773.41
1723.88
1708.52
1747.61
2001.6
2165.69
2044
1816.88
1749.36
1798.47
1812.59
1837.59
1846.42
1817.88
1671.68
1584.54
1567.49
1271.99
274
274
274
274
274
274
274
274
274
274
274
274
274
274
274
274
274
274
274
274
274
274
274
274
274
274
274
274
274
274
274
274
274
274
274
274
274
274
274
274
274
274
274
274
274
274
274
274
274
274
274
274
274
274
274
274
274
274
274
274
274
274
274
274
274
274
274
274
274
274
274
274
274
274
274
274
274
274
274
274
274
274
274
274
274
274
274
274
274
274
274
274
274
274
274.01
274.574
298.646
620.979
1006.43
1028.42
1003.72
1008.55
1055.31
1156.52
1320.63
1516.98
1655.3
1685.85
1684.11
1658.95
1674.59
1805.97
1895.78
1872.94
1848.97
1841.92
1879.48
1934.73
1950.6
1902.79
1800.33
1687.43
1563.32
1313.42
996.911
274
274
274
274
274
274
274
274
274
274
274
274
274
274
274
274
274
274
274
274
274
274
274
274
274
274
274
274
274
274
274
274
274
274
274
274
274
274
274
274
274
274
274
274
274
274
274
274
274
274
274
274
274
274
274
274
274
274
274
274
274
274
274
274
274
274
274
274
274
274
274
274
274
274
274
274
274
274
274
274
274
274
274
274
274
274
274
274
274
274
274
274
274
274
274
274.01
274.418
288.775
525.122
921.055
994.958
968.952
965.602
997.99
1090.09
1242.64
1425.22
1555.01
1585.58
1580.62
1576.66
1581.69
1580.01
1591.76
1641.96
1658.72
1688.47
1745.45
1767.89
1755.1
1650.49
1474.95
1194.06
861.745
713.353
274
274
274
274
274
274
274
274
274
274
274
274
274
274
274
274
274
274
274
274
274
274
274
274
274
274
274
274
274
274
274
274
274
274
274
274
274
274
274
274
274
274
274
274
274
274
274
274
274
274
274
274
274
274
274
274
274
274
274
274
274
274
274
274
274
274
274
274
274
274
274
274
274
274
274
274
274
274
274
274
274
274
274
274
274
274
274
274
274
274
274
274
274
274
274
274
274.008
274.254
281.145
417.492
793.086
955.328
939.598
926.369
945.061
1013.38
1135.38
1272.43
1374.52
1428.31
1441.51
1425.25
1392.71
1356.75
1335.75
1310.27
1281.92
1264.13
1226.2
1189.4
1078.38
944.906
808.627
636.897
550.713
274
274
274
274
274
274
274
274
274
274
274
274
274
274
274
274
274
274
274
274
274
274
274
274
274
274
274
274
274
274
274
274
274
274
274
274
274
274
274
274
274
274
274
274
274
274
274
274
274
274
274
274
274
274
274
274
274
274
274
274
274
274
274
274
274
274
274
274
274
274
274
274
274
274
274
274
274
274
274
274
274
274
274
274
274
274
274
274
274
274
274
274
274
274
274
274
274
274.005
274.135
276.854
330.998
620.218
883.551
910.302
894.103
898.504
938.061
1008.99
1082.72
1152.3
1183.5
1171.62
1144.16
1099.32
1060.11
1026.51
980.045
930.404
882.818
831.442
761.249
684.409
614.352
523.035
467.836
274
274
274
274
274
274
274
274
274
274
274
274
274
274
274
274
274
274
274
274
274
274
274
274
274
274
274
274
274
274
274
274
274
274
274
274
274
274
274
274
274
274
274
274
274
274
274
274
274
274
274
274
274
274
274
274
274
274
274
274
274
274
274
274
274
274
274
274
274
274
274
274
274
274
274
274
274
274
274
274
274
274
274
274
274
274
274
274
274
274
274
274
274
274
274
274
274
274
274.002
274.064
275.016
290.305
447.61
735.84
864.744
862.971
858.976
869.684
889.487
918.832
941.488
945.155
917.433
880.856
844.87
809.721
770.308
727.574
687.314
644.061
603.136
554.399
512.292
461.246
425.486
274
274
274
274
274
274
274
274
274
274
274
274
274
274
274
274
274
274
274
274
274
274
274
274
274
274
274
274
274
274
274
274
274
274
274
274
274
274
274
274
274
274
274
274
274
274
274
274
274
274
274
274
274
274
274
274
274
274
274
274
274
274
274
274
274
274
274
274
274
274
274
274
274
274
274
274
274
274
274
274
274
274
274
274
274
274
274
274
274
274
274
274
274
274
274
274
274
274
274
274.001
274.027
274.356
278.394
323.676
517.532
737.112
814.094
812.88
806.884
798.385
789.909
782.248
767.162
742.28
712.016
682.203
649.783
619.545
590.699
558.21
526.177
491.14
461.3
429.772
405.297
274
274
274
274
274
274
274
274
274
274
274
274
274
274
274
274
274
274
274
274
274
274
274
274
274
274
274
274
274
274
274
274
274
274
274
274
274
274
274
274
274
274
274
274
274
274
274
274
274
274
274
274
274
274
274
274
274
274
274
274
274
274
274
274
274
274
274
274
274
274
274
274
274
274
274
274
274
274
274
274
274
274
274
274
274
274
274
274
274
274
274
274
274
274
274
274
274
274
274
274
274
274.01
274.118
275.074
283.35
344.675
506.881
665.92
735.106
735.831
721.914
701.239
678.819
654.858
628.932
602.756
577.328
552.673
529.259
503.035
479.1
453.028
431.184
411.081
395.1
274
274
274
274
274
274
274
274
274
274
274
274
274
274
274
274
274
274
274
274
274
274
274
274
274
274
274
274
274
274
274
274
274
274
274
274
274
274
274
274
274
274
274
274
274
274
274
274
274
274
274
274
274
274
274
274
274
274
274
274
274
274
274
274
274
274
274
274
274
274
274
274
274
274
274
274
274
274
274
274
274
274
274
274
274
274
274
274
274
274
274
274
274
274
274
274
274
274
274
274
274
274
274.003
274.034
274.271
275.764
284.322
321.911
418.867
538.316
611.14
632.565
622.159
603.777
582.387
559.438
536.326
514.092
493.669
471.816
452.571
432.596
414.946
395.576
365.113
274
274
274
274
274
274
274
274
274
274
274
274
274
274
274
274
274
274
274
274
274
274
274
274
274
274
274
274
274
274
274
274
274
274
274
274
274
274
274
274
274
274
274
274
274
274
274
274
274
274
274
274
274
274
274
274
274
274
274
274
274
274
274
274
274
274
274
274
274
274
274
274
274
274
274
274
274
274
274
274
274
274
274
274
274
274
274
274
274
274
274
274
274
274
274
274
274
274
274
274
274
274
274
274.001
274.009
274.061
274.344
275.523
279.84
292.564
319.356
368.519
430.873
465.608
478.41
478.78
471.158
455.022
436.927
412.77
389.795
360.3
329.916
299.693
286.289
274
274
274
274
274
274
274
274
274
274
274
274
274
274
274
274
274
274
274
274
274
274
274
274
274
274
274
274
274
274
274
274
274
274
274
274
274
274
274
274
274
274
274
274
274
274
274
274
274
274
274
274
274
274
274
274
274
274
274
274
274
274
274
274
274
274
274
274
274
274
274
274
274
274
274
274
274
274
274
274
274
274
274
274
274
274
274
274
274
274
274
274
274
274
274
274
274
274
274
274
274
274
274
274
274
274.002
274.013
274.062
274.23
274.737
275.992
278.557
283.276
289.535
295.229
299.16
300.737
298.886
295.709
290.871
286.727
282.428
279.27
276.934
275.466
274
274
274
274
274
274
274
274
274
274
274
274
274
274
274
274
274
274
274
274
274
274
274
274
274
274
274
274
274
274
274
274
274
274
274
274
274
274
274
274
274
274
274
274
274
274
274
274
274
274
274
274
274
274
274
274
274
274
274
274
274
274
274
274
274
274
274
274
274
274
274
274
274
274
274
274
274
274
274
274
274
274
274
274
274
274
274
274
274
274
274
274
274
274
274
274
274
274
274
274
274
274
274
274
274
274
274
274.002
274.01
274.036
274.099
274.233
274.486
274.892
275.379
275.839
276.124
276.12
275.952
275.583
275.223
274.834
274.545
274.322
274.17
274
274
274
274
274
274
274
274
274
274
274
274
274
274
274
274
274
274
274
274
274
274
274
274
274
274
274
274
274
274
274
274
274
274
274
274
274
274
274
274
274
274
274
274
274
274
274
274
274
274
274
274
274
274
274
274
274
274
274
274
274
274
274
274
274
274
274
274
274
274
274
274
274
274
274
274
274
274
274
274
274
274
274
274
274
274
274
274
274
274
274
274
274
274
274
274
274
274
274
274
274
274
274
274
274
274
274
274
274
274.001
274.004
274.014
274.031
274.061
274.098
274.137
274.167
274.176
274.171
274.149
274.123
274.09
274.062
274.037
274.019
274
274
274
274
274
274
274
274
274
274
274
274
274
274
274
274
274
274
274
274
274
274
274
274
274
274
274
274
274
274
274
274
274
274
274
274
274
274
274
274
274
274
274
274
274
274
274
274
274
274
274
274
274
274
274
274
274
274
274
274
274
274
274
274
274
274
274
274
274
274
274
274
274
274
274
274
274
274
274
274
274
274
274
274
274
274
274
274
274
274
274
274
274
274
274
274
274
274
274
274
274
274
274
274
274
274
274
274
274
274
274
274
274.001
274.003
274.006
274.009
274.013
274.015
274.015
274.013
274.011
274.008
274.005
274.003
274.001
274
274
274
274
274
274
274
274
274
274
274
274
274
274
274
274
274
274
274
274
274
274
274
274
274
274
274
274
274
274
274
274
274
274
274
274
274
274
274
274
274
274
274
274
274
274
274
274
274
274
274
274
274
274
274
274
274
274
274
274
274
274
274
274
274
274
274
274
274
274
274
274
274
274
274
274
274
274
274
274
274
274
274
274
274
274
274
274
274
274
274
274
274
274
274
274
274
274
274
274
274
274
274
274
274
274
274
274
274
274
274
274
274
274
274
274
274.001
274.001
274.001
274.001
274.001
274
274
274
274
274
274
274
274
274
274
274
274
274
274
274
274
274
274
274
274
274
274
274
274
274
274
274
274
274
274
274
274
274
274
274
274
274
274
274
274
274
274
274
274
274
274
274
274
274
274
274
274
274
274
274
274
274
274
274
274
274
274
274
274
274
274
274
274
274
274
274
274
274
274
274
274
274
274
274
274
274
274
274
274
274
274
274
274
274
274
274
274
274
274
274
274
274
274
274
274
274
274
274
274
274
274
274
274
274
274
274
274
274
274
274
274
274
274
274
274
274
274
274
274
274
274
274
274
274
274
274
274
274
274
274
274
274
274
274
274
274
274
274
274
274
274
274
274
274
274
274
274
274
274
274
274
274
274
274
274
274
274
274
274
274
274
274
274
274
274
274
274
274
274
274
274
274
274
274
274
274
274
274
274
274
274
274
274
274
274
274
274
274
274
274
274
274
274
274
274
274
274
274
274
274
274
274
274
274
274
274
274
274
274
274
274
274
274
274
274
274
274
274
274
274
274
274
274
274
274
274
274
274
274
274
274
274
274
274
274
274
274
274
274
274
274
274
274
274
274
274
274
274
274
274
274
274
274
274
274
274
274
274
274
274
274
274
274
274
274
274
274
274
274
274
274
274
274
274
274
274
274
274
274
274
274
274
274
274
274
274
274
274
274
274
274
274
274
274
274
274
274
274
274
274
274
274
274
274
274
274
274
274
274
274
274
274
274
274
274
274
274
274
274
274
274
274
274
274
274
274
274
274
274
274
274
274
274
274
274
274
274
274
274
274
274
274
274
274
274
274
274
274
274
274
274
274
274
274
274
274
274
274
274
274
274
274
274
274
274
274
274
274
274
274
274
274
274
274
274
274
274
274
274
274
274
274
274
274
274
274
274
274
274
274
274
274
274
274
274
274
274
274
274
274
274
274
274
274
274
274
274
274
274
274
274
274
274
274
274
274
274
274
274
274
274
274
274
274
274
274
274
274
274
274
274
274
274
274
274
274
274
274
274
274
274
274
274
274
274
274
274
274
274
274
274
274
274
274
274
274
274
274
274
274
274
274
274
274
274
274
274
274
274
274
274
274
274
274
274
274
274
274
274
274
274
274
274
274
274
274
274
274
274
274
274
274
274
274
274
274
274
274
274
274
274
274
274
274
274
274
274
274
274
274
274
274
274
274
274
274
274
274
274
274
274
274
274
274
274
274
274
274
274
274
274
274
274
274
274
274
274
274
274
274
274
274
274
274
274
274
274
274
274
274
274
274
274
274
274
274
274
274
274
274
274
274
274
274
274
274
274
274
274
274
274
274
274
274
274
274
274
274
274
274
274
274
274
274
274
274
274
274
274
274
274
274
274
274
274
274
274
274
274
274
274
274
274
274
274
274
274
274
274
274
274
274
274
274
274
274
274
274
274
274
274
274
274
274
274
274
274
274
274
274
274
274
274
274
274
274
274
274
274
274
274
274
274
274
274
274
274
274
274
274
274
274
274
274
274
274
274
274
274
274
274
274
274
274
274
274
274
274
274
274
274
274
274
274
274
274
274
274
274
274
274
274
274
274
274
274
274
274
274
274
274
274
274
274
274
274
274
274
274
274
274
274
274
274
274
274
274
274
274
274
274
274
274
274
274
274
274
274
274
274
274
274
274
274
274
274
274
274
274
274
274
274
274
274
274
274
274
274
274
274
274
274
274
274
274
274
274
274
274
274
274
274
274
274
274
274
274
274
274
274
274
274
274
274
274
274
274
274
274
274
274
274
274
274
274
274
274
274
274
274
274
274
274
274
274
274
274
274
274
274
274
274
274
274
274
274
274
274
274
274
274
274
274
274
274
274
274
274
274
274
274
274
274
274
274
274
274
274
274
274
274
274
274
274
274
274
274
274
274
274
274
274
274
274
274
274
274
274
274
274
274
274
274
274
274
274
274
274
274
274
274
274
274
274
274
274
274
274
274
274
274
274
274
274
274
274
274
274
274
274
274
274
274
274
274
274
274
274
274
274
274
274
274
274
274
274
274
274
274
274
274
274
274
274
274
274
274
274
274
274
274
274
274
274
274
274
274
274
274
274
274
274
274
274
274
274
274
274
274
274
274
274
274
274
274
274
274
274
274
274
274
274
274
274
274
274
274
274
274
274
274
274
274
274
274
274
274
274
274
274
274
274
274
274
274
274
274
274
274
274
274
274
274
274
274
274
274
274
274
274
274
274
274
274
274
274
274
274
274
274
274
274
274
274
274
274
274
274
274
274
274
274
274
274
274
274
274
274
274
274
274
274
274
274
274
274
274
274
274
274
274
274
274
274
274
274
274
274
274
274
274
274
274
274
274
274
274
274
274
274
274
274
274
274
274
274
274
274
274
274
274
274
274
274
274
274
274
274
274
274
274
274
274
274
274
274
274
274
274
274
274
274
274
274
274
274
274
274
274
274
274
274
274
274
274
274
274
274
274
274
274
274
274
274
274
274
274
274
274
274
274
274
274
274
274
274
274
274
274
274
274
274
274
274
274
274
274
274
274
274
274
274
274
274
274
274
274
274
274
274
274
274
274
274
274
274
274
274
274
274
274
274
274
274
274
274
274
274
274
274
274
274
274
274
274
274
274
274
274
274
274
274
274
274
274
274
274
274
274
274
274
274
274
274
274
274
274
274
274
274
274
274
274
274
274
274
274
274
274
274
274
274
274
274
274
274
274
274
274
274
274
274
274
274
274
274
274
274
274
274
274
274
274
274
274
274
274
274
274
274
274
274
274
274
274
274
274
274
274
274
274
274
274
274
274
274
274
274
274
274
274
274
274
274
274
274
274
274
274
274
274
274
274
274
274
274
274
274
274
274.002
274.002
274.002
274.002
274.002
274.002
274.002
274.002
274.002
274.002
274.002
274.002
274.002
274.002
274.002
274.002
274.002
274.002
274.002
274.002
274.002
274.002
274.002
274.002
274.002
274.002
274.002
274.002
274.002
274.002
274.002
274.002
274.002
274.002
274.002
274.002
274.002
274.002
274.002
274.002
274.002
274.002
274.002
274.002
274.002
274.002
274.002
274.002
274.002
274.002
274.002
274.001
274.001
274.001
274.001
274.001
274.001
274.001
274.001
274.001
274.001
274.001
274.001
274.001
274.001
274.001
274.001
274.001
274.001
274.001
274.001
274.001
274.001
274.001
274.001
274.001
274.001
274.001
274.001
274.001
274.001
274.001
274.001
274.001
274.001
274.001
274.001
274.001
274.001
274.001
274.001
274.001
274.001
274.001
274.001
274.001
274.001
274.001
274.001
274.001
274.001
274.001
274.001
274.001
274.001
274.001
274.001
274.001
274.001
274.001
274.001
274.001
274.001
274.001
274.001
274.001
274.001
274.001
274.001
274.001
274.001
274.001
274.002
274.002
274.002
)
;

boundaryField
{
    wall
    {
        type            zeroGradient;
    }
    inlet
    {
        type            fixedValue;
        value           uniform 3673;
    }
    outlet-1
    {
        type            inletOutlet;
        inletValue      uniform 274;
        value           uniform 274;
    }
    outlet-2
    {
        type            inletOutlet;
        inletValue      uniform 274;
        value           nonuniform List<scalar> 
89
(
274.002
274
274
274
274
274
274
274
274
274
274
274
274
274
274
274
274
274
274
274
274
274
274
274
274
274
274
274
274
274
274
274
274
274
274
274
274
274
274
274
274
274
274
274
274
274
274
274
274
274
274
274
274
274
274
274
274
274
274
274
274
274
274
274
274
274
274
274
274
274
274
274
274
274
274
274
274
274
274
274
274
274
274
274
274
274
274
274
274.002
)
;
    }
    frontAndBackPlanes
    {
        type            empty;
    }
}


// ************************************************************************* //
