/*--------------------------------*- C++ -*----------------------------------*\
| =========                 |                                                 |
| \\      /  F ield         | OpenFOAM: The Open Source CFD Toolbox           |
|  \\    /   O peration     | Version:  2112                                  |
|   \\  /    A nd           | Website:  www.openfoam.com                      |
|    \\/     M anipulation  |                                                 |
\*---------------------------------------------------------------------------*/
FoamFile
{
    version     2.0;
    format      ascii;
    arch        "LSB;label=32;scalar=64";
    class       volScalarField;
    location    "0.00267";
    object      T;
}
// * * * * * * * * * * * * * * * * * * * * * * * * * * * * * * * * * * * * * //

dimensions      [0 0 0 1 0 0 0];

internalField   nonuniform List<scalar> 
13875
(
1411.9
1535.26
1482.67
1486.72
1481.08
1483.43
1483.46
1483.15
1483.71
1483.98
1485.09
1484.91
1484.56
1483.69
1484.14
1484.08
1484.02
1482.33
1483.22
1483.55
1480.89
1487.56
1480.74
1533.47
1398.19
1307.01
1356.11
1319.17
1322.06
1316.6
1317.12
1317.09
1317.76
1321.93
1323.06
1324.61
1324.52
1323.58
1320.87
1323.1
1323.42
1322.52
1317.42
1316.83
1317.16
1316.17
1321.99
1319.68
1356.36
1302
1307.17
1339.83
1314.56
1311
1303.87
1304.24
1303.69
1303.57
1304.86
1306.21
1305.93
1305.36
1305.56
1304.88
1305.88
1306.45
1305.64
1303.31
1303.36
1304.15
1303.52
1310.87
1311.61
1335.93
1296.77
1317.3
1344.87
1315.01
1308.63
1305.02
1304.72
1303.88
1303.7
1303.98
1304.27
1304.93
1304.88
1305.15
1304.95
1305.55
1304.69
1303.84
1303.49
1303.57
1304.51
1304.32
1307.67
1314.05
1343.69
1312.51
1329.46
1341.92
1316.02
1311.62
1303.4
1304.07
1303.9
1303.7
1303.86
1304.35
1305.09
1305.04
1305.42
1305.13
1305.65
1304.78
1303.68
1303.59
1303.72
1304.02
1303.17
1311.55
1312.22
1338.73
1316.88
1332.21
1351.26
1319.22
1309.86
1306.91
1306.13
1304.83
1304.31
1304.38
1304.81
1305.1
1305.31
1305.79
1305.32
1305.71
1304.66
1304.03
1304.2
1304.65
1305.93
1306.18
1308.38
1319.06
1349.21
1326.67
1339.07
1360.43
1329.29
1316.81
1306.88
1306.29
1305.42
1304.93
1304.98
1304.85
1305.7
1305.98
1306.38
1305.88
1306.44
1305.33
1304.48
1304.7
1305.29
1306.24
1306.67
1317.28
1326.04
1358.45
1321.68
1360.55
1385.24
1345.08
1321.53
1316.31
1312.04
1309.03
1307.48
1306.97
1306.39
1306.74
1307.41
1307.6
1307.21
1307.56
1306.31
1306.16
1307.09
1308.62
1311.53
1315.03
1320.76
1341.66
1381.29
1350.34
1536.26
1508.48
1387.85
1351.16
1323.28
1316.43
1312.76
1310.75
1309.76
1309.25
1309.57
1310.32
1310.24
1310.44
1310.3
1308.9
1308.97
1310.11
1312.28
1315.79
1322.01
1348.28
1384.44
1508.01
1522.92
1844.32
1580.15
1433.63
1365.78
1344.61
1328.25
1321.6
1318.26
1316.16
1315.46
1315.72
1316.52
1316.15
1316.89
1316.23
1314.9
1315.41
1317.35
1320.8
1327.88
1340.39
1363.67
1427.74
1568.26
1831.28
2511.92
1805.54
1529.81
1444.05
1363.96
1346.52
1337.17
1332.26
1329.69
1328.93
1329.31
1329.82
1329.42
1330.34
1329.59
1328.42
1329.17
1331.75
1336.23
1345.43
1361.18
1428.07
1515.4
1809.94
2447.39
2880.19
2269.97
1878.32
1510.83
1439.08
1403.29
1377.27
1368.74
1363.06
1361.53
1361.72
1361.61
1361.56
1362.18
1361.81
1361.38
1362.99
1368.6
1376.3
1404.04
1430.16
1489.68
1760
2308.01
2849.14
2839.72
2689.47
2560.97
2350.98
1612.98
1524.06
1499.77
1478.91
1469.05
1466.36
1466.39
1465.48
1467.48
1466.24
1466.58
1467.1
1470.33
1480.41
1499.73
1531
1636.81
2346.33
2420.31
2716.38
2787.89
2743.7
2677.23
2860.49
2835.44
2146.68
2150.44
1966.2
1876.11
1816.14
1799.27
1797.92
1787.45
1798.75
1792.37
1796.41
1802.81
1823.39
1884.79
1998.4
2174.08
2156.25
2847.87
2862.83
2730.56
2710.15
2659.98
2698.71
2835.39
2821.88
2835.57
3040.27
3397.05
3322.95
3508.69
3444.7
3550.83
3478.29
3568.27
3501.17
3535.58
3480.69
3514.24
3368.75
3388.93
3097.7
2866.35
2850.94
2848.42
2706.54
2672.37
2532.75
2612.18
2842.28
2955.71
2983.57
3310.37
3603.79
3700.64
3684.64
3677.99
3637.38
3648.09
3621.4
3649.17
3640.12
3670.12
3690.22
3722.07
3634.02
3395.7
3039.39
2960.99
2867.67
2658.7
2578.97
2466.58
2570.9
2707.81
2912.52
3015.49
3329.98
3578.57
3677.66
3663.68
3658.46
3618.89
3626.6
3606.31
3628.32
3618.99
3651.85
3675.32
3705.03
3623.97
3414.58
3037.58
2959.17
2767.81
2605.46
2493.22
2270.84
2522.71
2824.86
2948.98
2953.01
3184.6
3377.42
3474.38
3493.83
3507.91
3501.55
3502.48
3499.36
3507.07
3504.91
3513.82
3504.67
3485.38
3394.34
3208.87
2985.41
2978.16
2828.46
2517.7
2286.41
2188.51
2273.92
2586.79
2762.25
2741.13
2867.29
3111.91
3303.07
3379.63
3402.99
3407.42
3408.44
3409.44
3414.42
3406.97
3406.12
3398.2
3348.09
3159.85
2907.46
2761.79
2779.34
2624.92
2294.65
2211.24
2284.15
2227.58
2357.73
2511.15
2544.55
2625.09
2839.74
3089.93
3244.21
3305.82
3314.14
3318.62
3318.5
3320.92
3312.75
3312.62
3272.5
3129.21
2866.78
2649.36
2566.39
2538.31
2327.54
2221.44
2309.04
2921.07
2268.86
2175.2
2312.86
2384.29
2465.4
2660.45
2907.83
3091.96
3186.56
3214.17
3218.54
3219.76
3220.69
3213.97
3194.63
3112.88
2927.38
2672.39
2479.64
2401.25
2319.38
2152.93
2245.11
2917.81
2898.71
2050.04
1973.6
2160.99
2256.86
2355.04
2523.88
2759.41
2957.3
3069.24
3101.28
3112.65
3112.34
3113.88
3099.64
3072.93
2968.63
2766.52
2532.06
2370.3
2267.23
2159.41
1967.73
2039
2887.48
2901.73
2059.57
1884.25
2041.91
2154.41
2265.36
2408.46
2624.16
2819.9
2946.46
2992.41
3001.6
3004.61
3002.92
2992.15
2953.7
2834.41
2633.35
2420
2284.37
2166.52
2044.58
1857
2049.99
2977.76
2834.25
2039.79
1870.51
1989.15
2079.62
2181.16
2318
2523.89
2710.36
2832.74
2878.2
2895.92
2896.36
2896.95
2878.19
2841.16
2727.66
2532.28
2325.16
2194.6
2089.5
1991.65
1858.64
2016.6
2822.3
2762.19
2033.2
1898.65
1951.23
2015.34
2099.49
2230.19
2427.74
2602.94
2726.93
2777.48
2789.02
2793.42
2790.66
2778.58
2735.53
2617.39
2431.57
2232.85
2109.76
2034.89
1960.92
1881.31
2031.45
2790.15
2733.3
2055.63
1917.57
1939.83
1968.84
2033.64
2162.42
2348.65
2513.81
2628.34
2673.09
2691.48
2692.31
2692.82
2673.01
2636.88
2533.87
2358.31
2167.34
2041.32
1981.03
1952.68
1899.86
2036.73
2727.04
2703.86
2084.91
1941.88
1929.94
1925.6
1976.11
2099.09
2274.47
2428.66
2539.1
2585.02
2593.36
2597.99
2594.04
2584.3
2544.61
2445.95
2284.01
2102.75
1982.64
1940.98
1944.77
1935.35
2079.58
2716.83
2705.63
2148.94
1981.43
1930.81
1898.06
1937.51
2058.16
2220.93
2363.46
2455.65
2491.11
2506.18
2507.17
2507.63
2488.68
2458.23
2375.52
2226.45
2058.37
1939.44
1908.49
1945.14
1967.2
2136.84
2720.01
2736.51
2159.18
1979.24
1922.63
1882.97
1904.64
2009.86
2159.61
2289.02
2375.51
2414.07
2418.29
2423.89
2418.09
2413.61
2378.37
2304.65
2172.39
2016.55
1912.02
1897
1936.54
1983.84
2122.96
2716.12
2790.31
2176.85
2000.81
1930
1868.36
1886.51
1991.05
2125.23
2238.84
2305.29
2330.68
2343.16
2343.31
2342.79
2326.84
2304.28
2245.74
2130.96
1991.84
1889.35
1877.98
1940.38
1996.01
2155.72
2761.91
2756.35
2175.66
1985.91
1922.32
1850.19
1877.22
1963.87
2081.79
2176.79
2232.91
2266.21
2263.5
2270.92
2264.17
2263.91
2233.28
2183.37
2085.68
1961.44
1877.45
1862.47
1931.88
1995.36
2156.51
2755.02
2753.59
2182.16
2018.22
1933.21
1842.35
1861.69
1949.06
2053.88
2133.19
2175.14
2191.19
2200.04
2200.52
2200.14
2187.19
2173.61
2139.01
2061.16
1949.05
1862.74
1855.46
1933.25
2006.34
2164.54
2723.7
2727.7
2180.5
2030.9
1915.37
1835.1
1856.05
1930.03
2015.01
2079.64
2110.3
2138.85
2130.05
2138.31
2130.62
2135.39
2110.29
2082.91
2019.79
1928.37
1852.36
1844.47
1928.86
2026.89
2162.3
2716.84
2698.02
2173.24
2077.74
1941.95
1840.74
1843.05
1920.16
1994.2
2044.56
2065.1
2073.67
2076.77
2077.42
2077.59
2068.37
2063.38
2047.37
1999.39
1915.81
1837.46
1846.7
1939.6
2061.29
2165.23
2691.62
2693.18
2182.21
2102.42
1929.43
1847.66
1838.2
1898.64
1956.96
1993.49
2007
2031.23
2016.28
2024.56
2016.57
2027.32
2007.57
1997.05
1967.37
1905.6
1831.22
1857.86
1942.56
2120.45
2161.37
2669.44
2666.69
2174.03
2099.3
1961.98
1864.69
1832.62
1888.32
1938.34
1966.12
1973.44
1975.67
1973.48
1973.05
1973.66
1969.38
1971.87
1968.33
1944.03
1890.95
1825.9
1869.46
1968.05
2117.87
2167.82
2642.52
2636.33
2161
2093.22
1976.27
1877.5
1842.09
1874.18
1903.87
1919.23
1920.94
1942.25
1920.42
1929.26
1921.25
1937.86
1922.78
1921.29
1914.39
1886.03
1828.17
1879.19
1993.56
2114.51
2154.03
2616.61
2614.86
2145.17
2090.66
2040.3
1904.27
1851.92
1867
1887.03
1895.68
1895.36
1894.37
1887.62
1886.24
1888.18
1887.98
1894.67
1899.03
1890.38
1881.92
1850.44
1899.17
2050.94
2106.69
2136.86
2585.46
2595.93
2135.36
2075.73
2030.91
1920.13
1870.77
1865.27
1859.2
1854.6
1846.81
1867.08
1841.37
1850.5
1842.73
1861.96
1849.67
1857.66
1868.65
1882.03
1867.47
1925.44
2049.19
2091.39
2121.09
2572.52
2566.66
2114.4
2048.2
2035.72
1967.61
1888.3
1879.49
1848.77
1838.9
1830.63
1826.3
1815.66
1814.63
1817.26
1819.2
1829.63
1841.86
1852.04
1895.23
1890.06
1966.86
2044.4
2056.65
2112.83
2549.56
2555.03
2109.46
2017.19
2018.66
2025.2
1921.79
1893.36
1835.57
1806.81
1786.59
1804.29
1775.85
1785.01
1777.1
1798.71
1788.7
1811.96
1844.62
1915.49
1916.75
2033.41
2036.21
2024.61
2095.11
2528.88
2528.41
2097.31
1992.26
2011.33
2028.94
1948.28
1897.63
1849.67
1801.96
1782.14
1769.7
1756.62
1755.13
1757.31
1763.03
1782.03
1806.4
1850.37
1926.03
1962.6
2032.26
2018.79
2000.82
2090.98
2508
2509.03
2087.36
1972.94
1973.84
2013.94
2012.31
1922.51
1853.97
1786.48
1743.27
1753.3
1721.54
1730.75
1723.14
1748.1
1745.64
1793.36
1856.82
1951.96
2025.69
2012.65
1985.03
1982.25
2084.4
2493.11
2477.99
2080.95
1957.59
1948.1
2003.21
2045.98
1943.74
1873.48
1797.49
1760.74
1728.28
1708.31
1706.06
1709.71
1721.83
1761.57
1799.95
1868.43
1989.84
2047.65
2000.59
1956.37
1965.91
2067.94
2463.84
2463.85
2077.45
1950.61
1915.51
1966.34
2028.61
2001.62
1888.76
1797.31
1724.99
1722.49
1680.73
1687.61
1682.74
1718.16
1730.64
1807.32
1890.57
2064.35
2034.79
1953.76
1927.72
1959.14
2067.65
2450.11
2432.9
2056.3
1936.65
1900.21
1935.87
2016.14
2081.1
1944.58
1812.98
1766.57
1717.9
1682.56
1673.55
1683.09
1709.75
1765.21
1819.59
1930.26
2085.29
2008.92
1926.65
1906.83
1947.95
2052.63
2420.05
2419.77
2055.24
1935.88
1879.32
1898.27
1988.9
2060.61
2024.34
1835.46
1733.27
1722.91
1667.06
1668.83
1669.03
1717.45
1736.45
1844.71
2012.78
2070.65
1978.09
1892.31
1892.38
1943.76
2044.23
2409.36
2383.15
2034.34
1921.18
1874.78
1881.79
1947.22
2046.1
2069.07
1883.57
1784.76
1721.27
1683.82
1670.01
1685.97
1714.25
1784.21
1899.58
2057.5
2051.13
1932.29
1878.35
1881.74
1930.78
2028.04
2364.53
2352.91
2023.53
1914.78
1858.85
1858.91
1918.59
2016.39
2051
1988.87
1764.99
1736.46
1668.5
1673.06
1671.01
1731.49
1768.41
2006.57
2046.4
2024.36
1903.68
1856.95
1873.28
1923.41
2016.41
2338.08
2214.37
1975.17
1889
1855.03
1854.27
1883.03
1977.24
2037.63
2015.09
1868.62
1754.31
1696.68
1680.9
1697.97
1747.29
1861.29
2008.52
2030.69
1984.2
1873.22
1852.57
1861.54
1898.1
1966.5
2197.24
281.979
286.647
287.709
288.579
289.206
289.768
290.309
291.024
292.093
293.521
295.479
297.888
300.371
302.239
301.821
292.333
281.049
276.507
274.819
274.264
274.083
274.027
274.009
274.003
273.999
274
273.996
274.001
273.996
274.001
284.903
286.282
286.391
286.856
287.35
287.893
288.455
289.135
290.108
291.544
293.639
296.308
299.408
302.62
305.976
308.792
301.769
283.735
277.169
274.919
274.271
274.079
274.022
274.006
273.999
274
273.993
274.001
273.989
274.011
286.205
286.754
286.339
286.688
287.012
287.533
288.104
288.783
289.765
291.33
293.68
296.681
300.223
304.059
307.788
311.222
313.19
304.751
283.821
276.9
274.788
274.217
274.056
274.014
274
274.001
273.993
274.001
273.992
274.009
286.647
286.845
285.996
286.36
286.47
286.965
287.508
288.113
288.98
290.494
292.945
296.247
300.172
304.21
308.053
311.494
314.595
316.437
306.362
283.314
276.475
274.631
274.16
274.038
274.005
274.002
273.995
274.001
273.995
274.006
286.739
286.229
285.278
285.618
285.554
286.126
286.727
287.418
288.213
289.491
291.668
294.666
298.453
302.949
307.587
311.55
314.783
317.828
319.461
306.001
282.22
275.976
274.476
274.113
274.022
274.005
273.997
274.001
273.996
274.004
285.974
284.938
284.345
284.436
284.367
284.997
285.693
286.488
287.217
288.192
290.089
292.913
296.542
300.812
305.727
310.716
314.879
318.156
321.166
322.332
302.733
280.667
275.48
274.341
274.072
274.015
273.999
274.001
273.998
274.003
284.805
283.589
283.269
283.12
283.111
283.759
284.516
285.377
286.051
286.756
288.255
290.986
294.585
298.758
303.525
308.885
314.145
318.34
321.628
324.585
324.795
296.811
278.984
275.053
274.227
274.047
274.005
274.002
273.998
274.002
283.563
282.464
282.207
281.967
281.995
282.653
283.413
284.26
284.889
285.435
286.491
288.917
292.631
296.83
301.525
306.72
312.454
317.831
321.921
325.286
327.946
325.875
290.446
277.464
274.705
274.147
274.026
274.005
273.999
274.002
282.47
281.891
281.714
281.371
281.443
281.85
282.466
283.195
283.758
284.213
284.935
286.934
290.638
294.973
299.711
304.79
310.38
316.4
321.727
325.666
329.209
331.148
322.048
285.202
276.255
274.45
274.088
274.017
274.001
274.002
281.966
281.821
281.716
281.381
281.494
281.727
282.027
282.476
282.844
283.117
283.434
285.288
288.622
293.216
298.056
303.144
308.565
314.537
320.694
325.813
329.696
333.314
334.397
312.2
281.429
275.407
274.271
274.052
274.008
274.003
281.843
281.95
282.053
281.787
281.872
282.029
282.296
282.638
282.889
283.001
283.129
284.009
286.966
291.523
296.594
301.755
307.132
312.881
319.192
325.317
330.119
334.132
337.523
337.168
299.601
278.591
274.841
274.157
274.028
274.007
281.824
282.198
282.56
282.536
282.683
282.898
283.083
283.297
283.372
283.395
283.504
283.812
285.899
290.03
295.427
300.653
306.075
311.686
317.8
324.33
330.165
334.67
338.858
341.437
335
288.558
276.665
274.48
274.085
274.018
281.959
282.598
283.026
283.507
284.091
284.56
284.751
284.619
284.183
284.086
284.024
284.121
285.507
289.009
294.463
299.82
305.341
310.946
316.859
323.26
329.677
335.102
339.485
343.679
345.002
321.65
282.579
275.483
274.26
274.051
282.103
282.792
283.342
284.423
285.607
286.417
286.841
286.128
285.266
284.753
284.586
284.662
285.503
288.464
293.572
299.12
304.743
310.436
316.286
322.39
328.851
334.984
340.05
344.644
348.562
347.985
303.827
278.756
274.791
274.149
282.434
283.095
283.78
285.034
286.372
287.266
287.81
287.132
286.194
285.52
285.218
285.307
285.481
288.006
292.545
298.341
304.025
309.836
315.702
321.657
328.004
334.446
340.346
345.234
350.248
353.073
343.665
288.944
276.462
274.443
282.606
283.423
284.164
285.498
286.964
287.974
288.717
288.223
287.341
286.279
285.85
285.802
285.763
287.806
291.711
297.543
303.288
309.166
315.073
320.98
327.266
333.743
340.23
345.957
351.021
355.873
356.401
324.234
281.861
275.337
283.27
283.981
284.758
286.115
287.757
289.016
290.032
289.909
288.862
287.876
287.43
287.184
287.104
288.138
291.508
297.237
303.006
308.81
314.635
320.471
326.592
333.014
339.839
346.285
351.866
357.462
361.32
358.37
300.508
278.159
283.461
284.498
285.34
287.345
289.737
291.758
293.493
293.634
292.527
291.41
290.651
289.987
289.531
289.353
292.246
297.635
303.312
308.88
314.558
320.329
326.231
332.636
339.459
346.34
352.577
358.26
363.72
364.485
342.252
286.789
284.179
285.322
286.93
290.916
295.213
298.634
301.269
301.383
299.618
297.82
296.126
294.672
293.427
292.276
293.949
298.982
304.392
309.561
315.022
320.641
326.347
332.819
339.41
346.333
353.153
359.196
365.079
369.449
369.172
316.351
284.368
286.445
290.586
299.155
308.206
314.069
317.528
315.741
312.727
309.021
305.702
302.611
299.305
297.199
297.871
301.739
307.025
311.683
316.481
321.745
327.271
333.641
339.978
346.577
353.514
360.153
366.24
372.874
376.86
366.333
285.354
289.082
299.756
321.045
339.25
347.167
348.013
344.781
338.058
329.995
322.083
315.398
309.787
305.84
304.62
306.965
311.556
315.351
319.231
323.937
329.161
334.893
341.159
347.451
353.904
360.774
367.039
374.768
385.83
407.4
284.43
295.34
324.695
379.947
409.844
413.636
404.664
395.53
379.362
360.728
346.915
335.972
326.419
319.228
315.309
315.286
318.339
320.748
323.496
327.191
331.805
336.819
342.549
348.813
354.882
361.605
366.69
376.465
396.544
444.102
293.334
311.979
398.702
503.949
532.832
511.753
489.654
466.082
434.639
403.301
381.845
365.069
350.51
338.733
330.97
327.587
327.551
327.513
329.066
331.458
335.032
339.476
344.424
350.268
356.682
362.559
368.624
380.964
410.16
475.864
276.609
371.338
586.924
665.137
681.234
625.955
603.385
556.082
503.338
459.065
427.38
401.888
380.561
362.707
348.04
338.991
336.93
335.378
335.346
336.676
339.202
342.82
347.324
352.525
358.471
364.626
371.646
387.03
425.265
503.794
308.424
541.159
817.815
826.421
835.803
784.735
726.39
666.739
579.488
524.297
481.888
445.079
414.86
388.517
367.145
353.618
350.247
346.792
344.776
344.03
344.849
347.18
350.975
355.603
360.903
366.716
375.467
394.242
440.484
527.072
274.001
273.996
274.001
273.996
274
273.999
274.003
274.009
274.026
274.082
274.26
274.807
276.468
280.945
292.051
301.669
302.16
300.315
297.844
295.439
293.481
292.054
290.985
290.271
289.731
289.171
288.547
287.68
286.617
281.956
274.011
273.989
274.001
273.993
274
273.999
274.006
274.022
274.078
274.267
274.905
277.115
283.581
301.397
308.711
305.929
302.576
299.367
296.271
293.603
291.508
290.072
289.098
288.419
287.858
287.318
286.826
286.364
286.257
284.885
274.009
273.992
274.001
273.993
274.001
274
274.014
274.056
274.214
274.776
276.847
283.654
304.331
313.088
311.158
307.737
304.018
300.189
296.647
293.648
291.298
289.731
288.747
288.068
287.498
286.98
286.657
286.31
286.725
286.177
274.006
273.995
274.001
273.995
274.002
274.005
274.037
274.158
274.62
276.427
283.142
305.881
316.328
314.52
311.429
308.002
304.171
300.141
296.22
292.919
290.464
288.947
288.077
287.472
286.929
286.435
286.324
285.961
286.814
286.611
274.004
273.996
274.001
273.997
274.005
274.021
274.111
274.468
275.935
282.056
305.453
319.338
317.739
314.704
311.486
307.538
302.911
298.418
294.631
291.633
289.453
288.173
287.376
286.684
286.084
285.512
285.575
285.233
286.185
286.702
274.003
273.998
274
273.999
274.014
274.071
274.334
275.449
280.523
302.102
322.177
321.061
318.066
314.805
310.659
305.684
300.772
296.505
292.875
290.05
288.148
287.17
286.441
285.646
284.949
284.318
284.385
284.29
284.885
285.929
274.002
273.998
274.001
274.005
274.046
274.223
275.03
278.865
296.209
324.574
324.458
321.527
318.254
314.079
308.832
303.475
298.709
294.538
290.938
288.206
286.7
285.994
285.322
284.463
283.704
283.053
283.06
283.207
283.523
284.744
274.002
273.999
274.005
274.025
274.144
274.689
277.377
289.954
325.449
327.781
325.167
321.817
317.75
312.388
306.661
301.466
296.771
292.574
288.858
286.427
285.362
284.817
284.194
283.35
282.587
281.929
281.899
282.137
282.387
283.485
274.002
274.001
274.016
274.086
274.44
276.195
284.904
321.255
330.964
329.079
325.547
321.631
316.326
310.315
304.728
299.65
294.914
290.583
286.87
284.851
284.117
283.661
283.112
282.394
281.794
281.389
281.311
281.639
281.808
282.375
274.003
274.008
274.051
274.264
275.37
281.22
311.174
334.197
333.179
329.57
325.701
320.608
314.461
308.491
303.073
297.988
293.151
288.562
285.178
283.368
283.078
282.817
282.449
281.999
281.697
281.455
281.333
281.648
281.745
281.901
274.007
274.027
274.153
274.818
278.455
298.743
336.881
337.376
334.017
329.996
325.224
319.12
312.813
307.065
301.691
296.54
291.474
286.924
283.955
283.133
283.019
282.917
282.652
282.298
282.018
281.862
281.768
282.016
281.907
281.817
274.018
274.083
274.467
276.584
288.079
334.149
341.266
338.755
334.554
330.067
324.266
317.742
311.63
306.024
300.61
295.399
290.011
285.903
283.837
283.549
283.437
283.419
283.346
283.126
282.94
282.727
282.572
282.584
282.214
281.815
274.05
274.253
275.44
282.315
320.427
344.821
343.582
339.388
335.001
329.614
323.226
316.829
310.925
305.328
299.813
294.481
289.04
285.568
284.202
284.096
284.165
284.263
284.716
284.835
284.669
284.205
283.622
283.134
282.693
282.028
274.145
274.768
278.605
302.759
347.735
348.456
344.581
339.954
334.922
328.834
322.392
316.296
310.456
304.775
299.156
293.634
288.537
285.569
284.769
284.683
284.842
285.417
286.348
287.15
286.72
285.897
284.68
283.547
282.977
282.266
274.431
276.386
288.462
342.707
352.949
350.193
345.171
340.294
334.436
328.022
321.688
315.747
309.893
304.106
298.421
292.641
288.085
285.398
285.389
285.302
285.627
286.38
287.394
288.224
287.647
286.737
285.377
284.084
283.358
282.686
275.298
281.617
322.925
356.27
355.827
350.993
345.906
340.217
333.77
327.311
321.039
315.14
309.229
303.352
297.611
291.767
287.867
285.843
285.769
285.916
286.432
287.557
288.478
289.183
288.425
287.39
285.887
284.563
283.794
282.906
278.032
299.474
358.093
361.283
357.449
351.831
346.27
339.865
333.062
326.644
320.512
314.668
308.825
303.014
297.249
291.481
288.162
287.253
287.362
287.732
288.293
289.438
290.423
290.665
289.606
288.251
286.559
285.213
284.461
283.703
286.431
341.216
364.434
363.714
358.244
352.56
346.367
339.505
332.677
326.26
320.339
314.561
308.875
303.294
297.615
292.148
289.471
289.759
290.276
291.036
291.937
293.268
294.498
294.103
292.282
290.238
287.784
285.781
285.043
284.012
315.16
368.976
369.403
365.096
359.185
353.172
346.387
339.45
332.837
326.349
320.627
315.009
309.555
304.374
298.959
293.898
292.521
293.693
295.033
296.56
298.384
300.419
302.408
301.96
299.211
295.565
291.337
287.406
285.928
284.819
365.375
376.833
372.899
366.248
360.169
353.553
346.63
340.012
333.664
327.259
321.72
316.453
311.675
306.961
301.811
297.989
297.645
299.678
303.091
306.239
309.958
313.657
316.804
318.452
314.939
308.732
299.644
291.128
287.073
285.005
406.787
385.789
374.821
367.076
360.816
353.873
347.472
341.178
334.902
329.129
323.888
319.176
315.288
311.443
307.095
304.86
306.351
310.375
316.205
322.819
331.139
339.232
346.261
349.39
348.6
340.803
322.413
300.652
289.725
285.892
443.787
396.431
376.519
366.739
361.647
354.968
348.815
342.559
336.778
331.752
327.113
323.412
320.641
318.18
315.412
315.55
319.776
327.164
337.158
347.988
362.502
380.879
397.416
406.914
415.75
413.409
384.101
326.765
296.134
284.767
475.767
410.115
380.975
368.675
362.603
356.726
350.301
344.393
339.432
334.953
331.313
328.884
327.323
327.309
327.651
331.175
339.327
351.34
366.786
383.1
406.29
436.872
468.568
492.748
513.708
538.574
510.757
404.761
313.45
293.867
503.917
425.285
387.077
371.687
364.669
358.496
352.508
347.272
342.724
339.032
336.444
335.074
335.122
336.728
339.113
348.471
363.346
381.46
404.212
428.677
462.673
508.347
558.404
606.797
631.084
689.815
675.254
598.663
375.577
277.068
527.38
440.576
394.296
375.515
366.774
360.895
355.543
350.885
347.03
344.538
343.598
344.312
346.488
350.081
353.907
367.768
389.544
415.973
447.603
483.646
526.946
587.3
670.834
728.81
789.627
849.294
840.548
830.969
547.601
309.74
274.002
274.002
274.002
274.002
274.002
274.002
274.002
274.002
274.002
274.002
274.002
274.002
274.002
274.002
274.002
274.002
274.002
274.002
274.002
274.002
274.002
274.002
274.002
274.002
274.002
274.002
274.002
274.002
274.002
274.002
274.002
274.002
274.002
274.002
274.002
274.002
274.002
274.002
274.002
274.002
274.002
274.002
274.002
274.002
274.002
274.002
274.002
274.002
274.002
274.002
274.002
274.002
274.002
274.002
274.002
274.002
274.002
274.002
274.002
274.002
274.003
274.014
274.152
275.796
294.678
425.234
654.083
807.176
898.205
967.246
1024.39
1072.65
1119.15
1145.38
1150.82
1150.58
1148.48
1141.46
1128.8
1105.64
1074.94
1042.6
1011.8
984.514
960.094
937.357
916.332
896.548
877.668
859.786
842.924
827.003
811.801
797.273
783.356
769.954
756.839
743.736
730.638
717.559
705.67
694.667
683.76
673.145
662.978
653.088
643.628
634.962
626.976
619.4
612.503
605.926
600.011
594.735
589.758
585.038
581.188
580.945
581.137
581.537
581.556
579.987
575.834
563.489
545.964
274.001
274.001
274.001
274.001
274.001
274.001
274.001
274.001
274.001
274.001
274.001
274.001
274.001
274.001
274.001
274.001
274.001
274.001
274.001
274.001
274.001
274.001
274.001
274.001
274.001
274.001
274.001
274.001
274.001
274.001
274.001
274.001
274.001
274.001
274.001
274.001
274.001
274.001
274.001
274.001
274.001
274.001
274.001
274.001
274.001
274.001
274.001
274.001
274.001
274.001
274.001
274.001
274.001
274.001
274.001
274.001
274.001
274.001
274.001
274.002
274.023
274.33
278.805
342.479
585.689
741.32
778.768
795.953
822.907
857.291
893.305
934.149
977.56
1017.28
1046.87
1067.3
1081.33
1091.59
1099.47
1111.67
1126.66
1123.36
1114.08
1098.9
1079.87
1058.77
1036.46
1014.23
991.62
968.788
947.517
927.473
907.697
888.471
869.866
852.064
835.004
818.295
801.832
786.07
771.644
758.4
746.232
735.16
724.781
714.654
704.627
694.381
684.069
673.438
663.225
653.09
643.882
635.144
626.809
618.499
607.515
592.565
573.929
552.348
528.757
505.333
486.198
471.185
455.958
274
274
274
274
274
274
274
274
274
274
274
274
274
274
274
274
274
274
274
274
274
274
274
274
274
274
274
274
274
274
274
274
274
274
274
274
274
274
274
274
274
274
274
274
274
274
274
274
274
274
274
274
274
274
274
274
274
274
274.002
274.038
274.658
285.504
426.132
710.072
783.114
783.079
783.152
787.192
798.983
813.722
830.079
843.111
856.394
868.379
880.271
895.881
910.946
925.275
940.479
956.078
976.521
1000.13
1020.66
1041.86
1058.86
1069.59
1075.58
1076.96
1075.68
1068.93
1057.95
1044.57
1029.43
1012.44
991.853
970.966
950.926
932.188
914.565
897.845
882.111
867.277
853.043
839.54
826.216
812.732
798.942
784.43
768.936
750.794
730.41
707.27
682.094
653.987
624.027
592.055
560.848
532.201
506.003
482.185
460.849
442.275
426.594
413.617
403.067
274
274
274
274
274
274
274
274
274
274
274
274
274
274
274
274
274
274
274
274
274
274
274
274
274
274
274
274
274
274
274
274
274
274
274
274
274
274
274
274
274
274
274
274
274
274
274
274
274
274
274
274
274
274
274
274
274
274.003
274.057
275.163
297.382
521.769
770.77
796.989
793.461
792.415
794.152
799.286
806.731
814.471
821.922
826.391
833.083
840.619
846.634
856.842
864.695
871.13
877.909
885.035
891.868
897.105
903.289
909.932
914.935
919.2
923.109
925.869
928.11
929.177
930.145
930.903
930.088
930.901
935.936
939.026
938.465
934.282
928.078
918.623
906.266
890.811
872.218
849.853
824.68
796.566
765.338
731.12
694.52
659.852
628.483
597.783
568.876
541.941
517.052
494.233
474.341
456.67
440.003
424.662
411.713
401.311
392.743
385.497
379.844
274
274
274
274
274
274
274
274
274
274
274
274
274
274
274
274
274
274
274
274
274
274
274
274
274
274
274
274
274
274
274
274
274
274
274
274
274
274
274
274
274
274
274
274
274
274
274
274
274
274
274
274
274
274
274
274
274.003
274.075
275.809
315.413
607.671
797.196
805.098
802.209
803.453
806.645
812.42
819.304
826.168
833.518
838.334
843.246
847.747
851.565
856.277
863.402
868.303
872.869
874.572
875.092
873.624
869.654
867.243
865.578
863.525
861.247
858.627
854.601
850.022
845.397
841.733
838.483
833.454
827.585
822.503
817.579
812.125
805.92
798.717
789.806
778.882
765.745
750.048
731.3
710.185
687.132
662.968
638.036
612.619
587.597
562.944
538.464
515.815
494.658
475.662
457.427
441.245
427.222
414.658
403.116
392.79
384.384
377.885
372.757
368.821
274
274
274
274
274
274
274
274
274
274
274
274
274
274
274
274
274
274
274
274
274
274
274
274
274
274
274
274
274
274
274
274
274
274
274
274
274
274
274
274
274
274
274
274
274
274
274
274
274
274
274
274
274
274
274
274.003
274.089
276.439
337.289
668.789
809.197
811.59
810.141
813.104
818.357
825.502
832.813
839.785
846.332
854.56
861.94
873.152
885.996
900.67
919.037
936.471
952.93
966.94
970.353
967.926
965.931
962.758
954.526
947.091
936.9
926.672
913.222
897.445
880.983
866.615
852.465
840.151
827.274
815.738
806.11
797.648
789.128
780.831
772.233
763.15
753.117
741.793
728.566
712.469
693.711
672.419
649.34
625.128
600.489
576.328
552.099
528.164
506.062
485.631
467.286
449.036
433.109
419.162
407.162
396.958
387.533
378.951
372.563
368.133
364.155
274
274
274
274
274
274
274
274
274
274
274
274
274
274
274
274
274
274
274
274
274
274
274
274
274
274
274
274
274
274
274
274
274
274
274
274
274
274
274
274
274
274
274
274
274
274
274
274
274
274
274
274
274
274
274.003
274.091
276.793
353.584
703.641
816.558
816.989
817.137
822.425
828.981
836.288
843.823
850.728
859.137
869.149
883.375
902.61
930.284
962.572
998.934
1040.05
1075.31
1099.42
1119.92
1131.07
1133.29
1130.96
1121.16
1105.77
1088.05
1066.89
1046.74
1027.86
1007.36
985.588
964.964
944.943
929.237
914.09
901.741
890.854
881.368
870.833
860.677
849.914
838.844
827.433
814.934
800.161
781.894
759.996
734.798
706.675
676.185
644.567
613.907
583.724
554.344
527.341
502.392
480.501
458.906
440.535
424.17
410.012
398.13
387.658
378.219
369.912
363.866
359.408
274
274
274
274
274
274
274
274
274
274
274
274
274
274
274
274
274
274
274
274
274
274
274
274
274
274
274
274
274
274
274
274
274
274
274
274
274
274
274
274
274
274
274
274
274
274
274
274
274
274
274
274
274
274.002
274.081
276.683
356.021
715.623
821.322
821.43
823.391
830.792
838.302
845.879
853.508
861.115
871.112
886.357
906.067
936.109
978.958
1036.6
1103.89
1180.01
1258.36
1326.19
1371.18
1397.34
1404.74
1397.53
1384.19
1360.09
1332.83
1306.1
1276.12
1248.35
1220.36
1189.97
1157.03
1125.99
1098.15
1073.89
1051.35
1033.31
1017.83
1005.24
992.428
980.434
968.469
956.588
944.866
932.105
917.596
898.962
875.007
845.152
809.732
770.014
727.933
686.347
645.294
605.877
569.818
536.79
507.583
479.271
455.861
435.065
417.35
402.606
389.996
379.041
369.578
361.341
355.421
274
274
274
274
274
274
274
274
274
274
274
274
274
274
274
274
274
274
274
274
274
274
274
274
274
274
274
274
274
274
274
274
274
274
274
274
274
274
274
274
274
274
274
274
274
274
274
274
274
274
274
274
274.002
274.061
276.164
344.002
706.621
823.904
824.998
828.112
836.945
846.801
853.695
863.584
873.094
885.866
905.704
933.337
973.343
1035.76
1119.36
1227.07
1354.84
1493.03
1599.33
1651.01
1667.5
1668.57
1656.16
1632.05
1608.03
1591.17
1573.09
1539.81
1499.87
1462.34
1425.85
1388.36
1349.03
1312.28
1278.03
1249.45
1220.49
1196.5
1176.6
1161.12
1146.02
1130.85
1116.49
1103.3
1090.06
1076.23
1061.48
1043.57
1019.63
989.462
951.1
904.135
850.554
795.08
738.706
684.009
634.391
589.688
550.035
511.685
480.562
453.186
430.49
411.696
395.54
382.063
370.83
360.939
352.94
274
274
274
274
274
274
274
274
274
274
274
274
274
274
274
274
274
274
274
274
274
274
274
274
274
274
274
274
274
274
274
274
274
274
274
274
274
274
274
274
274
274
274
274
274
274
274
274
274
274
274
274.001
274.039
275.482
323.593
677.07
825.151
828.04
831.465
840.829
852.386
862.184
871.067
881.079
895.134
919.806
956.265
1009.44
1089.59
1204.31
1355.33
1546.17
1700.82
1756.92
1765.32
1762.87
1757.26
1751.55
1733.1
1709.47
1688.53
1682.22
1681.59
1665.09
1640.01
1616.38
1592.33
1559.75
1524.96
1490.28
1455.6
1427.44
1398.18
1370.09
1346.66
1328.44
1310.88
1291.28
1271.88
1253.02
1234.62
1215.31
1196.44
1178.45
1158.55
1133.56
1100.63
1055.48
997.516
933.764
865.722
795.646
729.252
668.124
613.409
560.976
518.458
481.313
451.383
426.743
405.487
388.151
374.297
362.369
352.455
274
274
274
274
274
274
274
274
274
274
274
274
274
274
274
274
274
274
274
274
274
274
274
274
274
274
274
274
274
274
274
274
274
274
274
274
274
274
274
274
274
274
274
274
274
274
274
274
274
274
274.001
274.021
274.872
303.484
623.548
825.563
831.296
834.023
843.043
855.226
866.684
876.051
886.558
903.435
931.952
975.978
1038.57
1132.35
1270.68
1466.6
1701.54
1810.69
1826.2
1813.07
1794.34
1786.06
1788.8
1799.21
1798.67
1780.31
1758.88
1741.64
1742.86
1733.1
1708.58
1690.95
1672.23
1645.86
1619.65
1596.38
1573.74
1555.55
1535.14
1510.75
1487.21
1468.08
1448.62
1424.61
1400.07
1375.64
1353.04
1330.2
1307.14
1284.17
1261.15
1236.03
1208.05
1179.15
1135.51
1076.64
1008.28
930.253
850.168
773.193
702.763
633.081
573.878
522.179
481.533
449.084
421.425
398.543
380.32
365.744
353.398
274
274
274
274
274
274
274
274
274
274
274
274
274
274
274
274
274
274
274
274
274
274
274
274
274
274
274
274
274
274
274
274
274
274
274
274
274
274
274
274
274
274
274
274
274
274
274
274
274
274
274.01
274.44
289.134
541.761
820.615
834.38
836.056
844.849
857.49
869.316
879.209
890.327
907.411
938.111
988.266
1059.84
1162.46
1313.99
1533.25
1772.72
1852.25
1854.35
1848.18
1825.36
1813.81
1829.14
1866.57
1919.64
1956.4
1959.8
1942.47
1908.52
1888.47
1861.46
1823.46
1780.37
1747.8
1718.4
1694.54
1677.97
1662.22
1645.92
1626.78
1603.31
1580.12
1558.83
1534.59
1506.23
1478.26
1448.5
1418.95
1389.36
1360.65
1332.03
1305.84
1280.8
1255.47
1234.82
1210.3
1174.5
1125.11
1058.25
979.453
894.901
812.237
725.454
648.49
578.816
523.429
479.727
443.282
413.69
390.003
371.443
356.835
274
274
274
274
274
274
274
274
274
274
274
274
274
274
274
274
274
274
274
274
274
274
274
274
274
274
274
274
274
274
274
274
274
274
274
274
274
274
274
274
274
274
274
274
274
274
274
274
274
274.004
274.185
280.629
444.979
793.51
836.093
837.369
844.964
857.121
869.966
880.554
892.028
909.539
940.646
992.108
1068.69
1177.11
1331.64
1551.12
1787.04
1863.61
1866.86
1868.64
1862.23
1855.96
1875.91
1926.08
2015.28
2077.05
2072.85
2062.68
2034.88
2009.71
1989.41
1973.55
1951.65
1929.44
1895.42
1860.12
1828.81
1801.85
1776.8
1752.98
1729.47
1697.33
1672.18
1650.63
1618.1
1582.02
1545.93
1503.68
1466.16
1427.11
1391.79
1358.46
1329.2
1302.22
1276
1254.81
1239.27
1217.39
1186.66
1143.93
1080.97
1002.21
921.262
827.416
738.086
651.424
578.619
519.778
471.863
434.116
403.907
380.041
361.635
274
274
274
274
274
274
274
274
274
274
274
274
274
274
274
274
274
274
274
274
274
274
274
274
274
274
274
274
274
274
274
274
274
274
274
274
274
274
274
274
274
274
274
274
274
274
274
274
274.001
274.064
276.469
357.564
729.118
836.176
838.433
843.708
855.023
868.401
880.495
892.582
909.707
939.111
988.677
1064.92
1172.62
1324.62
1533.42
1767.67
1858.31
1870.55
1872.31
1878.49
1880.68
1885.74
1911.86
1979.62
2107.21
2142.21
2077.15
2043.83
2010.17
1989.2
2003.22
1991.33
1984.7
1986.42
1984.27
1974.19
1958.2
1941.69
1927.37
1911.18
1889.21
1864.01
1836.29
1811.5
1777.57
1740.95
1697.83
1651.97
1608.36
1554.13
1498.21
1442.95
1396.2
1353.66
1313.23
1279.34
1253.15
1231.28
1214.48
1187.78
1144.24
1085.43
1015.96
924.737
825.513
721.38
632.244
560.64
504.107
459.256
422.91
392.341
368.407
274
274
274
274
274
274
274
274
274
274
274
274
274
274
274
274
274
274
274
274
274
274
274
274
274
274
274
274
274
274
274
274
274
274
274
274
274
274
274
274
274
274
274
274
274
274
274
274.001
274.019
274.829
301.43
614.518
831.283
839.966
843.035
852.128
865.003
878.229
891.361
908.123
936.207
981.235
1050.39
1150.91
1293.03
1490.24
1733.94
1852.57
1864.14
1855.84
1855.8
1870.54
1885
1883.7
1908.73
1982.88
2092.5
2081.15
1918.28
1880
1859.83
1889.88
1941.17
1961.47
1981.2
1991.61
1994.53
1990.53
1987.67
1988.12
1990.29
1990.91
1988.52
1984.77
1972.48
1956.94
1937.18
1914.73
1885.66
1853.66
1817.85
1770.76
1718.13
1652.46
1585.32
1504.31
1429.35
1366.46
1317.77
1279.75
1256.31
1236.83
1207.06
1154.27
1105.31
1030.04
936.871
825.125
717.993
625.919
548.952
489.803
444.018
406.005
375.036
274
274
274
274
274
274
274
274
274
274
274
274
274
274
274
274
274
274
274
274
274
274
274
274
274
274
274
274
274
274
274
274
274
274
274
274
274
274
274
274
274
274
274
274
274
274
274
274.005
274.248
282.406
465.939
802.439
840.185
842.293
848.592
859.888
873.721
888.088
905.783
932.262
971.573
1031.04
1118.36
1243.06
1421.04
1664.98
1847.95
1881.16
1881.02
1884.33
1887.9
1871.09
1856.82
1856.01
1905.41
1952.1
1939.18
1835.68
1700.95
1667.81
1675.31
1738.13
1813.76
1886.93
1945.17
1964.55
1967.39
1960.76
1984.31
1983.56
1986.16
1988.24
1991.62
1991.29
1986.18
1977.82
1966.15
1951.8
1933.92
1911.1
1880.06
1842.58
1809.62
1774.44
1727.92
1678.26
1624.14
1547.67
1465.65
1388
1333.51
1296.27
1260.19
1210.36
1164.63
1108.2
1039.2
929.848
811.333
703.563
611.566
537.998
480.571
433.8
395.838
274
274
274
274
274
274
274
274
274
274
274
274
274
274
274
274
274
274
274
274
274
274
274
274
274
274
274
274
274
274
274
274
274
274
274
274
274
274
274
274
274
274
274
274
274
274
274.001
274.06
276.279
349.404
715.62
837.558
841.702
845.526
854.145
867.006
882.392
901.258
926.614
961.152
1011.3
1084.82
1188.84
1336.26
1547.91
1799.39
1903.43
1921
1928.11
1936.97
1947.69
1953.16
1937.06
1906.85
1857.67
1815.83
1751.89
1632.75
1520.01
1534.34
1557.03
1586.32
1648.19
1696.7
1789.75
1837.06
1846.77
1846.8
1881.19
1849.8
1836.41
1828.6
1847.06
1850.75
1853.79
1853.34
1855.47
1857.88
1832.87
1812.05
1804.21
1800.07
1797.36
1782.74
1750.05
1714.51
1686.53
1652.86
1617.32
1564.79
1491.17
1417.69
1348.07
1276.97
1223.28
1156.92
1094.56
1010.58
904.849
792.301
686.429
599.62
528.984
472.097
425.68
274
274
274
274
274
274
274
274
274
274
274
274
274
274
274
274
274
274
274
274
274
274
274
274
274
274
274
274
274
274
274
274
274
274
274
274
274
274
274
274
274
274
274
274
274
274
274.013
274.585
292.662
561.163
825.362
841.72
843.34
849.188
860.271
875.073
894.201
918.607
949.409
990.66
1049.28
1134.24
1255.6
1429.15
1674.84
1879.4
1928.57
1935.45
1941.48
1945.66
1963.02
1962.36
1951.96
1931.56
1892.21
1808.68
1654.12
1495.92
1370.11
1373.48
1363.8
1360.17
1382.67
1442.37
1475.4
1527.87
1560.01
1587.77
1590.26
1561.52
1419.54
1378.31
1413.45
1424.09
1492.36
1541.16
1570.91
1605.29
1617.77
1630.01
1648.49
1659.64
1686.66
1698.97
1683.23
1675.23
1672.7
1662.03
1662.26
1651.98
1632.74
1586.51
1501.71
1416.64
1334.6
1244.88
1165.43
1072.21
976.189
869.542
769.126
674.541
589.978
520.055
461.949
274
274
274
274
274
274
274
274
274
274
274
274
274
274
274
274
274
274
274
274
274
274
274
274
274
274
274
274
274
274
274
274
274
274
274
274
274
274
274
274
274
274
274
274
274
274.003
274.126
278.442
402.08
763.918
840.775
841.43
845.195
854.526
868.696
886.689
908.042
937.495
972.135
1017.98
1083.54
1180.29
1320
1524.29
1794.39
1919.05
1935.91
1935.21
1936.92
1937.57
1952.41
1973.36
1999.33
2025.16
2030.38
1935.2
1611.88
1442.1
1296.5
1273.04
1273.93
1213.6
1220.72
1245.64
1232.12
1233.4
1227.29
1230.75
1188.9
1147.39
1137.85
1088.9
1069.53
1068.8
1095.24
1126.75
1173.88
1242.06
1312.06
1365.8
1410.54
1435.21
1442
1446.6
1488.81
1550.59
1596.08
1622.52
1651.13
1659.98
1654.96
1643.31
1618.3
1568.42
1501.46
1404.95
1309.63
1193.1
1073.34
964.687
844.762
742.676
653.853
569.724
501.862
274
274
274
274
274
274
274
274
274
274
274
274
274
274
274
274
274
274
274
274
274
274
274
274
274
274
274
274
274
274
274
274
274
274
274
274
274
274
274
274
274
274
274
274
274.001
274.023
274.927
303.119
615.984
832.559
840.534
841.439
849.027
862.332
880.825
902.742
927.343
958.547
996.26
1048.95
1126.47
1240.43
1406.25
1644.11
1871.53
1928.73
1934.29
1936.33
1937.08
1938.81
1947.44
1980.87
2031.92
2087.75
2105
2007.07
1780.97
1397.81
1282.57
1208.75
1235.88
1198.26
1197.94
1212.18
1184.52
1169.47
1145.9
1146.13
1115.85
1089.38
1038.04
1030.97
1000.19
975.005
968.053
998.312
1035.1
1073.89
1135.2
1191.55
1243.88
1267.85
1323.97
1350.08
1396.88
1423.76
1489.6
1550
1606.42
1645.83
1651.53
1650.43
1627.33
1603.36
1589.73
1548.05
1487.85
1381.29
1253.76
1103.57
967.235
844.114
730.498
637.526
552.767
274
274
274
274
274
274
274
274
274
274
274
274
274
274
274
274
274
274
274
274
274
274
274
274
274
274
274
274
274
274
274
274
274
274
274
274
274
274
274
274
274
274
274
274
274.004
274.17
279.758
425.15
779.025
839.766
838.585
843.383
855.618
874.417
897.549
921.105
944.686
973.201
1015.04
1077.07
1170.04
1305.38
1497.49
1749.2
1901.03
1926
1928.91
1931.37
1943.19
1940.65
1953.94
2002.34
2044
2086.51
2117.78
1853.46
1465.08
1132.34
1061.87
1044.51
1026.67
1031.54
1040.74
1033.32
1062.72
1041.52
1037.58
1039.77
1017.21
980.082
918.119
892.308
913.239
879.868
865.092
844.373
848.052
851.412
887.731
924.57
1014.43
1110.35
1209.31
1305.93
1352.34
1377.57
1393.08
1397.88
1415.65
1490.15
1526.14
1544.75
1553.31
1557.17
1553.17
1559.04
1541.86
1497.75
1430.82
1308.74
1163.98
1001.3
856.68
720.918
608.968
274
274
274
274
274
274
274
274
274
274
274
274
274
274
274
274
274
274
274
274
274
274
274
274
274
274
274
274
274
274
274
274
274
274
274
274
274
274
274
274
274
274
274
274.001
274.025
274.994
304.639
619.993
828.826
835.838
838.494
849.424
868.244
891.871
912.587
931.186
955.502
990.064
1041.75
1116.47
1226.08
1379.76
1586.51
1822.19
1923.53
1937.95
1938.7
1944.49
1942.68
1941.97
1974.25
2041.47
2082.01
2092.53
2004.82
1643.62
1147.2
1013.32
984.765
974.388
939.349
954.917
949.684
950.264
978.455
980.705
1008.64
1017.03
1035.8
1021.73
979.888
960.302
954.437
891.002
862.731
850.369
835.942
809.732
805.69
794.765
813.174
841.35
888.62
972.076
1087.32
1228.63
1327.62
1367.78
1371.42
1362.43
1432.81
1461.02
1479.52
1494.2
1502.4
1506.2
1508.57
1526.82
1512.25
1461.5
1351.39
1217.15
1015.3
825.618
683.041
274
274
274
274
274
274
274
274
274
274
274
274
274
274
274
274
274
274
274
274
274
274
274
274
274
274
274
274
274
274
274
274
274
274
274
274
274
274
274
274
274
274
274
274.004
274.156
279.218
413.848
766.117
831.295
834.374
843.604
861.573
883.23
901.318
916.673
938.52
970.035
1016.65
1083.06
1173.72
1295.26
1455.62
1657.71
1861.38
1945.07
1961.69
1965.43
1976.26
1975.14
1974.77
2014.7
2086.18
2146.87
2172.81
1895.31
1496.25
1095.26
1009.93
973.62
979.96
985.818
977.66
975.82
971.165
959.133
966.75
946.725
943.519
960.862
960.539
975.281
981.155
989.155
942.685
886.704
873.372
873.765
873.43
876.105
861.874
853.718
847.779
843.738
857.662
882.472
926.996
1002.32
1119.6
1237.94
1307.9
1340.57
1391.47
1422.58
1451.1
1470.55
1477.25
1479.1
1479.24
1499.28
1510.58
1463.4
1372.57
1188.97
965.927
801.403
274
274
274
274
274
274
274
274
274
274
274
274
274
274
274
274
274
274
274
274
274
274
274
274
274
274
274
274
274
274
274
274
274
274
274
274
274
274
274
274
274
274
274.001
274.021
274.833
298.985
590.519
816.979
831.966
840.089
855.306
873.333
889.941
905.496
923.595
950.334
991.942
1049.71
1126.71
1229.13
1363.95
1530.57
1717.84
1886.54
1959.61
1981.99
1988.94
2006.62
2010.79
2011.68
2052.08
2118.53
2168.68
2149.97
1885.74
1297.49
1113.88
1039.57
1021.02
994.921
976.827
971.775
970.321
971.999
972.02
967.672
986.187
988.345
986.347
989.548
981.049
978.886
985.906
979.004
953.475
876.033
856.675
841.29
843.727
859.587
857.701
864.766
864.151
868.526
870.331
882.943
895.641
941.298
1011.75
1132.06
1251.61
1327.34
1365.05
1416.04
1453.74
1468.77
1475.24
1472.32
1472.46
1482.37
1497.67
1422.54
1288.68
1078.87
890.774
274
274
274
274
274
274
274
274
274
274
274
274
274
274
274
274
274
274
274
274
274
274
274
274
274
274
274
274
274
274
274
274
274
274
274
274
274
274
274
274
274
274
274.003
274.118
277.941
386.067
739.523
826.688
836.8
848.733
863.708
878.426
894.218
912.114
935.31
969.579
1020.14
1091.67
1185.18
1304.5
1447.56
1610.62
1775.64
1908.01
1965.65
1982.45
1993.98
2023.76
2037.28
2035.9
2066.57
2120.78
2142.98
1834.09
1460.45
1080.87
1005.89
974.79
964.38
960.534
981.894
983.477
981.542
977.933
977.393
974.872
998.705
1020.93
1006.16
1009.65
1023.87
1016.61
1028.44
1025.31
1013.79
984.625
888.958
862.468
844.658
835.867
839.256
852.326
861.137
870.969
869.394
875.993
869.379
873.548
892.358
933.255
997.483
1113.33
1272.52
1358.61
1401.34
1441.38
1474.76
1484.86
1489.27
1470.34
1481.07
1458.44
1355.72
1211.72
986.793
274
274
274
274
274
274
274
274
274
274
274
274
274
274
274
274
274
274
274
274
274
274
274
274
274
274
274
274
274
274
274
274
274
274
274
274
274
274
274
274
274
274
274.013
274.548
290.158
529.319
804.998
833.933
844.515
857.66
872.155
885.21
900.501
919.855
949.949
994.368
1056.77
1141.03
1248.86
1379.22
1525.17
1681.94
1827.83
1928.8
1968.55
1982.18
2003.23
2037.94
2074.71
2084.7
2087.37
2113.42
2073.19
1736.96
1256.31
1107.24
1050.5
1025.25
1013.03
991.944
960.936
951.756
955.071
943.449
963.801
975.393
981.325
1007.22
1013.48
995.274
1010.22
1041.82
1047.96
1041.58
1040.76
1047.47
1023.22
947.439
901.357
879.895
876.829
868.304
878.205
888.636
892.8
899.583
908.314
911.997
911.965
904.351
921.787
955.916
1014.15
1117.9
1278.35
1396.75
1441.4
1460.72
1495.74
1491.31
1463.96
1463.41
1347.14
1198.49
1042.55
274
274
274
274
274
274
274
274
274
274
274
274
274
274
274
274
274
274
274
274
274
274
274
274
274
274
274
274
274
274
274
274
274
274
274
274
274
274
274
274
274
274.002
274.059
276.019
333.786
678.835
822.415
838.599
850.752
864.182
877.548
891.073
906.737
933.017
971.358
1026.04
1099.6
1196
1318.4
1461.41
1615.22
1769.42
1896.02
1953.86
1977.28
1993.43
2019.5
2053.12
2105.18
2134.48
2163.89
2190.54
2026.33
1685.43
1229.32
1112.56
1063.53
1034.74
1024.39
1028.54
1022.7
1033.17
1031.4
1016.5
1012.55
1007.62
1019.52
1029.35
1015.72
1015.54
1030.32
1055.7
1068.77
1049.64
1051.04
1077.93
1078.66
1054.35
998.313
925.279
914.556
896.548
879.298
882.652
892.807
899.708
911.836
925.639
936.665
942.782
947.964
953.553
963.315
1003.32
1045.48
1144.19
1324.33
1446.07
1479.41
1489.52
1511.15
1466.41
1464.49
1159.17
1017.22
274
274
274
274
274
274
274
274
274
274
274
274
274
274
274
274
274
274
274
274
274
274
274
274
274
274
274
274
274
274
274
274
274
274
274
274
274
274
274
274
274
274.006
274.233
281.157
436.48
768.599
829.822
842.575
854.715
867.812
881.908
899.251
922.498
954.573
1001.55
1062.96
1140.86
1243.25
1372.72
1526.69
1693.77
1849.87
1936.22
1967.76
1987.2
2013.77
2048.32
2102.29
2137.49
2153.06
2182.63
2180.55
1829.01
1402.32
1143.99
1083.48
1065.95
1060.6
1058.54
1043.2
1029.23
1027.31
1030.97
1030.06
1018.89
1033.17
1054.4
1048.47
1039.64
1033.05
1056.29
1078.7
1071.26
1056.81
1073.14
1099.13
1094.38
1097.05
1069.01
1073.78
964.908
944.524
911.803
898.002
887.176
892.978
902.654
918.037
935.382
950.737
957.647
973.058
986.436
1004.27
1027.09
1053.94
1101.57
1199.16
1407.87
1506.83
1533.59
1486.12
1462.01
1448.62
973.468
274
274
274
274
274
274
274
274
274
274
274
274
274
274
274
274
274
274
274
274
274
274
274
274
274
274
274
274
274
274
274
274
274
274
274
274
274
274
274
274
274.001
274.021
274.793
296.379
566.767
810.166
835.605
845.962
857.222
870.935
888.078
910.798
941.154
979.976
1030.84
1094.93
1177.5
1285.56
1420.73
1580.83
1752.39
1893.33
1953.75
1975.07
1995.01
2020.26
2061.1
2108.69
2131.39
2140.13
2147.23
2058.88
1729.12
1289.11
1147.51
1085.23
1061.88
1047.31
1036.01
1032.75
1034.75
1051.68
1054.38
1040.98
1027.63
1044.42
1069.5
1072.61
1054.35
1053.89
1090.62
1099.89
1067.17
1066.76
1106.56
1126.03
1108
1102.81
1118.77
1119.29
1092.14
1051.41
986.88
962.387
951.773
941.167
936.013
935.576
938.879
946.355
953.265
965.592
990.51
1000.93
1025.52
1048.68
1080.15
1109.19
1157.41
1271.23
1435.79
1549.98
1566.9
1414.66
1367.79
274
274
274
274
274
274
274
274
274
274
274
274
274
274
274
274
274
274
274
274
274
274
274
274
274
274
274
274
274
274
274
274
274
274
274
274
274
274
274
274
274.002
274.072
276.342
340.566
685.606
822.549
837.684
847.26
859.579
875.951
897.521
925.336
959.703
1003.75
1061.72
1136.49
1233.14
1352.18
1490.66
1641.76
1792.5
1911.59
1966.21
1987.62
2006.25
2029.65
2065.96
2101.64
2119.49
2139.47
2175.25
1976.63
1677.14
1262.74
1175.12
1140.09
1121.64
1114.39
1106.53
1090
1072.98
1084.38
1087.87
1077.61
1072.29
1092.12
1113.87
1113.44
1103.3
1107.15
1122.83
1128.6
1106.67
1111.95
1152.3
1176.42
1141.56
1137.88
1155.6
1151.86
1146.2
1129.73
1107.51
1038.79
1018.48
994.89
992.139
990.76
983.938
985.183
988.319
988.026
987.308
996.949
1015.53
1039.82
1074.45
1114.03
1151.45
1204.01
1247.06
1338.1
1498.43
1670.76
1743.25
274
274
274
274
274
274
274
274
274
274
274
274
274
274
274
274
274
274
274
274
274
274
274
274
274
274
274
274
274
274
274
274
274
274
274
274
274
274
274
274
274.005
274.177
279.366
405.911
747.169
825.702
838.465
850.156
865.503
884.261
907.303
936.5
972.977
1021.77
1087.88
1174.04
1281
1401.25
1530.68
1668.36
1803.75
1919.69
1982.52
2010.13
2029.58
2054.07
2082.7
2117.39
2154.35
2184.77
2197.75
1894.84
1570.29
1252.49
1181.07
1151.03
1135.94
1129.83
1123.79
1108.74
1102.85
1114.54
1119.73
1112.59
1103.9
1121.59
1148.25
1145.74
1132.15
1141.01
1162.53
1162.64
1149.72
1169.39
1210.16
1211.98
1199.89
1211.93
1232.73
1223.06
1213.99
1214.7
1210.3
1149.49
1109.29
1083.05
1044.18
1063.44
1070.13
1072.09
1085.88
1086.78
1091.63
1092.28
1099.12
1105.5
1137.87
1191.13
1240.2
1340.93
1449.06
1564.08
1619.48
1730.73
1977.21
274
274
274
274
274
274
274
274
274
274
274
274
274
274
274
274
274
274
274
274
274
274
274
274
274
274
274
274
274
274
274
274
274
274
274
274
274
274
274
274
274.008
274.302
282.778
452.005
773.772
828.628
842.29
854.631
868.996
886.636
909.516
939.696
979.298
1034
1107.5
1199.68
1309.06
1426.77
1549.59
1678.63
1805.04
1915.32
1986.62
2020.16
2038.84
2059.51
2078.59
2116.61
2152.52
2171.87
2153.22
1865.63
1498.08
1246.69
1191.09
1167.78
1157.12
1155.83
1151.95
1138.55
1121.98
1135.72
1148.42
1145.38
1138.84
1152.23
1171.99
1167.62
1156.86
1168.18
1194.97
1199.53
1185.7
1201.58
1244.08
1248.82
1218.13
1228.57
1263.24
1257.99
1244.56
1243.57
1245.55
1211.96
1134.79
1134.46
1092.63
1073.19
1091.54
1088.32
1111.03
1119.39
1135.71
1143.53
1156.86
1161.24
1162.79
1212.62
1248.89
1346
1463.39
1611.82
1728.69
1866.94
2019.8
274
274
274
274
274
274
274
274
274
274
274
274
274
274
274
274
274
274
274
274
274
274
274
274
274
274
274
274
274
274
274
274
274
274
274
274
274
274
274
274
274.015
274.559
289.508
514.305
798.828
833.216
843.715
854.715
869.33
888.672
914.088
947.296
990.708
1050.42
1129.18
1226.27
1338.44
1456.37
1575.43
1696.71
1812.74
1913.46
1986.17
2029.49
2051.7
2066.29
2083.58
2117.12
2149.7
2164
2115.97
1833.93
1452.39
1255.5
1205.54
1183.24
1171.69
1165.85
1163.24
1160.31
1151.38
1165.26
1174.2
1171.62
1162.07
1173.9
1193.12
1188.69
1177.33
1195.56
1222.77
1217.93
1199.82
1219.67
1263.5
1261.34
1240.15
1256.44
1304.71
1310.99
1295.31
1296.08
1291.84
1280.45
1222.67
1161.27
1169.72
1137.66
1146.42
1130.62
1140.58
1140.81
1162.91
1178.22
1203.43
1228.34
1240.3
1265.6
1289.55
1331.11
1402.03
1510.37
1664.01
1814.03
2039.07
274
274
274
274
274
274
274
274
274
274
274
274
274
274
274
274
274
274
274
274
274
274
274
274
274
274
274
274
274
274
274
274
274
274
274
274
274
274
274
274.001
274.027
274.942
299.428
576.571
809.893
835.654
846.12
857.66
872.65
892.178
918.4
952.481
996.997
1059.67
1144.26
1249.36
1368.69
1491.45
1609.84
1722.83
1826.32
1915.9
1986.54
2034.55
2058.2
2067.15
2088.54
2127.48
2158.48
2166.53
2084.55
1767.97
1382.26
1236.75
1195.42
1179.76
1174.78
1174
1176.41
1172.51
1167.36
1191.72
1206.34
1206.5
1200.2
1213.55
1240.72
1238.23
1227.15
1234.42
1256.94
1255.34
1241.48
1251.3
1281.8
1277.3
1258.05
1275.8
1317.01
1328.87
1325.47
1343.45
1346.92
1337.07
1328.95
1278.41
1212.97
1225.29
1192.64
1202.99
1189.55
1202.41
1198.16
1227.22
1242.47
1284.46
1314.04
1354.73
1400.76
1449.08
1514.79
1586.55
1682.83
1795.12
1912.49
274
274
274
274
274
274
274
274
274
274
274
274
274
274
274
274
274
274
274
274
274
274
274
274
274
274
274
274
274
274
274
274
274
274
274
274
274
274
274
274.001
274.049
275.589
316.989
638.696
818.704
837.437
846.047
856.348
871.359
892.042
919.812
955.138
1002.02
1068.46
1157.95
1269.05
1395.85
1526.13
1647.32
1753.14
1844.78
1925.27
1993.86
2038.9
2058.24
2066.45
2089.73
2125.8
2149.49
2157.67
2054.12
1781.75
1388.88
1260.06
1218.89
1200.6
1192.16
1187.88
1184.92
1183.24
1177.17
1187.77
1207.44
1214.34
1215.58
1228.34
1256.32
1258.87
1252.05
1265.45
1293.31
1294.61
1289.13
1310.14
1333.9
1326.96
1320.16
1334.42
1361.21
1358.83
1355.32
1377.62
1399.44
1391.99
1389.36
1382.49
1324.34
1254.41
1277.24
1237.16
1256.09
1233.04
1250.44
1250.23
1283.05
1299.49
1349.08
1379.53
1441.56
1490.36
1566.91
1639.17
1722.72
1783.36
1853.72
274
274
274
274
274
274
274
274
274
274
274
274
274
274
274
274
274
274
274
274
274
274
274
274
274
274
274
274
274
274
274
274
274
274
274
274
274
274
274
274.002
274.079
276.456
340.654
680.866
819.801
838.139
848.817
860.988
877.592
899.59
927.928
963.256
1010.39
1078.08
1169.06
1282.05
1411.95
1547.13
1673.3
1779.73
1865.09
1937.1
1999.28
2041.81
2060.92
2069.67
2085.76
2118.21
2141.5
2150.78
2016.47
1775.19
1385.16
1265.6
1227.32
1213.33
1208.78
1207.96
1208.27
1207.48
1206.29
1221.82
1237.57
1238.6
1235.02
1250.22
1280.65
1286.35
1281.23
1294.53
1321.91
1329.21
1322.07
1333.77
1368.72
1370.33
1366.34
1376.34
1403.87
1403.87
1401.92
1423.06
1446.06
1453.11
1460.17
1457.89
1443.91
1409.83
1336.11
1352.57
1306.21
1335.03
1304.08
1323.94
1324.46
1367.05
1387.71
1449.51
1491.52
1563.97
1607.65
1678.57
1719.18
1783.84
1821.1
274
274
274
274
274
274
274
274
274
274
274
274
274
274
274
274
274
274
274
274
274
274
274
274
274
274
274
274
274
274
274
274
274
274
274
274
274
274
274
274.003
274.128
277.828
373.63
718.258
823.894
839.16
848.728
860.272
876.703
899.138
928
964.036
1012.76
1082.48
1174.97
1290.12
1423.36
1563.88
1694.8
1801.85
1882.56
1947.24
2003.07
2041.03
2058.03
2067.76
2081.73
2106.14
2122.21
2131.34
1916.51
1669.84
1354.32
1270.69
1240.69
1228.02
1222.83
1219.98
1218.53
1220.42
1228.82
1235.75
1253.19
1258.39
1252.62
1262.57
1295.8
1304.58
1305.37
1317.53
1338.15
1362.03
1361.37
1368.07
1399.01
1410.4
1409.49
1418.33
1439.17
1452.66
1460.38
1471.44
1482.34
1503.92
1521.49
1530.35
1527.31
1509.05
1493.41
1432.66
1432.53
1393.97
1417.05
1386.97
1417.42
1431.57
1487.68
1518.03
1572.43
1608.92
1663.43
1712.24
1755.2
1809.12
1831.43
274
274
274
274
274
274
274
274
274
274
274
274
274
274
274
274
274
274
274
274
274
274
274
274
274
274
274
274
274
274
274
274
274
274
274
274
274
274
274
274.005
274.188
279.485
404.068
740.949
823.896
839.565
850.886
864.139
881.735
904.76
933.722
969.874
1019.51
1089.8
1181.52
1296.51
1432.12
1577.57
1712.84
1819.47
1895.27
1953.48
2002.32
2036.78
2054.44
2068.68
2092.11
2119.12
2133.92
2143.67
1890.65
1637.94
1337.11
1255.15
1227.37
1216.05
1212.09
1211.33
1210.68
1210.11
1232.72
1241.29
1250.7
1270.07
1276.78
1283.04
1312.11
1327.41
1333.63
1345.82
1362.16
1393.75
1399.45
1406.34
1424.95
1453.6
1463.33
1478.36
1496.95
1509.71
1518.67
1533.66
1546.15
1561.71
1578.13
1598.32
1622.2
1629.47
1621.52
1588.59
1539.94
1515.8
1500.19
1499.69
1489.93
1507.42
1538.26
1572.97
1621.38
1659.16
1712.78
1749.8
1804.07
1828.72
1858.82
274
274
274
274
274
274
274
274
274
274
274
274
274
274
274
274
274
274
274
274
274
274
274
274
274
274
274
274
274
274
274
274
274
274
274
274
274
274
274
274.007
274.272
281.734
436.372
762.331
826.482
840.482
851.302
864.246
881.498
904.026
932.761
969.962
1022.09
1094.58
1187.36
1303.59
1441.28
1588.82
1724.58
1828.6
1900.33
1954.5
2000.3
2034.71
2058.07
2080.94
2110.13
2135.14
2147.49
2157.38
1881.65
1642.23
1343.59
1265.25
1237.48
1224.98
1220.52
1218.05
1214.51
1210.57
1230.94
1238.85
1248.59
1267.28
1271.21
1278.9
1303.38
1324.63
1337.33
1351.57
1364.13
1398.4
1412.55
1425.32
1449.18
1470.62
1491.34
1510.52
1528.85
1552.69
1573.3
1590.17
1607.79
1627.14
1646.23
1668.44
1693.74
1720.48
1738.33
1753.63
1713.34
1679.8
1626.88
1637.83
1613.91
1627.15
1629.05
1662.6
1693.49
1745.43
1781.11
1825.93
1857.96
1890.17
1929.75
274
274
274
274
274
274
274
274
274
274
274
274
274
274
274
274
274
274
274
274
274
274
274
274
274
274
274
274
274
274
274
274
274
274
274
274
274
274
274
274.01
274.36
284.037
461.783
774.901
826.922
840.801
852.532
866.711
885.048
908.273
937.797
976.7
1031.3
1105.26
1197.22
1312.05
1448.61
1595.32
1728.76
1829.03
1897.71
1950.8
1997.27
2033.59
2058.08
2079.36
2102.91
2115.14
2123.05
2128.28
1827.29
1595.8
1337.46
1265.98
1239.77
1228.64
1224.98
1223.45
1222.42
1219.3
1235.61
1248.24
1255.44
1273.77
1284.85
1291.97
1310.33
1327.89
1341.76
1360.47
1373.54
1392.79
1419.46
1433.78
1457.71
1481.54
1502.11
1529.82
1554.77
1577.76
1605.38
1630.87
1655.81
1683.11
1708.73
1735.9
1766.17
1797.26
1830.12
1859.84
1874.16
1879.44
1850.09
1797.51
1777.4
1763.45
1774.07
1777.48
1800.73
1831.75
1870.83
1895.1
1928.14
1961.62
2003.81
274
274
274
274
274
274
274
274
274
274
274
274
274
274
274
274
274
274
274
274
274
274
274
274
274
274
274
274
274
274
274
274
274
274
274
274
274
274
274
274.013
274.465
286.743
487.067
786.965
829.282
842.236
854.11
868.748
887.504
911.266
942.224
984.15
1042.79
1119.95
1213.14
1327.41
1460.84
1601.63
1726.79
1820.52
1887.64
1943.36
1992.73
2029.18
2051.42
2071.69
2098.93
2112.21
2118.75
2122.78
1831.41
1609.9
1344.31
1274.82
1248.64
1237.91
1233.81
1231.99
1230.71
1226.88
1241.14
1250.32
1258.92
1273.3
1289.13
1300.38
1314.22
1333.5
1349.44
1367.86
1383.78
1402.85
1428.62
1441.72
1464.45
1491.73
1512.64
1537.25
1565.59
1590.75
1619.44
1649.26
1678.09
1709.83
1740.72
1770.65
1802.31
1835.63
1870.6
1910.58
1953.67
1989.69
2018.44
2016.81
1996.48
1932.73
1915.22
1894.05
1906.86
1908.76
1929.63
1939.77
1970.49
1986.39
2013.08
274
274
274
274
274
274
274
274
274
274
274
274
274
274
274
274
274
274
274
274
274
274
274
274
274
274
274
274
274
274
274
274
274
274
274
274
274
274
274
274.015
274.558
289.099
506.941
793.906
830.744
842.871
854.997
870.167
889.23
913.905
947.687
994.595
1059.73
1142.46
1238.37
1350.57
1476.36
1605.49
1718.11
1804.47
1872.22
1933.58
1987.61
2024.66
2045.91
2070.33
2104.2
2116.49
2118.56
2115.54
1823.47
1602.48
1342.17
1273.73
1248.65
1238.69
1235.54
1234.72
1234.58
1233.8
1249.41
1258.49
1269.36
1282.37
1296.03
1309.7
1323.59
1340.67
1357.63
1376.23
1394.77
1414.31
1436.23
1457.14
1478.55
1504.01
1525.77
1554
1582.38
1607.29
1637.51
1668.63
1697.03
1729.28
1762.99
1793.66
1825.37
1858.01
1888.73
1924.53
1965
2012.28
2062.88
2107.55
2122.44
2140.41
2039.74
2027.47
1977.65
1966.89
1965.73
1966.16
1977.25
2002.1
1967.78
274
274
274
274
274
274
274
274
274
274
274
274
274
274
274
274
274
274
274
274
274
274
274
274
274
274
274
274
274
274
274
274
274
274
274
274
274
274
274.001
274.018
274.648
291.368
524.688
800.797
832.848
843.513
856.354
873.048
893.758
921.169
959.614
1012.78
1085.34
1173.79
1271.61
1378.63
1491.99
1603.51
1700.08
1777.8
1845.37
1912.52
1971.9
2009.99
2030.15
2059.12
2106.85
2126.06
2128.89
2123.67
1836.14
1616.86
1355.18
1285.07
1258.44
1246.9
1242.53
1240.9
1240.76
1241.23
1254.6
1268.53
1280.69
1292.17
1307.06
1320.14
1335.2
1352.7
1369.01
1387.53
1406.58
1426.37
1445.77
1468.77
1491.31
1515.54
1541.21
1567.34
1596.38
1623.37
1651.28
1684.46
1715.02
1748.03
1784.77
1817.6
1854
1890.78
1924.15
1960.32
1998.23
2039.02
2088.32
2144.05
2179.21
2206.84
2213.17
2222
2124.29
2079.24
2041.7
2017.89
1991.67
1963.71
1826.07
274
274
274
274
274
274
274
274
274
274
274
274
274
274
274
274
274
274
274
274
274
274
274
274
274
274
274
274
274
274
274
274
274
274
274
274
274
274
274.001
274.02
274.701
292.693
534.211
804.2
833.772
843.375
856.377
873.834
895.681
925.171
966.855
1024.35
1102.18
1195.5
1295.97
1399.91
1503.3
1600.77
1684.88
1756.38
1824.72
1897.39
1962.14
2000.5
2020.02
2052.81
2102.68
2121.27
2122.72
2111.84
1817.54
1593.93
1340.38
1272.99
1248.3
1238.51
1235
1233.58
1233
1232.95
1244
1255.5
1267.79
1279.69
1294.39
1309.36
1324.02
1340.8
1359.9
1379.47
1396.8
1417.64
1440.94
1461.91
1485.1
1512.24
1536.88
1563.29
1592.8
1619.45
1649.64
1681.48
1711.84
1745.61
1781.17
1816.28
1853.97
1893.52
1933.28
1973.4
2011.59
2046.9
2081.27
2119.34
2158.73
2202.86
2222.98
2247.34
2238.13
2231.38
2119.8
2097.61
1892.56
1791.45
1698.2
274
274
274
274
274
274
274
274
274
274
274
274
274
274
274
274
274
274
274
274
274
274
274
274
274
274
274
274
274
274
274
274
274
274
274
274
274
274
274.001
274.021
274.727
293.351
538.752
805.997
834.559
843.814
856.726
874.272
896.642
927.173
970.072
1029
1108.5
1203.28
1304.51
1407.34
1506.5
1597.51
1675.54
1744.06
1811.99
1884.35
1948.77
1984.17
2002.05
2034.63
2093.09
2126.28
2132.71
2133.22
1879.51
1654.13
1369.51
1295.24
1268.94
1258.47
1255.1
1253.95
1253.7
1255.07
1266.58
1274.19
1285.85
1300.02
1316.4
1329.63
1345.02
1364.9
1380.71
1398.57
1418.68
1438.67
1461.25
1484.11
1507.61
1532.61
1557.93
1584.21
1612.7
1640.5
1669.85
1702.33
1732.73
1765.47
1801.06
1836.38
1874.18
1914.19
1956.63
1999.96
2041.77
2078.28
2106.37
2128.86
2149.26
2178.94
2227.7
2285.88
2311.76
2321.85
2339.5
2101.05
1858.76
1758.94
1701.9
274
274
274
274
274
274
274
274
274
274
274
274
274
274
274
274
274
274
274
274
274
274
274
274
274
274
274
274
274
274
274
274
274
274
274
274
274
274
274.001
274.02
274.702
292.728
534.436
804.131
834.08
843.903
856.443
873.394
895.471
925.411
967.008
1024.19
1101.72
1194.74
1294.99
1398.75
1501.32
1596.29
1678.03
1748.37
1816.23
1886.2
1950.55
1993.42
2016.6
2051.84
2102.39
2120.49
2121.75
2111.3
1826.5
1601.76
1345.22
1276.3
1250.47
1240.14
1236.38
1234.95
1234.39
1234.44
1247.19
1257.33
1269.43
1283.78
1296.63
1310.27
1326.57
1342.62
1360.42
1380.4
1398.17
1418.57
1442.37
1462.85
1485.84
1513.33
1537.2
1563.45
1591.97
1618.09
1648.33
1679.25
1711.32
1744.33
1778.5
1813.75
1850.55
1890.55
1932.09
1971.93
2008.21
2041.98
2075.85
2113.25
2153.08
2200.76
2223.74
2245.98
2247.57
2213.13
2118.22
2082.51
1899.02
1778.73
1700.25
274
274
274
274
274
274
274
274
274
274
274
274
274
274
274
274
274
274
274
274
274
274
274
274
274
274
274
274
274
274
274
274
274
274
274
274
274
274
274.001
274.018
274.65
291.421
524.977
800.559
833.277
844.265
856.399
872.304
893.364
921.639
959.832
1012.18
1083.85
1171.86
1269.57
1376.35
1487.13
1594.52
1688.08
1764.77
1831.16
1895.18
1954.55
1997.66
2023.35
2053.89
2098.66
2115.52
2117.87
2111.3
1823.12
1611.66
1351.42
1280.34
1252.47
1239.75
1234.4
1232.61
1232.53
1233.67
1248.56
1259.62
1270.56
1285
1297.81
1308.41
1327.19
1343.31
1359.34
1380.95
1397.69
1416.89
1440.2
1462.46
1484.94
1510.09
1536.93
1562.44
1590.47
1617.5
1647.73
1679.36
1711.1
1745.79
1780.56
1814.68
1851.83
1889
1924.31
1960.33
1997.23
2038.91
2087.63
2144.66
2179.1
2201.87
2223.23
2224.56
2126.12
2063.51
2038.5
1999.97
1978.88
1948.55
1816.05
274
274
274
274
274
274
274
274
274
274
274
274
274
274
274
274
274
274
274
274
274
274
274
274
274
274
274
274
274
274
274
274
274
274
274
274
274
274
274.001
274.016
274.565
289.243
507.821
793.688
831.119
843.561
854.995
869.372
888.699
914.419
948.031
993.528
1057.46
1139.42
1235.91
1347.65
1470.41
1593.98
1703.57
1789.24
1855.96
1914.97
1969.29
2011.44
2038.23
2063.9
2099.38
2115.24
2119.29
2118.43
1822.69
1600.96
1342.45
1273.94
1248.47
1237.97
1233.95
1232.18
1231.29
1230.39
1245.49
1257.67
1269.4
1281.5
1296.17
1309.28
1325.58
1342.5
1359.14
1378.33
1395.79
1415.6
1438.58
1459.99
1482.69
1507.24
1532.39
1558.74
1585.3
1612.11
1641.65
1672.69
1702.87
1736.29
1769.24
1799.5
1831.97
1863.39
1894.71
1932.17
1972.86
2021.67
2072.51
2121.25
2135.98
2157.94
2051.69
2035.07
1983.67
1968.69
1968.44
1968.78
1974.87
1997.3
1964.45
274
274
274
274
274
274
274
274
274
274
274
274
274
274
274
274
274
274
274
274
274
274
274
274
274
274
274
274
274
274
274
274
274
274
274
274
274
274
274
274.013
274.476
286.992
488.773
787.217
829.681
842.745
854.152
868.201
887.047
911.808
942.945
983.504
1040.91
1117.17
1211.06
1324.63
1454.62
1589.43
1711.74
1805.42
1872.55
1927.17
1977.26
2018.44
2046.13
2068.8
2095.9
2109.69
2116.83
2122.8
1837.17
1615.99
1346.97
1275.43
1248.41
1237
1232.74
1231.16
1230.23
1226.07
1245.1
1254.41
1264.9
1279.64
1295.1
1304.57
1321.58
1338.01
1351.95
1377.26
1389.57
1407.7
1431.62
1451.64
1473.59
1496.92
1521.34
1546.35
1570.73
1595.33
1624.28
1653.11
1680.95
1712.81
1742.45
1770.61
1803.7
1835.81
1869.82
1909.87
1952.4
1995.78
2030.06
2028.23
2013.88
1940.06
1923.16
1894.87
1916.92
1908.87
1933.28
1938.87
1970.54
1983.81
2019
274
274
274
274
274
274
274
274
274
274
274
274
274
274
274
274
274
274
274
274
274
274
274
274
274
274
274
274
274
274
274
274
274
274
274
274
274
274
274
274.01
274.372
284.347
464.487
775.927
827.218
841.069
852.525
866.307
884.724
908.922
938.712
976.193
1029.42
1102.4
1195.08
1309.27
1442.27
1582.77
1713.16
1813.75
1883.27
1936.15
1983.46
2023.78
2053.82
2079.75
2103.21
2112.26
2117.76
2124.95
1834.18
1606.68
1343.45
1270.99
1244.8
1233.24
1229.59
1228.04
1226.67
1223.35
1243.03
1251.72
1258.99
1281.38
1290.76
1297.92
1320.8
1333.74
1350.04
1372.05
1381.95
1401.42
1428.69
1442.21
1464.44
1486.27
1508.78
1533.8
1557.22
1580.6
1607.13
1632.46
1656.21
1683.31
1710.21
1737.64
1768.16
1801.09
1835.11
1868.06
1889.99
1901.07
1870.06
1808.19
1790.81
1771.33
1785.8
1784.73
1810.57
1835.14
1877.27
1895.55
1930.12
1958.09
2001.87
274
274
274
274
274
274
274
274
274
274
274
274
274
274
274
274
274
274
274
274
274
274
274
274
274
274
274
274
274
274
274
274
274
274
274
274
274
274
274
274.008
274.284
282.056
440.093
764.231
826.683
840.519
851.142
863.894
881.308
904.629
933.424
969.192
1020.19
1091.91
1184.91
1300
1434.04
1575.98
1709
1813.38
1886.58
1941.61
1988.43
2025.74
2052.79
2078.78
2109.8
2134.43
2145.88
2154.43
1901.6
1668.1
1358.65
1276.49
1247.6
1233.77
1228.23
1225.48
1223.69
1218.67
1235.11
1241.94
1256.68
1274.52
1276.19
1285.09
1315.06
1324.89
1340.86
1356.69
1363.64
1392.5
1413.39
1422.44
1444.53
1465.35
1487.28
1510.15
1526.51
1549.57
1577.35
1595.04
1611.26
1635.03
1655.84
1679.71
1709.39
1737.33
1757.85
1775.29
1734.01
1701.69
1640.96
1650
1625.94
1641.61
1638.78
1672.45
1701.58
1751.93
1790.81
1831.74
1869.45
1896.23
1941.31
274
274
274
274
274
274
274
274
274
274
274
274
274
274
274
274
274
274
274
274
274
274
274
274
274
274
274
274
274
274
274
274
274
274
274
274
274
274
274
274.005
274.199
279.774
408.771
744.171
823.887
839.254
850.594
863.888
881.553
904.998
933.945
968.878
1017.66
1087.25
1178.66
1292.04
1424.41
1564.79
1697.65
1804.47
1882.1
1941.95
1992.15
2029.97
2052.4
2068.41
2091.06
2118.04
2132.31
2141.25
1913.8
1661.79
1349.42
1263.57
1235.27
1223.41
1219.52
1218.07
1215.92
1213.7
1234.03
1242.58
1251.96
1268.21
1270.38
1280.59
1312.38
1318.46
1327.08
1345.31
1352.73
1387.23
1402.68
1408.44
1428.97
1449.68
1469.21
1486.13
1501
1524.81
1534.56
1545.96
1564.3
1582.05
1596.94
1618.34
1635.81
1640.99
1642.27
1601.15
1562.71
1526.4
1514.49
1505.01
1504.26
1512.49
1544.6
1576.71
1625.34
1661.29
1717.65
1751.31
1803.7
1828.05
1852.91
274
274
274
274
274
274
274
274
274
274
274
274
274
274
274
274
274
274
274
274
274
274
274
274
274
274
274
274
274
274
274
274
274
274
274
274
274
274
274
274.004
274.136
278.062
378.589
722.736
823.884
838.795
848.457
860.278
876.883
899.46
928.003
963.016
1011.28
1080.3
1171.9
1285.15
1415.89
1552.47
1681.16
1787.74
1870.25
1937.25
1993.36
2035.14
2058.5
2071.27
2085.01
2103.84
2119.38
2128.27
1938.21
1690.9
1363.08
1273.51
1242.89
1229.74
1224.2
1220.46
1217.72
1217.45
1231.47
1237.24
1249.57
1257.01
1255.07
1270.31
1304.22
1308.33
1312.33
1327.85
1341.65
1370.12
1375.65
1377.42
1396.83
1419.88
1427.27
1435.03
1446.47
1466.42
1472.18
1482.55
1492.26
1510.85
1529.78
1540.98
1538.56
1520.6
1509.24
1451.86
1438.42
1409.8
1418.37
1404.82
1423.84
1441.13
1493.36
1527.94
1579.51
1618.28
1669.51
1717.44
1759.46
1811.41
1833.19
274
274
274
274
274
274
274
274
274
274
274
274
274
274
274
274
274
274
274
274
274
274
274
274
274
274
274
274
274
274
274
274
274
274
274
274
274
274
274
274.002
274.085
276.626
345.265
687.063
819.96
837.749
848.541
861.003
877.776
899.935
927.837
962.339
1009.17
1076.19
1165.7
1276.97
1404.88
1537.3
1661.26
1766.84
1854.16
1928.41
1991.18
2036.63
2060.91
2073.42
2085.83
2111.74
2139.72
2150.11
2026.79
1783.1
1389.83
1265.56
1227.37
1212.25
1207.55
1206.9
1207.3
1204.71
1206.69
1224.59
1231.92
1231.93
1230.58
1249.88
1280.02
1281.73
1280.47
1298.07
1321.22
1339.02
1338.73
1343.34
1366.96
1387.32
1383.52
1388.71
1404.59
1424.39
1418
1428.54
1458.52
1465.5
1468.68
1467.98
1453.91
1431.51
1377.86
1363.16
1343.16
1339.54
1332.58
1335.68
1341.11
1375.24
1404.68
1456.66
1506.84
1572.25
1624.2
1685.89
1736.32
1791.02
1839.5
274
274
274
274
274
274
274
274
274
274
274
274
274
274
274
274
274
274
274
274
274
274
274
274
274
274
274
274
274
274
274
274
274
274
274
274
274
274
274
274.001
274.053
275.707
320.221
646.317
818.98
837.218
845.891
856.416
871.63
892.419
919.622
954.39
1000.94
1066.82
1154.62
1264.07
1389.36
1517.94
1637.29
1742.67
1835.72
1918.13
1987.04
2035.09
2061.97
2077.58
2090.2
2119.32
2144.83
2155.16
2055.63
1782.15
1391.46
1261.99
1221.81
1204.53
1197.78
1194.7
1192.19
1191.01
1186.18
1196.99
1209.93
1217.13
1217.09
1239.17
1269.84
1271.27
1266.38
1281.83
1309.49
1317.42
1311.62
1319.21
1346.6
1345.09
1332.39
1337.91
1358.33
1372.02
1361.82
1379.75
1410.24
1405.41
1403.04
1401.18
1343.22
1294.7
1282.2
1262.81
1263.5
1250.58
1262.42
1257.46
1289.02
1307.37
1355.3
1388.06
1448.14
1498.41
1574.36
1645.67
1729.02
1790.87
1859.18
274
274
274
274
274
274
274
274
274
274
274
274
274
274
274
274
274
274
274
274
274
274
274
274
274
274
274
274
274
274
274
274
274
274
274
274
274
274
274
274.001
274.03
275.019
301.353
585.16
810.546
835.813
846.177
857.623
872.979
892.775
918.429
951.861
995.718
1057.19
1139.82
1243.34
1362.14
1484.32
1601.42
1713.94
1818.8
1911
1982.54
2029.89
2060.66
2076.23
2092.14
2127.37
2155.34
2165.73
2086.19
1771.66
1387.12
1243.47
1201.28
1184.63
1179.17
1174.92
1177.22
1172.31
1178.24
1194.68
1201.6
1216.03
1207.44
1221.65
1254.98
1252.89
1239.68
1245.54
1268.45
1270.58
1254.99
1256.81
1283.95
1288.34
1270.64
1279.14
1313.83
1344.13
1338.63
1352.86
1364.12
1358.32
1353.49
1283.22
1241.03
1230.09
1204.93
1220.28
1195.65
1220.06
1202.08
1236.34
1250.96
1288.92
1318.96
1357.15
1402.18
1448.73
1512.18
1581.09
1677.54
1786.92
1904.45
274
274
274
274
274
274
274
274
274
274
274
274
274
274
274
274
274
274
274
274
274
274
274
274
274
274
274
274
274
274
274
274
274
274
274
274
274
274
274
274.001
274.017
274.613
290.824
523.526
800.221
833.596
844.053
854.833
869.784
889.389
914.473
946.867
989.267
1047.58
1125.25
1221.5
1332.9
1450.94
1568.53
1688.98
1806.26
1909.63
1983.27
2027.39
2054.19
2070.2
2087.07
2119.58
2150.06
2165.6
2117.81
1836.17
1447.24
1256.18
1206.47
1183.91
1172.85
1167.67
1165.71
1164.97
1162.15
1177.57
1181.78
1179.75
1175.63
1182.82
1208.05
1205.47
1194.6
1207.72
1229.57
1225.67
1205.26
1215.73
1257.4
1263.96
1247.12
1261.93
1309.88
1333.17
1316.1
1312.89
1302.62
1300.26
1233.24
1177.27
1184.48
1135.03
1167.7
1137.79
1159.9
1150.76
1170.49
1182.11
1202.01
1224.87
1235.98
1260.13
1280.21
1324.01
1391.35
1501.55
1652.33
1802.92
2025.23
274
274
274
274
274
274
274
274
274
274
274
274
274
274
274
274
274
274
274
274
274
274
274
274
274
274
274
274
274
274
274
274
274
274
274
274
274
274
274
274
274.009
274.337
283.628
460.005
776.754
829.4
843.055
855.043
869.647
887.514
910.269
939.625
978.024
1031.31
1104.04
1195.68
1303.86
1421.79
1543.86
1672.87
1800.17
1912.13
1985.83
2021.79
2044.47
2064.83
2083.53
2119.43
2151.5
2168.55
2147.21
1863.49
1490.29
1250.47
1194.39
1171.2
1161.28
1157.68
1155.36
1147.89
1133.81
1149.68
1165.11
1160.26
1151.72
1158.5
1183.7
1181.99
1163.92
1168.93
1194.09
1197.53
1178.7
1189.6
1237.84
1250.77
1231.25
1244.78
1280.92
1281.66
1257.73
1253.23
1260.25
1231.33
1141.64
1158.18
1100.61
1099.18
1110.24
1095.36
1119.54
1119.8
1137.26
1142.52
1153.69
1157.44
1161.56
1200.67
1243.13
1338.02
1454.32
1603.94
1721.23
1854.69
2010.74
274
274
274
274
274
274
274
274
274
274
274
274
274
274
274
274
274
274
274
274
274
274
274
274
274
274
274
274
274
274
274
274
274
274
274
274
274
274
274
274
274.005
274.201
279.976
414.629
752.093
826.645
839.514
850.865
866.124
884.998
908.13
936.583
971.689
1018.64
1084.48
1170.27
1275.19
1395.83
1525.38
1663.74
1799.59
1915.7
1983.8
2014.49
2033.9
2059.37
2085.08
2120.24
2155.97
2184.68
2191.61
1889.26
1554.52
1253.43
1186.61
1157.65
1142.29
1136.01
1130.32
1124.01
1114.94
1120.19
1133.84
1129.76
1117.29
1123.85
1150.45
1151.79
1129.98
1134.58
1163.46
1166.03
1154.84
1172.29
1218.4
1230.39
1217.55
1226.06
1245.56
1236.3
1222.76
1222.88
1223.71
1165.38
1126.06
1106.82
1057.67
1078.18
1073.66
1080.03
1091.33
1087.64
1089.67
1088.59
1092.49
1101.73
1131.7
1179.38
1235.63
1332.67
1440.52
1556.27
1609.52
1718.46
1969.44
274
274
274
274
274
274
274
274
274
274
274
274
274
274
274
274
274
274
274
274
274
274
274
274
274
274
274
274
274
274
274
274
274
274
274
274
274
274
274
274
274.002
274.084
276.679
348.896
695.355
823.7
838.827
848.294
860.237
876.513
898.173
925.888
958.786
1000.56
1058.06
1133.78
1229.71
1347.99
1485.77
1636.6
1785.49
1909.88
1968.66
1991.9
2010.39
2036.72
2074.34
2105.1
2122.38
2142.84
2180.04
1960.27
1671.88
1262.64
1175.41
1142.33
1126.42
1120.28
1117.77
1109.51
1088.26
1087.34
1096.44
1096.91
1084.64
1091.08
1109.84
1116.92
1107.79
1115.87
1134.41
1143.92
1126.95
1131.78
1178.2
1195.87
1162.95
1154.32
1169.5
1167.07
1162.31
1152.18
1119.56
1051.93
1040.57
1007.73
1007.7
999.913
990.447
985.367
980.217
977.706
977.837
991.956
1014.27
1042.24
1078.81
1106.66
1143.88
1193.79
1236.17
1326.78
1488.13
1664.33
1743.53
274
274
274
274
274
274
274
274
274
274
274
274
274
274
274
274
274
274
274
274
274
274
274
274
274
274
274
274
274
274
274
274
274
274
274
274
274
274
274
274
274.001
274.025
274.929
299.892
583.397
812.052
836.971
847.465
858.153
871.214
888.364
911.603
941.515
979.086
1028.61
1093.46
1177.84
1286.53
1420.61
1574.68
1743.5
1888.36
1955.16
1978.73
2000.53
2027.61
2069.75
2115.33
2137.88
2146.44
2155.18
2049.99
1727.09
1288.58
1155.46
1091.5
1067.51
1051.66
1039.03
1036.45
1034.83
1052.72
1066.52
1058.38
1033.37
1046.09
1077.92
1086.35
1066.12
1069.8
1103.61
1111.08
1081.96
1079.07
1120.08
1137.04
1118.28
1106.13
1129.27
1133.36
1113.31
1087.43
1010.19
983.183
955.472
940.138
933.648
930.147
931.367
940.636
952.907
967.335
985.613
999.845
1015.96
1032.92
1047.6
1085.77
1153.84
1259.13
1434.3
1547.37
1565.8
1411.53
1358.19
274
274
274
274
274
274
274
274
274
274
274
274
274
274
274
274
274
274
274
274
274
274
274
274
274
274
274
274
274
274
274
274
274
274
274
274
274
274
274
274
274
274.007
274.284
282.505
451.448
774.324
831.061
844.914
856.174
867.761
881.314
899.402
924.903
958.417
1003.27
1061.55
1139.65
1242.23
1369.18
1516.37
1681.34
1844.3
1935.36
1969.78
1991.39
2019.82
2057.98
2110.09
2146.91
2161.31
2186.35
2177.98
1834.55
1383.58
1140.02
1081.12
1065.41
1061.26
1061.15
1053.87
1038.89
1027.17
1034.94
1039.3
1030.67
1036.36
1058.51
1060.79
1048.68
1044.78
1075.3
1089.74
1074.94
1059.15
1076.34
1101.63
1096.73
1098.68
1093.44
1084.14
981.726
958.961
924.575
903.415
889.336
893.37
898.881
917.449
925.661
943.877
951.022
964.02
980.187
993.54
1007.54
1038.15
1091.77
1209.53
1406.99
1503.63
1528.99
1480.45
1458.86
1435.13
959.963
274
274
274
274
274
274
274
274
274
274
274
274
274
274
274
274
274
274
274
274
274
274
274
274
274
274
274
274
274
274
274
274
274
274
274
274
274
274
274
274
274
274.002
274.073
276.451
345.36
691.244
821.086
840.096
853.248
865.559
877.866
892.111
911.732
938.92
976.702
1030.51
1101.48
1197.43
1318.3
1457.3
1609.81
1766.05
1897.32
1958.63
1983.39
2000.22
2030.26
2066.56
2118.53
2142.06
2162.75
2192.03
2002.32
1657.74
1230.26
1115.56
1066.82
1038.04
1029.85
1028.16
1021.43
1035
1034.55
1027.16
1026
1015.88
1022.31
1030.08
1017.7
1017.89
1036.63
1063.21
1062.3
1039.42
1051.63
1078.17
1080.24
1063.05
1022.03
924.565
913.118
893.376
881.706
877.292
893.991
894.427
909.985
916.505
926.666
934.215
937.48
943.272
952.032
974.403
1037.04
1152.39
1344.59
1452.61
1479.32
1484.2
1506.74
1453.53
1443.56
1139.32
1001.51
274
274
274
274
274
274
274
274
274
274
274
274
274
274
274
274
274
274
274
274
274
274
274
274
274
274
274
274
274
274
274
274
274
274
274
274
274
274
274
274
274
274.001
274.017
274.664
293.254
549.424
803.324
833.834
848.089
861.783
874.789
888.06
903.931
925.253
954.686
997.87
1059.12
1141.15
1252.09
1387.2
1536.14
1692.51
1833.41
1935.34
1978.28
1992.47
2014.82
2053.7
2078.92
2077.45
2086.44
2117.95
2052.44
1719.36
1241.68
1110.58
1053.65
1030.48
1019.17
1001.27
972.186
963.014
960.63
953.317
973.9
975.467
980.106
1005.03
1006.63
997.197
1017.44
1042.55
1041.76
1042.04
1044.7
1056.92
1000.3
982.4
901.079
888.113
868.566
860.766
865.328
878.196
888.683
889.098
901.516
900.384
898.151
897.302
911.736
939.417
1008
1124.61
1307.18
1402.08
1439.06
1457.16
1488.82
1484.69
1455.91
1438.43
1331.28
1184.07
1027.02
274
274
274
274
274
274
274
274
274
274
274
274
274
274
274
274
274
274
274
274
274
274
274
274
274
274
274
274
274
274
274
274
274
274
274
274
274
274
274
274
274
274
274.004
274.147
278.77
400.436
744.78
824.91
840.333
855.361
869.843
883.759
898.76
917.184
940.855
972.962
1020.68
1087.87
1179.84
1301.77
1445.88
1608.81
1768.37
1908.74
1976.19
1993.82
2005.64
2033.62
2046.34
2044.47
2069.75
2122.42
2142.65
1833.2
1432.78
1083.64
1014.42
985.203
970.96
966.184
991.682
996.336
996.648
994.415
990.071
987.709
1017.47
1032.06
1014.85
1025.99
1027.64
1025.24
1041.12
1034.51
1034.42
968.367
940.341
864.882
868.719
854.915
854.331
866.275
869.926
876.365
877.346
873.367
873.055
870.127
891.073
923.256
994.703
1125.14
1278.17
1362.13
1400.62
1436.88
1472
1480.12
1482.59
1459.5
1475.58
1444.46
1347.67
1203.77
979.946
274
274
274
274
274
274
274
274
274
274
274
274
274
274
274
274
274
274
274
274
274
274
274
274
274
274
274
274
274
274
274
274
274
274
274
274
274
274
274
274
274
274
274.001
274.026
275.008
303.649
606.831
812.755
833.037
846.238
862.32
878.563
893.921
910.659
930.622
956.771
994.771
1050.13
1126.85
1230.44
1365.96
1530.51
1714.44
1883.72
1966.66
1991.42
1998.53
2019.4
2029.89
2032.86
2058.52
2120.75
2170.27
2133.58
1845.57
1274.57
1120.25
1051.9
1031.77
1008.55
994.617
989.304
986.146
985.178
981.861
982.441
999.786
1001.36
1002.71
1003.07
991.609
991.175
1002.08
991.764
960.015
900.322
855.331
846.237
849.896
862.48
854.527
862.966
851.054
848.559
841.24
844.455
867.552
911.614
996.092
1120.82
1259.97
1331.24
1367.56
1420.99
1450.05
1466.32
1473.06
1463.22
1464.7
1467.51
1483.42
1410.32
1280.65
1076.85
889.154
274
274
274
274
274
274
274
274
274
274
274
274
274
274
274
274
274
274
274
274
274
274
274
274
274
274
274
274
274
274
274
274
274
274
274
274
274
274
274
274
274
274
274
274.005
274.193
280.227
426.953
766.218
828.103
838.336
851.101
867.947
886.537
905.197
924.693
946.626
975.194
1019.27
1084.79
1175.78
1300.15
1462.64
1662.48
1862.91
1950.39
1970.46
1977.07
1990.65
1994.26
1996.21
2023.87
2090.37
2148.85
2160.53
1868.24
1410.35
1088.57
1012.76
984.224
988.129
997.674
992.055
988.068
978.457
974.837
975.879
947.695
965.081
974.236
960.613
980.037
988.645
999.75
965.758
913.509
879.341
866.335
868.551
876.066
860.133
846.032
839.303
821.489
837.454
859.612
911.09
1001.39
1146.12
1255.35
1324.4
1353.97
1394.48
1433.11
1456.65
1471.2
1476.06
1476.26
1470.18
1486.63
1495.52
1455.26
1362.45
1181.31
958.646
790.909
274
274
274
274
274
274
274
274
274
274
274
274
274
274
274
274
274
274
274
274
274
274
274
274
274
274
274
274
274
274
274
274
274
274
274
274
274
274
274
274
274
274
274
274.001
274.031
275.178
309.417
630.33
821.148
836.053
844.92
857.508
873.865
894.387
917.726
940.352
964.611
998.726
1051.56
1128.96
1238.76
1392.88
1597.91
1827.17
1928.29
1945.21
1947.65
1964.36
1963.21
1961.57
1983.95
2042.99
2093.46
2105.07
1958.81
1610.66
1131.78
1014.43
987.81
968.215
949.026
961.542
950.587
960.916
967.862
968.531
1008.55
1025.49
1041.05
1022.06
985.855
969.604
981.717
902.919
867.849
853.558
839.712
819.094
810.566
797.53
807.522
831.42
877.654
957.426
1071.62
1229.48
1317.6
1354.92
1364.07
1368.35
1424.85
1453.45
1470.59
1487.61
1495.98
1501.88
1500.86
1518.96
1503.25
1454.96
1348.07
1213.14
1011.3
820.916
678.179
274
274
274
274
274
274
274
274
274
274
274
274
274
274
274
274
274
274
274
274
274
274
274
274
274
274
274
274
274
274
274
274
274
274
274
274
274
274
274
274
274
274
274
274
274.005
274.203
280.651
435.508
775.978
834.856
842.624
852.053
864.811
881.677
903.461
928.092
952.778
982.905
1026.4
1090.88
1186.53
1328.06
1526.72
1776.04
1908.26
1929.35
1930.9
1943.03
1950.68
1948.82
1961.01
2005.15
2054.96
2107.32
2128.04
1841.38
1422.47
1133.28
1059.38
1049.07
1032.51
1038.19
1041.08
1044.37
1054.54
1030.54
1045.09
1051.08
1025.14
983.598
922.556
893.615
922.97
877.266
863.048
838.23
838.271
842.69
868.663
903.01
981.733
1071.31
1173.2
1280.25
1346.12
1374.49
1386.52
1389.05
1418.53
1472.03
1508.18
1525.51
1532.27
1537.76
1539.25
1550.8
1537.81
1499.08
1433.37
1314.16
1168.33
999.834
856.049
720.009
606.772
274
274
274
274
274
274
274
274
274
274
274
274
274
274
274
274
274
274
274
274
274
274
274
274
274
274
274
274
274
274
274
274
274
274
274
274
274
274
274
274
274
274
274
274
274.001
274.028
275.091
307.58
627.41
826.412
841.378
848.563
857.915
870.665
887.156
907.201
935.221
966.456
1004.61
1060.12
1141.19
1262.73
1438.76
1687.05
1887.27
1931.44
1936.1
1935.43
1943.53
1948.44
1954.65
1985.57
2046.92
2098.52
2116.58
1945.51
1714.14
1393.99
1275.47
1231.93
1248.76
1199.07
1225.49
1218.62
1185.76
1156.64
1152.23
1162.42
1121.43
1093.83
1043.02
1035.37
1006.61
977.324
970.189
990.007
1032.15
1075.9
1139.53
1204.04
1259.97
1287.52
1331.75
1355.89
1386.23
1428.49
1490.8
1547.41
1590.1
1624.7
1632.02
1633.66
1616.67
1592.47
1580.57
1542.63
1484.71
1379.85
1249.62
1100.57
966.038
841.513
727.687
635.249
550.449
274
274
274
274
274
274
274
274
274
274
274
274
274
274
274
274
274
274
274
274
274
274
274
274
274
274
274
274
274
274
274
274
274
274
274
274
274
274
274
274
274
274
274
274
274
274.004
274.16
279.458
419.17
770.858
839.581
846.265
853.421
863.114
874.461
890.549
914.869
944.746
981.459
1032.36
1104.5
1209.96
1362.93
1583.66
1831.62
1921.98
1938.79
1945.92
1940.23
1950.08
1956.39
1972.07
1999.24
2016.29
2019.74
1869.5
1607.93
1436.04
1301.61
1283.55
1279.69
1221.8
1242.99
1248.32
1229.04
1227.99
1231.06
1244.72
1224.73
1170.57
1159.21
1104.61
1080.1
1076.23
1098.53
1131.92
1173.48
1240.93
1306.15
1370.45
1417.45
1451.33
1465.03
1458.06
1489.86
1540.89
1590.38
1612.04
1640.31
1649.13
1646.02
1638.49
1615.3
1564.02
1495.67
1397.95
1303.12
1186.55
1066.59
958.001
837.098
737.356
648.588
565.792
499.121
274
274
274
274
274
274
274
274
274
274
274
274
274
274
274
274
274
274
274
274
274
274
274
274
274
274
274
274
274
274
274
274
274
274
274
274
274
274
274
274
274
274
274
274
274
274.001
274.018
274.763
298.145
592.878
827.962
844.328
849.864
857.281
866.527
878.409
898.499
922.859
955.949
1001.83
1066.05
1154.42
1286.37
1474.37
1720.4
1891.75
1928.61
1937.63
1940.63
1953.29
1957.62
1951.29
1943.41
1921.27
1887.88
1767.47
1669.92
1458.29
1369.71
1375.43
1367.24
1367.1
1398.13
1432.89
1481.05
1534.5
1566.86
1609.01
1607.49
1606.56
1467.61
1386.05
1394.62
1419.89
1464.29
1533.98
1567.84
1606.58
1620.2
1636.11
1651.73
1663.98
1673.47
1693.81
1692.25
1681.45
1674.34
1660.96
1657.86
1648.12
1628.3
1584.71
1503.57
1413.75
1329.25
1234.86
1155.33
1058.94
962.337
856.524
759.084
667.233
585.057
517.108
460.108
274
274
274
274
274
274
274
274
274
274
274
274
274
274
274
274
274
274
274
274
274
274
274
274
274
274
274
274
274
274
274
274
274
274
274
274
274
274
274
274
274
274
274
274
274
274
274.002
274.085
277.153
374.079
741.845
840.214
846.111
851.915
860.493
870.679
885.75
903.782
929.555
967.489
1021.28
1097.03
1209.69
1368.2
1587.5
1817.17
1897.73
1914.52
1926.15
1940.59
1956.05
1948.07
1929.52
1898.48
1855.62
1792.32
1753.45
1576.69
1508.7
1534
1550.44
1594.57
1654.39
1691.65
1791.49
1847.24
1859.87
1856.57
1884.34
1866.12
1857.86
1847.71
1858.17
1865.9
1867.91
1864.65
1854.44
1853.47
1831.42
1807.34
1798.95
1796.45
1788.52
1776.64
1749.63
1719.5
1689.05
1653.72
1613.25
1561.16
1488.34
1412.15
1341.49
1268.03
1212.74
1146.38
1080.76
997.029
893.461
782.905
679.028
594.322
525.482
469.785
424.075
274
274
274
274
274
274
274
274
274
274
274
274
274
274
274
274
274
274
274
274
274
274
274
274
274
274
274
274
274
274
274
274
274
274
274
274
274
274
274
274
274
274
274
274
274
274
274
274.008
274.358
285.956
508.681
817.656
842.671
846.389
854.118
864.978
877.429
891.032
908.967
936.298
979.069
1042.81
1135.48
1270.14
1460.42
1708.09
1851.1
1871.86
1874.51
1889.2
1899.77
1886.43
1868.57
1869.28
1917.51
1959.65
1946.15
1803.79
1692.76
1666.77
1676
1739.13
1814.39
1887.04
1947.78
1978.14
1983.72
1969.12
1992
1995.78
1996.74
2001.07
2001.89
2002.62
1998.71
1990.57
1971.91
1953.86
1931.88
1904.44
1869.66
1837.2
1808.38
1776.01
1741.05
1694.19
1627.37
1547.65
1459.76
1383.4
1329.1
1289.85
1252.28
1201.07
1153.71
1094.75
1025.12
917.02
801.201
696.137
606.869
535.32
478.78
432.4
394.995
274
274
274
274
274
274
274
274
274
274
274
274
274
274
274
274
274
274
274
274
274
274
274
274
274
274
274
274
274
274
274
274
274
274
274
274
274
274
274
274
274
274
274
274
274
274
274
274.001
274.029
275.223
316.185
666.572
834.767
840.653
847.105
858.026
869.635
881.422
894.572
912.996
942.895
991.679
1065.98
1173.24
1326.53
1540.81
1770.3
1851.37
1856.42
1851.68
1853.12
1881.28
1896.72
1898.06
1937.76
2056.76
2119.08
2047.48
1906.72
1869.71
1849.87
1887.44
1945.59
1968.29
1987.54
2001.48
2006.63
2000.94
1993.28
1992.74
1995.61
1996.77
1993.09
1987.86
1978.27
1963.2
1943.58
1920.36
1889.77
1854.8
1816.25
1765.53
1713.39
1650.66
1585.2
1502.32
1422.69
1361.13
1314.77
1276.39
1250.51
1228.66
1197.01
1142.99
1093.07
1017.21
925.124
815.33
710.84
620.977
546.438
488.148
442.899
405.291
374.776
274
274
274
274
274
274
274
274
274
274
274
274
274
274
274
274
274
274
274
274
274
274
274
274
274
274
274
274
274
274
274
274
274
274
274
274
274
274
274
274
274
274
274
274
274
274
274
274
274.002
274.102
277.84
395.158
763.794
835.96
840.388
848.686
860.035
871.726
883.71
896.653
915.778
948.355
1001.16
1081.05
1197.2
1363.75
1591.19
1797.83
1856.92
1868.51
1871.35
1880.62
1889.04
1892.38
1931.69
2043.87
2138.07
2138.67
2070.25
2027.1
1994.55
1984.75
2006.3
1993.21
1990.51
1993.57
1992.59
1979.18
1956.26
1935.62
1917.71
1902.33
1879.63
1854.9
1824.98
1796.6
1772.43
1739.32
1698.83
1651.11
1605.74
1553.92
1497.92
1441.62
1389.84
1345.43
1304.39
1272.75
1249.4
1226.17
1206.49
1178.05
1132.8
1074.35
1004.98
914.022
816.577
714.737
627.632
557.377
502.166
458.541
422.738
392.393
368.543
274
274
274
274
274
274
274
274
274
274
274
274
274
274
274
274
274
274
274
274
274
274
274
274
274
274
274
274
274
274
274
274
274
274
274
274
274
274
274
274
274
274
274
274
274
274
274
274
274
274.006
274.294
284.288
492.921
809.55
836.264
840.773
849.038
860.073
871.508
883.271
896.282
916.409
950.401
1004.4
1086.15
1205.7
1378.64
1617.68
1818.49
1863.81
1869.15
1871.29
1866.04
1863.1
1891.1
1960.64
2055.12
2100.72
2071.23
2053.87
2023.9
2007.97
1990.25
1969.52
1946.5
1919.49
1881.66
1852.12
1822.11
1796.27
1771.02
1748.44
1719.33
1692.25
1663.53
1639.09
1613.33
1581.28
1547.76
1505.49
1464.27
1423.67
1387.49
1353.2
1323.18
1296.93
1271.79
1251.46
1235.17
1210.18
1176.43
1132.35
1069.81
991.95
912.444
820.179
732.208
647.666
576.421
518.725
471.455
434.146
404.25
380.4
361.977
274
274
274
274
274
274
274
274
274
274
274
274
274
274
274
274
274
274
274
274
274
274
274
274
274
274
274
274
274
274
274
274
274
274
274
274
274
274
274
274
274
274
274
274
274
274
274
274
274
274
274.016
274.697
297.621
595.619
823.894
835.439
839.688
848.251
859.273
870.712
880.979
893.725
914.757
948.691
1001.21
1080.64
1196.9
1368.33
1610.49
1809.45
1857.02
1856.06
1848.18
1824.27
1822.18
1850.05
1892.63
1942.17
1960.95
1955.51
1931.13
1902.4
1880.47
1851.07
1812.33
1779.86
1754.95
1727.7
1703.82
1683.44
1661.88
1642.97
1616.35
1594.75
1573.86
1551.54
1527.92
1500.74
1473.19
1444.86
1413.75
1382.88
1354.1
1325.6
1299.48
1274.21
1249.6
1228.42
1201.51
1161.8
1111.62
1046.43
969.58
887.247
806.397
721.279
645.768
577.117
522.573
479.59
443.515
414.174
390.563
372.041
357.457
274
274
274
274
274
274
274
274
274
274
274
274
274
274
274
274
274
274
274
274
274
274
274
274
274
274
274
274
274
274
274
274
274
274
274
274
274
274
274
274
274
274
274
274
274
274
274
274
274
274
274.001
274.036
275.414
322.142
674.093
826.043
832.966
837.58
846.899
858.047
866.934
876.609
890.707
910.7
942.99
991.629
1062.63
1167.91
1323.65
1539.54
1752.2
1824.01
1829.38
1810.75
1796.45
1796.28
1801.32
1808.22
1802.57
1782.29
1766.26
1755.53
1755.49
1745.67
1723.37
1702.83
1672.2
1640.54
1610.16
1583
1555.62
1536.97
1513.48
1490.95
1472.22
1452.7
1431.36
1408.71
1386.79
1365.02
1342.8
1320.07
1297.82
1275.94
1252.74
1227.49
1199.16
1167.57
1121.74
1063
996.888
921.522
843.829
768.902
699.76
631.17
572.848
521.699
481.492
449.374
422.003
399.121
380.984
366.343
353.986
274
274
274
274
274
274
274
274
274
274
274
274
274
274
274
274
274
274
274
274
274
274
274
274
274
274
274
274
274
274
274
274
274
274
274
274
274
274
274
274
274
274
274
274
274
274
274
274
274
274
274
274.002
274.067
276.491
356.078
721.293
824.95
829.445
834.157
844.037
854.339
862.876
872.633
886.445
905.417
931.712
971.072
1030.92
1120.49
1248.43
1412.86
1605.89
1730.38
1767.11
1770.43
1767.39
1759.6
1752.91
1734.79
1710.05
1700.76
1693.82
1690.09
1666.11
1631.76
1600.73
1565.64
1527.93
1492.07
1459.02
1425.89
1398.88
1369.96
1345.55
1327.81
1309.42
1290.83
1273.8
1257.72
1241.24
1224.02
1205.61
1187.14
1168.91
1147.98
1122.31
1088.3
1042.11
985.366
923.506
858.137
790.243
725.691
665.951
612.087
560.407
518.423
481.484
451.792
427.332
406.168
388.851
374.944
362.963
352.84
274
274
274
274
274
274
274
274
274
274
274
274
274
274
274
274
274
274
274
274
274
274
274
274
274
274
274
274
274
274
274
274
274
274
274
274
274
274
274
274
274
274
274
274
274
274
274
274
274
274
274
274
274.003
274.107
277.762
386.832
746.087
823.173
824.871
829.206
839.362
849.805
859.504
867.373
878.468
894.28
913.605
944.009
990.494
1060.38
1151.42
1266.02
1400.06
1529.51
1618.73
1654.15
1661.78
1657.67
1636
1612.36
1592.26
1570.12
1540.5
1499.73
1457.32
1419.96
1383.88
1347.1
1311.3
1277.58
1246.88
1220.04
1195.38
1175.06
1159.45
1144.1
1129.54
1116.9
1104.62
1092.71
1080.36
1067.06
1052.06
1033.3
1008.78
978.504
940.156
893.928
842.002
788.446
734.192
681.233
632.979
589.142
549.827
511.75
480.928
453.719
431.145
412.461
396.28
382.803
371.436
361.37
353.163
274
274
274
274
274
274
274
274
274
274
274
274
274
274
274
274
274
274
274
274
274
274
274
274
274
274
274
274
274
274
274
274
274
274
274
274
274
274
274
274
274
274
274
274
274
274
274
274
274
274
274
274
274
274.004
274.142
278.787
404.609
755.64
821.018
820.305
824.004
832.999
843.58
852.27
858.6
866.187
877.568
894.063
916.09
948.733
995.707
1056.5
1127.06
1205.11
1278.63
1331.68
1362.33
1374.12
1372.54
1362.08
1341.29
1317.91
1293.37
1267.23
1239.86
1213.1
1184.65
1154.47
1124.71
1096.41
1071.12
1050.24
1032.35
1016.17
1003.65
991.35
979.915
969.465
958.319
947.397
936.304
923.686
908.803
889.718
865.744
836.259
801.513
763.268
722.888
682.838
643.312
604.869
569.564
536.944
507.853
479.709
456.477
435.765
418.108
403.396
390.712
379.695
370.06
361.63
355.512
274
274
274
274
274
274
274
274
274
274
274
274
274
274
274
274
274
274
274
274
274
274
274
274
274
274
274
274
274
274
274
274
274
274
274
274
274
274
274
274
274
274
274
274
274
274
274
274
274
274
274
274
274
274
274.005
274.161
279.065
403.929
749.622
818.324
816.435
818.336
825.381
833.51
841.36
848.534
855.056
862.612
874.003
889.17
910.678
938.617
972.418
1010.7
1050.98
1078.86
1097.51
1110.62
1115.73
1113.64
1107.95
1096.82
1079
1061.1
1042.04
1024.54
1005.85
984.273
964.318
945.436
927.144
913.963
901.421
890.154
881.084
871.272
861.866
852.351
841.915
831.569
820.385
807.883
792.921
774.737
753.234
728.673
701.349
672.08
641.666
612.174
583.034
554.231
527.666
502.856
481.005
459.517
441.237
424.907
410.764
398.833
388.287
378.75
370.293
363.959
359.467
274
274
274
274
274
274
274
274
274
274
274
274
274
274
274
274
274
274
274
274
274
274
274
274
274
274
274
274
274
274
274
274
274
274
274
274
274
274
274
274
274
274
274
274
274
274
274
274
274
274
274
274
274
274
274
274.006
274.156
278.434
383.833
725.056
814.087
812.173
811.738
816.47
822.916
829.988
837.238
843.048
848.485
857.252
865.301
875.651
889.192
904.188
921.863
936.074
950.911
961.683
965.014
960.487
956.113
949.441
940.387
932.46
923.831
913.012
898.287
883.114
868.164
854.358
840.932
828.85
816.656
806.77
797.983
789.795
782.036
774.345
765.923
757.221
747.257
736.126
722.916
706.98
688.619
668.012
645.739
622.629
598.89
575.362
551.816
528.287
506.493
486.139
467.837
449.626
433.706
419.742
407.76
397.581
388.101
379.386
372.705
368.157
364.182
274
274
274
274
274
274
274
274
274
274
274
274
274
274
274
274
274
274
274
274
274
274
274
274
274
274
274
274
274
274
274
274
274
274
274
274
274
274
274
274
274
274
274
274
274
274
274
274
274
274
274
274
274
274
274
274
274.006
274.13
277.228
349.436
674.643
806.107
806.924
804.524
806.98
810.929
817.07
823.309
829.004
835.803
840.991
845.391
848.51
851.635
856.024
860.547
864.281
867.405
868.307
868.649
867.718
863.012
860.194
858.638
857.143
855.842
852.46
848.294
844.065
839.847
836.405
832.351
826.826
822.023
816.874
811.88
806.438
800.364
793.089
784.174
773.111
760.152
744.707
726.418
705.799
683.499
660.077
635.976
611.229
586.702
562.561
538.386
516.002
494.969
476.043
457.852
441.686
427.68
415.138
403.598
393.204
384.668
377.962
372.816
368.821
274
274
274
274
274
274
274
274
274
274
274
274
274
274
274
274
274
274
274
274
274
274
274
274
274
274
274
274
274
274
274
274
274
274
274
274
274
274
274
274
274
274
274
274
274
274
274
274
274
274
274
274
274
274
274
274
274
274.005
274.095
275.997
314.889
590.334
789.714
800.146
796.271
796.446
799.29
804.676
811.513
818.341
826.369
831.218
836.899
842.992
848.091
856.553
862.447
870.549
875.26
880.077
887.097
891.771
897.416
904.192
909.457
913.959
917.413
920.308
922.943
924.386
925.35
925.831
925.172
925.669
929.485
933.004
932.633
928.893
922.588
912.922
900.493
885.126
866.724
844.549
819.462
791.478
760.463
726.624
690.853
657.812
627.2
596.808
568.233
541.563
516.853
494.161
474.388
456.805
440.171
424.813
411.824
401.39
392.813
385.589
379.757
274
274
274
274
274
274
274
274
274
274
274
274
274
274
274
274
274
274
274
274
274
274
274
274
274
274
274
274
274
274
274
274
274
274
274
274
274
274
274
274
274
274
274
274
274
274
274
274
274
274
274
274
274
274
274
274
274
274
274.004
274.062
275.084
293.097
482.93
743.725
788.055
786.32
787.415
793.224
805.57
820.072
835.389
847.789
861.184
871.7
882.527
897.543
911.201
927.199
939.673
953.739
973.499
996.274
1017.04
1038.75
1055.57
1065.77
1071.62
1073.25
1072.44
1066.37
1056.08
1043.01
1028.13
1011.88
992.073
971.375
951.278
932.624
915.027
898.249
882.634
868.061
853.924
840.48
827.192
813.656
799.732
785.038
769.156
750.293
729.649
706.334
680.963
652.687
622.623
590.649
559.912
531.532
505.499
481.709
460.451
442.02
426.562
413.494
402.996
274.001
274.001
274.001
274.001
274.001
274.001
274.001
274.001
274.001
274.001
274.001
274.001
274.001
274.001
274.001
274.001
274.001
274.001
274.001
274.001
274.001
274.001
274.001
274.001
274.001
274.001
274.001
274.001
274.001
274.001
274.001
274.001
274.001
274.001
274.001
274.001
274.001
274.001
274.001
274.001
274.001
274.001
274.001
274.001
274.001
274.001
274.001
274.001
274.001
274.001
274.001
274.001
274.001
274.001
274.001
274.001
274.001
274.001
274.001
274.003
274.036
274.525
281.815
377.363
631.709
757.738
784.444
802.026
831.777
866.307
902.271
943.296
986.873
1023.71
1051.82
1071.76
1085.16
1094.55
1101.39
1112.55
1125.5
1121.4
1111.99
1097.01
1078.18
1056.79
1034.58
1012.5
989.867
967.36
946.668
926.859
907.164
887.935
869.314
851.586
834.585
817.791
801.389
785.96
771.851
758.822
746.684
735.596
725.213
715.044
704.983
694.628
684.243
673.543
663.345
653.32
644.196
635.444
627.084
618.592
607.118
591.936
573.147
551.575
528.083
504.829
485.858
470.928
455.81
274.002
274.002
274.002
274.002
274.002
274.002
274.002
274.002
274.002
274.002
274.002
274.002
274.002
274.002
274.002
274.002
274.002
274.002
274.002
274.002
274.002
274.002
274.002
274.002
274.002
274.002
274.002
274.002
274.002
274.002
274.002
274.002
274.002
274.002
274.002
274.002
274.002
274.002
274.002
274.002
274.002
274.002
274.002
274.002
274.002
274.002
274.002
274.002
274.002
274.002
274.002
274.002
274.002
274.002
274.002
274.002
274.002
274.002
274.002
274.002
274.004
274.021
274.235
276.802
305.246
463.794
687.433
824.205
909.165
976.269
1032.54
1079.41
1124.6
1148.09
1153.16
1152.93
1150.21
1142.31
1128.24
1104.08
1073.2
1041.32
1010.81
983.34
958.309
935.645
914.792
895.012
876.361
858.593
841.785
825.767
810.494
795.985
782.284
768.985
755.855
742.738
729.776
716.913
705.228
694.358
683.491
672.889
662.752
652.891
643.482
634.845
626.909
619.366
612.518
606.003
600.111
594.821
589.812
585.065
581.286
581.001
581.079
581.358
581.253
579.564
575.332
562.679
545.512
)
;

boundaryField
{
    wall
    {
        type            zeroGradient;
    }
    inlet
    {
        type            fixedValue;
        value           uniform 3673;
    }
    outlet-1
    {
        type            inletOutlet;
        inletValue      uniform 274;
        value           nonuniform List<scalar> 
60
(
281.979
286.647
287.71
288.579
289.206
289.768
290.309
291.024
292.093
293.521
295.479
297.888
300.371
302.24
301.824
292.332
281.048
274
274
274
274
274
274
274
274
274
274
274
274
274
274
274
274
274
274
274
274
274
274
274
274
274
274
280.943
292.049
301.673
302.161
300.316
297.844
295.439
293.481
292.054
290.985
290.271
289.732
289.172
288.547
287.68
286.617
281.956
)
;
    }
    outlet-2
    {
        type            inletOutlet;
        inletValue      uniform 274;
        value           nonuniform List<scalar> 
89
(
274.002
274.001
274
274
274
274
274
274
274
274
274
274
274
274
274
274
274
274
274
274
274
274
274
274
274
274
274
274
274
274
274
274
274
274
274
274
274
274
274
274
274
274
274
274
274
274
274
274
274
274
274
274
274
274
274
274
274
274
274
274
274
274
274
274
274
274
274
274
274
274
274
274
274
274
274
274
274
274
274
274
274
274
274
274
274
274
274
274.001
274.002
)
;
    }
    frontAndBackPlanes
    {
        type            empty;
    }
}


// ************************************************************************* //
