/*--------------------------------*- C++ -*----------------------------------*\
| =========                 |                                                 |
| \\      /  F ield         | OpenFOAM: The Open Source CFD Toolbox           |
|  \\    /   O peration     | Version:  2112                                  |
|   \\  /    A nd           | Website:  www.openfoam.com                      |
|    \\/     M anipulation  |                                                 |
\*---------------------------------------------------------------------------*/
FoamFile
{
    version     2.0;
    format      ascii;
    arch        "LSB;label=32;scalar=64";
    class       volScalarField;
    location    "0.001";
    object      T;
}
// * * * * * * * * * * * * * * * * * * * * * * * * * * * * * * * * * * * * * //

dimensions      [0 0 0 1 0 0 0];

internalField   nonuniform List<scalar> 
13875
(
1411.77
1534.89
1482.68
1486.73
1481.09
1483.13
1482.76
1483.61
1483.63
1483.89
1484.44
1484.84
1484.2
1484.41
1484.35
1484.14
1483.32
1483.2
1481.93
1482.94
1480.89
1488.23
1481
1533.22
1397.3
1306.95
1356.09
1319.22
1322.13
1316.79
1317.02
1316.9
1319.13
1321.13
1322.75
1323.13
1323.54
1323.38
1323.83
1323.66
1322.7
1318.13
1317.13
1315.93
1316.84
1316.25
1322.24
1319.81
1356.23
1303.03
1307
1339.71
1314.77
1311.09
1303.99
1304.12
1303.04
1303.43
1303.14
1303.65
1305.36
1305.64
1305.05
1304.55
1304.13
1305.49
1303.48
1303.05
1302.42
1303.89
1303.67
1311.73
1312.12
1336.63
1296.89
1317.18
1345.01
1315.18
1308.57
1305.21
1304.73
1303.34
1303.55
1303.18
1302.91
1304.17
1304.74
1304.03
1303.69
1302.81
1303.53
1303.58
1303.05
1302.65
1304.39
1304.57
1308.17
1314.51
1343.96
1312.16
1329.41
1341.76
1316.17
1311.86
1303.52
1303.89
1302.88
1303.27
1303.11
1303.05
1304.2
1304.83
1303.9
1303.81
1302.9
1303.45
1303.63
1303.17
1302.6
1303.6
1303.33
1312.22
1312.77
1338.8
1316.72
1332.26
1351.62
1319.43
1310.04
1307.17
1306.17
1304.15
1303.9
1303.47
1303.48
1304.36
1304.9
1304.28
1304.18
1303.15
1303.67
1304.14
1303.92
1303.67
1305.77
1306.52
1308.58
1319.73
1349.24
1327.06
1339.26
1360.59
1329.75
1317.17
1307.14
1306.16
1304.51
1304.39
1303.99
1304.24
1305.01
1305.36
1304.82
1304.86
1303.97
1304.3
1304.69
1304.65
1304.27
1305.99
1307.08
1318.11
1326.88
1359.04
1322.62
1361.77
1386.39
1345.83
1322.05
1316.87
1312.24
1308.35
1307.04
1306.14
1306.14
1306.4
1306.64
1306.19
1306.36
1305.45
1305.89
1306.65
1307.22
1307.9
1311.81
1315.71
1321.74
1343.27
1383.06
1353.04
1535.05
1508.52
1389.72
1352.37
1324.15
1316.8
1312.3
1310.53
1309.52
1309.32
1309.37
1309.44
1309.17
1309.63
1308.79
1309.12
1309.67
1310.63
1311.96
1316.41
1323.54
1351.23
1386.9
1510.47
1527.58
1861.83
1590.91
1438.87
1368.59
1345.87
1329.58
1321.73
1318.79
1316.85
1316.29
1316.05
1315.85
1315.86
1316.61
1315.8
1316.27
1317.01
1318.89
1321.48
1329.76
1342.02
1368.3
1436.61
1581.53
1849.13
2518.74
1800.33
1543.42
1441.52
1369.27
1349.57
1339.28
1335.29
1332.42
1331.6
1331.11
1330.68
1330.89
1331.95
1331.24
1331.81
1332.88
1335.11
1338.52
1349.64
1366.91
1441.9
1531.87
1798.52
2467.31
2885.59
2320.34
2162.03
1540.35
1449.76
1413.83
1385.34
1377.62
1370.99
1369.05
1368.27
1367.66
1368.11
1369.41
1368.96
1369.82
1372.09
1378
1384.49
1415.54
1444.29
1522.12
2116.84
2320.51
2867.58
2846.17
2786.15
2666.44
2390.78
1656.74
1554.31
1527.11
1507.96
1496.24
1493.13
1492.49
1492.16
1494.05
1494.89
1494.82
1496.11
1499.86
1511.79
1528.48
1561.57
1685.1
2344.04
2601.14
2801.13
2821.49
2769.99
2760.93
2859.84
2856.56
2224.31
2248.52
2058.4
1969.3
1914.77
1892.91
1894.75
1889.46
1900.35
1895.14
1904.27
1905.92
1925.18
1985.86
2091.72
2231.81
2311.21
2824.71
2849.62
2801.67
2728.38
2643.28
2753.33
2865.27
2855.1
2888.6
3203.4
3448.36
3498.78
3680.03
3649.64
3672.73
3663.14
3686.27
3671.38
3677.64
3662.21
3661.83
3546.1
3470.42
3177.93
2904.75
2839.99
2845.95
2757.56
2675.63
2528.27
2690.57
2898.97
2988.64
3000.44
3352.22
3603.33
3693.83
3696.16
3668.26
3640.21
3634.1
3622.99
3634.04
3635.19
3658.5
3683.77
3700.59
3614.48
3390.13
3023.51
2949.61
2872.36
2737.61
2558.63
2486.64
2632.66
2768.88
2972.08
3051.87
3358.64
3581.05
3680.33
3680.75
3652.23
3630.13
3628.16
3621.41
3628.11
3626.62
3643.68
3672.84
3692.89
3597.59
3404.37
3069.69
2947.85
2782.38
2648.35
2483.05
2314.89
2635.38
2864.76
2961.89
2967.73
3210.61
3378.28
3478.78
3502.93
3519.9
3520.07
3528.33
3531.78
3533.89
3531.18
3524.14
3501.5
3458.37
3357.22
3194.16
2957.39
2930.03
2838.6
2631.36
2297.39
2256.63
2352.26
2638.56
2777.72
2750.63
2887.66
3120.87
3301.38
3383.06
3413.21
3417.03
3429.07
3437.48
3441.84
3436.97
3430.28
3406.73
3326.71
3142.44
2917.23
2747.07
2742.1
2642.82
2356
2268.56
2347.33
2288.3
2394.15
2549.54
2567.49
2641.3
2848.05
3088
3231.84
3298.21
3314.65
3327.8
3337.99
3344.89
3341.53
3328.6
3272.59
3121.1
2871.3
2640.64
2534.6
2498.62
2397.18
2274.21
2358.84
2909.82
2251.37
2209.81
2352.2
2409.76
2483.15
2672.72
2907.75
3082.66
3178.23
3206.31
3218.59
3226.63
3235.37
3235.86
3213.72
3118.33
2921.02
2673.52
2460.53
2371.79
2310.17
2202.84
2233.95
2988.46
2854.65
2049.9
2014.08
2193.52
2278.03
2372.18
2538.98
2762.81
2940.72
3058.4
3095.8
3105.81
3109.29
3117.99
3119.18
3087.02
2963.28
2756.12
2522.94
2345.41
2247.03
2149.12
2018.32
2065.65
2900.31
2884.05
2063.49
1917.8
2081.03
2178.78
2282.87
2427.34
2630.68
2815.65
2936.59
2980.08
2990.9
2991.07
2996.57
2996.86
2960.47
2832.19
2618.41
2402.43
2255.38
2148.61
2050.03
1921.44
2086.09
2938.82
2821.68
2054.17
1903.74
2017.15
2095.12
2197.94
2335.65
2522.5
2700.25
2818.57
2866.78
2877.66
2875.18
2876.99
2875.6
2837.01
2710.66
2501.97
2302.05
2156.82
2065.1
1984.33
1902.73
2047.79
2767.37
2749.82
2044.6
1930.55
1983.39
2033.39
2111.98
2249.97
2438.76
2593.75
2715.23
2761.45
2771.36
2766.26
2768.7
2766.81
2727.56
2600.12
2403.45
2203.93
2074.32
2004
1961.11
1923.19
2054.41
2744.89
2727.89
2073.34
1948.14
1963.16
1978.1
2052.54
2175.64
2343.84
2504.38
2613.94
2661.78
2669.14
2661.17
2662.38
2663.67
2627.89
2515.96
2323.43
2130.99
1995.97
1943.81
1940.41
1945.18
2062.09
2664.58
2722.49
2108.25
1965.8
1958.28
1945.87
1990.69
2116.39
2275.5
2422.19
2527.28
2563.82
2567.95
2560.73
2561.37
2562
2535.87
2439.39
2255.19
2072.28
1941.53
1898.48
1925.13
1977.44
2121.39
2697.86
2731.92
2182.39
2009.68
1955.32
1909.04
1951.45
2060.61
2217.59
2342.38
2438.14
2471.23
2475.74
2470.17
2470.88
2468.81
2446.26
2365.35
2209.17
2021.63
1897.63
1866.06
1908.33
2005.55
2209.28
2730.75
2766.56
2202.67
2023.03
1942.27
1903.34
1919.76
2027.27
2148.35
2286.91
2359.77
2388.49
2388.24
2384.82
2380.97
2383.97
2365.49
2307.01
2164.57
2005.24
1879.71
1844.52
1910.52
2025.89
2224.22
2808.61
2820.75
2219.9
2009.82
1947.18
1879.23
1908.48
1988.46
2121.52
2216.99
2285.67
2303.63
2310.65
2306.9
2305.88
2295.82
2286.21
2239.12
2133.76
1983.95
1864.12
1829.5
1908.51
1999.64
2243.26
2850.95
2800.86
2219.91
2046.5
1959.64
1876.18
1890.45
1978.38
2074.24
2162.62
2212.68
2235.83
2233.29
2235.27
2229.02
2228.33
2210.85
2173.93
2090.47
1967.19
1863.02
1825.12
1904.63
2051.69
2252.86
2849.46
2801.17
2210.42
2059.5
1954.16
1869.13
1890.24
1953.63
2029.59
2112.91
2150.15
2162.97
2169.91
2168.67
2165.72
2153.65
2145.79
2120.88
2043.25
1962.53
1857.22
1827.9
1901.63
2040.67
2219.24
2811.16
2781
2240.14
2104.98
1940.41
1861.96
1865.58
1924.15
2014.14
2057.29
2097.14
2105.34
2106.32
2110.59
2105.97
2095.78
2089.24
2060.68
2019.99
1923.72
1851.23
1814.89
1878.21
2066.86
2248.67
2812.38
2778.17
2221.85
2134.22
1980.44
1895.85
1865.76
1913.86
1970.75
2024.79
2038.64
2054.6
2056.16
2056.91
2052.6
2045.89
2029.15
2021.23
1962.03
1920.23
1838.85
1832.57
1920.9
2092.39
2240.46
2812.71
2824.47
2231.55
2128.83
1958.69
1877.89
1845.8
1894.03
1955.41
1971.29
2007.15
1998.49
2004.35
2007.41
2005.52
1990.09
1995.75
1974.83
1938.88
1889.11
1845.28
1841.02
1877.22
2089.19
2225.07
2809.83
2827.84
2260.27
2121.62
2004.83
1916.9
1865.67
1872.55
1929.28
1946.09
1959.3
1970.25
1963.56
1967.81
1961.54
1961.3
1949.41
1943.94
1914
1879.57
1841.5
1867.94
1933.42
2099.67
2260.36
2818.59
2810.8
2258.91
2123.67
2086.77
1938.75
1887.5
1882.58
1901
1921.69
1927.56
1923.92
1932.88
1929.02
1932.66
1916.87
1915.81
1921.94
1876.21
1877.23
1861.63
1891.53
2009.91
2096
2254.21
2816.9
2805.33
2257.26
2131.39
2097.12
1986.92
1903.37
1893.38
1904.24
1874.08
1907.91
1898.3
1890.77
1898.26
1890.31
1893.57
1899.51
1878.39
1895.33
1893.2
1875.27
1931.02
2039.35
2095.28
2228.85
2802.48
2786.55
2236.1
2104.33
2086.85
2049.43
1933.9
1892.85
1867.99
1889.98
1866.19
1874.64
1875.96
1872
1874.31
1870.08
1862.08
1891.57
1849.68
1886.24
1912.51
1987.2
2024.61
2075.72
2233.2
2806.3
2741.54
2220.57
2082.52
2080.65
2076.1
1965.31
1917.13
1895.25
1845.34
1869.61
1844.09
1847.23
1849.6
1846.3
1845.04
1861.34
1856.74
1879.95
1909.62
1913.8
2034.55
2032.78
2058.31
2236.94
2786.44
2729.5
2251
2066.62
2054.95
2063.65
2040.35
1934.17
1881.36
1863.34
1839.36
1843.06
1837.02
1830.48
1836.49
1844.05
1846.12
1866.62
1885.49
1921.31
1980.76
2034.56
2024.19
2051.11
2259.69
2763.11
2713.26
2272.41
2045.06
2036.2
2066.34
2069.85
1957.43
1903.44
1864.65
1832.64
1810.83
1808.62
1814.09
1809.25
1811.37
1834.13
1879.83
1894.54
1934.46
2049.7
2032.57
1996.19
2035.9
2288.39
2721.18
2701.34
2291.49
2048.18
2026.66
2036.82
2047.87
2039.93
1922.39
1849.76
1852.44
1825.27
1813.69
1812.44
1814.07
1826.82
1859.41
1846.1
1911.88
1992.95
2012.18
2008.9
1984.61
2018.36
2298.37
2700.22
2665.36
2296.17
2063.38
2011.12
2014.21
2037.01
2054.98
1964.33
1899.26
1815.32
1822.68
1813.91
1810
1814.04
1823.6
1820.91
1899.93
1950.97
2047.64
2003.43
1989.55
1952.62
2026.62
2266.82
2655.5
2641.02
2275.96
2065.14
2005.78
1963.13
2011.49
2045.13
2041.35
1875.67
1865.45
1796.55
1797.55
1802.89
1800.48
1801.43
1864.32
1895.56
2029.46
2042.3
1992.58
1945.24
1963.68
2036.17
2282.38
2599.47
2576.18
2276.91
2055.33
1987.17
1952.17
1962.93
2018.11
2045.28
1975.34
1886.77
1848.52
1814.41
1803.88
1815.29
1848.93
1886.14
1969.9
2044.76
2019.84
1964.3
1938.67
1970.86
2039.68
2291.67
2547.21
2511
2309.6
2053.82
1988.64
1959.56
1936.21
1984.45
2033.55
2049.25
1937.5
1825.6
1808.67
1812.7
1812.19
1828.32
1926.19
2050.76
2034.87
1980.73
1929.09
1953.67
1979.5
2043.33
2295.85
2486.58
2462.04
2312.59
2067.57
1985.85
1946.46
1936.86
1965.92
2018.12
2049.28
2039.92
1925.54
1845.33
1843.46
1847.26
1919.96
2040.09
2054.28
2015.52
1964.86
1930.01
1944.04
1975.93
2062.3
2303.98
2433.16
2423.84
2306.81
2087.3
1999.61
1960.18
1926.53
1948.82
1983.38
2022.21
2049.14
2007.65
1914.51
1915.24
1920.11
2009.59
2056.59
2027.45
1985.42
1945.06
1924.79
1952.74
1991.15
2077.45
2296
2403.32
2260.65
2273.37
2085.28
1997.47
1964
1935.46
1947.61
1976.4
2029.21
2057.99
2044
2153.43
2177.49
2157.77
2046.31
2065.22
2034.88
1984.4
1944.27
1930.06
1955.97
1991.82
2080.11
2262.77
2247.51
274.019
274.107
274.163
274.32
274.472
274.404
274.287
274.16
274.078
274.034
274.014
274.005
274.001
274
274
274
274
274
274
274
274
274
274
273.999
273.999
273.999
273.996
274.004
273.988
274.014
274.404
274.386
274.406
274.546
274.674
274.542
274.378
274.209
274.101
274.044
274.017
274.006
274.002
274
274
274
274
274
274
274
274
274
273.999
273.999
273.999
273.999
273.995
274.005
273.988
274.016
274.533
274.412
274.409
274.589
274.736
274.587
274.414
274.228
274.109
274.047
274.018
274.006
274.002
274
274
274
274
274
274
274
274
274
273.999
273.999
273.999
273.999
273.997
274.004
273.994
274.01
274.555
274.367
274.382
274.613
274.787
274.621
274.441
274.241
274.114
274.049
274.018
274.006
274.002
274
274
274
274
274
274
274
274
274
273.999
273.999
273.999
273.999
273.998
274.003
273.997
274.006
274.551
274.327
274.368
274.666
274.828
274.644
274.458
274.247
274.116
274.049
274.018
274.006
274.002
274
274
274
274
274
274
274
274
274
273.999
273.999
273.999
273.999
273.999
274.003
273.999
274.004
274.539
274.306
274.37
274.725
274.857
274.647
274.46
274.246
274.115
274.048
274.018
274.006
274.002
274
274
274
274
274
274
274
274
274
273.999
273.999
273.999
273.999
274
274.002
274
274.002
274.529
274.297
274.38
274.778
274.865
274.64
274.456
274.242
274.113
274.047
274.017
274.005
274.001
274
274
274
274
274
274
274
274
274
274
273.999
273.999
273.999
274
274.002
274.001
274.002
274.532
274.312
274.423
274.813
274.863
274.625
274.447
274.235
274.11
274.045
274.016
274.005
274.001
274
274
274
274
274
274
274
274
274
274
273.999
273.999
274
274
274.001
274.001
274.002
274.545
274.404
274.45
274.832
274.855
274.597
274.431
274.225
274.105
274.041
274.014
274.004
274.001
274
274
274
274
274
274
274
274
274
274
274
273.999
274
274
274.001
274.001
274.003
274.551
274.48
274.466
274.838
274.837
274.561
274.407
274.208
274.095
274.037
274.013
274.004
274.001
274
274
274
274
274
274
274
274
274
274
274
274
274
274
274
274.001
274.003
274.552
274.537
274.481
274.838
274.798
274.516
274.377
274.189
274.087
274.034
274.011
274.003
274.001
274
274
274
274
274
274
274
274
274
274
274
274
274
274
274
274
274.002
274.515
274.576
274.49
274.783
274.749
274.468
274.347
274.174
274.08
274.031
274.01
274.003
274.001
274
274
274
274
274
274
274
274
274
274
274
274
274
273.999
274
274
274.001
274.524
274.597
274.497
274.697
274.691
274.424
274.318
274.16
274.074
274.029
274.01
274.003
274.001
274
274
274
274
274
274
274
274
274
274
274
274
274
274
274
274
274.001
274.526
274.602
274.504
274.619
274.628
274.385
274.29
274.146
274.068
274.026
274.009
274.002
274.001
274
274
274
274
274
274
274
274
274
274
274
274
274
274
274
274
274.001
274.5
274.515
274.457
274.55
274.565
274.348
274.262
274.133
274.062
274.024
274.008
274.002
274
274
274
274
274
274
274
274
274
274
274
274
274
274
274
274
274
274.001
274.512
274.492
274.421
274.493
274.502
274.31
274.235
274.119
274.056
274.021
274.007
274.002
274
274
274
274
274
274
274
274
274
274
274
274
274
274
274
274
274
274.001
274.621
274.678
274.57
274.514
274.453
274.274
274.207
274.105
274.049
274.019
274.006
274.002
274
274
274
274
274
274
274
274
274
274
274
274
274
274
274
274
274
274.001
274.902
275.427
275.253
274.859
274.527
274.259
274.181
274.091
274.043
274.016
274.005
274.001
274
274
274
274
274
274
274
274
274
274
274
274
274
274
274
274
274
274.001
275.86
278.39
278.599
276.79
275.086
274.376
274.181
274.079
274.036
274.014
274.004
274.001
274
274
274
274
274
274
274
274
274
274
274
274
274
274
274
274
274
274.001
279.19
288.421
293.412
286.057
278.525
275.057
274.3
274.087
274.031
274.011
274.004
274.001
274
274
274
274
274
274
274
274
274
274
274
274
274
274
274
274
274
274.001
288.081
298.007
315.986
325.013
298.1
279.108
274.925
274.18
274.04
274.01
274.003
274.001
274
274
274
274
274
274
274
274
274
274
274
274
274
274
274
274
274
274.001
294.314
298.584
322.615
344.906
349.635
302.707
278.31
274.629
274.099
274.015
274.002
274
274
274
274
274
274
274
274
274
274
274
274
274
274
274
274
274
274
274.001
284.05
295.328
332.873
367.412
365.185
357.646
295.872
276.656
274.343
274.044
274.005
274
274
274
274
274
274
274
274
274
274
274
274
274
274
274
274
274
274
274.001
276.324
329.525
391.67
433.096
405.817
380.872
349.3
284.504
275.293
274.144
274.015
274.001
274
274
274
274
274
274
274
274
274
274
274
274
274
274
274
274
274
274.001
419.964
600.186
818.393
761.35
536.443
431.88
391.395
319.942
278.315
274.447
274.047
274.004
274
274
274
274
274
274
274
274
274
274
274
274
274
274
274
274
274
274.001
274.014
273.988
274.004
273.996
273.999
273.999
273.999
274
274
274
274
274
274
274
274
274
274
274.001
274.005
274.014
274.034
274.078
274.16
274.287
274.404
274.472
274.32
274.163
274.107
274.019
274.016
273.988
274.005
273.995
273.999
273.999
273.999
273.999
274
274
274
274
274
274
274
274
274
274.002
274.006
274.017
274.044
274.101
274.209
274.378
274.541
274.674
274.546
274.406
274.386
274.404
274.01
273.994
274.004
273.997
273.999
273.999
273.999
273.999
274
274
274
274
274
274
274
274
274
274.002
274.006
274.018
274.047
274.109
274.228
274.414
274.587
274.736
274.589
274.409
274.411
274.533
274.006
273.997
274.003
273.998
273.999
273.999
273.999
273.999
274
274
274
274
274
274
274
274
274
274.002
274.006
274.018
274.049
274.114
274.241
274.441
274.621
274.787
274.613
274.382
274.367
274.555
274.004
273.999
274.003
273.999
273.999
273.999
273.999
273.999
274
274
274
274
274
274
274
274
274
274.002
274.006
274.018
274.049
274.116
274.247
274.458
274.644
274.828
274.666
274.368
274.327
274.551
274.002
274
274.002
274
273.999
273.999
273.999
273.999
274
274
274
274
274
274
274
274
274
274.002
274.006
274.018
274.048
274.115
274.246
274.46
274.647
274.857
274.725
274.37
274.306
274.539
274.002
274.001
274.002
274
273.999
273.999
273.999
274
274
274
274
274
274
274
274
274
274
274.001
274.005
274.017
274.047
274.113
274.242
274.456
274.64
274.865
274.778
274.38
274.297
274.529
274.002
274.001
274.001
274
274
273.999
273.999
274
274
274
274
274
274
274
274
274
274
274.001
274.005
274.016
274.045
274.11
274.235
274.447
274.625
274.863
274.813
274.423
274.312
274.531
274.003
274.001
274.001
274
274
273.999
274
274
274
274
274
274
274
274
274
274
274
274.001
274.004
274.014
274.041
274.105
274.225
274.43
274.597
274.855
274.832
274.45
274.404
274.545
274.003
274.001
274
274
274
274
274
274
274
274
274
274
274
274
274
274
274
274.001
274.004
274.013
274.037
274.095
274.208
274.407
274.561
274.837
274.837
274.466
274.48
274.551
274.002
274
274
274
274
274
274
274
274
274
274
274
274
274
274
274
274
274.001
274.003
274.011
274.034
274.087
274.19
274.377
274.516
274.798
274.838
274.481
274.537
274.552
274.001
274
274
273.999
274
274
274
274
274
274
274
274
274
274
274
274
274
274.001
274.003
274.01
274.031
274.08
274.174
274.347
274.468
274.749
274.783
274.49
274.576
274.515
274.001
274
274
274
274
274
274
274
274
274
274
274
274
274
274
274
274
274.001
274.003
274.01
274.029
274.074
274.16
274.318
274.424
274.691
274.697
274.497
274.597
274.524
274.001
274
274
274
274
274
274
274
274
274
274
274
274
274
274
274
274
274.001
274.002
274.009
274.026
274.068
274.146
274.29
274.385
274.628
274.619
274.504
274.602
274.526
274.001
274
274
274
274
274
274
274
274
274
274
274
274
274
274
274
274
274
274.002
274.008
274.024
274.062
274.133
274.262
274.348
274.565
274.55
274.456
274.515
274.5
274.001
274
274
274
274
274
274
274
274
274
274
274
274
274
274
274
274
274
274.002
274.007
274.021
274.056
274.119
274.235
274.31
274.502
274.493
274.421
274.492
274.512
274.001
274
274
274
274
274
274
274
274
274
274
274
274
274
274
274
274
274
274.002
274.006
274.019
274.049
274.105
274.207
274.274
274.453
274.515
274.57
274.679
274.621
274.001
274
274
274
274
274
274
274
274
274
274
274
274
274
274
274
274
274
274.001
274.005
274.016
274.043
274.091
274.181
274.259
274.527
274.86
275.255
275.429
274.902
274.001
274
274
274
274
274
274
274
274
274
274
274
274
274
274
274
274
274
274.001
274.004
274.014
274.036
274.079
274.181
274.377
275.088
276.797
278.606
278.394
275.861
274.001
274
274
274
274
274
274
274
274
274
274
274
274
274
274
274
274
274
274.001
274.004
274.011
274.031
274.087
274.301
275.06
278.539
286.079
293.441
288.42
279.192
274.001
274
274
274
274
274
274
274
274
274
274
274
274
274
274
274
274
274
274.001
274.003
274.01
274.04
274.181
274.927
279.124
298.195
325.017
315.955
297.975
288.071
274.001
274
274
274
274
274
274
274
274
274
274
274
274
274
274
274
274
274
274
274.002
274.015
274.099
274.631
278.324
302.775
349.549
344.806
322.562
298.532
294.279
274.001
274
274
274
274
274
274
274
274
274
274
274
274
274
274
274
274
274
274
274.005
274.044
274.345
276.665
295.966
357.584
365.011
367.22
332.729
295.233
283.918
274.001
274
274
274
274
274
274
274
274
274
274
274
274
274
274
274
274
274
274.001
274.015
274.144
275.297
284.528
349.305
380.692
405.422
432.609
391.369
329.311
276.05
274.001
274
274
274
274
274
274
274
274
274
274
274
274
274
274
274
274
274
274.004
274.047
274.448
278.327
320.014
391.192
431.506
535.111
759.191
818.837
600.112
419.219
274.001
274.001
274.001
274.001
274.001
274.001
274.001
274.001
274.001
274.001
274.001
274.001
274.001
274.001
274.001
274.001
274.001
274.001
274.001
274.001
274.001
274.001
274.001
274.001
274.001
274.001
274.001
274.001
274.001
274.001
274.001
274.001
274.001
274.001
274.001
274.001
274.001
274.001
274.001
274.001
274.001
274.001
274.001
274.001
274.001
274.001
274.001
274.001
274.001
274.001
274.001
274.001
274.001
274.001
274.001
274.001
274.001
274.001
274.001
274.001
274.001
274.001
274.001
274.001
274.001
274.001
274.001
274.001
274.001
274.001
274.001
274.001
274.001
274.001
274.001
274.001
274.001
274.001
274.001
274.001
274.001
274.001
274.001
274.001
274.001
274.001
274.001
274.001
274.001
274.001
274.001
274.001
274.001
274.001
274.001
274.001
274.001
274.001
274.001
274.001
274.001
274.001
274.001
274.001
274.001
274.001
274.001
274.001
274.001
274.001
274.001
274.001
274.001
274.001
274.001
274.001
274.001
274.001
274.001
274.001
274.001
274.001
274.001
274.001
274.001
274
274
274
274
274
274
274
274
274
274
274
274
274
274
274
274
274
274
274
274
274
274
274
274
274
274
274
274
274
274
274
274
274
274
274
274
274
274
274
274
274
274
274
274
274
274
274
274
274
274
274
274
274
274
274
274
274
274
274
274
274
274
274
274
274
274
274
274
274
274
274
274
274
274
274
274
274
274
274
274
274
274
274
274
274
274
274
274
274
274
274
274
274
274
274
274
274
274
274
274
274
274
274
274
274
274
274
274
274
274
274
274
274
274
274
274
274
274
274
274
274
274
274
274
274
274
274
274
274
274
274
274
274
274
274
274
274
274
274
274
274
274
274
274
274
274
274
274
274
274
274
274
274
274
274
274
274
274
274
274
274
274
274
274
274
274
274
274
274
274
274
274
274
274
274
274
274
274
274
274
274
274
274
274
274
274
274
274
274
274
274
274
274
274
274
274
274
274
274
274
274
274
274
274
274
274
274
274
274
274
274
274
274
274
274
274
274
274
274
274
274
274
274
274
274
274
274
274
274
274
274
274
274
274
274
274
274
274
274
274
274
274
274
274
274
274
274
274
274
274
274
274
274
274
274
274
274
274
274
274
274
274
274
274
274
274
274
274
274
274
274
274
274
274
274
274
274
274
274
274
274
274
274
274
274
274
274
274
274
274
274
274
274
274
274
274
274
274
274
274
274
274
274
274
274
274
274
274
274
274
274
274
274
274
274
274
274
274
274
274
274
274
274
274
274
274
274
274
274
274
274
274
274
274
274
274
274
274
274
274
274
274
274
274
274
274
274
274
274
274
274
274
274
274
274
274
274
274
274
274
274
274
274
274
274
274
274
274
274
274
274
274
274
274
274
274
274
274
274
274
274
274
274
274
274
274
274
274
274
274
274
274
274
274
274
274
274
274
274
274
274
274
274
274
274
274
274
274
274
274
274
274
274
274
274
274
274
274
274
274
274
274
274
274
274
274
274
274
274
274
274
274
274
274
274
274
274
274
274
274
274
274
274
274
274
274
274
274
274
274
274
274
274
274
274
274
274
274
274
274
274
274
274
274
274
274
274
274
274
274
274
274
274
274
274
274
274
274
274
274
274
274
274
274
274
274
274
274
274
274
274
274
274
274
274
274
274
274
274
274
274
274
274
274
274
274
274
274
274
274
274
274
274
274
274
274
274
274
274
274
274
274
274
274
274
274
274
274
274
274
274
274
274
274
274
274
274
274
274
274
274
274
274
274
274
274
274
274
274
274
274
274
274
274
274
274
274
274
274
274
274
274
274
274
274
274
274
274
274
274
274
274
274
274
274
274
274
274
274
274
274
274
274
274
274
274
274
274
274
274
274
274
274
274
274
274
274
274
274
274
274
274
274
274
274
274
274
274
274
274
274
274
274
274
274
274
274
274
274
274
274
274
274
274
274
274
274
274
274
274
274
274
274
274
274
274
274
274
274
274
274
274
274
274
274
274
274
274
274
274
274
274
274
274
274
274
274
274
274
274
274
274
274
274
274
274
274
274
274
274
274
274
274
274
274
274
274
274
274
274
274
274
274
274
274
274
274
274
274
274
274
274
274
274
274
274
274
274
274
274
274
274
274
274
274
274
274
274
274
274
274
274
274
274
274
274
274
274
274
274
274
274
274
274
274
274
274
274
274
274
274
274
274
274
274
274
274
274
274
274
274
274
274
274
274
274
274
274
274
274
274
274
274
274
274
274
274
274
274
274
274
274
274
274
274
274
274
274
274
274
274
274
274
274
274
274
274
274
274
274
274
274
274
274
274
274
274
274
274
274
274
274
274
274
274
274
274
274
274
274
274
274
274
274
274
274
274
274
274
274
274
274
274
274
274
274
274
274
274
274
274
274
274
274
274
274
274
274
274
274
274
274
274
274
274
274
274
274
274
274
274
274
274
274
274
274
274
274
274
274
274
274
274
274
274
274
274
274
274
274
274
274
274
274
274
274
274
274
274
274
274
274
274
274
274
274
274
274
274
274
274
274
274
274
274
274
274
274
274
274
274
274
274
274
274
274
274
274
274
274
274
274
274
274
274
274
274
274
274
274
274
274
274
274
274
274
274
274
274
274
274
274
274
274
274
274
274
274
274
274
274
274
274
274
274
274
274
274
274
274
274
274
274
274
274
274
274
274
274
274
274
274
274
274
274
274
274
274
274
274
274
274
274
274
274
274
274
274
274
274
274
274
274
274
274
274
274
274
274
274
274
274
274
274
274
274
274
274
274
274
274
274
274
274
274
274
274
274
274
274
274
274
274
274
274
274
274
274
274
274
274
274
274
274
274
274
274
274
274
274
274
274
274
274
274
274
274
274
274
274
274
274
274
274
274
274
274
274
274
274
274
274
274
274
274
274
274
274
274
274
274
274
274
274
274
274
274
274
274
274
274
274
274
274
274
274
274
274
274
274
274
274
274
274
274
274
274
274
274
274
274
274
274
274
274
274
274
274
274
274
274
274
274
274
274
274
274
274
274
274
274
274
274
274
274
274
274
274
274
274
274
274
274
274
274
274
274
274
274
274
274
274
274
274
274
274
274
274
274
274
274
274
274
274
274
274
274
274
274
274
274
274
274
274
274
274
274
274
274
274
274
274
274
274
274
274
274
274
274
274
274
274
274
274
274
274
274
274
274
274
274
274
274
274
274
274
274
274
274
274
274
274
274
274
274
274
274
274
274
274
274
274
274
274
274
274
274
274
274
274
274
274
274
274
274
274
274
274
274
274
274
274
274
274
274
274
274
274
274
274
274
274
274
274
274
274
274
274
274
274
274
274
274
274
274
274
274
274
274
274
274
274
274
274
274
274
274
274
274
274
274
274
274
274
274
274
274
274
274
274
274
274
274
274
274
274
274
274
274
274
274
274
274
274
274
274
274
274
274
274
274
274
274
274
274
274
274
274
274
274
274
274
274
274
274
274
274
274
274
274
274
274
274
274
274
274
274
274
274
274
274
274
274
274
274
274
274
274
274
274
274
274
274
274
274
274
274
274
274
274
274
274
274
274
274
274
274
274
274
274
274
274
274
274
274
274
274
274
274
274
274
274
274
274
274
274
274
274
274
274
274
274
274
274
274
274
274
274
274
274
274
274
274
274
274
274
274
274
274
274
274
274
274
274
274
274
274
274
274
274
274
274
274
274
274
274
274
274
274
274
274
274
274
274
274
274
274
274
274
274
274
274
274
274
274
274
274
274
274
274
274
274
274
274
274
274
274
274
274
274
274
274
274
274
274
274
274
274
274
274
274
274
274
274
274
274
274
274
274
274
274
274
274
274
274
274
274
274
274
274
274
274
274
274
274
274
274
274
274
274
274
274
274
274
274
274
274
274
274
274
274
274
274
274
274
274
274
274
274
274
274
274
274
274
274
274
274
274
274
274
274
274
274
274
274
274
274
274
274
274
274
274
274
274
274
274
274
274
274
274
274
274
274
274
274
274
274
274
274
274
274
274
274
274
274
274
274
274
274
274
274
274
274
274
274
274
274
274
274
274
274
274
274
274
274
274
274
274
274
274
274
274
274
274
274
274
274
274
274
274
274
274
274
274
274
274
274
274
274
274
274
274
274
274
274
274
274
274
274
274
274
274
274
274
274
274
274
274
274
274
274
274
274
274
274
274
274
274
274
274
274
274
274
274
274
274
274
274
274
274
274
274
274
274
274
274
274
274
274
274
274
274
274
274
274
274
274
274
274
274
274
274
274
274
274
274
274
274
274
274
274
274
274
274
274
274
274
274
274
274
274
274
274
274
274
274
274
274
274
274
274
274
274
274
274
274
274
274
274
274
274
274
274
274
274
274
274
274
274
274
274
274
274
274
274
274
274
274
274
274
274
274
274
274
274
274
274
274
274
274
274
274
274
274
274
274
274
274
274
274
274
274
274
274
274
274
274
274
274
274
274
274
274
274
274
274
274
274
274
274
274
274
274
274
274
274
274
274
274
274
274
274
274
274
274
274
274
274
274
274
274
274
274
274
274
274
274
274
274
274
274
274
274
274
274
274
274
274
274
274
274
274
274
274
274
274
274
274
274
274
274
274
274
274
274
274
274
274
274
274
274
274
274
274
274
274
274
274
274
274
274
274
274
274
274
274
274
274
274
274
274
274
274
274
274
274
274
274
274
274
274
274
274
274
274
274
274
274
274
274
274
274
274
274
274
274
274
274
274
274
274
274
274
274
274
274
274
274
274
274
274
274
274
274
274
274
274
274
274
274
274
274
274
274
274
274
274
274
274
274
274
274
274
274
274
274
274
274
274
274
274
274
274
274
274
274
274
274
274
274
274
274
274
274
274
274
274
274
274
274
274
274
274
274
274
274
274
274
274
274
274
274
274
274
274
274
274
274
274
274
274
274
274
274
274
274
274
274
274
274
274
274
274
274
274
274
274
274
274
274
274
274
274
274
274
274
274
274
274
274
274
274
274
274
274
274
274
274
274
274
274
274
274
274
274
274
274
274
274
274
274
274
274
274
274
274
274
274
274
274
274
274
274
274
274
274
274
274
274
274
274
274
274
274
274
274
274
274
274
274
274
274
274
274
274
274
274
274
274
274
274
274
274
274
274
274
274
274
274
274
274
274
274
274
274
274
274
274
274
274
274
274
274
274
274
274
274
274
274
274
274
274
274
274
274
274
274
274
274
274
274
274
274
274
274
274
274
274
274
274
274
274
274
274
274
274
274
274
274
274
274
274
274
274
274
274
274
274
274
274
274
274
274
274
274
274
274
274
274
274
274
274
274
274
274
274
274
274
274
274
274
274
274
274
274
274
274
274
274
274
274.001
274.001
274.001
274.001
274
274
274
274
274
274
274
274
274
274
274
274
274
274
274
274
274
274
274
274
274
274
274
274
274
274
274
274
274
274
274
274
274
274
274
274
274
274
274
274
274
274
274
274
274
274
274
274
274
274
274
274
274
274
274
274
274
274
274
274
274
274
274
274
274
274
274
274
274
274
274
274
274
274
274
274
274
274
274
274
274
274
274
274
274
274
274
274
274
274
274
274
274
274
274
274
274
274
274
274
274
274
274
274
274
274
274
274
274
274
274
274
274
274
274
274
274
274
274.002
274.006
274.013
274.021
274.025
274.024
274.016
274.009
274
274
274
274
274
274
274
274
274
274
274
274
274
274
274
274
274
274
274
274
274
274
274
274
274
274
274
274
274
274
274
274
274
274
274
274
274
274
274
274
274
274
274
274
274
274
274
274
274
274
274
274
274
274
274
274
274
274
274
274
274
274
274
274
274
274
274
274
274
274
274
274
274
274
274
274
274
274
274
274
274
274
274
274
274
274
274
274
274
274
274
274
274
274
274
274
274
274
274
274
274
274
274
274
274
274
274
274
274
274
274
274
274
274
274
274.004
274.021
274.06
274.129
274.217
274.294
274.312
274.284
274.193
274.12
274
274
274
274
274
274
274
274
274
274
274
274
274
274
274
274
274
274
274
274
274
274
274
274
274
274
274
274
274
274
274
274
274
274
274
274
274
274
274
274
274
274
274
274
274
274
274
274
274
274
274
274
274
274
274
274
274
274
274
274
274
274
274
274
274
274
274
274
274
274
274
274
274
274
274
274
274
274
274
274
274
274
274
274
274
274
274
274
274
274
274
274
274
274
274
274
274
274
274
274
274
274
274
274
274
274
274
274
274
274
274
274
274
274.002
274.025
274.121
274.427
275.136
276.251
277.503
278.348
278.268
277.542
276.096
275.227
274
274
274
274
274
274
274
274
274
274
274
274
274
274
274
274
274
274
274
274
274
274
274
274
274
274
274
274
274
274
274
274
274
274
274
274
274
274
274
274
274
274
274
274
274
274
274
274
274
274
274
274
274
274
274
274
274
274
274
274
274
274
274
274
274
274
274
274
274
274
274
274
274
274
274
274
274
274
274
274
274
274
274
274
274
274
274
274
274
274
274
274
274
274
274
274
274
274
274
274
274
274
274
274
274
274
274
274
274
274
274
274
274.01
274.101
274.673
277.039
284.05
297.304
312.251
332.581
343.986
337.256
321.081
294.226
285.667
274
274
274
274
274
274
274
274
274
274
274
274
274
274
274
274
274
274
274
274
274
274
274
274
274
274
274
274
274
274
274
274
274
274
274
274
274
274
274
274
274
274
274
274
274
274
274
274
274
274
274
274
274
274
274
274
274
274
274
274
274
274
274
274
274
274
274
274
274
274
274
274
274
274
274
274
274
274
274
274
274
274
274
274
274
274
274
274
274
274
274
274
274
274
274
274
274
274
274
274
274
274
274
274
274
274
274
274
274
274
274.001
274.025
274.341
277.149
294.538
356.901
459.289
532.74
557.994
552.594
531.554
496.612
464.311
415.419
373.99
274
274
274
274
274
274
274
274
274
274
274
274
274
274
274
274
274
274
274
274
274
274
274
274
274
274
274
274
274
274
274
274
274
274
274
274
274
274
274
274
274
274
274
274
274
274
274
274
274
274
274
274
274
274
274
274
274
274
274
274
274
274
274
274
274
274
274
274
274
274
274
274
274
274
274
274
274
274
274
274
274
274
274
274
274
274
274
274
274
274
274
274
274
274
274
274
274
274
274
274
274
274
274
274
274
274
274
274
274
274.001
274.047
274.91
287.065
386.573
584.56
695.787
723.336
719.21
699.234
669.059
635.156
589.102
545.028
484.689
435.424
274
274
274
274
274
274
274
274
274
274
274
274
274
274
274
274
274
274
274
274
274
274
274
274
274
274
274
274
274
274
274
274
274
274
274
274
274
274
274
274
274
274
274
274
274
274
274
274
274
274
274
274
274
274
274
274
274
274
274
274
274
274
274
274
274
274
274
274
274
274
274
274
274
274
274
274
274
274
274
274
274
274
274
274
274
274
274
274
274
274
274
274
274
274
274
274
274
274
274
274
274
274
274
274
274
274
274
274
274.001
274.068
276.014
320.094
566.398
782.159
832.398
859.391
870.957
874.059
869.548
849.755
818.745
761.613
698.473
617.349
538.623
274
274
274
274
274
274
274
274
274
274
274
274
274
274
274
274
274
274
274
274
274
274
274
274
274
274
274
274
274
274
274
274
274
274
274
274
274
274
274
274
274
274
274
274
274
274
274
274
274
274
274
274
274
274
274
274
274
274
274
274
274
274
274
274
274
274
274
274
274
274
274
274
274
274
274
274
274
274
274
274
274
274
274
274
274
274
274
274
274
274
274
274
274
274
274
274
274
274
274
274
274
274
274
274
274
274
274
274.001
274.082
277.506
374.012
734.379
896.305
939.901
971.107
1034.94
1090.58
1098.92
1103.91
1104.34
1111.97
1091.39
1039.41
955.612
818.819
274
274
274
274
274
274
274
274
274
274
274
274
274
274
274
274
274
274
274
274
274
274
274
274
274
274
274
274
274
274
274
274
274
274
274
274
274
274
274
274
274
274
274
274
274
274
274
274
274
274
274
274
274
274
274
274
274
274
274
274
274
274
274
274
274
274
274
274
274
274
274
274
274
274
274
274
274
274
274
274
274
274
274
274
274
274
274
274
274
274
274
274
274
274
274
274
274
274
274
274
274
274
274
274
274
274
274.001
274.086
278.443
413.025
821.994
965.392
1025.21
1073.88
1148.76
1198
1183.26
1183.45
1179.39
1178.7
1209.36
1244.15
1301.44
1428.12
1372.84
274
274
274
274
274
274
274
274
274
274
274
274
274
274
274
274
274
274
274
274
274
274
274
274
274
274
274
274
274
274
274
274
274
274
274
274
274
274
274
274
274
274
274
274
274
274
274
274
274
274
274
274
274
274
274
274
274
274
274
274
274
274
274
274
274
274
274
274
274
274
274
274
274
274
274
274
274
274
274
274
274
274
274
274
274
274
274
274
274
274
274
274
274
274
274
274
274
274
274
274
274
274
274
274
274
274.001
274.071
277.895
411.863
849.659
1007.41
1078.02
1151.83
1206.62
1236.6
1219.12
1173.19
1135.34
1115.38
1095.67
1131.44
1224.82
1302.23
1478.08
1522.62
274
274
274
274
274
274
274
274
274
274
274
274
274
274
274
274
274
274
274
274
274
274
274
274
274
274
274
274
274
274
274
274
274
274
274
274
274
274
274
274
274
274
274
274
274
274
274
274
274
274
274
274
274
274
274
274
274
274
274
274
274
274
274
274
274
274
274
274
274
274
274
274
274
274
274
274
274
274
274
274
274
274
274
274
274
274
274
274
274
274
274
274
274
274
274
274
274
274
274
274
274
274
274
274
274
274.034
276.24
373.026
824.812
1035.96
1112.42
1202.14
1229.53
1235.69
1240.67
1179.25
1132.59
1107.13
1065.76
1043.5
1076.18
1151.87
1253.86
1487.97
1500.93
274
274
274
274
274
274
274
274
274
274
274
274
274
274
274
274
274
274
274
274
274
274
274
274
274
274
274
274
274
274
274
274
274
274
274
274
274
274
274
274
274
274
274
274
274
274
274
274
274
274
274
274
274
274
274
274
274
274
274
274
274
274
274
274
274
274
274
274
274
274
274
274
274
274
274
274
274
274
274
274
274
274
274
274
274
274
274
274
274
274
274
274
274
274
274
274
274
274
274
274
274
274
274
274
274.017
275.039
324.752
754.561
1057.39
1135.99
1233.97
1274.73
1276.95
1287.21
1287.67
1282.46
1291.7
1263.03
1150.36
1051.53
1034.32
1057.88
1284.88
1506.61
1695.86
274
274
274
274
274
274
274
274
274
274
274
274
274
274
274
274
274
274
274
274
274
274
274
274
274
274
274
274
274
274
274
274
274
274
274
274
274
274
274
274
274
274
274
274
274
274
274
274
274
274
274
274
274
274
274
274
274
274
274
274
274
274
274
274
274
274
274
274
274
274
274
274
274
274
274
274
274
274
274
274
274
274
274
274
274
274
274
274
274
274
274
274
274
274
274
274
274
274
274
274
274
274
274
274.003
274.142
280.315
465.276
946.664
1126.03
1235.97
1325.64
1337.62
1349.7
1396.36
1407.51
1446.42
1461.09
1430.84
1348.5
1312.36
1332.38
1442.02
1615.02
1717.39
1880.43
274
274
274
274
274
274
274
274
274
274
274
274
274
274
274
274
274
274
274
274
274
274
274
274
274
274
274
274
274
274
274
274
274
274
274
274
274
274
274
274
274
274
274
274
274
274
274
274
274
274
274
274
274
274
274
274
274
274
274
274
274
274
274
274
274
274
274
274
274
274
274
274
274
274
274
274
274
274
274
274
274
274
274
274
274
274
274
274
274
274
274
274
274
274
274
274
274
274
274
274
274
274
274
274.004
274.24
284.538
527.171
1010.93
1178.42
1279.57
1340.48
1344.55
1364.34
1413.62
1428.55
1478.16
1503.22
1488.84
1425.12
1385.69
1415.69
1521.09
1699.14
1834.38
2088.61
274
274
274
274
274
274
274
274
274
274
274
274
274
274
274
274
274
274
274
274
274
274
274
274
274
274
274
274
274
274
274
274
274
274
274
274
274
274
274
274
274
274
274
274
274
274
274
274
274
274
274
274
274
274
274
274
274
274
274
274
274
274
274
274
274
274
274
274
274
274
274
274
274
274
274
274
274
274
274
274
274
274
274
274
274
274
274
274
274
274
274
274
274
274
274
274
274
274
274
274
274
274
274
274.01
274.569
299.499
661.325
1109.71
1232.9
1314.69
1353.9
1350.74
1390.51
1456.79
1503.82
1572.19
1596.33
1586.01
1564.03
1526.58
1535.63
1673.79
1790.35
1955.01
2135.89
274
274
274
274
274
274
274
274
274
274
274
274
274
274
274
274
274
274
274
274
274
274
274
274
274
274
274
274
274
274
274
274
274
274
274
274
274
274
274
274
274
274
274
274
274
274
274
274
274
274
274
274
274
274
274
274
274
274
274
274
274
274
274
274
274
274
274
274
274
274
274
274
274
274
274
274
274
274
274
274
274
274
274
274
274
274
274
274
274
274
274
274
274
274
274
274
274
274
274
274
274
274
274.001
274.027
275.48
343.597
811.62
1177.68
1275.9
1346.19
1376.72
1380.28
1438.35
1524.08
1596.83
1683.3
1716.89
1713.59
1708.79
1713.17
1719.48
1917.94
1989.05
2059.65
2220.94
274
274
274
274
274
274
274
274
274
274
274
274
274
274
274
274
274
274
274
274
274
274
274
274
274
274
274
274
274
274
274
274
274
274
274
274
274
274
274
274
274
274
274
274
274
274
274
274
274
274
274
274
274
274
274
274
274
274
274
274
274
274
274
274
274
274
274
274
274
274
274
274
274
274
274
274
274
274
274
274
274
274
274
274
274
274
274
274
274
274
274
274
274
274
274
274
274
274
274
274
274
274
274.001
274.068
277.397
410.321
949.134
1245.72
1319.08
1371.15
1408.97
1436.11
1505.75
1626.85
1776.69
1862.58
1867.43
1859.83
1859.11
1859.64
1845
1973.03
2006.37
2045.99
2085.88
274
274
274
274
274
274
274
274
274
274
274
274
274
274
274
274
274
274
274
274
274
274
274
274
274
274
274
274
274
274
274
274
274
274
274
274
274
274
274
274
274
274
274
274
274
274
274
274
274
274
274
274
274
274
274
274
274
274
274
274
274
274
274
274
274
274
274
274
274
274
274
274
274
274
274
274
274
274
274
274
274
274
274
274
274
274
274
274
274
274
274
274
274
274
274
274
274
274
274
274
274
274
274.003
274.143
280.895
490.24
1067.2
1304.5
1368.67
1420.4
1464.89
1493.3
1577.59
1737.94
1901.24
1964.65
1969.47
1987.92
1997.91
1997.03
1934.32
2002
2020.05
2000.34
1995.67
274
274
274
274
274
274
274
274
274
274
274
274
274
274
274
274
274
274
274
274
274
274
274
274
274
274
274
274
274
274
274
274
274
274
274
274
274
274
274
274
274
274
274
274
274
274
274
274
274
274
274
274
274
274
274
274
274
274
274
274
274
274
274
274
274
274
274
274
274
274
274
274
274
274
274
274
274
274
274
274
274
274
274
274
274
274
274
274
274
274
274
274
274
274
274
274
274
274
274
274
274
274
274.005
274.303
288.938
606.69
1210.95
1381.05
1420.5
1456.72
1480.59
1519.37
1643.58
1837.29
1993.86
2027.01
2031.4
2101.38
2103.61
2084.55
2029.61
2027.03
2015.14
1967.88
1958.04
274
274
274
274
274
274
274
274
274
274
274
274
274
274
274
274
274
274
274
274
274
274
274
274
274
274
274
274
274
274
274
274
274
274
274
274
274
274
274
274
274
274
274
274
274
274
274
274
274
274
274
274
274
274
274
274
274
274
274
274
274
274
274
274
274
274
274
274
274
274
274
274
274
274
274
274
274
274
274
274
274
274
274
274
274
274
274
274
274
274
274
274
274
274
274
274
274
274
274
274
274
274
274.008
274.543
305.205
732.316
1318.55
1424.38
1454.99
1484.61
1492.84
1562.8
1714.17
1930.99
2032.68
2041.57
2095.15
2187.87
2201.89
2174.88
2094.62
2066.8
2020.89
1958.06
1936.85
274
274
274
274
274
274
274
274
274
274
274
274
274
274
274
274
274
274
274
274
274
274
274
274
274
274
274
274
274
274
274
274
274
274
274
274
274
274
274
274
274
274
274
274
274
274
274
274
274
274
274
274
274
274
274
274
274
274
274
274
274
274
274
274
274
274
274
274
274
274
274
274
274
274
274
274
274
274
274
274
274
274
274
274
274
274
274
274
274
274
274
274
274
274
274
274
274
274
274
274
274
274
274.015
275.116
347.36
920.236
1417.72
1464.66
1487.02
1503.16
1516.63
1605.22
1772.3
1984.88
2055.34
2073.35
2143.35
2221.39
2252.48
2254.14
2246.39
2135.09
2011.98
1959.14
1949.78
274
274
274
274
274
274
274
274
274
274
274
274
274
274
274
274
274
274
274
274
274
274
274
274
274
274
274
274
274
274
274
274
274
274
274
274
274
274
274
274
274
274
274
274
274
274
274
274
274
274
274
274
274
274
274
274
274
274
274
274
274
274
274
274
274
274
274
274
274
274
274
274
274
274
274
274
274
274
274
274
274
274
274
274
274
274
274
274
274
274
274
274
274
274
274
274
274
274
274
274
274
274.001
274.035
276.577
422.474
1122.16
1494.99
1495.73
1518.1
1545.3
1563.74
1650.3
1842.07
2029.51
2081.21
2107.63
2171.98
2249.73
2300.16
2321.1
2321.94
2228.25
2107.55
1996.22
1986.07
274
274
274
274
274
274
274
274
274
274
274
274
274
274
274
274
274
274
274
274
274
274
274
274
274
274
274
274
274
274
274
274
274
274
274
274
274
274
274
274
274
274
274
274
274
274
274
274
274
274
274
274
274
274
274
274
274
274
274
274
274
274
274
274
274
274
274
274
274
274
274
274
274
274
274
274
274
274
274
274
274
274
274
274
274
274
274
274
274
274
274
274
274
274
274
274
274
274
274
274
274
274.001
274.082
279.583
516.75
1282.9
1567.89
1542.36
1550.01
1577.78
1606.93
1702.77
1906.02
2054.71
2103.22
2144.7
2197.91
2259.93
2325.7
2363.74
2386.08
2383.19
2216.64
2114.05
2025.59
274
274
274
274
274
274
274
274
274
274
274
274
274
274
274
274
274
274
274
274
274
274
274
274
274
274
274
274
274
274
274
274
274
274
274
274
274
274
274
274
274
274
274
274
274
274
274
274
274
274
274
274
274
274
274
274
274
274
274
274
274
274
274
274
274
274
274
274
274
274
274
274
274
274
274
274
274
274
274
274
274
274
274
274
274
274
274
274
274
274
274
274
274
274
274
274
274
274
274
274
274
274.002
274.148
283.609
593.658
1381.34
1626.57
1583.02
1561.18
1578.72
1631.79
1762.21
1963.08
2065.87
2114.56
2176.17
2227.6
2278.12
2334.37
2390.53
2412.91
2425.89
2418.44
2251.16
2099.73
274
274
274
274
274
274
274
274
274
274
274
274
274
274
274
274
274
274
274
274
274
274
274
274
274
274
274
274
274
274
274
274
274
274
274
274
274
274
274
274
274
274
274
274
274
274
274
274
274
274
274
274
274
274
274
274
274
274
274
274
274
274
274
274
274
274
274
274
274
274
274
274
274
274
274
274
274
274
274
274
274
274
274
274
274
274
274
274
274
274
274
274
274
274
274
274
274
274
274
274
274
274.003
274.212
287.809
648.994
1432.49
1651.31
1612.97
1559.23
1564.26
1633.65
1803.24
2001.9
2072.81
2116.93
2193.43
2254.43
2290.48
2342.38
2391.31
2412.91
2433.94
2446.85
2430.53
2273.14
274
274
274
274
274
274
274
274
274
274
274
274
274
274
274
274
274
274
274
274
274
274
274
274
274
274
274
274
274
274
274
274
274
274
274
274
274
274
274
274
274
274
274
274
274
274
274
274
274
274
274
274
274
274
274
274
274
274
274
274
274
274
274
274
274
274
274
274
274
274
274
274
274
274
274
274
274
274
274
274
274
274
274
274
274
274
274
274
274
274
274
274
274
274
274
274
274
274
274
274
274
274.003
274.277
292.579
693.654
1462.35
1668.6
1631.47
1561.31
1557.45
1629.92
1823.5
2014.27
2076.38
2119.76
2200.32
2267.06
2302.49
2356.51
2396.44
2414
2435.45
2466.89
2489.55
2337.86
274
274
274
274
274
274
274
274
274
274
274
274
274
274
274
274
274
274
274
274
274
274
274
274
274
274
274
274
274
274
274
274
274
274
274
274
274
274
274
274
274
274
274
274
274
274
274
274
274
274
274
274
274
274
274
274
274
274
274
274
274
274
274
274
274
274
274
274
274
274
274
274
274
274
274
274
274
274
274
274
274
274
274
274
274
274
274
274
274
274
274
274
274
274
274
274
274
274
274
274
274
274.004
274.312
295.281
713.746
1477.67
1679.06
1642.83
1570.64
1564.87
1635.77
1829.34
2017.33
2080.12
2123.9
2201.42
2269.86
2307.34
2365.14
2394.64
2407.2
2425.86
2459.4
2485.73
2421.28
274
274
274
274
274
274
274
274
274
274
274
274
274
274
274
274
274
274
274
274
274
274
274
274
274
274
274
274
274
274
274
274
274
274
274
274
274
274
274
274
274
274
274
274
274
274
274
274
274
274
274
274
274
274
274
274
274
274
274
274
274
274
274
274
274
274
274
274
274
274
274
274
274
274
274
274
274
274
274
274
274
274
274
274
274
274
274
274
274
274
274
274
274
274
274
274
274
274
274
274
274
274.003
274.277
292.57
693.386
1462.11
1669.38
1632.34
1561.62
1557.38
1629.52
1823.33
2014.97
2076.95
2119.06
2200.11
2267.85
2302.77
2356.18
2395.06
2412.63
2435.4
2466.49
2490.21
2343.61
274
274
274
274
274
274
274
274
274
274
274
274
274
274
274
274
274
274
274
274
274
274
274
274
274
274
274
274
274
274
274
274
274
274
274
274
274
274
274
274
274
274
274
274
274
274
274
274
274
274
274
274
274
274
274
274
274
274
274
274
274
274
274
274
274
274
274
274
274
274
274
274
274
274
274
274
274
274
274
274
274
274
274
274
274
274
274
274
274
274
274
274
274
274
274
274
274
274
274
274
274
274.003
274.211
287.728
647.773
1431.08
1652.19
1614.33
1559.27
1563.78
1633.29
1804.23
2003.3
2073.61
2116.07
2194.84
2256.81
2291.67
2344.37
2390.27
2410.76
2432.19
2445.57
2431.8
2277.17
274
274
274
274
274
274
274
274
274
274
274
274
274
274
274
274
274
274
274
274
274
274
274
274
274
274
274
274
274
274
274
274
274
274
274
274
274
274
274
274
274
274
274
274
274
274
274
274
274
274
274
274
274
274
274
274
274
274
274
274
274
274
274
274
274
274
274
274
274
274
274
274
274
274
274
274
274
274
274
274
274
274
274
274
274
274
274
274
274
274
274
274
274
274
274
274
274
274
274
274
274
274.002
274.146
283.485
591.32
1379.54
1628.78
1585.04
1561.18
1578.37
1633.12
1764.76
1966.13
2067.01
2114.83
2179.44
2231.12
2280.02
2336.41
2390.03
2411.39
2424.78
2420.32
2247.86
2104.57
274
274
274
274
274
274
274
274
274
274
274
274
274
274
274
274
274
274
274
274
274
274
274
274
274
274
274
274
274
274
274
274
274
274
274
274
274
274
274
274
274
274
274
274
274
274
274
274
274
274
274
274
274
274
274
274
274
274
274
274
274
274
274
274
274
274
274
274
274
274
274
274
274
274
274
274
274
274
274
274
274
274
274
274
274
274
274
274
274
274
274
274
274
274
274
274
274
274
274
274
274
274.001
274.081
279.504
514.53
1281.17
1571.04
1544.75
1550.02
1578.24
1609.24
1705.41
1908.75
2057.14
2105.21
2149.11
2203.06
2264.57
2328.42
2365.3
2386.21
2383.22
2217.58
2111.33
2031.15
274
274
274
274
274
274
274
274
274
274
274
274
274
274
274
274
274
274
274
274
274
274
274
274
274
274
274
274
274
274
274
274
274
274
274
274
274
274
274
274
274
274
274
274
274
274
274
274
274
274
274
274
274
274
274
274
274
274
274
274
274
274
274
274
274
274
274
274
274
274
274
274
274
274
274
274
274
274
274
274
274
274
274
274
274
274
274
274
274
274
274
274
274
274
274
274
274
274
274
274
274
274.001
274.034
276.533
420.943
1120.17
1497.25
1497.2
1518.76
1547.21
1565.83
1652.36
1845.7
2033.57
2084.98
2112.73
2178.68
2256.36
2305.36
2322.1
2320.78
2216.41
2100.34
2001.68
1990.55
274
274
274
274
274
274
274
274
274
274
274
274
274
274
274
274
274
274
274
274
274
274
274
274
274
274
274
274
274
274
274
274
274
274
274
274
274
274
274
274
274
274
274
274
274
274
274
274
274
274
274
274
274
274
274
274
274
274
274
274
274
274
274
274
274
274
274
274
274
274
274
274
274
274
274
274
274
274
274
274
274
274
274
274
274
274
274
274
274
274
274
274
274
274
274
274
274
274
274
274
274
274
274.015
275.086
345.931
917.441
1419.08
1465.36
1486.97
1504.35
1518.73
1606.49
1775.82
1989.47
2058.9
2077.55
2151.49
2228.78
2254.76
2255.65
2240.94
2126.71
2002.36
1958.57
1949.66
274
274
274
274
274
274
274
274
274
274
274
274
274
274
274
274
274
274
274
274
274
274
274
274
274
274
274
274
274
274
274
274
274
274
274
274
274
274
274
274
274
274
274
274
274
274
274
274
274
274
274
274
274
274
274
274
274
274
274
274
274
274
274
274
274
274
274
274
274
274
274
274
274
274
274
274
274
274
274
274
274
274
274
274
274
274
274
274
274
274
274
274
274
274
274
274
274
274
274
274
274
274
274.008
274.52
303.969
727.304
1317.25
1424.41
1454.96
1485.11
1494.11
1563.96
1718.53
1935.7
2034.64
2043.17
2104.23
2195.33
2207.18
2177.46
2085.45
2059.59
2010.66
1951.94
1935.82
274
274
274
274
274
274
274
274
274
274
274
274
274
274
274
274
274
274
274
274
274
274
274
274
274
274
274
274
274
274
274
274
274
274
274
274
274
274
274
274
274
274
274
274
274
274
274
274
274
274
274
274
274
274
274
274
274
274
274
274
274
274
274
274
274
274
274
274
274
274
274
274
274
274
274
274
274
274
274
274
274
274
274
274
274
274
274
274
274
274
274
274
274
274
274
274
274
274
274
274
274
274
274.005
274.288
288.251
600.398
1207.66
1381.98
1421.17
1456.77
1481.62
1520.86
1645.89
1841.08
1996.45
2029.88
2039.23
2109.63
2110.45
2086.5
2021.47
2024.14
2006.57
1960.57
1953.74
274
274
274
274
274
274
274
274
274
274
274
274
274
274
274
274
274
274
274
274
274
274
274
274
274
274
274
274
274
274
274
274
274
274
274
274
274
274
274
274
274
274
274
274
274
274
274
274
274
274
274
274
274
274
274
274
274
274
274
274
274
274
274
274
274
274
274
274
274
274
274
274
274
274
274
274
274
274
274
274
274
274
274
274
274
274
274
274
274
274
274
274
274
274
274
274
274
274
274
274
274
274
274.002
274.135
280.536
483.802
1060.76
1304.09
1368.6
1419.98
1466.1
1495.71
1580.02
1743.39
1907.41
1970.27
1974.78
1994.47
2003.17
1999.59
1930.67
1998.6
2016.53
1996.17
1990
274
274
274
274
274
274
274
274
274
274
274
274
274
274
274
274
274
274
274
274
274
274
274
274
274
274
274
274
274
274
274
274
274
274
274
274
274
274
274
274
274
274
274
274
274
274
274
274
274
274
274
274
274
274
274
274
274
274
274
274
274
274
274
274
274
274
274
274
274
274
274
274
274
274
274
274
274
274
274
274
274
274
274
274
274
274
274
274
274
274
274
274
274
274
274
274
274
274
274
274
274
274
274.001
274.064
277.213
405.139
940.695
1244.54
1318.72
1370.49
1410.43
1438.57
1508.66
1631.87
1784.34
1870.49
1875.74
1866.66
1864.62
1860.78
1836.88
1961.46
1995.84
2042.25
2078.79
274
274
274
274
274
274
274
274
274
274
274
274
274
274
274
274
274
274
274
274
274
274
274
274
274
274
274
274
274
274
274
274
274
274
274
274
274
274
274
274
274
274
274
274
274
274
274
274
274
274
274
274
274
274
274
274
274
274
274
274
274
274
274
274
274
274
274
274
274
274
274
274
274
274
274
274
274
274
274
274
274
274
274
274
274
274
274
274
274
274
274
274
274
274
274
274
274
274
274
274
274
274
274.001
274.026
275.401
339.969
802.244
1175.21
1274.91
1345.67
1378.35
1382.16
1440.43
1528.62
1605.88
1689.28
1724.05
1721.31
1715.47
1712.87
1717.33
1908.37
1984.07
2061.77
2217.27
274
274
274
274
274
274
274
274
274
274
274
274
274
274
274
274
274
274
274
274
274
274
274
274
274
274
274
274
274
274
274
274
274
274
274
274
274
274
274
274
274
274
274
274
274
274
274
274
274
274
274
274
274
274
274
274
274
274
274
274
274
274
274
274
274
274
274
274
274
274
274
274
274
274
274
274
274
274
274
274
274
274
274
274
274
274
274
274
274
274
274
274
274
274
274
274
274
274
274
274
274
274
274
274.009
274.542
298.126
652.593
1106.43
1231.73
1313.79
1354.15
1351.77
1392.26
1459.81
1509.62
1575.69
1602.51
1594.79
1567.04
1520.21
1531.27
1661.01
1777.34
1949
2137.69
274
274
274
274
274
274
274
274
274
274
274
274
274
274
274
274
274
274
274
274
274
274
274
274
274
274
274
274
274
274
274
274
274
274
274
274
274
274
274
274
274
274
274
274
274
274
274
274
274
274
274
274
274
274
274
274
274
274
274
274
274
274
274
274
274
274
274
274
274
274
274
274
274
274
274
274
274
274
274
274
274
274
274
274
274
274
274
274
274
274
274
274
274
274
274
274
274
274
274
274
274
274
274
274.004
274.228
284.042
520.847
1006.27
1176.99
1278.49
1340.31
1345
1365.26
1416.17
1432.85
1480.57
1508.86
1496.19
1429.14
1381.25
1407.76
1520.08
1682.52
1808.94
2070.67
274
274
274
274
274
274
274
274
274
274
274
274
274
274
274
274
274
274
274
274
274
274
274
274
274
274
274
274
274
274
274
274
274
274
274
274
274
274
274
274
274
274
274
274
274
274
274
274
274
274
274
274
274
274
274
274
274
274
274
274
274
274
274
274
274
274
274
274
274
274
274
274
274
274
274
274
274
274
274
274
274
274
274
274
274
274
274
274
274
274
274
274
274
274
274
274
274
274
274
274
274
274
274
274.003
274.135
280.014
459.785
941.336
1124.44
1234.81
1325.21
1337.98
1349.99
1398.57
1411.25
1447.99
1462.69
1437.1
1350.78
1308.88
1324.91
1434.21
1600.14
1686.17
1857.01
274
274
274
274
274
274
274
274
274
274
274
274
274
274
274
274
274
274
274
274
274
274
274
274
274
274
274
274
274
274
274
274
274
274
274
274
274
274
274
274
274
274
274
274
274
274
274
274
274
274
274
274
274
274
274
274
274
274
274
274
274
274
274
274
274
274
274
274
274
274
274
274
274
274
274
274
274
274
274
274
274
274
274
274
274
274
274
274
274
274
274
274
274
274
274
274
274
274
274
274
274
274
274
274
274.016
274.986
322.057
746.866
1055.14
1134.52
1232.44
1273.9
1276.48
1287.85
1289.06
1285.31
1294.81
1263.78
1148.99
1047.19
1028.25
1054.01
1275.37
1488.44
1672.39
274
274
274
274
274
274
274
274
274
274
274
274
274
274
274
274
274
274
274
274
274
274
274
274
274
274
274
274
274
274
274
274
274
274
274
274
274
274
274
274
274
274
274
274
274
274
274
274
274
274
274
274
274
274
274
274
274
274
274
274
274
274
274
274
274
274
274
274
274
274
274
274
274
274
274
274
274
274
274
274
274
274
274
274
274
274
274
274
274
274
274
274
274
274
274
274
274
274
274
274
274
274
274
274
274
274.032
276.116
368.723
818.35
1033.64
1109.97
1200.69
1229.57
1235.78
1241
1182.15
1135.25
1110.92
1069.92
1047.96
1073.95
1146.19
1246.8
1477.47
1492.8
274
274
274
274
274
274
274
274
274
274
274
274
274
274
274
274
274
274
274
274
274
274
274
274
274
274
274
274
274
274
274
274
274
274
274
274
274
274
274
274
274
274
274
274
274
274
274
274
274
274
274
274
274
274
274
274
274
274
274
274
274
274
274
274
274
274
274
274
274
274
274
274
274
274
274
274
274
274
274
274
274
274
274
274
274
274
274
274
274
274
274
274
274
274
274
274
274
274
274
274
274
274
274
274
274
274.001
274.066
277.668
406.317
843.572
1004.99
1075.48
1149.03
1205.31
1235.24
1219.08
1173.62
1138.12
1119.89
1100.09
1132.36
1222.37
1301.27
1474.19
1518.53
274
274
274
274
274
274
274
274
274
274
274
274
274
274
274
274
274
274
274
274
274
274
274
274
274
274
274
274
274
274
274
274
274
274
274
274
274
274
274
274
274
274
274
274
274
274
274
274
274
274
274
274
274
274
274
274
274
274
274
274
274
274
274
274
274
274
274
274
274
274
274
274
274
274
274
274
274
274
274
274
274
274
274
274
274
274
274
274
274
274
274
274
274
274
274
274
274
274
274
274
274
274
274
274
274
274
274.001
274.08
278.171
407.188
815.661
962.838
1022.82
1071.91
1145.06
1196.59
1183.05
1183.02
1179.96
1181.16
1210.01
1244.6
1301.74
1428.47
1375.71
274
274
274
274
274
274
274
274
274
274
274
274
274
274
274
274
274
274
274
274
274
274
274
274
274
274
274
274
274
274
274
274
274
274
274
274
274
274
274
274
274
274
274
274
274
274
274
274
274
274
274
274
274
274
274
274
274
274
274
274
274
274
274
274
274
274
274
274
274
274
274
274
274
274
274
274
274
274
274
274
274
274
274
274
274
274
274
274
274
274
274
274
274
274
274
274
274
274
274
274
274
274
274
274
274
274
274
274.001
274.077
277.287
369.061
727.417
893.768
938.128
968.746
1031.4
1088.06
1097.55
1103.02
1105.35
1112.76
1092.93
1041.43
959.401
822.638
274
274
274
274
274
274
274
274
274
274
274
274
274
274
274
274
274
274
274
274
274
274
274
274
274
274
274
274
274
274
274
274
274
274
274
274
274
274
274
274
274
274
274
274
274
274
274
274
274
274
274
274
274
274
274
274
274
274
274
274
274
274
274
274
274
274
274
274
274
274
274
274
274
274
274
274
274
274
274
274
274
274
274
274
274
274
274
274
274
274
274
274
274
274
274
274
274
274
274
274
274
274
274
274
274
274
274
274
274.001
274.064
275.892
317.408
559.252
778.699
830.251
857.231
869.029
872.146
868.086
848.78
818.588
762.118
698.762
618.279
539.527
274
274
274
274
274
274
274
274
274
274
274
274
274
274
274
274
274
274
274
274
274
274
274
274
274
274
274
274
274
274
274
274
274
274
274
274
274
274
274
274
274
274
274
274
274
274
274
274
274
274
274
274
274
274
274
274
274
274
274
274
274
274
274
274
274
274
274
274
274
274
274
274
274
274
274
274
274
274
274
274
274
274
274
274
274
274
274
274
274
274
274
274
274
274
274
274
274
274
274
274
274
274
274
274
274
274
274
274
274
274.001
274.044
274.861
286.393
382.344
579.571
693.004
721.595
718.003
698.424
668.49
634.769
588.968
544.8
484.958
435.757
274
274
274
274
274
274
274
274
274
274
274
274
274
274
274
274
274
274
274
274
274
274
274
274
274
274
274
274
274
274
274
274
274
274
274
274
274
274
274
274
274
274
274
274
274
274
274
274
274
274
274
274
274
274
274
274
274
274
274
274
274
274
274
274
274
274
274
274
274
274
274
274
274
274
274
274
274
274
274
274
274
274
274
274
274
274
274
274
274
274
274
274
274
274
274
274
274
274
274
274
274
274
274
274
274
274
274
274
274
274
274.001
274.024
274.325
277.005
293.692
354.172
456.005
530.425
556.555
551.733
531.028
496.36
464.097
415.348
373.943
274
274
274
274
274
274
274
274
274
274
274
274
274
274
274
274
274
274
274
274
274
274
274
274
274
274
274
274
274
274
274
274
274
274
274
274
274
274
274
274
274
274
274
274
274
274
274
274
274
274
274
274
274
274
274
274
274
274
274
274
274
274
274
274
274
274
274
274
274
274
274
274
274
274
274
274
274
274
274
274
274
274
274
274
274
274
274
274
274
274
274
274
274
274
274
274
274
274
274
274
274
274
274
274
274
274
274
274
274
274
274
274
274.009
274.097
274.646
276.931
283.747
296.779
311.583
331.207
342.786
336.459
320.496
294.101
285.632
274
274
274
274
274
274
274
274
274
274
274
274
274
274
274
274
274
274
274
274
274
274
274
274
274
274
274
274
274
274
274
274
274
274
274
274
274
274
274
274
274
274
274
274
274
274
274
274
274
274
274
274
274
274
274
274
274
274
274
274
274
274
274
274
274
274
274
274
274
274
274
274
274
274
274
274
274
274
274
274
274
274
274
274
274
274
274
274
274
274
274
274
274
274
274
274
274
274
274
274
274
274
274
274
274
274
274
274
274
274
274
274
274
274.002
274.024
274.116
274.414
275.109
276.207
277.441
278.282
278.218
277.508
276.084
275.221
274
274
274
274
274
274
274
274
274
274
274
274
274
274
274
274
274
274
274
274
274
274
274
274
274
274
274
274
274
274
274
274
274
274
274
274
274
274
274
274
274
274
274
274
274
274
274
274
274
274
274
274
274
274
274
274
274
274
274
274
274
274
274
274
274
274
274
274
274
274
274
274
274
274
274
274
274
274
274
274
274
274
274
274
274
274
274
274
274
274
274
274
274
274
274
274
274
274
274
274
274
274
274
274
274
274
274
274
274
274
274
274
274
274
274
274.004
274.02
274.059
274.127
274.214
274.29
274.308
274.281
274.192
274.12
274
274
274
274
274
274
274
274
274
274
274
274
274
274
274
274
274
274
274
274
274
274
274
274
274
274
274
274
274
274
274
274
274
274
274
274
274
274
274
274
274
274
274
274
274
274
274
274
274
274
274
274
274
274
274
274
274
274
274
274
274
274
274
274
274
274
274
274
274
274
274
274
274
274
274
274
274
274
274
274
274
274
274
274
274
274
274
274
274
274
274
274
274
274
274
274
274
274
274
274
274
274
274
274
274
274
274
274
274
274
274
274
274
274
274
274
274
274.002
274.006
274.013
274.021
274.024
274.023
274.016
274.009
274
274
274
274
274
274
274
274
274
274
274
274
274
274
274
274
274
274
274
274
274
274
274
274
274
274
274
274
274
274
274
274
274
274
274
274
274
274
274
274
274
274
274
274
274
274
274
274
274
274
274
274
274
274
274
274
274
274
274
274
274
274
274
274
274
274
274
274
274
274
274
274
274
274
274
274
274
274
274
274
274
274
274
274
274
274
274
274
274
274
274
274
274
274
274
274
274
274
274
274
274
274
274
274
274
274
274
274
274
274
274
274
274
274
274
274
274
274
274
274
274.001
274.001
274.001
274.001
274
274
274
274
274
274
274
274
274
274
274
274
274
274
274
274
274
274
274
274
274
274
274
274
274
274
274
274
274
274
274
274
274
274
274
274
274
274
274
274
274
274
274
274
274
274
274
274
274
274
274
274
274
274
274
274
274
274
274
274
274
274
274
274
274
274
274
274
274
274
274
274
274
274
274
274
274
274
274
274
274
274
274
274
274
274
274
274
274
274
274
274
274
274
274
274
274
274
274
274
274
274
274
274
274
274
274
274
274
274
274
274
274
274
274
274
274
274
274
274
274
274
274
274
274
274
274
274
274
274
274
274
274
274
274
274
274
274
274
274
274
274
274
274
274
274
274
274
274
274
274
274
274
274
274
274
274
274
274
274
274
274
274
274
274
274
274
274
274
274
274
274
274
274
274
274
274
274
274
274
274
274
274
274
274
274
274
274
274
274
274
274
274
274
274
274
274
274
274
274
274
274
274
274
274
274
274
274
274
274
274
274
274
274
274
274
274
274
274
274
274
274
274
274
274
274
274
274
274
274
274
274
274
274
274
274
274
274
274
274
274
274
274
274
274
274
274
274
274
274
274
274
274
274
274
274
274
274
274
274
274
274
274
274
274
274
274
274
274
274
274
274
274
274
274
274
274
274
274
274
274
274
274
274
274
274
274
274
274
274
274
274
274
274
274
274
274
274
274
274
274
274
274
274
274
274
274
274
274
274
274
274
274
274
274
274
274
274
274
274
274
274
274
274
274
274
274
274
274
274
274
274
274
274
274
274
274
274
274
274
274
274
274
274
274
274
274
274
274
274
274
274
274
274
274
274
274
274
274
274
274
274
274
274
274
274
274
274
274
274
274
274
274
274
274
274
274
274
274
274
274
274
274
274
274
274
274
274
274
274
274
274
274
274
274
274
274
274
274
274
274
274
274
274
274
274
274
274
274
274
274
274
274
274
274
274
274
274
274
274
274
274
274
274
274
274
274
274
274
274
274
274
274
274
274
274
274
274
274
274
274
274
274
274
274
274
274
274
274
274
274
274
274
274
274
274
274
274
274
274
274
274
274
274
274
274
274
274
274
274
274
274
274
274
274
274
274
274
274
274
274
274
274
274
274
274
274
274
274
274
274
274
274
274
274
274
274
274
274
274
274
274
274
274
274
274
274
274
274
274
274
274
274
274
274
274
274
274
274
274
274
274
274
274
274
274
274
274
274
274
274
274
274
274
274
274
274
274
274
274
274
274
274
274
274
274
274
274
274
274
274
274
274
274
274
274
274
274
274
274
274
274
274
274
274
274
274
274
274
274
274
274
274
274
274
274
274
274
274
274
274
274
274
274
274
274
274
274
274
274
274
274
274
274
274
274
274
274
274
274
274
274
274
274
274
274
274
274
274
274
274
274
274
274
274
274
274
274
274
274
274
274
274
274
274
274
274
274
274
274
274
274
274
274
274
274
274
274
274
274
274
274
274
274
274
274
274
274
274
274
274
274
274
274
274
274
274
274
274
274
274
274
274
274
274
274
274
274
274
274
274
274
274
274
274
274
274
274
274
274
274
274
274
274
274
274
274
274
274
274
274
274
274
274
274
274
274
274
274
274
274
274
274
274
274
274
274
274
274
274
274
274
274
274
274
274
274
274
274
274
274
274
274
274
274
274
274
274
274
274
274
274
274
274
274
274
274
274
274
274
274
274
274
274
274
274
274
274
274
274
274
274
274
274
274
274
274
274
274
274
274
274
274
274
274
274
274
274
274
274
274
274
274
274
274
274
274
274
274
274
274
274
274
274
274
274
274
274
274
274
274
274
274
274
274
274
274
274
274
274
274
274
274
274
274
274
274
274
274
274
274
274
274
274
274
274
274
274
274
274
274
274
274
274
274
274
274
274
274
274
274
274
274
274
274
274
274
274
274
274
274
274
274
274
274
274
274
274
274
274
274
274
274
274
274
274
274
274
274
274
274
274
274
274
274
274
274
274
274
274
274
274
274
274
274
274
274
274
274
274
274
274
274
274
274
274
274
274
274
274
274
274
274
274
274
274
274
274
274
274
274
274
274
274
274
274
274
274
274
274
274
274
274
274
274
274
274
274
274
274
274
274
274
274
274
274
274
274
274
274
274
274
274
274
274
274
274
274
274
274
274
274
274
274
274
274
274
274
274
274
274
274
274
274
274
274
274
274
274
274
274
274
274
274
274
274
274
274
274
274
274
274
274
274
274
274
274
274
274
274
274
274
274
274
274
274
274
274
274
274
274
274
274
274
274
274
274
274
274
274
274
274
274
274
274
274
274
274
274
274
274
274
274
274
274
274
274
274
274
274
274
274
274
274
274
274
274
274
274
274
274
274
274
274
274
274
274
274
274
274
274
274
274
274
274
274
274
274
274
274
274
274
274
274
274
274
274
274
274
274
274
274
274
274
274
274
274
274
274
274
274
274
274
274
274
274
274
274
274
274
274
274
274
274
274
274
274
274
274
274
274
274
274
274
274
274
274
274
274
274
274
274
274
274
274
274
274
274
274
274
274
274
274
274
274
274
274
274
274
274
274
274
274
274
274
274
274
274
274
274
274
274
274
274
274
274
274
274
274
274
274
274
274
274
274
274
274
274
274
274
274
274
274
274
274
274
274
274
274
274
274
274
274
274
274
274
274
274
274
274
274
274
274
274
274
274
274
274
274
274
274
274
274
274
274
274
274
274
274
274
274
274
274
274
274
274
274
274
274
274
274
274
274
274
274
274
274
274
274
274
274
274
274
274
274
274
274
274
274
274
274
274
274
274
274
274
274
274
274
274
274
274
274
274
274
274
274
274
274
274
274
274
274
274
274
274
274
274
274
274
274
274
274
274
274
274
274
274
274
274
274
274
274
274
274
274
274
274
274
274
274
274
274
274
274
274
274
274
274
274
274
274
274
274
274
274
274
274
274
274
274
274
274
274
274
274
274
274
274
274
274
274
274
274
274
274
274
274
274
274
274
274
274
274
274
274
274
274
274
274
274
274
274
274
274
274
274
274
274
274
274
274
274
274
274
274
274
274
274
274
274
274
274
274
274
274
274
274
274
274
274
274
274
274
274
274
274
274
274
274
274
274
274
274
274
274
274
274
274
274
274
274
274
274
274
274
274
274
274
274
274
274
274
274
274
274
274
274
274
274
274
274
274
274
274
274
274
274
274
274
274
274
274
274
274
274
274
274
274
274
274
274
274
274
274
274
274
274
274
274
274
274
274
274
274
274
274
274
274
274
274
274
274
274
274
274
274
274
274
274
274
274
274
274
274
274
274
274
274
274
274
274
274
274
274
274
274
274
274
274
274
274
274
274
274
274
274
274
274
274
274
274
274
274
274
274
274
274
274
274
274
274
274
274
274
274
274
274
274
274
274
274
274
274
274
274
274
274
274
274
274
274
274
274
274
274
274
274
274
274
274
274
274
274
274
274
274
274
274
274
274
274
274
274
274
274
274
274
274
274
274
274
274
274
274
274
274
274
274
274
274
274
274
274
274
274
274
274
274
274
274
274
274
274
274
274
274
274
274
274
274
274
274
274
274
274
274
274
274
274
274
274
274
274
274
274
274
274
274
274
274
274
274
274
274
274
274
274
274
274
274
274
274
274
274
274
274
274
274
274
274
274
274
274
274
274
274
274
274
274
274
274
274
274
274
274
274
274
274
274
274
274
274
274
274
274
274
274
274
274
274
274
274
274
274
274
274
274
274
274
274
274
274
274
274
274
274
274
274
274
274
274
274
274
274
274
274
274
274
274
274
274
274
274
274
274
274
274
274
274
274
274
274
274
274
274
274
274
274
274
274
274
274
274
274
274
274
274
274
274
274
274
274
274
274
274
274
274
274
274
274
274
274
274
274
274
274
274
274
274
274
274
274
274
274
274
274
274
274
274
274
274
274
274
274
274
274
274
274
274
274
274
274
274
274
274
274
274
274
274
274
274
274
274
274
274
274
274
274
274
274
274
274
274
274
274
274
274
274
274
274
274
274
274
274
274
274
274
274
274
274
274
274
274
274
274
274
274
274
274
274
274
274
274
274
274
274
274
274
274
274
274
274
274
274
274
274
274
274
274
274
274
274
274
274
274
274
274
274
274
274
274
274
274
274
274
274
274
274
274
274
274
274
274
274
274
274
274
274
274
274
274
274
274
274
274
274
274
274
274
274
274
274
274
274
274
274
274
274
274
274
274
274
274
274
274
274
274
274
274
274
274
274
274
274
274
274
274
274
274
274
274
274
274
274
274
274
274
274
274
274
274
274
274
274
274
274
274
274
274
274
274
274
274
274
274
274
274
274
274
274
274
274
274
274
274
274
274
274
274
274
274
274
274
274
274
274
274
274
274
274
274
274
274
274
274
274
274
274
274
274
274
274
274
274
274
274
274
274
274
274
274
274
274
274
274
274
274
274
274
274
274
274
274
274
274
274
274
274
274
274
274
274
274
274
274
274
274
274
274
274
274
274
274
274
274
274
274
274
274
274
274
274
274
274
274
274
274
274
274
274
274
274
274
274
274
274
274
274
274
274
274.001
274.001
274.001
274.001
274.001
274.001
274.001
274.001
274.001
274.001
274.001
274.001
274.001
274.001
274.001
274.001
274.001
274.001
274.001
274.001
274.001
274.001
274.001
274.001
274.001
274.001
274.001
274.001
274.001
274.001
274.001
274.001
274.001
274.001
274.001
274.001
274.001
274.001
274.001
274.001
274.001
274.001
274.001
274.001
274.001
274.001
274.001
274.001
274.001
274.001
274.001
274.001
274.001
274.001
274.001
274.001
274.001
274.001
274.001
274.001
274.001
274.001
274.001
274.001
274.001
274.001
274.001
274.001
274.001
274.001
274.001
274.001
274.001
274.001
274.001
274.001
274.001
274.001
274.001
274.001
274.001
274.001
274.001
274.001
274.001
274.001
274.001
274.001
274.001
274.001
274.001
274.001
274.001
274.001
274.001
274.001
274.001
274.001
274.001
274.001
274.001
274.001
274.001
274.001
274.001
274.001
274.001
274.001
274.001
274.001
274.001
274.001
274.001
274.001
274.001
274.001
274.001
274.001
274.001
274.001
274.001
274.001
274.001
274.001
274.001
)
;

boundaryField
{
    wall
    {
        type            zeroGradient;
    }
    inlet
    {
        type            fixedValue;
        value           uniform 3673;
    }
    outlet-1
    {
        type            inletOutlet;
        inletValue      uniform 274;
        value           uniform 274;
    }
    outlet-2
    {
        type            inletOutlet;
        inletValue      uniform 274;
        value           nonuniform List<scalar> 
89
(
274.001
274
274
274
274
274
274
274
274
274
274
274
274
274
274
274
274
274
274
274
274
274
274
274
274
274
274
274
274
274
274
274
274
274
274
274
274
274
274
274
274
274
274
274
274
274
274
274
274
274
274
274
274
274
274
274
274
274
274
274
274
274
274
274
274
274
274
274
274
274
274
274
274
274
274
274
274
274
274
274
274
274
274
274
274
274
274
274
274.001
)
;
    }
    frontAndBackPlanes
    {
        type            empty;
    }
}


// ************************************************************************* //
