/*--------------------------------*- C++ -*----------------------------------*\
| =========                 |                                                 |
| \\      /  F ield         | OpenFOAM: The Open Source CFD Toolbox           |
|  \\    /   O peration     | Version:  2112                                  |
|   \\  /    A nd           | Website:  www.openfoam.com                      |
|    \\/     M anipulation  |                                                 |
\*---------------------------------------------------------------------------*/
FoamFile
{
    version     2.0;
    format      ascii;
    arch        "LSB;label=32;scalar=64";
    class       volScalarField;
    location    "0.00157";
    object      T;
}
// * * * * * * * * * * * * * * * * * * * * * * * * * * * * * * * * * * * * * //

dimensions      [0 0 0 1 0 0 0];

internalField   nonuniform List<scalar> 
13875
(
1411.73
1534.91
1482.7
1486.68
1481.07
1483.44
1483.46
1482.88
1484.19
1483.1
1484.2
1483.52
1483.73
1483.81
1483.24
1483.36
1482.89
1483.52
1482.29
1483.31
1481.23
1487.28
1480.71
1533.17
1398.14
1306.98
1356.04
1319.13
1322.03
1316.63
1317.11
1317.08
1317.78
1322.4
1322.36
1322.57
1317.9
1317.58
1317.68
1317.95
1321.96
1322.31
1320.72
1317.39
1317.16
1316.24
1321.88
1319.63
1356.44
1303.4
1307.06
1339.63
1314.68
1311.09
1303.99
1304.31
1303.77
1303.7
1304.41
1303.18
1304.57
1303.75
1303.64
1303.78
1303.74
1304.53
1302.91
1303.69
1303.46
1304.59
1303.9
1310.72
1311.53
1336.26
1296.87
1317.19
1345.03
1315.14
1308.77
1305.15
1304.8
1304.01
1303.93
1303.31
1302.01
1303.55
1303.81
1303.73
1303.86
1303.75
1303.4
1302.24
1303.52
1303.69
1304.93
1304.58
1307.67
1314
1343.63
1311.65
1329.36
1341.74
1316.18
1311.73
1303.55
1304.15
1304.04
1303.67
1303.42
1302.15
1303.71
1303.95
1303.93
1303.97
1303.95
1303.58
1302.4
1303.47
1303.36
1304.58
1303.63
1311.37
1312.14
1338.55
1316.16
1332.21
1351.57
1319.45
1310.06
1307.12
1306.26
1305.01
1304.49
1303.35
1302.57
1303.83
1304.24
1304.33
1304.33
1304.24
1303.87
1302.72
1303.96
1304.55
1306.39
1306.51
1308.45
1319.04
1349.19
1326.62
1339.23
1360.55
1329.74
1317.1
1307.18
1306.45
1305.49
1304.64
1303.9
1303.51
1304.6
1304.84
1305.08
1305.1
1305.07
1304.44
1303.46
1304.71
1304.83
1306.75
1307.13
1317.1
1325.99
1358.44
1321.91
1361.82
1386.35
1345.9
1322.12
1316.88
1312.46
1309.27
1307.36
1306
1305.24
1305.99
1306.33
1306.69
1306.72
1306.51
1305.8
1305.07
1306.82
1308.03
1311.92
1315.47
1320.86
1341.73
1381.38
1350.86
1535.47
1509.23
1389.81
1352.47
1324.23
1317.01
1312.9
1310.54
1309.68
1308.49
1309.14
1309.51
1310.04
1310.04
1309.65
1308.79
1308.4
1310.05
1311.49
1316.3
1322.6
1348.29
1384.55
1508.5
1523.41
1863.04
1590.5
1439.02
1368.69
1346.33
1329.82
1322.16
1318.56
1316.75
1315.55
1315.96
1316.34
1317.06
1316.95
1316.3
1315.61
1315.85
1317.47
1319.76
1327.84
1341.38
1364.25
1428.47
1569.16
1832.11
2523.29
1803.62
1542.43
1446
1368.26
1348.98
1339.73
1335.19
1332
1330.85
1330.99
1331.28
1332.17
1331.91
1331.01
1330.93
1331.53
1333.25
1336.4
1346.65
1362.51
1429.23
1516.79
1811.01
2450.01
2892.13
2310.37
2122.98
1535.82
1448.21
1412.66
1385.17
1376.73
1369.89
1368.17
1367.67
1367.2
1368.48
1367.69
1366.93
1367.6
1369.36
1373.82
1380.05
1407.27
1432.27
1492.15
1765.13
2312.71
2852.26
2852.32
2773.97
2649.37
2393
1653.38
1552.71
1524.87
1503.92
1492.99
1489.77
1488.93
1485.46
1489.33
1485.72
1485.55
1487.14
1491.44
1500.03
1516.82
1546.16
1660.78
2377.6
2434.77
2716.31
2791.05
2770.9
2752.05
2861.47
2855.38
2231.52
2256.77
2051.09
1956.68
1917.88
1867.65
1892.48
1844.18
1882.9
1854.65
1864.09
1868.68
1889.44
1940.82
2046.83
2203.21
2157.22
2866.71
2875.54
2739.12
2713.71
2653.28
2745.74
2866.66
2852.96
2884.13
3186.13
3439.51
3429.75
3695.84
3556.71
3681.95
3591.51
3660.37
3628.17
3658.25
3634.4
3657.93
3547.92
3461.07
3196.09
2914.69
2873.27
2862.42
2694.64
2677.68
2538.17
2673.17
2884.87
2985.37
2997.68
3332.78
3594.57
3679.54
3688.62
3668.88
3616.93
3638.02
3590.15
3629.56
3628.24
3652.47
3678.63
3720.74
3648.98
3454.87
3056.15
2977.74
2894.91
2702.9
2592.73
2484.33
2615.06
2747.93
2949.39
3038.32
3345.9
3570.05
3665.07
3664.31
3651.75
3609.45
3620.08
3590.41
3614.9
3611.49
3634.98
3663.11
3709.28
3635.76
3459.2
3113.96
3013.55
2806.67
2608.18
2511.46
2303.5
2594.43
2848.96
2949.98
2955.14
3201.55
3365.48
3460.01
3500.47
3496.45
3503.44
3497.59
3497.24
3500.22
3498.04
3498.49
3496.1
3484.9
3408.17
3244.78
3028.42
3026.25
2858.88
2603.75
2337.52
2223.29
2316.39
2619.35
2769.78
2741.09
2873.11
3118.4
3292.19
3387.3
3405.62
3405.41
3400.91
3403.46
3404.54
3401.57
3407.63
3411.52
3378.82
3200.63
2932.64
2785.05
2836.92
2672.71
2356.67
2268.45
2312.04
2254.08
2367.82
2540.48
2559.92
2629.74
2842.58
3083.05
3239.29
3300.02
3319.75
3319.97
3322.67
3324.34
3320.77
3315.44
3288.12
3160.61
2890.88
2672.98
2599
2583.77
2361.92
2266.7
2365.71
2888.33
2253.69
2188.81
2340.32
2404.12
2477.24
2662.85
2905.01
3095.92
3187.12
3214.31
3222.8
3226.35
3227.22
3219.35
3206
3138.34
2953.18
2690.33
2504.9
2428.34
2354.38
2172.87
2221.33
2793.59
2834.39
2044.11
1993.04
2183.06
2276.01
2369.26
2532.97
2756.78
2952.05
3069.88
3113.73
3121.37
3124.06
3123.67
3117.38
3084.44
2982.8
2783.18
2547.38
2397.09
2293.78
2185.37
1997.14
2037.4
2836.56
2856.92
2049.3
1890.48
2065.99
2175.95
2280.83
2418.91
2629.12
2828.83
2951.52
2995.38
3010.47
3013.87
3013.47
2999.64
2964.6
2853.56
2648.15
2434.73
2308.49
2195.02
2072.8
1877.36
2046.77
2948.82
2807.38
2033.58
1879.9
2011.1
2100.98
2198.87
2329.15
2526.99
2713.85
2843.9
2895.05
2905.02
2907.6
2903.83
2894.02
2852.89
2737.65
2542.62
2337.98
2220.95
2119.45
2017.74
1871.64
2016.98
2785.41
2738.46
2028.49
1907.85
1978.32
2034.47
2117.29
2241.98
2438.2
2619.84
2737.34
2783.7
2799.1
2801.72
2800.62
2784.8
2743.78
2630.68
2439.84
2245.4
2137.24
2063.42
1995.59
1894.72
2034.34
2762.72
2705.11
2048.88
1923.58
1960.78
1988.48
2052.38
2174.24
2359.74
2526.1
2641.56
2687.52
2698.76
2703.97
2698.18
2683.6
2643.35
2537.58
2363.78
2175.37
2068.34
2011.74
1983.05
1914.76
2027.18
2682.68
2681.22
2074.49
1949.38
1957.19
1943.89
1992.83
2110.65
2289.32
2446.42
2550.63
2595.38
2604.98
2606.87
2603.7
2589.57
2549.81
2452
2285.6
2107.67
2006.57
1968.01
1978.95
1940.74
2056.6
2668.76
2684.41
2139.89
1992.7
1949.38
1915.64
1953.25
2069.51
2235.36
2375.69
2464.69
2501.56
2512.92
2519.42
2513.04
2495.26
2460
2373.75
2225.95
2058.87
1960.13
1936.29
1972.76
1972.86
2113.75
2675.99
2716.65
2155.89
1990.03
1941.02
1898.47
1917.33
2019.4
2171.95
2299.18
2387.03
2429.51
2431.09
2433.67
2428.79
2420.55
2384.86
2306.23
2169.61
2011.84
1924.7
1916.49
1953.68
1988.62
2110.88
2673.02
2762.33
2175.9
2017.49
1946.61
1883.47
1898.33
1998.11
2135.16
2246.18
2311.82
2338.48
2350.21
2355.45
2349.22
2331.68
2305.3
2244.34
2128.37
1986.15
1900.53
1896.5
1958.36
2000.52
2144.25
2728.28
2731.42
2172.19
1997.35
1938.3
1863.41
1885.14
1969.6
2088.5
2181.97
2243.35
2281.99
2276.98
2280.87
2276.32
2272.59
2242.23
2185.23
2082.59
1953.82
1881.99
1878.49
1948.29
2004.72
2141.1
2727.74
2725.48
2179.63
2029.55
1943.98
1855.95
1869.01
1951.29
2058.96
2137.3
2181.82
2199.95
2207.71
2213.04
2206.7
2193.39
2178.17
2141.64
2062.19
1941.51
1866.73
1866.52
1947.07
2008.99
2156.21
2703.26
2699.09
2178.84
2046.96
1929.25
1846.19
1858.07
1930.98
2017.96
2083.21
2121.38
2152.82
2144.28
2148.25
2144.17
2143.87
2121.43
2086.44
2019.8
1921.83
1853.09
1859.98
1943.57
2042.94
2149.76
2689.62
2659.1
2169.87
2083.01
1949.37
1848.69
1845.97
1920.28
1998.45
2049.62
2072.53
2081.79
2083.69
2090.52
2085.06
2075.69
2071.04
2054.85
2003.45
1909.39
1838.63
1850.71
1951.06
2060.44
2155.8
2662.12
2657.24
2179.72
2117.82
1943.55
1858.63
1838.59
1898.76
1959.27
1997.08
2020.11
2045.7
2031.5
2034.72
2031.27
2038.12
2020.9
2000.74
1968.83
1898.61
1832.78
1865.55
1954.84
2121.71
2153.23
2647.93
2637.43
2173.65
2114.09
1964.84
1867.6
1832.92
1887.71
1943.07
1973.84
1981.84
1982.67
1979.64
1986.09
1982.52
1977.39
1981.87
1978.65
1950.71
1880.28
1829.78
1869.27
1972.75
2127.9
2165.57
2629.45
2615.2
2162.67
2115.68
1990.19
1887.31
1842.23
1875.27
1909.08
1924.98
1933.27
1954.4
1936.51
1940.25
1934.85
1948.62
1934.39
1926.43
1917.98
1875.96
1828.74
1889.7
2001.53
2122.26
2158.55
2613.04
2597.55
2145.62
2111.81
2048.69
1902.92
1851.84
1868.1
1892.77
1904.89
1906.28
1900.45
1894.57
1899.17
1899.76
1896.66
1906.67
1909.06
1895.33
1866.49
1849.34
1891.38
2048.64
2120.8
2140.79
2588.55
2580.38
2137.98
2092.93
2040.29
1928.63
1873.56
1869.95
1868.33
1862.6
1859.51
1877.65
1858.35
1862.09
1854.67
1872.56
1860.51
1863.88
1879.08
1866.47
1865.1
1930.55
2050.59
2102.03
2124.55
2572.67
2549.67
2118.14
2070.93
2043.49
1961.71
1884.63
1883.15
1857.78
1850.61
1843.29
1832.14
1824.48
1827.44
1829.31
1827.31
1841.52
1850.43
1852.73
1875.63
1877.8
1958.54
2050.1
2079.44
2117.04
2552.26
2534.44
2114.05
2031.54
2023.85
2027.02
1920.76
1898.41
1844.91
1817.42
1798.83
1812.38
1791.38
1797.05
1790.26
1809.49
1797.59
1816.54
1854.57
1890.25
1899.98
2026.56
2035.68
2037.52
2098.25
2527.8
2507.95
2099.56
2012.49
2018.32
2021.71
1948.91
1912.3
1858.63
1817.69
1796.69
1777.17
1768.43
1768.01
1767.65
1770.96
1794.05
1813.39
1854.3
1903.07
1939.7
2024.69
2030.09
2018.68
2093.39
2512.64
2488.88
2091.69
1987.09
1978.78
2016.37
2006.93
1926.27
1864.3
1799.62
1755.45
1761.63
1736.19
1743.81
1738.31
1758.62
1753.05
1793.49
1864.64
1919.75
1981.29
2012.03
1994.12
1993.14
2087.52
2501.78
2462.24
2082.83
1978.55
1957.59
1996.5
2042.54
1951.4
1879.66
1814.36
1775.73
1736.8
1723.4
1719.44
1721.33
1732.39
1774
1807.24
1872.04
1957.63
2040.58
1996.67
1971.79
1982.31
2075.81
2479.74
2453.68
2082.8
1964.61
1924.06
1973.35
2025.19
2005.89
1897.64
1807.93
1738
1733.28
1696.65
1700.62
1698.06
1728.03
1734.74
1806.5
1896.95
2018.91
2023.18
1969.05
1936.71
1971.75
2077.8
2475.12
2424.84
2059.92
1959.03
1912.12
1934.46
2013.22
2087.03
1945.41
1830.47
1779.49
1722.91
1697.53
1687.91
1695.32
1717.76
1778.63
1825.09
1929.2
2079.02
2005.09
1928.52
1923.65
1967.06
2066.21
2456.48
2414.08
2060.53
1950.96
1889.26
1909.55
1987.75
2060.89
2021.52
1848.95
1747
1738.62
1684.82
1682.81
1684.12
1731.43
1740.6
1846.51
2013.34
2057.78
1978.95
1905.78
1900.8
1961.61
2061.22
2449.49
2380.18
2042.56
1943.56
1893.04
1886.1
1949.41
2049.17
2069.69
1890.65
1794.73
1722.57
1694.07
1683.77
1696.5
1717.73
1795.93
1907.92
2073.73
2050.22
1940.19
1883.58
1902.12
1947.84
2050.74
2406.92
2349.29
2032.36
1933.93
1869.31
1868.35
1916.44
2019.83
2053.58
1994.28
1782.38
1754.23
1691.83
1686.82
1688.8
1750.75
1778.85
2020.72
2062.52
2024.11
1910.99
1866.03
1879.74
1941.32
2040.25
2376.92
2211.59
1984.3
1909.16
1871.53
1862.72
1885.29
1980.65
2043.62
2030.34
1875.77
1754.38
1701.46
1696.34
1708.18
1752.8
1879.49
2036.4
2049.82
1992.98
1888.8
1864.16
1879.63
1911.02
1990
2227.5
273.91
274.011
274.07
274.076
274.031
274.068
274.17
274.25
274.291
274.262
274.191
274.117
274.062
274.03
274.013
274.006
274.002
274.001
274
274
273.999
274
274
274
273.999
274.001
273.995
274.003
273.99
274.01
274.137
274.243
274.292
274.287
274.231
274.237
274.336
274.401
274.422
274.365
274.263
274.161
274.085
274.041
274.018
274.008
274.003
274.001
274
273.999
273.999
273.999
273.999
273.999
273.998
274
273.994
274.004
273.987
274.017
274.266
274.371
274.408
274.359
274.267
274.259
274.357
274.427
274.464
274.405
274.295
274.181
274.096
274.046
274.021
274.008
274.003
274.001
274
273.999
273.999
273.999
273.999
273.999
273.999
274
273.995
274.003
273.992
274.012
274.268
274.406
274.439
274.367
274.244
274.239
274.354
274.443
274.5
274.438
274.32
274.196
274.104
274.05
274.022
274.009
274.003
274.001
274
273.999
273.999
273.999
273.999
273.999
273.999
274
273.996
274.002
273.995
274.008
274.243
274.413
274.443
274.341
274.209
274.226
274.345
274.467
274.533
274.464
274.338
274.207
274.11
274.053
274.023
274.009
274.003
274.001
274
273.999
273.999
273.999
274
274
273.999
274
273.998
274.002
273.997
274.005
274.219
274.43
274.453
274.307
274.186
274.227
274.346
274.493
274.561
274.48
274.348
274.212
274.113
274.054
274.023
274.009
274.003
274.001
274
273.999
273.999
274
274
274
274
274
273.998
274.001
273.999
274.004
274.211
274.461
274.466
274.313
274.2
274.244
274.377
274.522
274.583
274.487
274.35
274.213
274.113
274.054
274.023
274.009
274.003
274.001
274
273.999
273.999
274
274
274
274
274
273.999
274.001
273.999
274.004
274.231
274.517
274.513
274.372
274.268
274.302
274.435
274.557
274.599
274.486
274.349
274.211
274.112
274.053
274.023
274.009
274.003
274.001
274
273.999
273.999
274
274
274
274
274
273.999
274
274
274.003
274.285
274.673
274.693
274.601
274.524
274.521
274.59
274.638
274.623
274.487
274.346
274.209
274.111
274.053
274.023
274.009
274.003
274.001
274
273.999
273.999
274
274
274
274
274
274
274
274
274.003
274.481
275.035
275.201
275.294
275.315
275.255
275.044
274.862
274.706
274.503
274.343
274.204
274.108
274.051
274.022
274.008
274.003
274.001
274
273.999
273.999
274
274
274
274
274
274
274
274
274.002
275.071
275.986
276.639
277.405
277.777
277.568
276.614
275.62
274.998
274.59
274.362
274.2
274.104
274.049
274.02
274.007
274.002
274.001
274
274
273.999
274
274
274
274
274
274
274
274
274.002
276.787
278.648
280.158
282.371
284.159
284.086
282
278.611
276.125
274.931
274.453
274.219
274.103
274.046
274.019
274.007
274.002
274.001
274
274
273.999
273.999
274
274
274
274
274
274
274
274.002
280.978
284.583
288.43
294.129
299.448
302.704
300.736
289.139
280.823
276.368
274.819
274.303
274.12
274.047
274.018
274.006
274.002
274
274
274
274
273.999
274
274
274
274.001
274.001
274
274
274.001
291.107
294.614
295.263
297.1
302.207
308.229
314.512
317.386
300.932
282.497
276.349
274.642
274.191
274.059
274.019
274.006
274.002
274
274
274
274
274
274
274
274
274
274.001
274
274.001
274.002
295.477
295.738
295.452
296.967
301.808
308.206
314.998
321.599
326.291
309.736
282.866
276
274.467
274.113
274.028
274.007
274.002
274
274
274
274
274
274
274
274
274
274
274.001
274.001
274.002
294.744
294.832
294.515
294.834
298.062
305.9
314.494
321.763
328.517
333.026
311.453
281.671
275.492
274.308
274.063
274.012
274.002
274
274
274
274
274
274
274
274
274
274.001
274
274
274.001
291.669
291.96
291.424
291.508
292.839
300.022
310.82
320.956
328.822
335.569
339.05
305.21
279.557
274.989
274.184
274.032
274.005
274.001
274
274
274
274
274
274
274
274
274
274.001
274.001
274.002
288.034
288.379
287.604
287.645
288.024
293.271
305.166
317.095
328.416
336.174
342.909
341.924
294.648
277.451
274.578
274.099
274.015
274.002
274
274
274
274
274
274
274
274
274
274.001
274.001
274.003
280.148
282.51
283.637
284.565
286.035
288.48
300.03
312.182
325.591
336.724
344.171
349.831
336.455
285.735
275.882
274.299
274.047
274.006
274.001
274
274
274
274
274
274
274
274
274
274
274.002
276.567
280.532
282.821
284.726
287.609
288.276
297.839
310.779
323.403
335.943
345.394
352.918
352.984
315.343
280.102
274.916
274.138
274.019
274.002
274
274
274
274
274
274
274
274
274
274
274.001
277.496
282.603
284.968
290.803
297.229
295.845
299.242
312.707
323.957
335.468
346.521
354.837
358.055
353.683
293.126
276.775
274.396
274.057
274.007
274.001
274
274
274
274
274
274
274
274
274
274.002
270.892
284.715
292.596
314.431
332.363
325.825
319.82
326.131
332.931
339.512
347.943
357.315
363.054
363.515
331.081
282.058
275.12
274.153
274.021
274.002
274
274
274
274
274
274
274
274
274
274.002
284.044
298.728
332.165
394.417
426.676
401.345
374.016
361.14
353.887
351.74
353.846
360.538
368.611
368.975
365.117
297.266
277.045
274.396
274.053
274.006
274.001
274
274
274
274
274
274
274
274
274.002
248.089
333.937
477.724
619.805
653.494
558.505
469.667
413.509
390.799
372.61
367.686
368.988
374.399
375.46
376.164
336.955
281.839
274.995
274.127
274.016
274.002
274
274
274
274
274
274
274
274
274.002
282.072
470.436
796.964
969.963
969.791
761.89
584.295
489.526
444.554
406.596
389.025
382.837
383.208
384.19
382.782
371.566
292.175
276.38
274.29
274.036
274.004
274
274
274
274
274
274
274
274
274.002
274.01
273.99
274.003
273.995
274.001
273.999
274
274
274
273.999
274
274
274.001
274.002
274.006
274.013
274.03
274.062
274.117
274.191
274.262
274.291
274.25
274.17
274.068
274.031
274.076
274.07
274.011
273.91
274.017
273.987
274.004
273.994
274
273.998
273.999
273.999
273.999
273.999
273.999
274
274.001
274.003
274.008
274.018
274.041
274.085
274.161
274.263
274.365
274.422
274.401
274.335
274.237
274.231
274.287
274.292
274.243
274.138
274.012
273.992
274.003
273.995
274
273.999
273.999
273.999
273.999
273.999
273.999
274
274.001
274.003
274.008
274.021
274.046
274.096
274.181
274.295
274.405
274.464
274.427
274.357
274.259
274.267
274.359
274.408
274.371
274.266
274.008
273.995
274.002
273.996
274
273.999
273.999
273.999
273.999
273.999
273.999
274
274.001
274.003
274.009
274.022
274.05
274.104
274.196
274.32
274.438
274.5
274.442
274.354
274.239
274.243
274.367
274.44
274.406
274.268
274.005
273.997
274.002
273.998
274
273.999
274
274
273.999
273.999
273.999
274
274.001
274.003
274.009
274.023
274.053
274.11
274.207
274.338
274.464
274.533
274.466
274.345
274.226
274.209
274.341
274.443
274.413
274.243
274.004
273.999
274.001
273.998
274
274
274
274
274
273.999
273.999
274
274.001
274.003
274.009
274.023
274.054
274.113
274.212
274.348
274.48
274.561
274.493
274.346
274.227
274.186
274.307
274.453
274.431
274.219
274.004
273.999
274.001
273.999
274
274
274
274
274
273.999
273.999
274
274.001
274.003
274.009
274.023
274.054
274.113
274.213
274.35
274.487
274.583
274.522
274.377
274.244
274.2
274.313
274.466
274.461
274.211
274.003
274
274
273.999
274
274
274
274
274
273.999
273.999
274
274.001
274.003
274.009
274.023
274.053
274.112
274.211
274.349
274.486
274.599
274.557
274.435
274.302
274.268
274.372
274.513
274.517
274.23
274.003
274
274
274
274
274
274
274
274
273.999
273.999
274
274.001
274.003
274.009
274.023
274.053
274.111
274.209
274.346
274.486
274.623
274.638
274.589
274.521
274.524
274.601
274.693
274.673
274.285
274.002
274
274
274
274
274
274
274
274
273.999
273.999
274
274.001
274.003
274.008
274.022
274.051
274.108
274.204
274.343
274.503
274.706
274.862
275.043
275.254
275.314
275.293
275.201
275.035
274.48
274.002
274
274
274
274
274
274
274
274
273.999
274
274
274.001
274.002
274.007
274.02
274.049
274.104
274.2
274.362
274.59
274.997
275.617
276.609
277.562
277.772
277.403
276.638
275.985
275.07
274.002
274
274
274
274
274
274
274
273.999
273.999
274
274
274.001
274.002
274.007
274.019
274.046
274.103
274.219
274.452
274.93
276.12
278.597
281.976
284.063
284.139
282.363
280.153
278.642
276.783
274.001
274
274
274.001
274.001
274
274
274
273.999
274
274
274
274
274.002
274.006
274.018
274.047
274.12
274.303
274.817
276.359
280.794
289.067
300.643
302.634
299.4
294.1
288.405
284.563
280.965
274.002
274.001
274
274.001
274
274
274
274
274
274
274
274
274
274.002
274.006
274.019
274.059
274.19
274.64
276.337
282.449
300.762
317.262
314.436
308.171
302.165
297.067
295.227
294.58
291.064
274.002
274.001
274.001
274
274
274
274
274
274
274
274
274
274
274.002
274.007
274.028
274.113
274.465
275.989
282.807
309.491
326.16
321.502
314.923
308.146
301.767
296.93
295.416
295.707
295.447
274.001
274
274
274.001
274
274
274
274
274
274
274
274
274
274.002
274.012
274.063
274.307
275.484
281.616
311.15
332.88
328.4
321.667
314.42
305.838
298.028
294.79
294.476
294.798
294.717
274.002
274.001
274.001
274
274
274
274
274
274
274
274
274
274.001
274.005
274.032
274.183
274.984
279.518
304.944
338.882
335.434
328.703
320.861
310.752
299.965
292.805
291.46
291.383
291.925
291.638
274.003
274.001
274.001
274
274
274
274
274
274
274
274
274
274.002
274.015
274.098
274.575
277.427
294.438
341.687
342.759
336.045
328.312
317.022
305.116
293.22
287.975
287.599
287.562
288.337
288.008
274.002
274
274
274
274
274
274
274
274
274
274
274.001
274.006
274.047
274.298
275.871
285.647
336.122
349.649
344.031
336.599
325.508
312.083
299.957
288.37
285.936
284.484
283.551
282.432
280.099
274.001
274
274
274
274
274
274
274
274
274
274
274.002
274.019
274.138
274.912
280.064
315.055
352.805
352.753
345.247
335.813
323.28
310.627
297.724
288.11
287.432
284.576
282.654
280.414
276.491
274.002
274
274
274
274
274
274
274
274
274
274.001
274.007
274.057
274.394
276.759
292.959
353.412
357.864
354.669
346.37
335.305
323.74
312.401
299.01
295.479
296.923
290.565
284.683
282.399
277.437
274.002
274
274
274
274
274
274
274
274
274
274.002
274.021
274.152
275.115
282.01
330.732
363.291
362.853
357.121
347.744
339.182
332.425
325.404
319.02
324.741
331.417
313.936
292.296
284.415
270.857
274.002
274
274
274
274
274
274
274
274
274.001
274.006
274.053
274.394
277.031
297.083
364.819
368.735
368.369
360.297
353.464
351.196
353.071
359.818
372.213
398.34
424.639
392.973
331.92
298.341
283.786
274.002
274
274
274
274
274
274
274
274
274.002
274.016
274.126
274.991
281.797
336.597
375.892
375.185
374.118
368.6
367.149
371.692
389.369
411.194
465.697
552.024
650.41
616.276
477.687
333.871
248.573
274.002
274
274
274
274
274
274
274
274
274.004
274.036
274.29
276.37
292.064
371.197
382.491
383.872
382.836
382.346
388.224
405.239
442.432
485.908
579.192
752.322
961.391
961.311
801.987
470.592
282.249
274.002
274.002
274.002
274.002
274.002
274.002
274.002
274.002
274.002
274.002
274.002
274.002
274.002
274.002
274.002
274.002
274.002
274.002
274.002
274.002
274.002
274.002
274.002
274.002
274.002
274.002
274.002
274.002
274.002
274.002
274.002
274.002
274.002
274.002
274.002
274.002
274.002
274.002
274.002
274.002
274.002
274.002
274.002
274.002
274.002
274.002
274.002
274.002
274.002
274.002
274.002
274.002
274.002
274.002
274.002
274.002
274.002
274.002
274.002
274.002
274.002
274.002
274.002
274.002
274.002
274.002
274.002
274.002
274.002
274.002
274.002
274.002
274.002
274.002
274.002
274.002
274.002
274.002
274.002
274.002
274.002
274.002
274.002
274.002
274.002
274.002
274.002
274.002
274.002
274.002
274.002
274.002
274.002
274.002
274.002
274.002
274.002
274.002
274.002
274.002
274.002
274.002
274.002
274.002
274.002
274.002
274.002
274.002
274.002
274.002
274.002
274.002
274.002
274.002
274.002
274.002
274.002
274.002
274.002
274.002
274.002
274.002
274.002
274.002
274.002
274
274
274
274
274
274
274
274
274
274
274
274
274
274
274
274
274
274
274
274
274
274
274
274
274
274
274
274
274
274
274
274
274
274
274
274
274
274
274
274
274
274
274
274
274
274
274
274
274
274
274
274
274
274
274
274
274
274
274
274
274
274
274
274
274
274
274
274
274
274
274
274
274
274
274
274
274
274
274
274
274
274
274
274
274
274
274
274
274
274
274
274
274
274
274
274
274
274
274
274
274
274
274
274
274
274
274
274
274
274
274
274
274
274
274
274
274
274
274
274
274
274
274
274
274
274
274
274
274
274
274
274
274
274
274
274
274
274
274
274
274
274
274
274
274
274
274
274
274
274
274
274
274
274
274
274
274
274
274
274
274
274
274
274
274
274
274
274
274
274
274
274
274
274
274
274
274
274
274
274
274
274
274
274
274
274
274
274
274
274
274
274
274
274
274
274
274
274
274
274
274
274
274
274
274
274
274
274
274
274
274
274
274
274
274
274
274
274
274
274
274
274
274
274
274
274
274
274
274
274
274
274
274
274
274
274
274
274
274
274
274
274
274
274
274
274
274
274
274
274
274
274
274
274
274
274
274
274
274
274
274
274
274
274
274
274
274
274
274
274
274
274
274
274
274
274
274
274
274
274
274
274
274
274
274
274
274
274
274
274
274
274
274
274
274
274
274
274
274
274
274
274
274
274
274
274
274
274
274
274
274
274
274
274
274
274
274
274
274
274
274
274
274
274
274
274
274
274
274
274
274
274
274
274
274
274
274
274
274
274
274
274
274
274
274
274
274
274
274
274
274
274
274
274
274
274
274
274
274
274
274
274
274
274
274
274
274
274
274
274
274
274
274
274
274
274
274
274
274
274
274
274
274
274
274
274
274
274
274
274
274
274
274
274
274
274
274
274
274
274
274
274
274
274
274
274
274
274
274
274
274
274
274
274
274
274
274
274
274
274
274
274
274
274
274
274
274
274
274
274
274
274
274
274
274
274
274
274
274
274
274
274
274
274
274
274
274
274
274
274
274
274
274
274
274
274
274
274
274
274
274
274
274
274
274
274
274
274
274
274
274
274
274
274
274
274
274
274
274
274
274
274
274
274
274
274
274
274
274
274
274
274
274
274
274
274
274
274
274
274
274
274
274
274
274
274
274
274
274
274
274
274
274
274
274
274
274
274
274
274
274
274
274
274
274
274
274
274
274
274
274
274
274
274
274
274
274
274
274
274
274
274
274
274
274
274
274
274
274
274
274
274
274
274
274
274
274
274
274
274
274
274
274
274
274
274
274
274
274
274
274
274
274
274
274
274
274
274
274
274
274
274
274
274
274
274
274
274
274
274
274
274
274
274
274
274
274
274
274
274
274
274
274
274
274
274
274
274
274
274
274
274
274
274
274
274
274
274
274
274
274
274
274
274
274
274
274
274
274
274
274
274
274
274
274
274
274
274
274
274
274
274
274
274
274
274
274
274
274
274
274
274
274
274
274
274
274
274
274
274
274
274
274
274
274
274
274
274
274
274
274
274
274
274
274
274
274
274
274
274
274
274
274
274
274
274
274
274
274
274
274
274
274
274
274
274
274
274
274
274
274
274
274
274
274
274
274
274
274
274
274
274
274
274
274
274
274
274
274
274
274
274
274
274
274
274
274
274
274
274
274
274
274
274
274
274
274
274
274
274
274
274
274
274
274
274
274
274
274
274
274
274
274
274
274
274
274
274
274
274
274
274
274
274
274
274
274
274
274
274
274
274
274
274
274
274
274
274
274
274
274
274
274
274
274
274
274
274
274
274
274
274
274
274
274
274
274
274
274
274
274
274
274
274
274
274
274
274
274
274
274
274
274
274
274
274
274
274
274
274
274
274
274
274
274
274
274
274
274
274
274
274
274
274
274
274
274
274
274
274
274
274
274
274
274
274
274
274
274
274
274
274
274
274
274
274
274
274
274
274
274.001
274.001
274.001
274.001
274.002
274.002
274.002
274.001
274.001
274.001
274.001
274
274
274
274
274
274
274
274
274
274
274
274
274
274
274
274
274
274
274
274
274
274
274
274
274
274
274
274
274
274
274
274
274
274
274
274
274
274
274
274
274
274
274
274
274
274
274
274
274
274
274
274
274
274
274
274
274
274
274
274
274
274
274
274
274
274
274
274
274
274
274
274
274
274
274
274
274
274
274
274
274
274
274
274
274
274
274
274
274
274
274
274
274
274
274
274
274
274
274
274
274
274
274
274
274
274
274
274
274
274.001
274.001
274.003
274.007
274.011
274.016
274.02
274.023
274.025
274.026
274.025
274.022
274.019
274.015
274.011
274.008
274.005
274.003
274.002
274.001
274
274
274
274
274
274
274
274
274
274
274
274
274
274
274
274
274
274
274
274
274
274
274
274
274
274
274
274
274
274
274
274
274
274
274
274
274
274
274
274
274
274
274
274
274
274
274
274
274
274
274
274
274
274
274
274
274
274
274
274
274
274
274
274
274
274
274
274
274
274
274
274
274
274
274
274
274
274
274
274
274
274
274
274
274
274
274
274
274
274
274
274
274
274
274
274
274
274
274
274
274
274
274
274.002
274.006
274.016
274.036
274.068
274.115
274.17
274.224
274.269
274.299
274.307
274.296
274.271
274.238
274.197
274.156
274.115
274.08
274.052
274.032
274.017
274.009
274
274
274
274
274
274
274
274
274
274
274
274
274
274
274
274
274
274
274
274
274
274
274
274
274
274
274
274
274
274
274
274
274
274
274
274
274
274
274
274
274
274
274
274
274
274
274
274
274
274
274
274
274
274
274
274
274
274
274
274
274
274
274
274
274
274
274
274
274
274
274
274
274
274
274
274
274
274
274
274
274
274
274
274
274
274
274
274
274
274
274
274
274
274
274
274
274
274
274
274
274
274.003
274.014
274.044
274.125
274.311
274.678
275.277
276.078
276.948
277.692
278.194
278.397
278.251
277.851
277.295
276.732
276.133
275.608
275.116
274.736
274.458
274.271
274.15
274.078
274
274
274
274
274
274
274
274
274
274
274
274
274
274
274
274
274
274
274
274
274
274
274
274
274
274
274
274
274
274
274
274
274
274
274
274
274
274
274
274
274
274
274
274
274
274
274
274
274
274
274
274
274
274
274
274
274
274
274
274
274
274
274
274
274
274
274
274
274
274
274
274
274
274
274
274
274
274
274
274
274
274
274
274
274
274
274
274
274
274
274
274
274
274
274
274
274
274
274
274.003
274.02
274.081
274.311
275.012
276.907
281.214
289.439
301.321
315.997
329.221
337.935
343.631
344.397
337.599
326.243
313.616
304.393
296.766
290.703
285.444
281.389
278.392
276.45
275.275
274.625
274
274
274
274
274
274
274
274
274
274
274
274
274
274
274
274
274
274
274
274
274
274
274
274
274
274
274
274
274
274
274
274
274
274
274
274
274
274
274
274
274
274
274
274
274
274
274
274
274
274
274
274
274
274
274
274
274
274
274
274
274
274
274
274
274
274
274
274
274
274
274
274
274
274
274
274
274
274
274
274
274
274
274
274
274
274
274
274
274
274
274
274
274
274
274
274
274
274.002
274.019
274.101
274.496
276.131
282.374
302.244
357.131
434.421
514.856
564.968
587.209
589.117
579.258
562.566
543.066
521.716
500.43
478.256
456.19
432.455
409.305
382.581
352.519
320.306
294.85
284.878
279.375
274
274
274
274
274
274
274
274
274
274
274
274
274
274
274
274
274
274
274
274
274
274
274
274
274
274
274
274
274
274
274
274
274
274
274
274
274
274
274
274
274
274
274
274
274
274
274
274
274
274
274
274
274
274
274
274
274
274
274
274
274
274
274
274
274
274
274
274
274
274
274
274
274
274
274
274
274
274
274
274
274
274
274
274
274
274
274
274
274
274
274
274
274
274
274
274.001
274.011
274.081
274.512
276.928
289.333
348.617
473.734
614.997
697.559
725.849
716.833
696.762
672.382
647.071
622.099
597.378
572.565
548.713
526.709
505.815
486.855
468.532
453
438.96
426.497
413.345
393.55
361.61
324.924
274
274
274
274
274
274
274
274
274
274
274
274
274
274
274
274
274
274
274
274
274
274
274
274
274
274
274
274
274
274
274
274
274
274
274
274
274
274
274
274
274
274
274
274
274
274
274
274
274
274
274
274
274
274
274
274
274
274
274
274
274
274
274
274
274
274
274
274
274
274
274
274
274
274
274
274
274
274
274
274
274
274
274
274
274
274
274
274
274
274
274
274
274
274
274.003
274.04
274.335
276.5
291.698
383.177
567.269
732.501
803.859
803.75
785.074
762.977
737.65
712.066
687.594
664.737
641.474
617.454
593.531
569.722
546.863
524.751
504.005
483.153
464.921
447.657
433.6
420.74
409.406
398.963
388.929
274
274
274
274
274
274
274
274
274
274
274
274
274
274
274
274
274
274
274
274
274
274
274
274
274
274
274
274
274
274
274
274
274
274
274
274
274
274
274
274
274
274
274
274
274
274
274
274
274
274
274
274
274
274
274
274
274
274
274
274
274
274
274
274
274
274
274
274
274
274
274
274
274
274
274
274
274
274
274
274
274
274
274
274
274
274
274
274
274
274
274
274
274.001
274.012
274.135
275.282
286.237
377.873
599.908
796.088
860.08
854.33
834.623
814.699
794.688
776.57
760.817
744.692
726.229
706.124
683.667
659.725
633.632
607.79
582.417
557.736
533.629
508.721
486.519
464.412
446.639
429.029
414.499
401.97
391.023
274
274
274
274
274
274
274
274
274
274
274
274
274
274
274
274
274
274
274
274
274
274
274
274
274
274
274
274
274
274
274
274
274
274
274
274
274
274
274
274
274
274
274
274
274
274
274
274
274
274
274
274
274
274
274
274
274
274
274
274
274
274
274
274
274
274
274
274
274
274
274
274
274
274
274
274
274
274
274
274
274
274
274
274
274
274
274
274
274
274
274
274.001
274.031
274.399
278.973
333.964
561.369
812.613
896.19
892.037
873.845
855.354
838.577
831.729
832.12
833.031
829.006
818.543
802.393
783.337
759.842
733.388
701.437
667.265
633.629
602.999
572.41
540.973
512.926
484.575
462.598
440.337
423.017
408.082
394.737
274
274
274
274
274
274
274
274
274
274
274
274
274
274
274
274
274
274
274
274
274
274
274
274
274
274
274
274
274
274
274
274
274
274
274
274
274
274
274
274
274
274
274
274
274
274
274
274
274
274
274
274
274
274
274
274
274
274
274
274
274
274
274
274
274
274
274
274
274
274
274
274
274
274
274
274
274
274
274
274
274
274
274
274
274
274
274
274
274
274
274.003
274.07
275.101
291.467
456.201
767.143
916.905
923.6
908.159
891.208
876.747
871.944
879.845
904.297
937.612
964.225
973.645
974.607
962.482
942.363
914.057
879.565
831.648
774.372
722.336
680.902
640.156
598.141
559.193
520.689
491.245
459.699
436.135
414.173
395.969
274
274
274
274
274
274
274
274
274
274
274
274
274
274
274
274
274
274
274
274
274
274
274
274
274
274
274
274
274
274
274
274
274
274
274
274
274
274
274
274
274
274
274
274
274
274
274
274
274
274
274
274
274
274
274
274
274
274
274
274
274
274
274
274
274
274
274
274
274
274
274
274
274
274
274
274
274
274
274
274
274
274
274
274
274
274
274
274
274
274.006
274.141
276.872
330.524
622.329
900.595
947.807
938.891
923.976
910.558
905.45
915.888
946.223
1003.29
1081.68
1174.88
1241.24
1250.34
1239.47
1215.32
1188.74
1147.78
1090.98
1013.81
927.464
855.79
802.68
748.971
692.298
636.534
582.834
540.601
495.392
464.412
431.189
402.49
274
274
274
274
274
274
274
274
274
274
274
274
274
274
274
274
274
274
274
274
274
274
274
274
274
274
274
274
274
274
274
274
274
274
274
274
274
274
274
274
274
274
274
274
274
274
274
274
274
274
274
274
274
274
274
274
274
274
274
274
274
274
274
274
274
274
274
274
274
274
274
274
274
274
274
274
274
274
274
274
274
274
274
274
274
274
274
274
274.009
274.253
280.562
405.63
776.697
957.454
964.09
952.744
941.868
935.533
940.421
968.379
1031.66
1135.31
1273.33
1422.66
1538.15
1552.9
1529.26
1501.58
1473.09
1435.16
1375.33
1302.44
1212.31
1126.86
1053.26
985.486
921.099
846.944
767.252
690.012
624.343
556.501
514.445
462.733
419.769
274
274
274
274
274
274
274
274
274
274
274
274
274
274
274
274
274
274
274
274
274
274
274
274
274
274
274
274
274
274
274
274
274
274
274
274
274
274
274
274
274
274
274
274
274
274
274
274
274
274
274
274
274
274
274
274
274
274
274
274
274
274
274
274
274
274
274
274
274
274
274
274
274
274
274
274
274
274
274
274
274
274
274
274
274
274
274
274.011
274.398
286.416
491.622
880.02
980.06
977.242
968.962
963.489
963.612
980.075
1026.71
1125.31
1285.79
1500.12
1664.52
1702.92
1683.41
1645.27
1625.39
1613.72
1608.63
1570
1510.48
1473.74
1424.36
1376.39
1328.87
1267.1
1207.18
1112.94
1002.45
891.663
780.528
668.898
600.557
515.912
451.351
274
274
274
274
274
274
274
274
274
274
274
274
274
274
274
274
274
274
274
274
274
274
274
274
274
274
274
274
274
274
274
274
274
274
274
274
274
274
274
274
274
274
274
274
274
274
274
274
274
274
274
274
274
274
274
274
274
274
274
274
274
274
274
274
274
274
274
274
274
274
274
274
274
274
274
274
274
274
274
274
274
274
274
274
274
274
274.012
274.526
293.016
564.79
941.181
994.842
990.661
988.678
988.69
996.63
1023.2
1088.59
1215.32
1426.27
1688.73
1799.2
1801.62
1776.14
1712.78
1679.04
1693.61
1729.17
1754.85
1734.16
1707.79
1697.74
1723.95
1758.87
1755.15
1714.7
1691.64
1610.27
1490.41
1300.87
1095.75
884.301
756.911
609.22
509.647
274
274
274
274
274
274
274
274
274
274
274
274
274
274
274
274
274
274
274
274
274
274
274
274
274
274
274
274
274
274
274
274
274
274
274
274
274
274
274
274
274
274
274
274
274
274
274
274
274
274
274
274
274
274
274
274
274
274
274
274
274
274
274
274
274
274
274
274
274
274
274
274
274
274
274
274
274
274
274
274
274
274
274
274
274
274.01
274.568
297.173
612.484
977.328
1009
1006.55
1010.41
1016.89
1032.03
1069.42
1150.45
1300.31
1536.54
1779.8
1859.05
1857.98
1839.75
1811.57
1774.61
1775.43
1854.61
2002.95
2063.76
2054.67
2049.27
2058.86
2076.4
2086.43
2075.55
2041.56
2011.67
1916.25
1831.11
1659.71
1524.07
1230.37
1012.91
740.685
579.609
274
274
274
274
274
274
274
274
274
274
274
274
274
274
274
274
274
274
274
274
274
274
274
274
274
274
274
274
274
274
274
274
274
274
274
274
274
274
274
274
274
274
274
274
274
274
274
274
274
274
274
274
274
274
274
274
274
274
274
274
274
274
274
274
274
274
274
274
274
274
274
274
274
274
274
274
274
274
274
274
274
274
274
274
274.007
274.491
295.824
620.529
997.385
1025.03
1022.83
1031.34
1043.98
1067.67
1114.68
1207.33
1371.41
1620.38
1831.31
1879.08
1878.46
1873.7
1872.17
1866.19
1873.28
1979.67
2149.14
2223.71
2242.09
2224.77
2164.73
2153.71
2071.75
1990.87
1952.29
1854.88
1797.8
1709.42
1669.22
1609.71
1588.2
1495.16
1376.62
1047.29
729.821
274
274
274
274
274
274
274
274
274
274
274
274
274
274
274
274
274
274
274
274
274
274
274
274
274
274
274
274
274
274
274
274
274
274
274
274
274
274
274
274
274
274
274
274
274
274
274
274
274
274
274
274
274
274
274
274
274
274
274
274
274
274
274
274
274
274
274
274
274
274
274
274
274
274
274
274
274
274
274
274
274
274
274
274.004
274.333
289.502
582.286
1000.45
1039.82
1036.83
1047.39
1066.68
1099.46
1156.8
1256.1
1423.13
1674.27
1862.16
1898.93
1889.69
1867.13
1860.1
1889.23
1892.84
1892.42
2103.04
2201.02
2217.3
2075.11
2129.57
1879.52
1725.24
1696.67
1690.37
1748.19
1771.51
1745.6
1670.08
1569
1514.53
1469.63
1542.13
1445.19
1246.8
983.824
274
274
274
274
274
274
274
274
274
274
274
274
274
274
274
274
274
274
274
274
274
274
274
274
274
274
274
274
274
274
274
274
274
274
274
274
274
274
274
274
274
274
274
274
274
274
274
274
274
274
274
274
274
274
274
274
274
274
274
274
274
274
274
274
274
274
274
274
274
274
274
274
274
274
274
274
274
274
274
274
274
274
274.002
274.173
282.402
508
974.394
1049.38
1046.5
1056.77
1082.8
1123.23
1189.1
1292.9
1452.5
1683.46
1869.48
1909.1
1901.97
1865.49
1797.7
1706.64
1719.73
1701.97
1659.94
1705.67
1738.9
1554.2
1258.27
1283.98
1228.43
1196.2
1173.03
1129.42
1136.05
1221.65
1304.31
1371.46
1437.63
1449.37
1428.39
1362.85
1390.16
1415.69
1175.93
274
274
274
274
274
274
274
274
274
274
274
274
274
274
274
274
274
274
274
274
274
274
274
274
274
274
274
274
274
274
274
274
274
274
274
274
274
274
274
274
274
274
274
274
274
274
274
274
274
274
274
274
274
274
274
274
274
274
274
274
274
274
274
274
274
274
274
274
274
274
274
274
274
274
274
274
274
274
274
274
274
274.001
274.066
277.481
410.482
900.348
1051.28
1051.35
1061.35
1091.07
1136.69
1200.88
1298.14
1438.09
1645.96
1848.84
1904.57
1905.07
1875.34
1818.74
1696.26
1578.32
1494.73
1428.13
1439.35
1421.35
1293.37
1229.04
1073.34
1032.15
1006.43
986.789
1049.51
1062.71
1081.22
1123.56
1173.72
1253.83
1337.24
1394.37
1426.37
1383.71
1298.23
1374.3
1265.95
274
274
274
274
274
274
274
274
274
274
274
274
274
274
274
274
274
274
274
274
274
274
274
274
274
274
274
274
274
274
274
274
274
274
274
274
274
274
274
274
274
274
274
274
274
274
274
274
274
274
274
274
274
274
274
274
274
274
274
274
274
274
274
274
274
274
274
274
274
274
274
274
274
274
274
274
274
274
274
274
274
274.019
275.139
326.399
752.957
1037.49
1054.1
1066.22
1094.9
1135.23
1188.65
1250.55
1356.02
1542.24
1779.08
1888.79
1904.41
1889.38
1852.43
1787.69
1597.99
1470.57
1360.11
1332.43
1324.45
1306.53
1191.82
1092.52
1050.44
1015.4
1016.8
1014
1030.86
1041.09
1072.09
1106.42
1151.37
1218.76
1305.44
1378.61
1460.19
1491.82
1416.42
1272.98
1190.46
274
274
274
274
274
274
274
274
274
274
274
274
274
274
274
274
274
274
274
274
274
274
274
274
274
274
274
274
274
274
274
274
274
274
274
274
274
274
274
274
274
274
274
274
274
274
274
274
274
274
274
274
274
274
274
274
274
274
274
274
274
274
274
274
274
274
274
274
274
274
274
274
274
274
274
274
274
274
274
274
274.005
274.328
288.649
571.182
993.061
1053.32
1073.28
1110.58
1147.13
1179.02
1218.39
1286.49
1419.37
1634.81
1832.85
1892.97
1894.51
1866.47
1810.37
1643.31
1574.03
1462.29
1386.51
1348.79
1305
1276.27
1277.91
1161.97
1077.32
996.595
963.469
971.704
975.582
995.904
1007.92
1031.72
1067.27
1105.93
1209.48
1334.23
1437.42
1528.96
1557.19
1358.27
1268.29
274
274
274
274
274
274
274
274
274
274
274
274
274
274
274
274
274
274
274
274
274
274
274
274
274
274
274
274
274
274
274
274
274
274
274
274
274
274
274
274
274
274
274
274
274
274
274
274
274
274
274
274
274
274
274
274
274
274
274
274
274
274
274
274
274
274
274
274
274
274
274
274
274
274
274
274
274
274
274
274.002
274.093
278.324
428.288
908.73
1051.9
1071.16
1102.36
1149.59
1203.59
1256.66
1312.03
1403.13
1556.2
1762.79
1865.6
1881.39
1868.07
1829.86
1727.54
1591.73
1473.61
1437.86
1450.27
1437.53
1426.44
1422.08
1386.85
1294.29
1211.6
1173.98
1067.4
1052.63
1048.46
1038.17
1037.66
1055.69
1069.57
1103.48
1148.01
1185.23
1239.06
1312.66
1466.63
1635.84
1694.7
274
274
274
274
274
274
274
274
274
274
274
274
274
274
274
274
274
274
274
274
274
274
274
274
274
274
274
274
274
274
274
274
274
274
274
274
274
274
274
274
274
274
274
274
274
274
274
274
274
274
274
274
274
274
274
274
274
274
274
274
274
274
274
274
274
274
274
274
274
274
274
274
274
274
274
274
274
274
274
274.01
274.521
294.841
618.034
1009.82
1072.12
1105.95
1143.94
1182.46
1236.02
1293.19
1366.07
1477.99
1628.43
1803.79
1877.95
1888.58
1879.33
1836.89
1715.24
1644.51
1527.62
1503.45
1494.57
1476.65
1468.78
1449.26
1431.24
1380.5
1293.93
1272.93
1199.8
1152.91
1165.74
1173.83
1153.55
1146.56
1156.3
1192.13
1257.57
1329.15
1429.24
1548.97
1648.86
1710.19
1957.09
274
274
274
274
274
274
274
274
274
274
274
274
274
274
274
274
274
274
274
274
274
274
274
274
274
274
274
274
274
274
274
274
274
274
274
274
274
274
274
274
274
274
274
274
274
274
274
274
274
274
274
274
274
274
274
274
274
274
274
274
274
274
274
274
274
274
274
274
274
274
274
274
274
274
274
274
274
274
274.001
274.021
275.042
318.522
722.591
1039.25
1086.98
1113.46
1147.9
1188.37
1247.37
1310.55
1383.54
1495.7
1644.27
1811.83
1880.07
1888.84
1877.15
1815.53
1713.97
1643.24
1545.04
1520.03
1515.44
1512.61
1510.67
1501.12
1487.04
1437.57
1328.57
1282.2
1250.23
1212.98
1189.84
1218.45
1208.3
1192.47
1192.94
1215.83
1267.62
1339.95
1441.66
1585.8
1744.68
1879.54
2002.87
274
274
274
274
274
274
274
274
274
274
274
274
274
274
274
274
274
274
274
274
274
274
274
274
274
274
274
274
274
274
274
274
274
274
274
274
274
274
274
274
274
274
274
274
274
274
274
274
274
274
274
274
274
274
274
274
274
274
274
274
274
274
274
274
274
274
274
274
274
274
274
274
274
274
274
274
274
274
274.001
274.06
276.787
383.168
860.413
1067.48
1090.34
1110.99
1151.29
1205.51
1271.61
1334.26
1407.34
1522
1679.5
1829.31
1881.9
1888.81
1877.84
1793.95
1698.09
1617.03
1571.05
1556.63
1545.26
1528.25
1516
1509.87
1507.76
1502.03
1443.18
1336.24
1298.54
1282.65
1256.24
1271.84
1277.55
1262.71
1270.1
1290.65
1305.83
1341.31
1394.13
1488.43
1640.33
1808.86
2025.57
274
274
274
274
274
274
274
274
274
274
274
274
274
274
274
274
274
274
274
274
274
274
274
274
274
274
274
274
274
274
274
274
274
274
274
274
274
274
274
274
274
274
274
274
274
274
274
274
274
274
274
274
274
274
274
274
274
274
274
274
274
274
274
274
274
274
274
274
274
274
274
274
274
274
274
274
274
274
274.004
274.189
281.839
487.972
959.864
1078.29
1104.59
1142.31
1191.54
1241.55
1295.52
1351.08
1426.13
1551.09
1718.67
1842.95
1879.75
1883.8
1866.24
1756.07
1713.84
1641.35
1602.05
1592.41
1583.9
1569.53
1562.65
1558.85
1550.36
1522.31
1511.79
1439.99
1356.71
1333.74
1323.57
1304.72
1325.07
1324.62
1337.55
1391.39
1425.76
1467.48
1526.77
1591.4
1696.07
1802.83
1918.73
274
274
274
274
274
274
274
274
274
274
274
274
274
274
274
274
274
274
274
274
274
274
274
274
274
274
274
274
274
274
274
274
274
274
274
274
274
274
274
274
274
274
274
274
274
274
274
274
274
274
274
274
274
274
274
274
274
274
274
274
274
274
274
274
274
274
274
274
274
274
274
274
274
274
274
274
274
274
274.01
274.532
295.121
616.835
1032.41
1093.92
1117.11
1156.14
1203.41
1251.4
1307.66
1366.34
1446.74
1577.57
1743.02
1848.85
1876.78
1876.27
1843.14
1756.56
1714.55
1664.27
1661.33
1671.39
1671.43
1657.89
1626.37
1627.49
1640.85
1603.36
1562.12
1553.61
1455.53
1389.63
1379.71
1361.05
1337.01
1361.55
1365.63
1419.78
1466.24
1503.73
1573.67
1642.46
1757.35
1800.61
1865.96
274
274
274
274
274
274
274
274
274
274
274
274
274
274
274
274
274
274
274
274
274
274
274
274
274
274
274
274
274
274
274
274
274
274
274
274
274
274
274
274
274
274
274
274
274
274
274
274
274
274
274
274
274
274
274
274
274
274
274
274
274
274
274
274
274
274
274
274
274
274
274
274
274
274
274
274
274
274.001
274.025
275.248
326.616
744.627
1061.21
1103.22
1132.94
1183.03
1242.92
1292.89
1348.39
1402.4
1472.36
1595.98
1754
1848.43
1869.1
1867.19
1820.98
1752.9
1710.88
1671.36
1670.43
1677.42
1677.03
1675.51
1665.69
1664.59
1691.78
1692.24
1670.61
1648.78
1603.8
1510.17
1473.62
1452.31
1409.96
1428.17
1425.74
1456.4
1526.82
1569.77
1627.74
1664.6
1754.6
1793.85
1834.25
274
274
274
274
274
274
274
274
274
274
274
274
274
274
274
274
274
274
274
274
274
274
274
274
274
274
274
274
274
274
274
274
274
274
274
274
274
274
274
274
274
274
274
274
274
274
274
274
274
274
274
274
274
274
274
274
274
274
274
274
274
274
274
274
274
274
274
274
274
274
274
274
274
274
274
274
274
274.001
274.063
276.843
382.366
857.582
1082.94
1116.55
1153.28
1211.18
1275.58
1325.42
1373.95
1424.36
1494.78
1618.68
1764.53
1843.85
1861.46
1860.82
1790.91
1752.97
1699.43
1685.36
1693.82
1717.17
1730.15
1732.4
1733.45
1736.49
1725.57
1756.16
1761.67
1743.81
1709.63
1653.77
1556
1552
1535.05
1494.86
1530.75
1539.82
1615.77
1640.09
1674.37
1732.33
1762.89
1816.96
1835.97
274
274
274
274
274
274
274
274
274
274
274
274
274
274
274
274
274
274
274
274
274
274
274
274
274
274
274
274
274
274
274
274
274
274
274
274
274
274
274
274
274
274
274
274
274
274
274
274
274
274
274
274
274
274
274
274
274
274
274
274
274
274
274
274
274
274
274
274
274
274
274
274
274
274
274
274
274
274.003
274.135
279.68
448.58
932.841
1094.02
1127.28
1171.59
1235.55
1300.78
1352.67
1399.07
1448.73
1516.72
1635.67
1771.3
1839.94
1856.28
1844.6
1792.39
1745.75
1695.29
1691.41
1705.05
1732.3
1757.12
1777.08
1794.71
1802.4
1804.87
1798.21
1836.66
1851.14
1842.57
1799.53
1733.06
1635.52
1620.63
1621.33
1577.75
1631
1623.78
1700.26
1719.06
1756.65
1805.29
1838.69
1853.14
274
274
274
274
274
274
274
274
274
274
274
274
274
274
274
274
274
274
274
274
274
274
274
274
274
274
274
274
274
274
274
274
274
274
274
274
274
274
274
274
274
274
274
274
274
274
274
274
274
274
274
274
274
274
274
274
274
274
274
274
274
274
274
274
274
274
274
274
274
274
274
274
274
274
274
274
274
274.005
274.261
284.411
518.845
988.559
1104.18
1135.58
1180.71
1243.86
1307.69
1361.39
1412.58
1468.22
1538.98
1651.64
1775.19
1836.77
1850.75
1829.89
1799.59
1753.38
1720.69
1726.91
1756.66
1787.19
1803.16
1824.95
1842.65
1852.04
1867.03
1883.95
1896.23
1924.38
1946.68
1951.85
1917.1
1885.2
1778.42
1711.63
1741.31
1696.13
1762.47
1755.47
1806.74
1826.52
1866.88
1894.52
1935.84
274
274
274
274
274
274
274
274
274
274
274
274
274
274
274
274
274
274
274
274
274
274
274
274
274
274
274
274
274
274
274
274
274
274
274
274
274
274
274
274
274
274
274
274
274
274
274
274
274
274
274
274
274
274
274
274
274
274
274
274
274
274
274
274
274
274
274
274
274
274
274
274
274
274
274
274
274
274.008
274.435
290.881
579.111
1023.04
1109.66
1141.23
1189.57
1254.98
1318.83
1370.9
1421.26
1477.49
1550.59
1666.18
1783
1836.13
1848.65
1816.54
1791.16
1738.2
1721.61
1727.93
1751.08
1776.84
1797.4
1839.7
1863.97
1889.09
1913.74
1950.83
1969.82
1997.19
2036.77
2062.12
2072.23
2056.34
2049.9
1927.13
1828.82
1870.7
1835.37
1885.08
1878.72
1917.7
1933.29
1976.26
2007.15
274
274
274
274
274
274
274
274
274
274
274
274
274
274
274
274
274
274
274
274
274
274
274
274
274
274
274
274
274
274
274
274
274
274
274
274
274
274
274
274
274
274
274
274
274
274
274
274
274
274
274
274
274
274
274
274
274
274
274
274
274
274
274
274
274
274
274
274
274
274
274
274
274
274
274
274
274
274.013
274.667
299.866
637.918
1047.14
1114.52
1145.11
1194.36
1260.21
1323.38
1376.08
1427.9
1482.85
1557.07
1673.76
1788.8
1836.9
1846.07
1805.39
1780.27
1731.44
1724.48
1735.54
1761.91
1789.02
1817.17
1860.04
1878.58
1905.4
1934.46
1981.05
2008.17
2031.18
2069.15
2109.42
2150.21
2170.38
2177.73
2184.35
2067.12
1953.14
1978.07
1929.4
1971.63
1954.12
1989.5
2003.05
2024.41
274
274
274
274
274
274
274
274
274
274
274
274
274
274
274
274
274
274
274
274
274
274
274
274
274
274
274
274
274
274
274
274
274
274
274
274
274
274
274
274
274
274
274
274
274
274
274
274
274
274
274
274
274
274
274
274
274
274
274
274
274
274
274
274
274
274
274
274
274
274
274
274
274
274
274
274
274.001
274.019
274.926
310.75
686.829
1058.51
1116.05
1147.59
1198.87
1266.4
1330.32
1383.53
1433.63
1485.64
1560.61
1679.97
1795.27
1834.79
1833.58
1810.54
1765.3
1725.77
1723.69
1735.68
1762.6
1791.31
1827.51
1876.43
1902.66
1929.1
1957.8
1995.4
2027.22
2057.91
2095.13
2129.41
2172.65
2217.19
2248.66
2264.97
2273.55
2173.51
2043.79
2060.22
1985.1
2001.1
1996.53
2015.62
1991.01
274
274
274
274
274
274
274
274
274
274
274
274
274
274
274
274
274
274
274
274
274
274
274
274
274
274
274
274
274
274
274
274
274
274
274
274
274
274
274
274
274
274
274
274
274
274
274
274
274
274
274
274
274
274
274
274
274
274
274
274
274
274
274
274
274
274
274
274
274
274
274
274
274
274
274
274
274.001
274.026
275.227
323.447
727.318
1069
1123.19
1157.48
1211.92
1281.91
1345.15
1395.66
1439.17
1485.21
1560.63
1683.93
1798.99
1833.72
1827.83
1807.84
1749.65
1721.15
1720.09
1731.28
1757.45
1788.03
1831.92
1881.66
1921.6
1953.13
1981.66
2008.33
2030.91
2061.69
2108.31
2152.82
2189
2225.98
2275.01
2304.77
2316.94
2324.32
2282.92
2134.23
2102.95
2035.56
2018.48
1977.62
1850.06
274
274
274
274
274
274
274
274
274
274
274
274
274
274
274
274
274
274
274
274
274
274
274
274
274
274
274
274
274
274
274
274
274
274
274
274
274
274
274
274
274
274
274
274
274
274
274
274
274
274
274
274
274
274
274
274
274
274
274
274
274
274
274
274
274
274
274
274
274
274
274
274
274
274
274
274
274.001
274.032
275.479
332.996
750.191
1076.8
1131.17
1167.94
1226.73
1300.83
1362.94
1409.05
1437.3
1479.08
1559.03
1693.89
1802.24
1832.9
1823.13
1802.37
1737.72
1715.54
1714.1
1722.61
1746.04
1777.18
1825.36
1879.7
1926.94
1966.41
1993.73
2010.5
2021.61
2039.92
2073.64
2118.98
2169.7
2213.87
2255.36
2298.09
2347.5
2370.26
2371.1
2351.28
2208.26
2145.1
1942
1805.96
1731.1
274
274
274
274
274
274
274
274
274
274
274
274
274
274
274
274
274
274
274
274
274
274
274
274
274
274
274
274
274
274
274
274
274
274
274
274
274
274
274
274
274
274
274
274
274
274
274
274
274
274
274
274
274
274
274
274
274
274
274
274
274
274
274
274
274
274
274
274
274
274
274
274
274
274
274
274
274.001
274.035
275.604
337.48
760.139
1081.65
1134.6
1171.06
1231.36
1307.01
1368.59
1409.25
1436.39
1477.96
1559.57
1695.92
1802.29
1832.79
1820.91
1799.43
1732.96
1712.98
1711.45
1719.49
1742.74
1775.1
1826.11
1884.14
1938.87
1993.38
2040.07
2072.9
2089.42
2099.11
2119.52
2155.84
2195.23
2228.44
2254.53
2275.8
2322.31
2391.93
2422.08
2435.95
2445.15
2179.17
1907.06
1796.89
1721.57
274
274
274
274
274
274
274
274
274
274
274
274
274
274
274
274
274
274
274
274
274
274
274
274
274
274
274
274
274
274
274
274
274
274
274
274
274
274
274
274
274
274
274
274
274
274
274
274
274
274
274
274
274
274
274
274
274
274
274
274
274
274
274
274
274
274
274
274
274
274
274
274
274
274
274
274
274.001
274.032
275.489
333.382
751.16
1077.35
1131.43
1168.04
1226.91
1301.15
1363.29
1408.88
1436.75
1478.91
1559.2
1694.52
1801.83
1832.13
1822.15
1801.75
1737.49
1715.5
1714.02
1722.98
1747.23
1778.7
1826.71
1884.16
1939.24
1985.42
2021.63
2040.1
2048.36
2057.72
2082.18
2119.41
2165.35
2207.6
2260.3
2312.04
2355.54
2373.23
2375.1
2334.8
2203.38
2152.63
1936.73
1828.29
1726.69
274
274
274
274
274
274
274
274
274
274
274
274
274
274
274
274
274
274
274
274
274
274
274
274
274
274
274
274
274
274
274
274
274
274
274
274
274
274
274
274
274
274
274
274
274
274
274
274
274
274
274
274
274
274
274
274
274
274
274
274
274
274
274
274
274
274
274
274
274
274
274
274
274
274
274
274
274.001
274.026
275.243
324.115
729.245
1069.79
1123.84
1158.2
1212.83
1282.92
1345.97
1396.19
1439.27
1485.32
1561.21
1685.54
1798.77
1832.15
1825.62
1806.1
1748.37
1719.89
1718.33
1728.52
1753.46
1782.93
1823.48
1875.16
1916.19
1952.57
1987.92
2014.55
2035.3
2064.35
2104.9
2156.26
2199.98
2244.27
2300.53
2325.42
2337.69
2341.35
2270.52
2123.92
2102.29
2037.89
2022.72
1984.18
1859.41
274
274
274
274
274
274
274
274
274
274
274
274
274
274
274
274
274
274
274
274
274
274
274
274
274
274
274
274
274
274
274
274
274
274
274
274
274
274
274
274
274
274
274
274
274
274
274
274
274
274
274
274
274
274
274
274
274
274
274
274
274
274
274
274
274
274
274
274
274
274
274
274
274
274
274
274
274.001
274.019
274.942
311.489
689.782
1059.63
1116.46
1147.9
1199.36
1267.05
1330.79
1383.98
1434.15
1486.42
1562.14
1681.41
1794.6
1832.29
1830.45
1808.05
1762.92
1724.15
1721.59
1733.5
1760.38
1789.34
1821.31
1868.73
1898.79
1924.58
1956.36
1990.36
2019.27
2058.6
2102.44
2143.18
2187.47
2235.64
2265.28
2277.37
2283.68
2163.3
2046.62
2053.34
1986.73
2007.14
2001.76
2020.59
2002.93
274
274
274
274
274
274
274
274
274
274
274
274
274
274
274
274
274
274
274
274
274
274
274
274
274
274
274
274
274
274
274
274
274
274
274
274
274
274
274
274
274
274
274
274
274
274
274
274
274
274
274
274
274
274
274
274
274
274
274
274
274
274
274
274
274
274
274
274
274
274
274
274
274
274
274
274
274
274.013
274.681
300.491
641.597
1048.85
1115.07
1145.38
1194.72
1260.72
1323.79
1376.61
1428.63
1484.17
1558.55
1675.44
1788.97
1834.83
1842.66
1803.19
1776.2
1728.78
1721.66
1732.88
1759.77
1788.17
1814.53
1857.47
1876.93
1897.55
1927.42
1977
2000.87
2033.05
2085.94
2128.16
2167.01
2180.65
2181.98
2183.98
2068.13
1957.95
1971.52
1923.83
1966.11
1952.57
1993.91
2012.21
2033.28
274
274
274
274
274
274
274
274
274
274
274
274
274
274
274
274
274
274
274
274
274
274
274
274
274
274
274
274
274
274
274
274
274
274
274
274
274
274
274
274
274
274
274
274
274
274
274
274
274
274
274
274
274
274
274
274
274
274
274
274
274
274
274
274
274
274
274
274
274
274
274
274
274
274
274
274
274
274.009
274.446
291.338
582.919
1025.67
1110.41
1141.53
1189.86
1255.3
1318.77
1370.67
1421.89
1479.28
1552.89
1668.44
1783.76
1834.96
1846.95
1812.73
1786.44
1735.29
1718.69
1725.26
1749.76
1777.38
1797.6
1835.51
1856.97
1877.46
1904.75
1949
1969.31
2006.88
2055.86
2079.31
2087.57
2058.66
2043.9
1941.8
1832.23
1876.21
1834.97
1876.48
1872.97
1917.21
1937.42
1986.83
2021.1
274
274
274
274
274
274
274
274
274
274
274
274
274
274
274
274
274
274
274
274
274
274
274
274
274
274
274
274
274
274
274
274
274
274
274
274
274
274
274
274
274
274
274
274
274
274
274
274
274
274
274
274
274
274
274
274
274
274
274
274
274
274
274
274
274
274
274
274
274
274
274
274
274
274
274
274
274
274.005
274.269
284.75
523.158
992.225
1105.2
1135.96
1180.95
1243.95
1306.96
1360.02
1413.48
1470.85
1541.44
1654.54
1777.16
1836.39
1849.56
1826.29
1794.64
1748.95
1716.84
1722.61
1752.81
1784.7
1802.39
1825.1
1843.51
1855.05
1871.42
1903.28
1917.21
1949.78
1964.58
1959.39
1908.82
1871.9
1790.12
1711.02
1749.89
1697.91
1755.61
1754.49
1802.32
1833.66
1873.27
1910.76
1950.51
274
274
274
274
274
274
274
274
274
274
274
274
274
274
274
274
274
274
274
274
274
274
274
274
274
274
274
274
274
274
274
274
274
274
274
274
274
274
274
274
274
274
274
274
274
274
274
274
274
274
274
274
274
274
274
274
274
274
274
274
274
274
274
274
274
274
274
274
274
274
274
274
274
274
274
274
274
274.003
274.141
279.897
453.024
937.778
1095.4
1127.94
1172.18
1235.99
1299.47
1351.32
1403.33
1453.38
1520.94
1639.92
1774.79
1840.86
1855.88
1841.1
1787.5
1741
1692.94
1689.33
1705.96
1736.62
1764.47
1783.16
1794.31
1800.32
1807.94
1812.87
1852.64
1862.87
1847.32
1791.28
1727.18
1644.21
1611.81
1626.44
1575.5
1635.44
1630.3
1686.56
1724.51
1751.11
1808.51
1844.63
1860.48
274
274
274
274
274
274
274
274
274
274
274
274
274
274
274
274
274
274
274
274
274
274
274
274
274
274
274
274
274
274
274
274
274
274
274
274
274
274
274
274
274
274
274
274
274
274
274
274
274
274
274
274
274
274
274
274
274
274
274
274
274
274
274
274
274
274
274
274
274
274
274
274
274
274
274
274
274
274.001
274.066
276.971
386.421
864.874
1084.7
1117.13
1153.68
1211.68
1272.37
1329.24
1381.32
1428.7
1499.62
1624.7
1771.54
1846.73
1862.37
1859.81
1784.44
1746.46
1697.68
1683.32
1694.02
1719.86
1732.38
1733.98
1734.08
1739.6
1735.8
1770.66
1775.44
1739.78
1700.47
1644.98
1546.03
1535.72
1530.09
1487.79
1525.31
1535.49
1596.51
1635.81
1665.8
1729.74
1761.41
1819.46
1838.51
274
274
274
274
274
274
274
274
274
274
274
274
274
274
274
274
274
274
274
274
274
274
274
274
274
274
274
274
274
274
274
274
274
274
274
274
274
274
274
274
274
274
274
274
274
274
274
274
274
274
274
274
274
274
274
274
274
274
274
274
274
274
274
274
274
274
274
274
274
274
274
274
274
274
274
274
274
274.001
274.027
275.317
329.963
755.32
1063.71
1103.1
1132.35
1182.37
1237.89
1297.51
1352.99
1406.6
1477.44
1605.06
1762.64
1851.81
1870.13
1866.62
1814.17
1747.01
1708.7
1668.55
1667.83
1675.8
1674.19
1673.03
1663.56
1663.96
1693.34
1689.72
1659.62
1632.6
1585.86
1498.97
1457.55
1449.44
1414.26
1422.64
1431.82
1455.2
1529.17
1573.84
1628.48
1670.83
1754.43
1798.21
1842.57
274
274
274
274
274
274
274
274
274
274
274
274
274
274
274
274
274
274
274
274
274
274
274
274
274
274
274
274
274
274
274
274
274
274
274
274
274
274
274
274
274
274
274
274
274
274
274
274
274
274
274
274
274
274
274
274
274
274
274
274
274
274
274
274
274
274
274
274
274
274
274
274
274
274
274
274
274
274
274.011
274.566
296.766
630.695
1037.35
1092.69
1114.21
1153.12
1200.83
1256.74
1311.64
1370.73
1452.81
1585.37
1751.95
1853.56
1878.69
1875.96
1836.07
1751.01
1710.87
1661.79
1659.56
1669.85
1667.5
1649.78
1613.65
1617.06
1628.91
1585.65
1538.21
1529.84
1440.98
1386.49
1375.98
1360.02
1332.33
1363.95
1361.66
1407.78
1465.38
1493.91
1570.62
1633.45
1741.61
1795.08
1863.18
274
274
274
274
274
274
274
274
274
274
274
274
274
274
274
274
274
274
274
274
274
274
274
274
274
274
274
274
274
274
274
274
274
274
274
274
274
274
274
274
274
274
274
274
274
274
274
274
274
274
274
274
274
274
274
274
274
274
274
274
274
274
274
274
274
274
274
274
274
274
274
274
274
274
274
274
274
274
274.004
274.204
282.496
499.81
970.424
1076.5
1100.09
1138.01
1189.5
1246.78
1300.99
1357.5
1434
1559.29
1729.51
1848.79
1882.46
1885.05
1861.52
1748.47
1707.74
1635.07
1594.68
1584.66
1574.16
1553.48
1543.25
1536.94
1525.18
1498.09
1487.67
1437.9
1355.68
1334.8
1326.1
1293.22
1317.19
1325.84
1326.09
1383.2
1417.84
1461.89
1521.14
1589.44
1689.38
1803.63
1924.12
274
274
274
274
274
274
274
274
274
274
274
274
274
274
274
274
274
274
274
274
274
274
274
274
274
274
274
274
274
274
274
274
274
274
274
274
274
274
274
274
274
274
274
274
274
274
274
274
274
274
274
274
274
274
274
274
274
274
274
274
274
274
274
274
274
274
274
274
274
274
274
274
274
274
274
274
274
274
274.001
274.065
277.02
391.63
874.96
1067.29
1086.83
1108.13
1149.57
1211.09
1276.37
1339.79
1415.08
1531.45
1691.8
1837.11
1885.33
1890.65
1875.27
1779.63
1687.14
1606.35
1561.39
1546.49
1532.58
1507.36
1491.18
1479.3
1470.63
1461.38
1427.88
1345.83
1292.82
1287.5
1255.63
1248.8
1270.71
1256.81
1263.93
1286.8
1298.9
1346.55
1391.09
1499.87
1655.7
1820.99
2048.69
274
274
274
274
274
274
274
274
274
274
274
274
274
274
274
274
274
274
274
274
274
274
274
274
274
274
274
274
274
274
274
274
274
274
274
274
274
274
274
274
274
274
274
274
274
274
274
274
274
274
274
274
274
274
274
274
274
274
274
274
274
274
274
274
274
274
274
274
274
274
274
274
274
274
274
274
274
274
274.001
274.022
275.124
323.038
738.861
1041.87
1085.03
1111.51
1147.11
1194.66
1252.57
1315.47
1390.62
1504.3
1655.97
1820.95
1884.43
1891.31
1875.33
1803.75
1703.45
1625.67
1527.15
1500.9
1495.79
1486.66
1479.59
1471.42
1458.25
1414.03
1328.83
1277.32
1251.61
1219.64
1176.78
1205.83
1208.12
1197.32
1198.93
1220.73
1276.61
1347.4
1439.24
1595.29
1740.84
1904.83
2027.96
274
274
274
274
274
274
274
274
274
274
274
274
274
274
274
274
274
274
274
274
274
274
274
274
274
274
274
274
274
274
274
274
274
274
274
274
274
274
274
274
274
274
274
274
274
274
274
274
274
274
274
274
274
274
274
274
274
274
274
274
274
274
274
274
274
274
274
274
274
274
274
274
274
274
274
274
274
274
274
274.011
274.558
296.676
632.877
1014.16
1071.85
1105.1
1143.64
1188.21
1241.37
1298.14
1372.95
1486.3
1640.05
1813.4
1883.09
1891.54
1878.22
1825.11
1702.57
1627.33
1509.36
1481.83
1470.2
1450.16
1441
1423.94
1407.74
1362.68
1287.41
1269.68
1211.05
1154.38
1150.78
1168.06
1153.63
1148.11
1163.21
1197.12
1266.12
1336.58
1427.79
1557.22
1654.44
1733.3
1982.17
274
274
274
274
274
274
274
274
274
274
274
274
274
274
274
274
274
274
274
274
274
274
274
274
274
274
274
274
274
274
274
274
274
274
274
274
274
274
274
274
274
274
274
274
274
274
274
274
274
274
274
274
274
274
274
274
274
274
274
274
274
274
274
274
274
274
274
274
274
274
274
274
274
274
274
274
274
274
274
274.002
274.1
278.632
435.97
916.558
1052.78
1071.82
1103.57
1151.62
1209.26
1261.74
1318.32
1410.53
1567.06
1774.17
1872.25
1884.7
1866.39
1819.26
1694.01
1563.16
1444.89
1408.49
1423.06
1403.57
1385.05
1379.93
1343.84
1301.28
1214.19
1176.49
1070.95
1051.12
1047.01
1039.48
1039.56
1058.94
1075.22
1109.5
1160.64
1193.9
1245.57
1318.21
1459.93
1645.62
1697.78
274
274
274
274
274
274
274
274
274
274
274
274
274
274
274
274
274
274
274
274
274
274
274
274
274
274
274
274
274
274
274
274
274
274
274
274
274
274
274
274
274
274
274
274
274
274
274
274
274
274
274
274
274
274
274
274
274
274
274
274
274
274
274
274
274
274
274
274
274
274
274
274
274
274
274
274
274
274
274
274
274.005
274.352
289.746
581.934
999.088
1055.73
1075.74
1113.16
1152.32
1184.15
1222.68
1291.81
1426.89
1644.34
1845.43
1899.24
1897.21
1858.92
1788.01
1603.15
1530
1410
1342.82
1311.53
1274.24
1257.48
1269.07
1155.79
1074.49
994.39
964.322
972.402
978.274
1000.24
1018.32
1050.87
1085.84
1119.7
1222.39
1335.7
1441.44
1536.45
1568.09
1358.88
1270.41
274
274
274
274
274
274
274
274
274
274
274
274
274
274
274
274
274
274
274
274
274
274
274
274
274
274
274
274
274
274
274
274
274
274
274
274
274
274
274
274
274
274
274
274
274
274
274
274
274
274
274
274
274
274
274
274
274
274
274
274
274
274
274
274
274
274
274
274
274
274
274
274
274
274
274
274
274
274
274
274
274
274.021
275.227
330.563
764.997
1041.27
1057.04
1070.08
1100.86
1135.67
1187.82
1254.21
1361.54
1549.41
1791.91
1896.88
1909.88
1889.1
1841.22
1754.29
1568.19
1433.53
1337.33
1314.59
1305.7
1306.09
1190.75
1095.69
1057.77
1023.95
1030.52
1024.89
1040.36
1050.49
1085.54
1117.9
1158.17
1224.56
1307.44
1382.18
1466.87
1500.43
1425.98
1264.97
1187.58
274
274
274
274
274
274
274
274
274
274
274
274
274
274
274
274
274
274
274
274
274
274
274
274
274
274
274
274
274
274
274
274
274
274
274
274
274
274
274
274
274
274
274
274
274
274
274
274
274
274
274
274
274
274
274
274
274
274
274
274
274
274
274
274
274
274
274
274
274
274
274
274
274
274
274
274
274
274
274
274
274
274.001
274.072
277.763
418.483
910.165
1054.51
1054.56
1064.96
1094.28
1138.96
1202.65
1301.8
1445.86
1661.19
1860.25
1909.28
1906.59
1869.56
1800.92
1653.63
1559.17
1474.48
1417.02
1432.57
1428.44
1299.5
1233.59
1087.7
1050.04
1028.39
1011.15
1070.39
1077.65
1099.69
1134.77
1175.61
1255.1
1338.95
1395.22
1428.15
1389.8
1298.49
1367.34
1270.7
274
274
274
274
274
274
274
274
274
274
274
274
274
274
274
274
274
274
274
274
274
274
274
274
274
274
274
274
274
274
274
274
274
274
274
274
274
274
274
274
274
274
274
274
274
274
274
274
274
274
274
274
274
274
274
274
274
274
274
274
274
274
274
274
274
274
274
274
274
274
274
274
274
274
274
274
274
274
274
274
274
274
274.003
274.188
283.121
518.493
982.264
1052.28
1049.42
1060
1085.52
1125.74
1192.65
1298.8
1463.31
1701.32
1877.06
1908.68
1897.22
1856.73
1777.95
1687.66
1710.41
1701.02
1663.11
1723.61
1749.88
1547.23
1277.68
1302.69
1238.69
1211.42
1179.63
1132.9
1150.69
1229.3
1295.55
1366.85
1431.99
1444.78
1428.16
1360.26
1376.76
1420.74
1187.94
274
274
274
274
274
274
274
274
274
274
274
274
274
274
274
274
274
274
274
274
274
274
274
274
274
274
274
274
274
274
274
274
274
274
274
274
274
274
274
274
274
274
274
274
274
274
274
274
274
274
274
274
274
274
274
274
274
274
274
274
274
274
274
274
274
274
274
274
274
274
274
274
274
274
274
274
274
274
274
274
274
274
274
274.005
274.364
290.927
594.993
1006.75
1042.67
1039.68
1050.23
1069.22
1102.64
1161.11
1262.81
1433.95
1689.72
1867.32
1895.92
1883.99
1854.33
1844.35
1871.68
1874.14
1903.17
2103.39
2194.61
2213.39
2074.09
2128.9
1887.29
1728.76
1703.77
1684.54
1742.56
1760.69
1746.02
1692.83
1575.92
1511.47
1468.24
1519.43
1441.67
1255.53
990.391
274
274
274
274
274
274
274
274
274
274
274
274
274
274
274
274
274
274
274
274
274
274
274
274
274
274
274
274
274
274
274
274
274
274
274
274
274
274
274
274
274
274
274
274
274
274
274
274
274
274
274
274
274
274
274
274
274
274
274
274
274
274
274
274
274
274
274
274
274
274
274
274
274
274
274
274
274
274
274
274
274
274
274
274
274.008
274.541
298.055
634.891
1003.08
1027.78
1025.49
1034.02
1046.91
1070.83
1118.97
1213.36
1380.3
1633.56
1834.38
1875.3
1871.01
1857.83
1852.66
1849.38
1863.11
1970.7
2130.84
2205.81
2221.62
2212.07
2149.76
2137.16
2049.43
1993.52
1949.99
1860.23
1797.11
1709.94
1649.15
1606.59
1585.32
1488.76
1373.6
1054.97
737.854
274
274
274
274
274
274
274
274
274
274
274
274
274
274
274
274
274
274
274
274
274
274
274
274
274
274
274
274
274
274
274
274
274
274
274
274
274
274
274
274
274
274
274
274
274
274
274
274
274
274
274
274
274
274
274
274
274
274
274
274
274
274
274
274
274
274
274
274
274
274
274
274
274
274
274
274
274
274
274
274
274
274
274
274
274
274.011
274.629
299.737
628.414
983.828
1011.58
1009.09
1013.27
1019.41
1035.02
1072.79
1155.82
1307.56
1546.57
1780.64
1852.1
1844.36
1822.78
1788.61
1753.52
1757.9
1829.37
1972.73
2037.16
2032.81
2034.35
2045.28
2064.68
2074.71
2058.94
2031.82
2007.94
1904.45
1816.93
1661.38
1531.12
1251.21
1031.62
749.947
585.116
274
274
274
274
274
274
274
274
274
274
274
274
274
274
274
274
274
274
274
274
274
274
274
274
274
274
274
274
274
274
274
274
274
274
274
274
274
274
274
274
274
274
274
274
274
274
274
274
274
274
274
274
274
274
274
274
274
274
274
274
274
274
274
274
274
274
274
274
274
274
274
274
274
274
274
274
274
274
274
274
274
274
274
274
274
274
274.013
274.585
295.233
580.665
950.893
997.496
992.795
990.99
991.04
998.848
1026.14
1093.34
1220.49
1429.11
1682.19
1785.46
1785.89
1756.16
1696.79
1660.46
1670.93
1705.69
1732.24
1714.81
1698.39
1694.03
1721.91
1757
1748.04
1709.02
1695.57
1621.11
1499.01
1311.67
1111.95
895.685
764.636
613.848
512.644
274
274
274
274
274
274
274
274
274
274
274
274
274
274
274
274
274
274
274
274
274
274
274
274
274
274
274
274
274
274
274
274
274
274
274
274
274
274
274
274
274
274
274
274
274
274
274
274
274
274
274
274
274
274
274
274
274
274
274
274
274
274
274
274
274
274
274
274
274
274
274
274
274
274
274
274
274
274
274
274
274
274
274
274
274
274
274
274.013
274.444
287.937
506.764
892.555
982.702
978.927
970.715
965.148
965.492
982.87
1029.41
1127.65
1281.05
1486.37
1646.85
1685.73
1668.98
1628.37
1603.08
1594.78
1591.74
1557.31
1501.9
1466.32
1423.03
1375.75
1328.24
1266.92
1211.78
1119.77
1009.07
897.623
787.484
673.835
604.191
518.291
453.127
274
274
274
274
274
274
274
274
274
274
274
274
274
274
274
274
274
274
274
274
274
274
274
274
274
274
274
274
274
274
274
274
274
274
274
274
274
274
274
274
274
274
274
274
274
274
274
274
274
274
274
274
274
274
274
274
274
274
274
274
274
274
274
274
274
274
274
274
274
274
274
274
274
274
274
274
274
274
274
274
274
274
274
274
274
274
274
274
274.01
274.283
281.405
417.902
792.212
961.059
965.678
953.973
942.879
936.739
941.976
969.9
1029.8
1129.55
1262.17
1407.85
1517.37
1530.73
1508.85
1484.36
1459.03
1424.11
1366.76
1295.32
1209.38
1126.02
1055.33
986.485
923.392
850.095
770.759
693.503
627.376
558.954
516.296
464.025
420.782
274
274
274
274
274
274
274
274
274
274
274
274
274
274
274
274
274
274
274
274
274
274
274
274
274
274
274
274
274
274
274
274
274
274
274
274
274
274
274
274
274
274
274
274
274
274
274
274
274
274
274
274
274
274
274
274
274
274
274
274
274
274
274
274
274
274
274
274
274
274
274
274
274
274
274
274
274
274
274
274
274
274
274
274
274
274
274
274
274
274.007
274.157
277.239
337.618
639.054
909.607
950.064
939.682
924.32
911.146
906.077
915.901
944.591
998.748
1073.02
1158.57
1221.83
1233.32
1224.85
1203.13
1177.96
1139.53
1084.76
1010.51
924.784
855.469
802.484
749.688
693.693
638.301
584.757
542.101
496.755
465.511
431.969
403.121
274
274
274
274
274
274
274
274
274
274
274
274
274
274
274
274
274
274
274
274
274
274
274
274
274
274
274
274
274
274
274
274
274
274
274
274
274
274
274
274
274
274
274
274
274
274
274
274
274
274
274
274
274
274
274
274
274
274
274
274
274
274
274
274
274
274
274
274
274
274
274
274
274
274
274
274
274
274
274
274
274
274
274
274
274
274
274
274
274
274
274.004
274.078
275.23
293.644
469.068
781.595
920.672
924.631
908.584
891.349
876.869
871.54
878.706
901.231
931.445
956.18
965.721
966.865
955.673
936.472
909.085
875.456
828.872
772.185
721.46
680.424
640.277
598.811
560.111
521.785
492.119
460.547
436.849
414.716
396.394
274
274
274
274
274
274
274
274
274
274
274
274
274
274
274
274
274
274
274
274
274
274
274
274
274
274
274
274
274
274
274
274
274
274
274
274
274
274
274
274
274
274
274
274
274
274
274
274
274
274
274
274
274
274
274
274
274
274
274
274
274
274
274
274
274
274
274
274
274
274
274
274
274
274
274
274
274
274
274
274
274
274
274
274
274
274
274
274
274
274
274
274.002
274.034
274.44
279.559
341.021
576.481
821.934
898.243
892.935
874.567
855.084
838.146
830.804
830.151
829.946
824.976
814.909
799.342
780.464
757.958
731.768
700.235
666.106
633.09
602.747
572.563
541.499
513.598
485.363
463.26
440.962
423.551
408.515
395.1
274
274
274
274
274
274
274
274
274
274
274
274
274
274
274
274
274
274
274
274
274
274
274
274
274
274
274
274
274
274
274
274
274
274
274
274
274
274
274
274
274
274
274
274
274
274
274
274
274
274
274
274
274
274
274
274
274
274
274
274
274
274
274
274
274
274
274
274
274
274
274
274
274
274
274
274
274
274
274
274
274
274
274
274
274
274
274
274
274
274
274
274
274.001
274.013
274.148
275.421
287.562
386.135
611.414
802.434
861.956
854.801
834.689
814.28
793.91
775.606
759.82
743.831
725.363
705.152
683.23
659.439
633.645
607.764
582.541
557.963
534.056
509.357
487.203
465.097
447.208
429.537
414.936
402.344
391.351
274
274
274
274
274
274
274
274
274
274
274
274
274
274
274
274
274
274
274
274
274
274
274
274
274
274
274
274
274
274
274
274
274
274
274
274
274
274
274
274
274
274
274
274
274
274
274
274
274
274
274
274
274
274
274
274
274
274
274
274
274
274
274
274
274
274
274
274
274
274
274
274
274
274
274
274
274
274
274
274
274
274
274
274
274
274
274
274
274
274
274
274
274
274
274.004
274.044
274.366
276.739
293.263
389.398
575.047
737.314
805.44
804.167
785.032
762.525
737.077
711.692
687.434
664.59
641.744
617.869
594.114
570.284
547.448
525.338
504.633
483.837
465.565
448.236
434.09
421.174
409.791
399.306
389.264
274
274
274
274
274
274
274
274
274
274
274
274
274
274
274
274
274
274
274
274
274
274
274
274
274
274
274
274
274
274
274
274
274
274
274
274
274
274
274
274
274
274
274
274
274
274
274
274
274
274
274
274
274
274
274
274
274
274
274
274
274
274
274
274
274
274
274
274
274
274
274
274
274
274
274
274
274
274
274
274
274
274
274
274
274
274
274
274
274
274
274
274
274
274
274
274.001
274.012
274.088
274.551
277.143
290.293
352.245
478.982
618.801
699.621
726.416
716.819
696.653
672.241
646.972
622.234
597.634
573.048
549.229
527.291
506.419
487.479
469.161
453.57
439.461
426.951
413.769
393.988
362.046
325.277
274
274
274
274
274
274
274
274
274
274
274
274
274
274
274
274
274
274
274
274
274
274
274
274
274
274
274
274
274
274
274
274
274
274
274
274
274
274
274
274
274
274
274
274
274
274
274
274
274
274
274
274
274
274
274
274
274
274
274
274
274
274
274
274
274
274
274
274
274
274
274
274
274
274
274
274
274
274
274
274
274
274
274
274
274
274
274
274
274
274
274
274
274
274
274
274
274
274.002
274.02
274.108
274.524
276.242
282.735
303.286
359.183
437.012
516.841
566.162
588.014
589.821
579.825
563.086
543.648
522.308
501.104
479.058
457.028
433.22
409.934
383.105
352.961
320.628
294.973
284.937
279.402
274
274
274
274
274
274
274
274
274
274
274
274
274
274
274
274
274
274
274
274
274
274
274
274
274
274
274
274
274
274
274
274
274
274
274
274
274
274
274
274
274
274
274
274
274
274
274
274
274
274
274
274
274
274
274
274
274
274
274
274
274
274
274
274
274
274
274
274
274
274
274
274
274
274
274
274
274
274
274
274
274
274
274
274
274
274
274
274
274
274
274
274
274
274
274
274
274
274
274
274.004
274.021
274.085
274.324
275.046
276.989
281.37
289.704
301.673
316.544
330.008
339.085
345.008
345.561
338.647
327.19
314.213
304.708
296.95
290.809
285.504
281.425
278.411
276.46
275.28
274.627
274
274
274
274
274
274
274
274
274
274
274
274
274
274
274
274
274
274
274
274
274
274
274
274
274
274
274
274
274
274
274
274
274
274
274
274
274
274
274
274
274
274
274
274
274
274
274
274
274
274
274
274
274
274
274
274
274
274
274
274
274
274
274
274
274
274
274
274
274
274
274
274
274
274
274
274
274
274
274
274
274
274
274
274
274
274
274
274
274
274
274
274
274
274
274
274
274
274
274
274
274
274.003
274.014
274.046
274.128
274.318
274.689
275.294
276.105
276.987
277.739
278.247
278.445
278.295
277.89
277.325
276.753
276.146
275.615
275.12
274.738
274.459
274.272
274.151
274.078
274
274
274
274
274
274
274
274
274
274
274
274
274
274
274
274
274
274
274
274
274
274
274
274
274
274
274
274
274
274
274
274
274
274
274
274
274
274
274
274
274
274
274
274
274
274
274
274
274
274
274
274
274
274
274
274
274
274
274
274
274
274
274
274
274
274
274
274
274
274
274
274
274
274
274
274
274
274
274
274
274
274
274
274
274
274
274
274
274
274
274
274
274
274
274
274
274
274
274
274
274
274
274
274.002
274.006
274.017
274.036
274.069
274.116
274.172
274.227
274.272
274.302
274.309
274.299
274.273
274.239
274.197
274.156
274.115
274.08
274.052
274.032
274.018
274.009
274
274
274
274
274
274
274
274
274
274
274
274
274
274
274
274
274
274
274
274
274
274
274
274
274
274
274
274
274
274
274
274
274
274
274
274
274
274
274
274
274
274
274
274
274
274
274
274
274
274
274
274
274
274
274
274
274
274
274
274
274
274
274
274
274
274
274
274
274
274
274
274
274
274
274
274
274
274
274
274
274
274
274
274
274
274
274
274
274
274
274
274
274
274
274
274
274
274
274
274
274
274
274
274
274
274.001
274.001
274.003
274.007
274.011
274.016
274.02
274.024
274.026
274.026
274.025
274.023
274.019
274.015
274.011
274.008
274.005
274.003
274.001
274.001
274
274
274
274
274
274
274
274
274
274
274
274
274
274
274
274
274
274
274
274
274
274
274
274
274
274
274
274
274
274
274
274
274
274
274
274
274
274
274
274
274
274
274
274
274
274
274
274
274
274
274
274
274
274
274
274
274
274
274
274
274
274
274
274
274
274
274
274
274
274
274
274
274
274
274
274
274
274
274
274
274
274
274
274
274
274
274
274
274
274
274
274
274
274
274
274
274
274
274
274
274
274
274
274
274
274
274
274
274
274
274.001
274.001
274.001
274.001
274.002
274.002
274.002
274.001
274.001
274.001
274.001
274
274
274
274
274
274
274
274
274
274
274
274
274
274
274
274
274
274
274
274
274
274
274
274
274
274
274
274
274
274
274
274
274
274
274
274
274
274
274
274
274
274
274
274
274
274
274
274
274
274
274
274
274
274
274
274
274
274
274
274
274
274
274
274
274
274
274
274
274
274
274
274
274
274
274
274
274
274
274
274
274
274
274
274
274
274
274
274
274
274
274
274
274
274
274
274
274
274
274
274
274
274
274
274
274
274
274
274
274
274
274
274
274
274
274
274
274
274
274
274
274
274
274
274
274
274
274
274
274
274
274
274
274
274
274
274
274
274
274
274
274
274
274
274
274
274
274
274
274
274
274
274
274
274
274
274
274
274
274
274
274
274
274
274
274
274
274
274
274
274
274
274
274
274
274
274
274
274
274
274
274
274
274
274
274
274
274
274
274
274
274
274
274
274
274
274
274
274
274
274
274
274
274
274
274
274
274
274
274
274
274
274
274
274
274
274
274
274
274
274
274
274
274
274
274
274
274
274
274
274
274
274
274
274
274
274
274
274
274
274
274
274
274
274
274
274
274
274
274
274
274
274
274
274
274
274
274
274
274
274
274
274
274
274
274
274
274
274
274
274
274
274
274
274
274
274
274
274
274
274
274
274
274
274
274
274
274
274
274
274
274
274
274
274
274
274
274
274
274
274
274
274
274
274
274
274
274
274
274
274
274
274
274
274
274
274
274
274
274
274
274
274
274
274
274
274
274
274
274
274
274
274
274
274
274
274
274
274
274
274
274
274
274
274
274
274
274
274
274
274
274
274
274
274
274
274
274
274
274
274
274
274
274
274
274
274
274
274
274
274
274
274
274
274
274
274
274
274
274
274
274
274
274
274
274
274
274
274
274
274
274
274
274
274
274
274
274
274
274
274
274
274
274
274
274
274
274
274
274
274
274
274
274
274
274
274
274
274
274
274
274
274
274
274
274
274
274
274
274
274
274
274
274
274
274
274
274
274
274
274
274
274
274
274
274
274
274
274
274
274
274
274
274
274
274
274
274
274
274
274
274
274
274
274
274
274
274
274
274
274
274
274
274
274
274
274
274
274
274
274
274
274
274
274
274
274
274
274
274
274
274
274
274
274
274
274
274
274
274
274
274
274
274
274
274
274
274
274
274
274
274
274
274
274
274
274
274
274
274
274
274
274
274
274
274
274
274
274
274
274
274
274
274
274
274
274
274
274
274
274
274
274
274
274
274
274
274
274
274
274
274
274
274
274
274
274
274
274
274
274
274
274
274
274
274
274
274
274
274
274
274
274
274
274
274
274
274
274
274
274
274
274
274
274
274
274
274
274
274
274
274
274
274
274
274
274
274
274
274
274
274
274
274
274
274
274
274
274
274
274
274
274
274
274
274
274
274
274
274
274
274
274
274
274
274
274
274
274
274
274
274
274
274
274
274
274
274
274
274
274
274
274
274
274
274
274
274
274
274
274
274
274
274
274
274
274
274
274
274
274
274
274
274
274
274
274
274
274
274
274
274
274
274
274
274
274
274
274
274
274
274
274
274
274
274
274
274
274
274
274
274
274
274
274
274
274
274
274
274
274
274
274
274
274
274
274
274
274
274
274
274
274
274
274
274
274
274
274
274
274
274
274
274
274
274
274
274
274
274
274
274
274
274
274
274
274
274
274
274
274
274
274
274
274
274
274
274
274
274
274
274
274
274
274
274.002
274.002
274.002
274.002
274.002
274.002
274.002
274.002
274.002
274.002
274.002
274.002
274.002
274.002
274.002
274.002
274.002
274.002
274.002
274.002
274.002
274.002
274.002
274.002
274.002
274.002
274.002
274.002
274.002
274.002
274.002
274.002
274.002
274.002
274.002
274.002
274.002
274.002
274.002
274.002
274.002
274.002
274.002
274.002
274.002
274.002
274.002
274.002
274.002
274.002
274.002
274.002
274.002
274.002
274.002
274.002
274.002
274.002
274.002
274.002
274.002
274.002
274.002
274.002
274.002
274.002
274.002
274.002
274.002
274.002
274.002
274.002
274.002
274.002
274.002
274.002
274.002
274.002
274.002
274.002
274.002
274.002
274.002
274.002
274.002
274.002
274.002
274.002
274.002
274.002
274.002
274.002
274.002
274.002
274.002
274.002
274.002
274.002
274.002
274.002
274.002
274.002
274.002
274.002
274.002
274.002
274.002
274.002
274.002
274.002
274.002
274.002
274.002
274.002
274.002
274.002
274.002
274.002
274.002
274.002
274.002
274.002
274.002
274.002
274.002
)
;

boundaryField
{
    wall
    {
        type            zeroGradient;
    }
    inlet
    {
        type            fixedValue;
        value           uniform 3673;
    }
    outlet-1
    {
        type            inletOutlet;
        inletValue      uniform 274;
        value           uniform 274;
    }
    outlet-2
    {
        type            inletOutlet;
        inletValue      uniform 274;
        value           nonuniform List<scalar> 
89
(
274.002
274
274
274
274
274
274
274
274
274
274
274
274
274
274
274
274
274
274
274
274
274
274
274
274
274
274
274
274
274
274
274
274
274
274
274
274
274
274
274
274
274
274
274
274
274
274
274
274
274
274
274
274
274
274
274
274
274
274
274
274
274
274
274
274
274
274
274
274
274
274
274
274
274
274
274
274
274
274
274
274
274
274
274
274
274
274
274
274.002
)
;
    }
    frontAndBackPlanes
    {
        type            empty;
    }
}


// ************************************************************************* //
