/*--------------------------------*- C++ -*----------------------------------*\
| =========                 |                                                 |
| \\      /  F ield         | OpenFOAM: The Open Source CFD Toolbox           |
|  \\    /   O peration     | Version:  2112                                  |
|   \\  /    A nd           | Website:  www.openfoam.com                      |
|    \\/     M anipulation  |                                                 |
\*---------------------------------------------------------------------------*/
FoamFile
{
    version     2.0;
    format      ascii;
    arch        "LSB;label=32;scalar=64";
    class       volScalarField;
    location    "0.00194";
    object      T;
}
// * * * * * * * * * * * * * * * * * * * * * * * * * * * * * * * * * * * * * //

dimensions      [0 0 0 1 0 0 0];

internalField   nonuniform List<scalar> 
13875
(
1411.77
1534.98
1482.69
1486.75
1481.08
1483.45
1483.51
1483.13
1483.89
1483.26
1484.4
1483.66
1483.66
1483.77
1482.91
1483.06
1483.59
1482.47
1483.37
1483.5
1480.86
1487.52
1480.74
1532.72
1397.16
1306.98
1356.04
1319.13
1322.05
1316.64
1317.08
1317.04
1317.87
1322.57
1322.47
1322.96
1317.96
1317.44
1317.6
1317.53
1321.74
1322.17
1317.63
1317.04
1317.13
1316.23
1322.01
1319.72
1356.17
1303.92
1307.08
1339.67
1314.65
1311.1
1303.94
1304.26
1303.69
1303.77
1305.07
1303.43
1305.88
1303.84
1303.69
1303.51
1303.44
1302.96
1304.89
1303.19
1303.44
1304.12
1303.51
1310.87
1311.59
1336.48
1297.99
1317.21
1344.99
1315.11
1308.73
1305.11
1304.74
1303.88
1303.9
1303.77
1302.22
1303.85
1303.89
1303.71
1303.58
1303.4
1302.18
1303.09
1303.31
1303.6
1304.5
1304.33
1307.63
1314.09
1343.86
1311.7
1329.38
1341.77
1316.14
1311.73
1303.49
1304.09
1303.98
1303.93
1303.55
1302.33
1304.1
1304.08
1303.89
1303.77
1303.62
1302.43
1303.09
1303.28
1303.73
1304.01
1303.16
1311.52
1312.25
1338.49
1315.81
1332.2
1351.48
1319.39
1310
1307.06
1306.21
1304.91
1304.55
1304.03
1302.65
1304.04
1304.34
1304.27
1304.15
1303.83
1302.5
1303.43
1303.93
1304.59
1305.92
1306.17
1308.37
1319.12
1349.11
1326.09
1339.15
1360.5
1329.62
1317.06
1307.09
1306.4
1305.48
1304.96
1304.31
1303.37
1304.8
1305.08
1305.03
1304.94
1304.58
1303.34
1303.96
1304.35
1305.19
1306.2
1306.63
1317.27
1326.08
1358.39
1321.65
1361.51
1386.05
1345.7
1321.96
1316.72
1312.34
1309.16
1307.38
1306.2
1305.06
1305.86
1306.43
1306.6
1306.5
1305.9
1304.8
1305.71
1306.6
1308.48
1311.47
1314.97
1320.72
1341.67
1381.23
1350.94
1534.5
1508.92
1389.28
1352.37
1323.99
1316.84
1313.01
1310.32
1309.32
1308.12
1308.79
1309.51
1309.84
1309.76
1308.95
1308.06
1308.83
1309.5
1312.09
1315.75
1322.03
1348.37
1384.37
1508.04
1523.76
1857.8
1587.67
1437.75
1367.96
1345.92
1329.21
1322.09
1318.2
1316.4
1314.82
1315.3
1315.98
1316.59
1316.48
1315.53
1314.89
1315.83
1317.1
1320.7
1327.31
1340.09
1363.66
1427.85
1568.39
1831.28
2519.96
1804.42
1538.77
1448.68
1366.86
1348.05
1338.48
1334.03
1331.29
1329.5
1329.88
1330.26
1331.12
1330.97
1330.1
1329.72
1330.86
1332.82
1336.66
1345.35
1361.09
1429
1515.63
1809.56
2446.7
2891.91
2298.53
2053.98
1527.83
1445.69
1409.48
1382.6
1374.69
1367.87
1365.3
1365.25
1364.7
1365.99
1365.5
1364.96
1365.07
1367.03
1372.43
1379.16
1405.19
1430.01
1490.43
1762.39
2309.03
2848.79
2851.51
2748.6
2623.38
2381.79
1641.8
1544.87
1518.8
1497.75
1484.97
1481.33
1481.31
1477.93
1482
1478.55
1478.78
1479.44
1482.99
1493.61
1511.14
1540.53
1652.68
2366.36
2428.84
2715.76
2787.99
2765.24
2728.29
2861.76
2852.64
2214.96
2231.96
2030.58
1938.13
1886.37
1844.28
1863.71
1822.77
1855.47
1831.19
1837.84
1842.28
1862.01
1919.07
2031.36
2187.69
2150.61
2860.82
2870.1
2734.33
2710.45
2658.82
2732.37
2860.35
2847.63
2873.25
3169.3
3430.44
3400.26
3664.19
3510.78
3658.2
3544.72
3645.32
3584.12
3633.46
3577.95
3605.62
3479.25
3448.16
3172.7
2898.08
2864.75
2858.29
2700.6
2673.51
2539.55
2649.08
2868.62
2980.34
2994.93
3321.71
3597.76
3683.59
3690.01
3675.97
3623.16
3647.79
3602.98
3640.87
3630.3
3663.42
3683.4
3721.89
3646.6
3434.36
3045.05
2979.68
2887.49
2677.29
2585.52
2477.74
2599.67
2733.96
2932.73
3024.91
3345.32
3570.89
3665.82
3667.08
3656.14
3612.09
3626.29
3594.94
3621.81
3612.97
3643.71
3668.41
3709.63
3638.63
3442.13
3095.61
2996.26
2792.59
2610.12
2503.63
2287.86
2562.02
2828.09
2944
2945.66
3193.92
3366.25
3459.12
3503.19
3501.38
3502.27
3497.52
3495.93
3499.35
3499.14
3507.83
3500.37
3484.57
3403.92
3240
3019.3
3014.57
2852.01
2572.88
2318.19
2202.3
2295
2606.27
2760.45
2736.4
2872.94
3117.01
3290.87
3380.51
3398.9
3402.31
3401.69
3403.21
3406.24
3401.85
3401.76
3401.37
3368.18
3193.35
2933.34
2780.96
2821.85
2659.75
2337.56
2250.8
2294.07
2236.34
2362.49
2525.81
2551.37
2628.38
2845.39
3081.96
3241.88
3302.61
3309.13
3314
3315.19
3316.84
3311.75
3314.08
3283.38
3151.8
2888.76
2668.63
2590.51
2572.74
2353.78
2254.37
2353.06
2905.19
2268.32
2183.18
2327.71
2394.91
2473.74
2669.15
2905.09
3088.62
3184.86
3214.09
3217.19
3219.05
3219.35
3215.85
3198.48
3126.49
2948.77
2692.38
2501.92
2425.31
2349
2166.93
2225.06
2805.02
2859.68
2043.45
1983.88
2175.06
2266.9
2363.65
2534.59
2759.23
2956.63
3069.58
3100.65
3112.68
3113.71
3113.68
3101.69
3078.73
2981.65
2783.32
2546.97
2392.13
2288.07
2178.9
1989.7
2036.02
2845.4
2875.9
2052.1
1888.32
2058.65
2167.6
2276.68
2421.38
2627.42
2822.04
2951.56
2997.92
3004.86
3007.7
3004.38
2996.19
2958.66
2845.66
2647.49
2436.98
2303.71
2190.46
2069.76
1872.8
2047.29
2960.94
2820.74
2036.14
1875.85
2003.21
2091.47
2193.06
2329.83
2529.53
2718.09
2840.55
2883.14
2899.53
2900.12
2898.08
2880.27
2846.27
2737.38
2543.7
2336.77
2213.95
2111.12
2011.24
1872.8
2013.39
2786.73
2745.12
2030.77
1905.31
1969.74
2027.97
2112.26
2243.51
2437.01
2614.14
2737.5
2785.74
2793.34
2797.86
2792.78
2782.42
2740.15
2624.65
2440.47
2246.74
2127.69
2057.62
1989.54
1893.78
2034.71
2764.65
2723.99
2057.37
1922.64
1952.21
1980.28
2046.84
2174.51
2360.63
2529.45
2638.79
2678.64
2695.9
2696.87
2694.6
2674.46
2640.89
2541.1
2366.43
2175.5
2060.34
2000.84
1972.39
1910.74
2027.31
2693.13
2700.37
2087.98
1948.81
1949.38
1937.22
1988.47
2113.3
2288.93
2442.79
2547.76
2592.44
2596.7
2602.09
2595.84
2586.96
2547.02
2450.5
2290.85
2113.93
1998.8
1964.42
1974.04
1939.4
2064.1
2683.78
2702.63
2156.63
1993.17
1939.9
1908.88
1949.93
2069.96
2234.21
2376.72
2462.55
2495.61
2509.84
2510.7
2509.04
2489.22
2461.18
2380.89
2232.25
2063.18
1956.37
1925.53
1955.8
1968.71
2124.85
2686.67
2732.27
2167.38
1991.84
1939.28
1894.84
1915.74
2022.87
2172.19
2297.97
2380.02
2420.36
2420.37
2426.43
2418.73
2415.3
2379.87
2308.08
2178.48
2026.22
1924.77
1918.31
1957.92
2001.58
2125.22
2683.6
2769.2
2180.99
2015.51
1939.88
1877.93
1898.11
2000.06
2133.37
2245.17
2309.23
2333.45
2344.95
2344.97
2343.36
2326.8
2306.99
2249.88
2134.93
1993.46
1903.19
1892.13
1951.29
2003.57
2153.45
2734.88
2742.69
2175.64
1995.38
1934.73
1862.39
1886.62
1973.01
2088.28
2180.86
2234.54
2271.59
2264.08
2272.05
2263.84
2264.91
2234.52
2187.12
2091.96
1969.66
1887.02
1882.94
1952.83
2009.69
2150.29
2730.27
2736.28
2186.2
2033.62
1938.31
1853.68
1870.15
1953.47
2056.67
2135.75
2177.09
2193.37
2200.69
2200.93
2199.92
2186.74
2176.34
2143.44
2064.42
1948.68
1873.16
1866.03
1941.58
2018.86
2160.15
2700.27
2702.55
2182.08
2042.4
1927.75
1845.29
1861.18
1934.53
2018.02
2081.97
2110.99
2143.1
2129.72
2138.74
2130.03
2136.07
2110.99
2086.57
2027.94
1935.86
1858.3
1863.68
1950.61
2039.92
2153.36
2691.4
2676.78
2175.66
2095.04
1948.73
1852.01
1849.25
1922.39
1995.76
2045.72
2066.29
2075.9
2077.03
2077.66
2077.31
2068.2
2066.47
2051.7
2003.54
1915.16
1846.7
1854.85
1945.03
2076.13
2161.42
2664.72
2673.72
2185.9
2115.28
1943.7
1859.37
1840.6
1901.49
1959.54
1995.65
2008.33
2035.16
2016.08
2025.17
2016.57
2028.31
2007.18
2000.5
1976.73
1908.67
1836.73
1870.23
1957.09
2123.04
2155.44
2640.15
2650.37
2177.33
2110.88
1965.16
1875.75
1839.02
1890.03
1940.47
1967.56
1975.21
1977.68
1974.07
1973.88
1973.92
1970.14
1975.75
1972.01
1946.9
1890.81
1836.6
1880.42
1975.97
2121.34
2159.78
2614.26
2620.84
2166.76
2110.11
1994.01
1889.08
1844.95
1876.8
1907.56
1922.42
1923.45
1946.03
1920.7
1930.72
1922.02
1939.49
1922.44
1925.14
1923.98
1888.17
1834.59
1890.62
2007.99
2120.19
2146.68
2591.36
2599.09
2148.82
2103.47
2041.86
1910.53
1859.55
1871.21
1890.71
1898.26
1898.2
1896.53
1888.67
1887.83
1889.18
1889.59
1899.52
1902.23
1892.07
1883.23
1858.15
1903.1
2045.05
2109.96
2129.77
2562.54
2580.91
2139.91
2090.35
2046.7
1932.56
1874.86
1867.86
1864.37
1858.53
1850.23
1870.66
1842.57
1852.65
1844.38
1863.78
1850.6
1862.09
1879.77
1884.01
1873.1
1931.68
2057.38
2098.45
2118.73
2549.97
2552.4
2118.26
2059.63
2036.57
1970.22
1894.7
1890.48
1854.67
1843.23
1834.46
1828.32
1817.05
1816.99
1818.66
1821.31
1835.51
1844.7
1853.7
1897.38
1894.17
1964.94
2044.81
2065.8
2108.99
2527.99
2542.34
2113.53
2029.08
2029.68
2033.46
1927.78
1895.54
1840.97
1811.55
1790.13
1807.77
1777.68
1787.71
1779.25
1800.52
1790.33
1815.8
1854.54
1914.42
1915.82
2032.52
2040.55
2034.42
2092.08
2506.95
2517.24
2100.37
2005.89
2012.29
2028.38
1955.88
1911.42
1855.37
1809.78
1786.7
1772.39
1758.51
1758.05
1759.29
1765.55
1789.48
1808.1
1853.03
1930.78
1959.78
2025.29
2024.97
2011.9
2085.79
2488.83
2499.37
2092.1
1983.13
1981.02
2024.75
2024.16
1926.43
1856.61
1793.41
1745.94
1756.58
1724.02
1734.09
1725.89
1749.92
1746.89
1796.96
1861.79
1949.2
2013.75
2016.9
1992.23
1988.09
2079.9
2475.49
2468.55
2083.97
1974.14
1952.21
1999.94
2041.47
1958.44
1878.82
1809.17
1766.28
1732.5
1710.9
1709.78
1712.54
1725.07
1770.72
1803.24
1872.38
1991.01
2042.59
1989.61
1962.82
1978.05
2063.3
2448.8
2455.08
2081.53
1958.04
1923.13
1974.74
2031.44
2004.59
1891.69
1803.14
1727.67
1726.04
1684.13
1691.97
1686.57
1720.44
1730.67
1809.65
1890.82
2053.85
2030.08
1963
1933.86
1961.32
2063.58
2438.15
2424.83
2060.64
1956.86
1908.92
1929.36
2011.54
2087.38
1949.74
1824.21
1773.25
1723.55
1684.88
1678.04
1686.73
1713.96
1775.27
1823.17
1925.93
2082.21
2005.66
1920.85
1918.74
1960.8
2049.25
2408.59
2411.51
2059.33
1942.99
1883.44
1909.54
1985.03
2062.87
2031.21
1841.96
1736.58
1728.72
1672.54
1674.44
1674.19
1721.17
1737.33
1845.37
1994.04
2061.95
1975.76
1905.32
1894.5
1945.47
2041.53
2397.53
2374.65
2036.79
1939.96
1888.26
1876.07
1945.39
2049.53
2067.57
1894.78
1792.04
1728.37
1687.81
1675.86
1691.46
1719.98
1794.59
1905.5
2062.36
2046.71
1931.44
1872.82
1899.42
1943.9
2025.36
2354.17
2344.41
2024.55
1921.86
1860.78
1868.47
1911.9
2017.59
2051.18
1989.3
1769.86
1743.08
1675.91
1679.33
1677.13
1736.36
1769.88
2001.06
2045.03
2018.12
1898.99
1866.07
1871.94
1923.7
2013.16
2328.29
2208.17
1976.03
1906.54
1870.8
1851.15
1883.81
1977.84
2037.01
2024.29
1875.61
1760.56
1700.34
1687.13
1704.47
1753.06
1871.69
2023.57
2036.07
1980.79
1875.08
1850.79
1881.95
1908.57
1963.55
2190.24
273.909
273.95
273.973
274.032
274.067
274.07
274.039
274.045
274.109
274.172
274.222
274.225
274.187
274.13
274.078
274.041
274.019
274.008
274.003
274.001
274
274
274
273.999
273.998
274
273.995
274.003
273.992
274.006
274.092
274.128
274.162
274.244
274.293
274.289
274.245
274.218
274.258
274.305
274.337
274.323
274.263
274.182
274.109
274.058
274.028
274.012
274.005
274.002
274
274
273.999
273.999
273.997
274
273.993
274.004
273.988
274.015
274.308
274.306
274.329
274.426
274.493
274.467
274.383
274.316
274.318
274.342
274.372
274.36
274.296
274.207
274.125
274.067
274.032
274.014
274.006
274.002
274
274
273.999
273.999
273.997
274
273.994
274.003
273.992
274.011
274.429
274.459
274.505
274.658
274.782
274.754
274.622
274.484
274.42
274.4
274.414
274.394
274.324
274.227
274.138
274.074
274.036
274.016
274.006
274.002
274.001
274
273.999
273.999
273.998
274
273.996
274.003
273.995
274.007
274.595
274.738
274.88
275.191
275.462
275.486
275.286
275.014
274.771
274.599
274.526
274.447
274.354
274.245
274.148
274.08
274.038
274.017
274.007
274.002
274.001
274
273.999
273.999
273.998
274
273.997
274.002
273.997
274.005
275.003
275.441
275.843
276.575
277.228
277.5
277.317
276.747
275.933
275.248
274.841
274.582
274.404
274.263
274.156
274.083
274.04
274.018
274.007
274.003
274.001
274
274
273.999
273.999
274
273.998
274.001
273.999
274.003
276.077
277.316
278.286
279.687
281.156
282.182
282.392
281.648
279.666
277.462
275.842
274.969
274.545
274.307
274.168
274.087
274.041
274.018
274.007
274.003
274.001
274
274
273.999
273.999
274
273.999
274.001
273.999
274.003
278.828
281.341
283.333
286.736
290.401
293.518
295.389
295.344
291.107
284.209
279.353
276.304
274.973
274.439
274.205
274.095
274.043
274.018
274.007
274.003
274.001
274
274
273.999
273.999
274
273.999
274.001
274
274.002
285.136
290.494
292.886
294.425
295.572
297.764
300.814
304.351
307.534
305.588
291.176
281.162
276.537
274.87
274.322
274.123
274.049
274.019
274.007
274.003
274.001
274
274
274
273.999
274
273.999
274.001
274
274.002
292.58
294.579
294.471
294.872
295.613
297.665
300.745
304.544
308.971
313.368
315.503
300.167
282.452
276.481
274.716
274.22
274.07
274.023
274.008
274.003
274.001
274
274
274
274
274
274
274
274
274.002
292.83
294.257
294.115
294.609
294.958
296.433
299.685
304.14
309.002
313.675
318.384
321.342
306.295
282.719
276.173
274.547
274.142
274.037
274.01
274.003
274.001
274
274
274
274
274
274
274
274
274.002
292.075
292.74
292.612
292.971
292.886
293.518
296.477
301.533
307.773
313.666
318.582
323.413
326.302
308.011
281.83
275.7
274.387
274.087
274.019
274.004
274.001
274
274
274
274
274
274
274
274
274.002
290.113
290.102
290.174
290.43
290.351
290.522
292.638
297.594
304.247
311.755
318.561
323.713
328.617
330.882
304.379
280.137
275.214
274.253
274.049
274.009
274.002
274.001
274
274
274
274
274
274
274.001
274.002
287.75
287.031
287.273
287.542
287.511
287.692
288.931
293.348
300.209
307.967
316.547
323.781
329.085
333.914
334.56
296.891
278.234
274.789
274.152
274.026
274.004
274.001
274
274
274
274
274
274
274.001
274.002
284.332
283.612
284.12
284.771
284.823
285.164
285.72
289.112
296.225
304.056
312.99
322.099
329.401
334.702
338.908
333.429
288.375
276.616
274.467
274.084
274.013
274.002
274
274
274
274
274
274
274.001
274.002
282.52
281.341
282.017
282.544
282.677
282.973
283.112
285.52
292.075
300.433
309.383
319.066
328.422
335.334
340.671
343.403
323.374
282.697
275.479
274.254
274.042
274.006
274.001
274
274
274
274
274
274.001
274.002
280.554
279.635
279.996
280.795
281.089
281.155
281.341
282.49
288.042
297.04
306.203
315.855
326.146
335.168
341.45
346.931
345.895
304.478
278.761
274.771
274.127
274.019
274.003
274.001
274.001
274
274
274
274
274.003
280.27
279.522
279.96
280.32
280.657
280.907
281.126
281.278
285.379
293.785
303.458
312.997
323.269
333.706
341.825
348.154
350.759
342.105
288.456
276.341
274.369
274.059
274.008
274.001
274.001
274.001
274
274
274
274.001
281.309
280.451
282.102
282.444
283.289
283.381
282.99
282.667
285.011
292.205
302.239
311.235
320.858
331.452
341.5
349.026
355.065
354.138
320.371
281.028
275.071
274.163
274.025
274.003
274.001
274
274.001
274
274.001
274.002
280.521
280.925
284.983
288.536
289.761
289.498
288.669
287.666
287.115
292.262
302.061
310.807
320.129
330.002
340.495
349.678
356.98
358.663
354.348
294.574
277.049
274.447
274.066
274.009
274.001
274
274
274.001
274.001
274.003
281.916
283.331
293.464
300.824
306.66
307.14
303.83
299.843
295.964
297.092
304.89
312.287
320.843
330.033
340.038
350.013
358.558
361.902
362.1
330.742
282.408
275.216
274.173
274.025
274.003
274.001
274
274
274
274.001
278.752
287.065
308.406
339.591
359.539
355.736
339.645
327.482
317.116
312.737
316.153
319.321
324.64
331.844
340.656
350.319
360.35
365.652
366.309
362.202
297.295
277.227
274.442
274.062
274.009
274.001
274.001
274
274
274.002
288.15
298.547
358.592
454.194
480.677
448.1
403.033
375.598
353.206
340.034
334.864
332.06
332.804
336.622
343.641
352.641
362.185
370.116
370.757
371.464
335.425
282.307
275.119
274.15
274.021
274.003
274.001
274.001
274.002
274.003
266.223
342.633
548.387
681.863
671.973
582.943
507.799
451.558
408.048
374.985
359.163
352.891
348.148
347.24
350.057
357.21
365.856
374.548
376.467
376.531
368.496
294.211
276.752
274.354
274.047
274.007
274.001
274.001
274.001
274.002
288.073
452.222
813.687
961.18
876.222
761.218
640.9
540.02
471.495
423.514
394.668
380.206
368.105
362.681
361.548
364.188
370.941
379.155
383.133
382.295
381.881
329.222
280.53
274.816
274.105
274.013
274.001
274
274
274.001
274.006
273.992
274.003
273.995
274
273.998
273.999
274
274
274
274.001
274.003
274.008
274.019
274.041
274.078
274.13
274.187
274.225
274.221
274.172
274.109
274.045
274.039
274.07
274.067
274.032
273.973
273.95
273.91
274.015
273.988
274.004
273.993
274
273.997
273.999
273.999
274
274
274.002
274.005
274.012
274.028
274.058
274.109
274.182
274.263
274.323
274.337
274.305
274.257
274.218
274.245
274.288
274.293
274.244
274.162
274.128
274.093
274.011
273.992
274.003
273.994
274
273.997
273.999
273.999
274
274
274.002
274.006
274.014
274.032
274.067
274.125
274.207
274.296
274.36
274.371
274.342
274.317
274.315
274.383
274.467
274.493
274.426
274.329
274.306
274.308
274.007
273.995
274.003
273.996
274
273.998
273.999
273.999
274
274.001
274.002
274.006
274.016
274.036
274.074
274.138
274.227
274.324
274.394
274.414
274.399
274.419
274.483
274.621
274.754
274.782
274.658
274.505
274.458
274.429
274.005
273.997
274.002
273.997
274
273.998
273.999
273.999
274
274.001
274.002
274.007
274.017
274.038
274.08
274.148
274.245
274.353
274.447
274.525
274.597
274.769
275.011
275.283
275.483
275.461
275.19
274.879
274.737
274.594
274.003
273.999
274.001
273.998
274
273.999
273.999
274
274
274.001
274.003
274.007
274.018
274.04
274.083
274.156
274.263
274.403
274.581
274.838
275.243
275.924
276.736
277.306
277.491
277.222
276.571
275.84
275.439
275.002
274.003
273.999
274.001
273.999
274
273.999
273.999
274
274
274.001
274.003
274.007
274.018
274.041
274.087
274.168
274.307
274.544
274.966
275.832
277.441
279.634
281.614
282.363
282.159
281.14
279.677
278.277
277.31
276.074
274.002
274
274.001
273.999
274
273.999
273.999
274
274
274.001
274.003
274.007
274.018
274.043
274.095
274.204
274.437
274.968
276.288
279.314
284.142
290.985
295.245
295.31
293.457
290.355
286.701
283.306
281.325
278.816
274.002
274
274.001
273.999
274
273.999
274
274
274
274.001
274.003
274.007
274.019
274.049
274.123
274.32
274.865
276.515
281.096
290.983
305.406
307.445
304.289
300.765
297.721
295.531
294.381
292.843
290.451
285.103
274.002
274
274
274
274
274
274
274
274
274.001
274.003
274.008
274.023
274.07
274.219
274.711
276.457
282.365
299.871
315.369
313.288
308.904
304.485
300.696
297.621
295.571
294.831
294.435
294.547
292.55
274.002
274
274
274
274
274
274
274
274
274.001
274.003
274.01
274.037
274.141
274.543
276.149
282.62
305.948
321.226
318.298
313.599
308.935
304.083
299.639
296.388
294.915
294.567
294.079
294.226
292.805
274.002
274
274
274
274
274
274
274
274
274.001
274.004
274.019
274.086
274.384
275.681
281.734
307.597
326.179
323.325
318.501
313.596
307.719
301.486
296.438
293.472
292.839
292.925
292.572
292.705
292.049
274.002
274.001
274
274
274
274
274
274
274.001
274.002
274.009
274.049
274.251
275.201
280.062
303.962
330.742
328.513
323.617
318.48
311.693
304.199
297.546
292.599
290.469
290.299
290.379
290.129
290.063
290.083
274.002
274.001
274
274
274
274
274
274
274.001
274.004
274.026
274.15
274.781
278.183
296.557
334.362
333.795
328.984
323.693
316.483
307.916
300.168
293.305
288.891
287.635
287.453
287.48
287.217
286.984
287.716
274.002
274.001
274
274
274
274
274
274
274.002
274.013
274.083
274.462
276.584
288.178
333.05
338.759
334.589
329.303
322.024
312.931
304.001
296.182
289.062
285.668
285.097
284.753
284.693
284.045
283.541
284.272
274.002
274.001
274
274
274
274
274
274.001
274.006
274.042
274.252
275.462
282.587
322.861
343.23
340.538
335.219
328.33
318.989
309.313
300.365
292.021
285.455
283.039
282.896
282.591
282.447
281.92
281.24
282.435
274.003
274
274
274
274
274.001
274.001
274.003
274.019
274.126
274.762
278.701
304.062
345.693
346.771
341.317
335.056
326.052
315.765
306.124
296.961
287.979
282.404
281.232
281.046
280.982
280.674
279.874
279.521
280.45
274.001
274
274
274
274.001
274.001
274.001
274.008
274.058
274.365
276.313
288.252
341.633
350.531
347.998
341.692
333.594
323.169
312.89
303.347
293.659
285.275
281.16
280.999
280.781
280.544
280.218
279.88
279.409
280.154
274.002
274.001
274
274.001
274
274.001
274.003
274.024
274.161
275.058
280.935
319.811
353.897
354.865
348.864
341.358
331.325
320.708
311.066
302.074
292.013
284.889
282.538
282.904
283.255
283.194
282.389
282.039
280.357
281.172
274.003
274.001
274.001
274
274
274.001
274.009
274.066
274.442
277.01
294.199
353.944
358.431
356.787
349.501
340.326
329.821
319.938
310.597
301.865
291.977
286.947
287.553
288.582
289.423
289.757
288.617
284.973
280.889
280.416
274.001
274
274
274
274.001
274.003
274.025
274.171
275.2
282.292
330.116
361.846
361.668
358.355
349.823
339.835
329.814
320.596
311.989
304.581
296.828
295.706
299.584
303.52
306.833
306.494
300.75
293.457
283.37
281.874
274.002
274
274
274.001
274.001
274.009
274.061
274.437
277.182
296.808
361.76
366.062
365.398
360.12
350.078
340.391
331.523
324.214
318.782
315.639
312.318
316.566
326.907
339.043
354.363
359.008
339.477
308.502
287.181
278.884
274.003
274.002
274.001
274.001
274.003
274.021
274.148
275.104
282.187
334.7
371.175
370.484
369.846
361.983
352.435
343.413
336.352
332.4
331.572
334.234
339.334
352.228
374.592
401.724
445.309
478.759
453.159
358.932
298.822
288.391
274.002
274.001
274.001
274.001
274.007
274.046
274.349
276.712
293.838
367.891
376.246
376.169
374.291
365.645
357.012
349.822
346.901
347.745
352.385
358.49
374.116
406.397
449.893
505.085
579.626
669.649
680.457
551.322
343.59
266.547
274.001
274
274
274.001
274.013
274.103
274.805
280.429
328.393
381.535
381.99
382.814
378.893
370.708
363.939
361.239
362.33
367.72
379.609
393.778
422.804
468.982
537.526
637.826
758.865
875.491
958.609
819.901
457.271
288.934
274.002
274.002
274.002
274.002
274.002
274.002
274.002
274.002
274.002
274.002
274.002
274.002
274.002
274.002
274.002
274.002
274.002
274.002
274.002
274.002
274.002
274.002
274.002
274.002
274.002
274.002
274.002
274.002
274.002
274.002
274.002
274.002
274.002
274.002
274.002
274.002
274.002
274.002
274.002
274.002
274.002
274.002
274.002
274.002
274.002
274.002
274.002
274.002
274.002
274.002
274.002
274.002
274.002
274.002
274.002
274.002
274.002
274.002
274.002
274.002
274.002
274.002
274.002
274.002
274.002
274.002
274.002
274.002
274.002
274.002
274.002
274.002
274.002
274.002
274.002
274.002
274.002
274.002
274.002
274.002
274.002
274.002
274.002
274.002
274.002
274.002
274.002
274.002
274.002
274.002
274.002
274.002
274.002
274.002
274.002
274.002
274.002
274.002
274.002
274.002
274.002
274.002
274.002
274.003
274.003
274.004
274.004
274.004
274.004
274.004
274.004
274.004
274.003
274.003
274.002
274.002
274.002
274.002
274.002
274.002
274.002
274.002
274.002
274.002
274.002
274.001
274.001
274
274
274
274
274
274
274
274
274
274
274
274
274
274
274
274
274
274
274
274
274
274
274
274
274
274
274
274
274
274
274
274
274
274
274
274
274
274
274
274
274
274
274
274
274
274
274
274
274
274
274
274
274
274
274
274
274
274
274
274
274
274
274
274
274
274
274
274
274
274
274
274
274
274
274
274
274
274
274
274
274
274
274
274
274
274
274
274
274
274
274
274
274
274
274
274.001
274.001
274.002
274.004
274.007
274.011
274.016
274.021
274.026
274.029
274.031
274.031
274.028
274.025
274.02
274.016
274.012
274.009
274.006
274.004
274.003
274.002
274.001
274.001
274.001
274.001
274
274
274
274
274
274
274
274
274
274
274
274
274
274
274
274
274
274
274
274
274
274
274
274
274
274
274
274
274
274
274
274
274
274
274
274
274
274
274
274
274
274
274
274
274
274
274
274
274
274
274
274
274
274
274
274
274
274
274
274
274
274
274
274
274
274
274
274
274
274
274
274
274
274
274
274
274
274
274
274
274
274
274
274
274
274
274
274
274
274
274
274
274
274
274
274
274
274.001
274.003
274.008
274.018
274.035
274.063
274.104
274.159
274.223
274.288
274.346
274.384
274.394
274.38
274.343
274.291
274.233
274.177
274.128
274.089
274.059
274.038
274.024
274.015
274.009
274.005
274.003
274.002
274.001
274
274
274
274
274
274
274
274
274
274
274
274
274
274
274
274
274
274
274
274
274
274
274
274
274
274
274
274
274
274
274
274
274
274
274
274
274
274
274
274
274
274
274
274
274
274
274
274
274
274
274
274
274
274
274
274
274
274
274
274
274
274
274
274
274
274
274
274
274
274
274
274
274
274
274
274
274
274
274
274
274
274
274
274
274
274
274
274
274
274
274
274
274
274
274.002
274.008
274.023
274.058
274.137
274.298
274.596
275.087
275.789
276.668
277.635
278.583
279.373
279.795
279.789
279.391
278.659
277.793
276.927
276.153
275.49
274.98
274.616
274.381
274.232
274.137
274.08
274.046
274.026
274.014
274.007
274.003
274
274
274
274
274
274
274
274
274
274
274
274
274
274
274
274
274
274
274
274
274
274
274
274
274
274
274
274
274
274
274
274
274
274
274
274
274
274
274
274
274
274
274
274
274
274
274
274
274
274
274
274
274
274
274
274
274
274
274
274
274
274
274
274
274
274
274
274
274
274
274
274
274
274
274
274
274
274
274
274
274
274
274
274
274
274
274
274
274
274
274.001
274.003
274.014
274.048
274.152
274.449
275.185
276.808
280.106
286.197
295.362
307.028
320.746
334.712
351.271
363.133
367.928
365.539
356.721
342.1
324.634
309.993
300.19
291.931
285.766
281.188
278.188
276.418
275.343
274.729
274.398
274.217
274.115
274.059
274.028
274
274
274
274
274
274
274
274
274
274
274
274
274
274
274
274
274
274
274
274
274
274
274
274
274
274
274
274
274
274
274
274
274
274
274
274
274
274
274
274
274
274
274
274
274
274
274
274
274
274
274
274
274
274
274
274
274
274
274
274
274
274
274
274
274
274
274
274
274
274
274
274
274
274
274
274
274
274
274
274
274
274
274
274
274
274
274
274
274
274.003
274.017
274.073
274.301
275.086
277.569
284.635
301.598
340.538
401.199
471.436
523.251
555.315
571.787
577.13
573.817
566.107
555.828
544.04
531.255
517.187
501.819
483.031
460.308
432.913
400.522
362.768
323.612
298.564
287.584
281.276
277.73
275.919
274.963
274.471
274.226
274
274
274
274
274
274
274
274
274
274
274
274
274
274
274
274
274
274
274
274
274
274
274
274
274
274
274
274
274
274
274
274
274
274
274
274
274
274
274
274
274
274
274
274
274
274
274
274
274
274
274
274
274
274
274
274
274
274
274
274
274
274
274
274
274
274
274
274
274
274
274
274
274
274
274
274
274
274
274
274
274
274
274
274
274
274
274
274.002
274.015
274.077
274.404
275.852
281.874
303.347
371.03
479.688
580.784
641.942
669.306
672
664.539
653.412
640.911
627.864
614.428
600.522
585.98
571.299
557.137
543.051
529.151
515.228
502.027
489.394
477.438
464.925
449.798
426.211
391.868
350.867
309.952
290.59
282.453
277.982
275.843
274
274
274
274
274
274
274
274
274
274
274
274
274
274
274
274
274
274
274
274
274
274
274
274
274
274
274
274
274
274
274
274
274
274
274
274
274
274
274
274
274
274
274
274
274
274
274
274
274
274
274
274
274
274
274
274
274
274
274
274
274
274
274
274
274
274
274
274
274
274
274
274
274
274
274
274
274
274
274
274
274
274
274
274
274
274.001
274.009
274.057
274.363
276.108
285.778
334.748
460.44
610.273
700.156
731.854
732.758
724.616
714.407
702.464
689.222
675.927
662.678
649.383
635.763
621.552
606.385
590.641
574.901
559.015
543.406
527.814
512.822
498.405
485.147
472.692
460.934
449.541
438.875
427.789
413.081
385.288
349.031
309.287
288.461
274
274
274
274
274
274
274
274
274
274
274
274
274
274
274
274
274
274
274
274
274
274
274
274
274
274
274
274
274
274
274
274
274
274
274
274
274
274
274
274
274
274
274
274
274
274
274
274
274
274
274
274
274
274
274
274
274
274
274
274
274
274
274
274
274
274
274
274
274
274
274
274
274
274
274
274
274
274
274
274
274
274
274
274
274.003
274.029
274.222
275.592
285.369
350.171
522.73
689.736
765.219
775.567
769.11
761.017
751.142
741.687
733.158
723.734
712.72
700.558
687.652
673.916
659.309
643.955
627.898
611.168
594.499
577.727
560.899
544.062
527.666
511.207
495.482
480.13
465.94
452.915
441.429
431.227
421.355
411.511
402.479
390.628
366.516
274
274
274
274
274
274
274
274
274
274
274
274
274
274
274
274
274
274
274
274
274
274
274
274
274
274
274
274
274
274
274
274
274
274
274
274
274
274
274
274
274
274
274
274
274
274
274
274
274
274
274
274
274
274
274
274
274
274
274
274
274
274
274
274
274
274
274
274
274
274
274
274
274
274
274
274
274
274
274
274
274
274
274.001
274.009
274.09
274.804
281.149
335.788
526.719
725.683
799.897
805.664
800.369
791.963
782.626
774.888
768.568
760.971
750.122
737.749
725.443
712.654
699.264
685.267
670.443
654.932
638.921
621.521
603.903
586.805
569.023
551.636
535.586
519.369
503.604
488.226
474.195
460.198
447.501
435.499
424.052
413.57
404.236
395.813
388.331
274
274
274
274
274
274
274
274
274
274
274
274
274
274
274
274
274
274
274
274
274
274
274
274
274
274
274
274
274
274
274
274
274
274
274
274
274
274
274
274
274
274
274
274
274
274
274
274
274
274
274
274
274
274
274
274
274
274
274
274
274
274
274
274
274
274
274
274
274
274
274
274
274
274
274
274
274
274
274
274
274
274.001
274.024
274.268
276.869
304.321
474.124
721.097
823.305
831.488
827.157
821.236
814.243
806.761
800.829
793.262
780.691
766.261
752.657
741.68
732.316
722.445
712.487
701.568
688.845
674.427
658.749
641.33
621.868
603.262
583.511
563.159
544.232
525.539
507.749
491.056
476.69
462.272
449.951
438.041
427.365
417.289
407.118
397.392
388.913
274
274
274
274
274
274
274
274
274
274
274
274
274
274
274
274
274
274
274
274
274
274
274
274
274
274
274
274
274
274
274
274
274
274
274
274
274
274
274
274
274
274
274
274
274
274
274
274
274
274
274
274
274
274
274
274
274
274
274
274
274
274
274
274
274
274
274
274
274
274
274
274
274
274
274
274
274
274
274
274
274.003
274.054
274.725
283.761
386.784
657.302
830.162
853.29
853.056
848.981
842.331
838.657
834.301
824.491
814.124
801.085
789.858
779.979
773.162
767.745
763.481
761.294
757.887
751.439
740.887
726.045
707.922
686.904
664.055
641.724
617.465
593.046
569.069
544.978
522.103
501.26
483.698
466.226
451.829
437.663
425.46
414.924
405.666
397.634
389.94
274
274
274
274
274
274
274
274
274
274
274
274
274
274
274
274
274
274
274
274
274
274
274
274
274
274
274
274
274
274
274
274
274
274
274
274
274
274
274
274
274
274
274
274
274
274
274
274
274
274
274
274
274
274
274
274
274
274
274
274
274
274
274
274
274
274
274
274
274
274
274
274
274
274
274
274
274
274
274
274.006
274.113
275.85
303.827
519.726
793.647
866.067
871.772
872.118
871.172
866.728
862.45
860.997
853.467
847.887
841.847
834.231
831.223
830.687
833.326
838.853
846.64
854.434
858.375
856.66
847.945
831.483
807.937
778.915
747.277
715.209
680.976
648.106
615.823
583.223
552.315
524.95
501.801
478.991
460.455
441.67
426.512
413.452
401.238
391.208
384.238
274
274
274
274
274
274
274
274
274
274
274
274
274
274
274
274
274
274
274
274
274
274
274
274
274
274
274
274
274
274
274
274
274
274
274
274
274
274
274
274
274
274
274
274
274
274
274
274
274
274
274
274
274
274
274
274
274
274
274
274
274
274
274
274
274
274
274
274
274
274
274
274
274
274
274
274
274
274
274.01
274.212
278.347
355.667
665.31
865.066
884.359
886.211
889.935
891.928
891.532
889.818
889.634
888.345
889
891.356
895.382
906.806
919.756
933.629
952.956
975.652
1000.59
1023.48
1037.96
1040.39
1031.78
1009.4
976.779
936.106
891.082
843.489
792.293
744.192
696.324
648.182
603.293
565.041
532.974
502.355
477.895
452.732
433.104
415.711
400.564
388.139
377.485
274
274
274
274
274
274
274
274
274
274
274
274
274
274
274
274
274
274
274
274
274
274
274
274
274
274
274
274
274
274
274
274
274
274
274
274
274
274
274
274
274
274
274
274
274
274
274
274
274
274
274
274
274
274
274
274
274
274
274
274
274
274
274
274
274
274
274
274
274
274
274
274
274
274
274
274
274
274.014
274.354
282.78
431.392
778.536
892.335
897.03
898.252
903.978
910.729
915.519
918.756
923.871
933.378
942.7
959.931
984.38
1017.51
1050.79
1088.74
1125.41
1164.74
1205.94
1248.03
1281.33
1298.33
1299.95
1286.09
1255.13
1210.93
1158.08
1098.04
1033.61
961.856
893.776
823.139
750.2
682.654
626.898
580.947
539.135
506.458
473.062
447.867
424.657
404.024
388.299
375.015
274
274
274
274
274
274
274
274
274
274
274
274
274
274
274
274
274
274
274
274
274
274
274
274
274
274
274
274
274
274
274
274
274
274
274
274
274
274
274
274
274
274
274
274
274
274
274
274
274
274
274
274
274
274
274
274
274
274
274
274
274
274
274
274
274
274
274
274
274
274
274
274
274
274
274
274
274.017
274.517
288.708
504.253
845.52
905.499
905.416
908.073
916.282
927.581
937.681
948.794
963.373
984.566
1017.74
1058.71
1115.06
1179.74
1251.13
1317.22
1378.37
1420.85
1456.86
1483.67
1495.63
1493.4
1488.52
1478.41
1466.75
1451.8
1425.49
1378.09
1319.25
1251.93
1169.97
1086.01
993.269
891.005
794.543
715.438
651.163
594.338
549.995
505.815
473.211
442.213
415.029
393.22
375.939
274
274
274
274
274
274
274
274
274
274
274
274
274
274
274
274
274
274
274
274
274
274
274
274
274
274
274
274
274
274
274
274
274
274
274
274
274
274
274
274
274
274
274
274
274
274
274
274
274
274
274
274
274
274
274
274
274
274
274
274
274
274
274
274
274
274
274
274
274
274
274
274
274
274
274
274.018
274.643
294.303
559.519
881.126
912.667
911.199
916.798
928.898
943.841
961.114
980.033
1004.88
1043.56
1104.69
1190.47
1299.35
1407.65
1510.98
1575.32
1610.05
1622.35
1625.56
1621.66
1607.94
1588.74
1568.34
1557.47
1546.12
1539.67
1537.33
1535.07
1522.91
1487.4
1432.57
1353.4
1268.14
1170.6
1053.41
934.612
832.632
749.111
674.188
614.507
555.413
512.517
470.434
435.461
406.641
381.707
274
274
274
274
274
274
274
274
274
274
274
274
274
274
274
274
274
274
274
274
274
274
274
274
274
274
274
274
274
274
274
274
274
274
274
274
274
274
274
274
274
274
274
274
274
274
274
274
274
274
274
274
274
274
274
274
274
274
274
274
274
274
274
274
274
274
274
274
274
274
274
274
274
274
274.016
274.669
297.038
590.19
896.776
917.821
916.669
925.333
941.835
961.588
984.726
1012.23
1049.29
1105.35
1200.02
1341.69
1523.21
1669.84
1711.65
1707.46
1697.56
1696.87
1693.89
1699
1685.73
1664.49
1641.9
1627.19
1627.72
1631.94
1633.6
1633.43
1627.91
1622.9
1607.67
1563.36
1493.27
1413.69
1317.84
1205.17
1089.9
977.398
878.911
786.051
707.91
628.985
571.15
512.929
467.38
430.045
395.015
274
274
274
274
274
274
274
274
274
274
274
274
274
274
274
274
274
274
274
274
274
274
274
274
274
274
274
274
274
274
274
274
274
274
274
274
274
274
274
274
274
274
274
274
274
274
274
274
274
274
274
274
274
274
274
274
274
274
274
274
274
274
274
274
274
274
274
274
274
274
274
274
274
274.012
274.579
295.333
590.126
902.83
922.937
922.748
934.195
954.69
979.641
1007.8
1043.03
1091.89
1165.89
1286.61
1482.8
1724.25
1818.31
1811.79
1785.5
1751.81
1742.59
1743.81
1757.71
1783.46
1797.07
1804.02
1804.25
1801.78
1800
1807.17
1807.34
1798.21
1791.55
1786.55
1772.84
1742.23
1681.85
1609.17
1511.38
1400.81
1295.05
1166.91
1060.5
941.42
841.818
738.132
659.346
576.847
515.11
464.781
418.575
274
274
274
274
274
274
274
274
274
274
274
274
274
274
274
274
274
274
274
274
274
274
274
274
274
274
274
274
274
274
274
274
274
274
274
274
274
274
274
274
274
274
274
274
274
274
274
274
274
274
274
274
274
274
274
274
274
274
274
274
274
274
274
274
274
274
274
274
274
274
274
274
274.007
274.414
290.042
558.768
900.815
928.698
930.13
943.118
966.222
994.829
1027.95
1069.42
1128.18
1219.02
1361.28
1581.38
1805.89
1870.44
1869.2
1830.11
1819.46
1816.33
1847.48
1872.05
1910.89
1943.51
1991.75
2031.07
2063.15
2084.99
2094.93
2095.92
2079.21
2075.62
2074.46
2070.39
2055.38
2021.88
1965.94
1902.59
1831.16
1748.89
1661.35
1520.81
1383.25
1191.33
1032.8
879.336
769.243
653.628
570.372
502.804
443.163
274
274
274
274
274
274
274
274
274
274
274
274
274
274
274
274
274
274
274
274
274
274
274
274
274
274
274
274
274
274
274
274
274
274
274
274
274
274
274
274
274
274
274
274
274
274
274
274
274
274
274
274
274
274
274
274
274
274
274
274
274
274
274
274
274
274
274
274
274
274
274
274.004
274.242
283.832
501.694
884.487
933.712
938.392
951.994
975.467
1004.87
1039.84
1085.85
1152.72
1256.34
1414.91
1643.61
1826.87
1876.51
1884.87
1864.4
1857.48
1885.22
1895.22
1922.94
1931.12
1989.25
2079.14
2138.63
2161.03
2166.74
2178.33
2181.69
2145.19
2136.78
2136.53
2140.84
2144.57
2147.01
2117.6
2072.79
2024.87
1958.09
1880.22
1790.79
1722.47
1654.7
1512.14
1366.6
1157.64
970.675
797.533
674.076
575.645
489.018
274
274
274
274
274
274
274
274
274
274
274
274
274
274
274
274
274
274
274
274
274
274
274
274
274
274
274
274
274
274
274
274
274
274
274
274
274
274
274
274
274
274
274
274
274
274
274
274
274
274
274
274
274
274
274
274
274
274
274
274
274
274
274
274
274
274
274
274
274
274
274.002
274.114
278.919
428.626
844.088
936.274
946.031
959.881
981.744
1009.12
1042.83
1089.46
1160.49
1271.79
1440.03
1672.67
1836.77
1863.76
1851.42
1831.87
1842.6
1884.84
1887.45
1903.59
1888.63
1891.93
1987.94
2104.1
2164.54
2181.31
2167.81
2173.38
2120.91
2003.51
1977.03
1941.82
1894.16
1785.14
1734.06
1693.31
1683.6
1676.85
1665.87
1644.92
1645.77
1674.17
1679.63
1649.52
1592.6
1477.21
1355.69
1110.85
863.092
692.056
559.634
274
274
274
274
274
274
274
274
274
274
274
274
274
274
274
274
274
274
274
274
274
274
274
274
274
274
274
274
274
274
274
274
274
274
274
274
274
274
274
274
274
274
274
274
274
274
274
274
274
274
274
274
274
274
274
274
274
274
274
274
274
274
274
274
274
274
274
274
274
274.001
274.043
276.031
352.832
767.336
934.628
951.293
965.593
985.212
1009.66
1039.07
1082.7
1152.16
1262.6
1429.04
1661.44
1838.15
1870.33
1865.45
1857.34
1856.21
1875.43
1883.61
1849.24
1822.08
1700.21
1690.06
1783.17
1932.01
2093.01
2123.63
1929.26
1674.53
1552.26
1437.07
1397.49
1494.53
1510.04
1514.35
1551.63
1597.16
1632.66
1653.84
1654
1578.38
1520.9
1483.48
1492.42
1501.98
1537.48
1503.89
1461.19
1313.45
1125.88
872.574
659.042
274
274
274
274
274
274
274
274
274
274
274
274
274
274
274
274
274
274
274
274
274
274
274
274
274
274
274
274
274
274
274
274
274
274
274
274
274
274
274
274
274
274
274
274
274
274
274
274
274
274
274
274
274
274
274
274
274
274
274
274
274
274
274
274
274
274
274
274
274
274.013
274.722
301.862
639.711
924.725
953.913
968.411
986.259
1008.07
1033.42
1071.6
1134.37
1234.56
1387.02
1608.31
1813.39
1872.59
1876.34
1878.56
1876.75
1876.72
1889.63
1869.35
1701.49
1523.8
1462.61
1465.08
1512.03
1598.72
1640.61
1557.77
1557.66
1168.84
1175.67
1138.28
1088.46
1087.96
1087.11
1090.65
1101.94
1124.77
1176.83
1289.96
1404.29
1484.25
1510.46
1461.12
1437.04
1429.95
1424.32
1432.4
1492.56
1444.3
1318.21
1124.31
836.867
274
274
274
274
274
274
274
274
274
274
274
274
274
274
274
274
274
274
274
274
274
274
274
274
274
274
274
274
274
274
274
274
274
274
274
274
274
274
274
274
274
274
274
274
274
274
274
274
274
274
274
274
274
274
274
274
274
274
274
274
274
274
274
274
274
274
274
274
274.004
274.215
282.547
485.854
882.706
953.041
969.109
984.343
1003.83
1028.63
1062.86
1117.15
1200.95
1325.46
1508.32
1748.32
1859.09
1874.69
1884.39
1890.75
1883.54
1889.81
1904.79
1751.2
1610.28
1425.59
1378.83
1383.35
1366.59
1363.14
1362.01
1214.7
1128.21
975.131
898.866
870.975
858.689
854.652
866.525
870.931
887.558
915.757
943.807
999.45
1074.17
1179.42
1314.96
1382.63
1419.96
1428.07
1409.24
1391.74
1385.77
1473.83
1447.09
1302.79
1026.49
274
274
274
274
274
274
274
274
274
274
274
274
274
274
274
274
274
274
274
274
274
274
274
274
274
274
274
274
274
274
274
274
274
274
274
274
274
274
274
274
274
274
274
274
274
274
274
274
274
274
274
274
274
274
274
274
274
274
274
274
274
274
274
274
274
274
274
274.001
274.048
276.185
356.38
772.784
947.411
966.388
978.75
995.96
1021.71
1056.75
1106.42
1176.94
1274.1
1410.27
1608.25
1812.95
1877.24
1880.14
1888.93
1894.51
1889.05
1903.47
1778.68
1620.7
1388.21
1331.53
1330.88
1307.69
1295.73
1315.71
1281.28
1149.17
1024.7
1001.43
925.456
923.503
912.293
912.284
930.246
932.101
929.743
932.803
937.462
939.673
966.755
1026.41
1109.33
1278.61
1377.2
1436.54
1457.89
1436.68
1388.37
1376.73
1452.63
1374.07
1117.27
274
274
274
274
274
274
274
274
274
274
274
274
274
274
274
274
274
274
274
274
274
274
274
274
274
274
274
274
274
274
274
274
274
274
274
274
274
274
274
274
274
274
274
274
274
274
274
274
274
274
274
274
274
274
274
274
274
274
274
274
274
274
274
274
274
274
274
274.009
274.489
291.83
574.262
923.501
962.788
971.395
985.367
1011.12
1051.01
1103.11
1169.52
1249.13
1348.66
1486.32
1684.16
1843.47
1881.15
1875.87
1886.13
1894.37
1897.81
1849.96
1624.92
1369.97
1243.88
1221.3
1229.17
1217.37
1201.8
1198.15
1199.69
1182.49
1082.96
1048.01
946.113
887.582
885.049
864.558
860.499
878.841
888.512
910.784
941.988
958.959
975.173
997.651
1045.69
1122.14
1264.73
1415.59
1484.56
1487.52
1468.43
1391.11
1387.25
1313.14
1149.93
274
274
274
274
274
274
274
274
274
274
274
274
274
274
274
274
274
274
274
274
274
274
274
274
274
274
274
274
274
274
274
274
274
274
274
274
274
274
274
274
274
274
274
274
274
274
274
274
274
274
274
274
274
274
274
274
274
274
274
274
274
274
274
274
274
274
274.002
274.084
277.45
390.555
814.814
953.916
964.346
975.458
1000.03
1041.62
1095.62
1164.95
1241.66
1322.93
1425.88
1568.25
1759.35
1860.07
1875.37
1872.55
1882.3
1885.86
1889.36
1697.57
1527.9
1363.75
1301.98
1264.8
1216.96
1202.61
1209.62
1196.49
1176.6
1168.78
1174.17
1118.9
1089.43
972.91
951.64
938.873
913.475
917.893
919.967
919.609
916.045
921.537
936.607
948.312
972.728
1000.57
1046.6
1129.86
1268.02
1456.83
1526.14
1516.22
1425.63
1315.05
1023.65
274
274
274
274
274
274
274
274
274
274
274
274
274
274
274
274
274
274
274
274
274
274
274
274
274
274
274
274
274
274
274
274
274
274
274
274
274
274
274
274
274
274
274
274
274
274
274
274
274
274
274
274
274
274
274
274
274
274
274
274
274
274
274
274
274
274
274.012
274.622
296.292
603.832
929.039
957.697
965.641
988.328
1027.15
1074.25
1130.65
1200.14
1284.14
1390.86
1526.73
1691.54
1829.74
1874.61
1881.26
1882.48
1888.33
1886.26
1852.95
1647.86
1443.19
1351.54
1313.81
1299.44
1284.76
1277.86
1263.23
1242.5
1230.12
1203.07
1195.4
1206.44
1134.6
1107.28
994.677
995.166
974.091
976.969
969.224
986.339
985.581
989.511
993.812
1003.45
1010.59
1026.3
1060.02
1110.39
1168.01
1246.12
1415.05
1560.56
1587.89
1343.3
1231.21
274
274
274
274
274
274
274
274
274
274
274
274
274
274
274
274
274
274
274
274
274
274
274
274
274
274
274
274
274
274
274
274
274
274
274
274
274
274
274
274
274
274
274
274
274
274
274
274
274
274
274
274
274
274
274
274
274
274
274
274
274
274
274
274
274
274.002
274.106
278.115
405.239
826.711
948.249
959.673
976.805
1006.54
1045.55
1094.09
1161.63
1245.94
1346.3
1468.87
1619.7
1786.19
1869.72
1892.03
1898.61
1907.14
1909.81
1902.19
1815.79
1624.16
1419.83
1334.12
1296.82
1265.51
1251.72
1244.81
1238.64
1244.43
1242.23
1232.05
1230.3
1226.45
1227.64
1169.26
1141.85
1051.8
1017.46
1011.06
1010.66
1009.22
1001.59
1011.14
1013.71
1022.73
1042.59
1050.8
1064.21
1099.05
1143.16
1182.98
1236.08
1299.48
1460.9
1656.11
1727.51
274
274
274
274
274
274
274
274
274
274
274
274
274
274
274
274
274
274
274
274
274
274
274
274
274
274
274
274
274
274
274
274
274
274
274
274
274
274
274
274
274
274
274
274
274
274
274
274
274
274
274
274
274
274
274
274
274
274
274
274
274
274
274
274
274
274.009
274.404
287.894
533.984
901.85
953.751
971.313
996.143
1029.34
1072.72
1130.94
1204.81
1291.94
1389.78
1507.9
1655.16
1811.97
1881.39
1897.94
1904.11
1916.2
1919.52
1918.22
1795.45
1658.08
1473.52
1412.49
1390.28
1358.07
1347.08
1335.92
1319.13
1317.87
1315.44
1316.15
1314.21
1311.77
1300.22
1278.39
1208.59
1177.56
1117.09
1069.08
1078.22
1092.01
1084.73
1091.84
1097.49
1098.87
1106.77
1111.16
1131.03
1177.81
1244.18
1322.19
1440.34
1559.28
1641.44
1724.62
1958.19
274
274
274
274
274
274
274
274
274
274
274
274
274
274
274
274
274
274
274
274
274
274
274
274
274
274
274
274
274
274
274
274
274
274
274
274
274
274
274
274
274
274
274
274
274
274
274
274
274
274
274
274
274
274
274
274
274
274
274
274
274
274
274
274
274
274.017
274.745
299.402
617.399
927.791
962.834
977.098
999.538
1031.71
1079.95
1142.47
1219.81
1308.72
1406.34
1522.63
1669.6
1821.04
1882.88
1896.41
1901.6
1916.46
1924.81
1925.06
1764.59
1634.85
1474.77
1422.76
1398.05
1372.89
1365.75
1353.57
1340.23
1333
1332.86
1340.18
1340.23
1332.69
1328.23
1317.83
1280.72
1186.18
1171.03
1127.59
1096.73
1129.5
1121.65
1125.87
1142.68
1151.75
1164.76
1168.93
1167.03
1196.79
1252.79
1330.09
1451.36
1597.16
1742.41
1891.02
2005.14
274
274
274
274
274
274
274
274
274
274
274
274
274
274
274
274
274
274
274
274
274
274
274
274
274
274
274
274
274
274
274
274
274
274
274
274
274
274
274
274
274
274
274
274
274
274
274
274
274
274
274
274
274
274
274
274
274
274
274
274
274
274
274
274
274.001
274.04
275.664
333.59
727.117
946.992
965.517
977.261
1002.69
1041.8
1097.4
1167.09
1246.21
1331.51
1425.22
1540.47
1689.04
1829.94
1881.13
1891.05
1897.83
1920.38
1931.69
1918.42
1767.49
1638.18
1517.26
1479.24
1450.69
1422.89
1410.58
1402.14
1382.38
1375.06
1364.05
1370.47
1370.61
1362.69
1365.85
1360.21
1346.99
1283.36
1208.82
1196.59
1150.86
1167.05
1165.55
1162.32
1175.59
1186.31
1204.29
1235.34
1247.35
1266.93
1288.76
1326.17
1394.5
1492.33
1644.86
1814.59
2031.17
274
274
274
274
274
274
274
274
274
274
274
274
274
274
274
274
274
274
274
274
274
274
274
274
274
274
274
274
274
274
274
274
274
274
274
274
274
274
274
274
274
274
274
274
274
274
274
274
274
274
274
274
274
274
274
274
274
274
274
274
274
274
274
274
274.002
274.099
277.756
393.121
812.326
953.917
970.346
990.131
1022.75
1065.88
1122.9
1194.14
1273.35
1356.07
1447.36
1559.61
1701.24
1831.92
1877.63
1888.33
1897.94
1925.84
1935.04
1897.35
1759.8
1599.28
1518.78
1495.32
1483.14
1457.93
1436.12
1426.56
1408.27
1399.38
1392.1
1391.07
1395.09
1398.22
1398.88
1399.43
1392.93
1374.56
1334.49
1246.03
1251.43
1236.55
1215.3
1235.88
1216.91
1243.62
1258.6
1289.38
1323.69
1358.44
1411.49
1460.82
1522.51
1598.83
1685.69
1804.49
1910.4
274
274
274
274
274
274
274
274
274
274
274
274
274
274
274
274
274
274
274
274
274
274
274
274
274
274
274
274
274
274
274
274
274
274
274
274
274
274
274
274
274
274
274
274
274
274
274
274
274
274
274
274
274
274
274
274
274
274
274
274
274
274
274
274
274.005
274.241
282.481
475.24
881.222
962.739
973.792
994.202
1028.51
1076.42
1139.87
1222.92
1311.24
1394.39
1480.52
1582.45
1711.27
1832.48
1876.52
1887.19
1899.62
1933.44
1945.67
1899.05
1780.32
1613.79
1527.1
1508.3
1501.68
1500.35
1500.2
1494.02
1476.51
1464.69
1460.83
1459.36
1458.71
1459.38
1456.77
1446
1429.29
1425.76
1416.08
1366.62
1285.62
1290.49
1271.34
1269.65
1271.9
1252.4
1294.01
1306.91
1353.36
1386.77
1446.22
1507.49
1573.11
1656.94
1726.16
1803.48
1856.47
274
274
274
274
274
274
274
274
274
274
274
274
274
274
274
274
274
274
274
274
274
274
274
274
274
274
274
274
274
274
274
274
274
274
274
274
274
274
274
274
274
274
274
274
274
274
274
274
274
274
274
274
274
274
274
274
274
274
274
274
274
274
274
274
274.011
274.489
290.281
551.035
916.419
965.951
980.113
1007.06
1047.34
1100.89
1167.67
1253.76
1345.15
1427.72
1509.72
1602.3
1718.26
1833.92
1882.49
1898.72
1916.16
1955.71
1970.03
1909.85
1813.37
1668.69
1584.21
1554.6
1525.26
1511.43
1505.89
1501.04
1499.33
1507.57
1508.54
1505.71
1511.99
1499.69
1499.54
1517.5
1510.23
1502.67
1493.88
1481.22
1435.79
1351.43
1382.05
1335.7
1346.31
1332.63
1345.72
1379.87
1398.44
1456.4
1495.26
1574.45
1615.83
1684.95
1727.57
1792.98
1822.92
274
274
274
274
274
274
274
274
274
274
274
274
274
274
274
274
274
274
274
274
274
274
274
274
274
274
274
274
274
274
274
274
274
274
274
274
274
274
274
274
274
274
274
274
274
274
274
274
274
274
274
274
274
274
274
274
274
274
274
274
274
274
274
274.001
274.022
274.93
304.958
639.06
941.848
971.234
982.766
1008.72
1049.46
1105.05
1175.06
1263.09
1357.75
1447.05
1533.58
1624.69
1732.07
1838.88
1886.28
1903.81
1919.7
1952.99
1962.24
1858.09
1750.05
1617.59
1575.49
1564.06
1559.41
1556.26
1548.62
1541.25
1539.62
1539.1
1536.05
1540.69
1542.54
1534.17
1556.44
1566.57
1554.01
1578.8
1580.01
1556.25
1546.33
1491.35
1452.69
1442.54
1422.15
1421.12
1419.66
1457.03
1484.55
1529.27
1565.59
1631.8
1661.98
1719.64
1767.9
1808.39
1845.78
274
274
274
274
274
274
274
274
274
274
274
274
274
274
274
274
274
274
274
274
274
274
274
274
274
274
274
274
274
274
274
274
274
274
274
274
274
274
274
274
274
274
274
274
274
274
274
274
274
274
274
274
274
274
274
274
274
274
274
274
274
274
274
274.001
274.04
275.569
327.532
706.804
951.024
974.547
989.27
1018.03
1061.56
1119.14
1190.19
1277.56
1371.07
1461.69
1550.28
1642.78
1747.29
1846.79
1891.42
1908.78
1923.33
1956.67
1968.1
1850.98
1775.98
1647.44
1597.73
1577.62
1567.66
1566.29
1566.69
1568.38
1575.32
1577.65
1574.88
1598.68
1612.85
1618.18
1624.26
1626.72
1629.12
1647.66
1669.54
1674.33
1666.5
1640.64
1589.22
1538.59
1528.62
1508.9
1510.14
1523.35
1556.04
1565.41
1633.76
1657.6
1720.88
1752.39
1800.82
1835.22
1851.73
274
274
274
274
274
274
274
274
274
274
274
274
274
274
274
274
274
274
274
274
274
274
274
274
274
274
274
274
274
274
274
274
274
274
274
274
274
274
274
274
274
274
274
274
274
274
274
274
274
274
274
274
274
274
274
274
274
274
274
274
274
274
274
274.002
274.069
276.58
358.644
767.051
960.599
978.055
991.762
1019.81
1064.4
1122.48
1194.2
1282.52
1377.53
1471.14
1563.45
1660.05
1765.93
1857
1895.17
1910.39
1926.18
1959.37
1965.91
1842.98
1755.79
1631.04
1594.54
1580.01
1572.52
1570.48
1570.7
1569.89
1579.79
1591.5
1595.12
1622.02
1641.84
1651.13
1672.19
1693.19
1700.96
1714.12
1738.66
1763.23
1784.05
1788.8
1764.33
1716.77
1641.26
1658.36
1614.13
1651
1638.08
1664.83
1704.3
1742.29
1793.76
1818.4
1868.48
1886.98
1933.2
274
274
274
274
274
274
274
274
274
274
274
274
274
274
274
274
274
274
274
274
274
274
274
274
274
274
274
274
274
274
274
274
274
274
274
274
274
274
274
274
274
274
274
274
274
274
274
274
274
274
274
274
274
274
274
274
274
274
274
274
274
274
274
274.003
274.107
277.844
389.969
806.743
964.338
980.463
995.317
1024.79
1071.86
1131.14
1202.86
1289.62
1384.02
1478.37
1572.39
1673.28
1784.09
1864.85
1893.92
1904.08
1918.31
1945.43
1944.71
1825.39
1727.43
1622.47
1592.54
1580.4
1575.22
1574.42
1576.12
1575.53
1590.16
1610.93
1618.73
1632.02
1664.94
1687.17
1708.32
1732.58
1750.8
1771.58
1800.57
1822.76
1851.22
1879.59
1898.6
1902.38
1888.97
1800.83
1796.91
1751.26
1786.15
1784.25
1797.51
1837.9
1864.81
1902.17
1923.33
1963.91
2001.04
274
274
274
274
274
274
274
274
274
274
274
274
274
274
274
274
274
274
274
274
274
274
274
274
274
274
274
274
274
274
274
274
274
274
274
274
274
274
274
274
274
274
274
274
274
274
274
274
274
274
274
274
274
274
274
274
274
274
274
274
274
274
274
274.004
274.158
279.496
423.027
840.263
969.66
983.528
998.166
1028.38
1076.8
1136.09
1207.47
1294.29
1388.42
1483.03
1578.55
1680.46
1791.94
1868.81
1895.15
1903.83
1919.42
1951.78
1953.7
1851.35
1749.69
1633.94
1605.88
1595.39
1591.68
1591.46
1594.08
1599.78
1610.51
1629.22
1637.24
1656.59
1691.93
1707.35
1727.83
1752.2
1774.52
1804.87
1834.06
1865.1
1893.43
1931.77
1972.93
2003.49
2036.7
2038.03
2020.11
1937.53
1927.11
1898.43
1911.01
1912.87
1937.34
1949.59
1965.63
1996.23
2011.53
274
274
274
274
274
274
274
274
274
274
274
274
274
274
274
274
274
274
274
274
274
274
274
274
274
274
274
274
274
274
274
274
274
274
274
274
274
274
274
274
274
274
274
274
274
274
274
274
274
274
274
274
274
274
274
274
274
274
274
274
274
274
274
274.005
274.212
281.18
450.002
861.902
971.786
984.507
999.948
1032.26
1083.59
1145.32
1219.1
1305.42
1396.42
1487.61
1581.5
1682.07
1796.08
1870.11
1892.8
1897.98
1914.05
1939.28
1939.95
1838.21
1742.59
1625.97
1597.18
1587.22
1583.64
1584.87
1593.84
1605.27
1622.31
1645.42
1657.11
1674.62
1702.16
1722.26
1748.77
1776.06
1805.84
1836.38
1872.3
1903.98
1929.17
1961.29
1999.34
2041.83
2087.4
2137.83
2143.52
2155.77
2048.72
2032.16
1982.59
1964.3
1983.72
1969.69
1980.13
2007.74
1970.29
274
274
274
274
274
274
274
274
274
274
274
274
274
274
274
274
274
274
274
274
274
274
274
274
274
274
274
274
274
274
274
274
274
274
274
274
274
274
274
274
274
274
274
274
274
274
274
274
274
274
274
274
274
274
274
274
274
274
274
274
274
274
274
274.006
274.269
282.966
474.048
879.461
975.061
988.133
1007.07
1044.24
1101.23
1167.94
1244.71
1327.37
1410.96
1492.68
1579.76
1677.74
1793.45
1867.35
1888.77
1892.3
1902.68
1926.39
1931.81
1837.04
1744.54
1623.66
1594.43
1584.49
1581.55
1585.22
1599.06
1618.4
1641.47
1660.65
1674.09
1691.87
1716.54
1739.95
1763.55
1793.65
1826.46
1859.13
1897.2
1932.19
1962.07
1995.29
2032.29
2075.02
2121.87
2170.14
2196.66
2221.54
2238.97
2229.75
2133.13
2070.55
2058.86
2018.64
2002.85
1965.61
1833.6
274
274
274
274
274
274
274
274
274
274
274
274
274
274
274
274
274
274
274
274
274
274
274
274
274
274
274
274
274
274
274
274
274
274
274
274
274
274
274
274
274
274
274
274
274
274
274
274
274
274
274
274
274
274
274
274
274
274
274
274
274
274
274
274.007
274.308
284.174
488.121
888.341
976.654
990.841
1012.55
1053.4
1114.88
1186.39
1265.87
1346.31
1423.85
1497.67
1576.49
1671.34
1788.86
1864.71
1885.14
1887.02
1894.6
1915.49
1925.53
1837.63
1751.2
1627.55
1595.33
1582.51
1578.09
1579.88
1589.78
1613.72
1639.71
1663.66
1681.46
1698.57
1725.45
1750.83
1775.61
1806.18
1835.94
1865.93
1902.65
1938.81
1966.94
1996.9
2027.36
2060.62
2097.89
2134.61
2176.33
2223.92
2243.07
2260.15
2264.22
2226.24
2136.84
2098.47
1908.08
1786.23
1707.73
274
274
274
274
274
274
274
274
274
274
274
274
274
274
274
274
274
274
274
274
274
274
274
274
274
274
274
274
274
274
274
274
274
274
274
274
274
274
274
274
274
274
274
274
274
274
274
274
274
274
274
274
274
274
274
274
274
274
274
274
274
274
274
274.007
274.326
284.735
494.394
892.581
977.791
992.216
1014.73
1056.67
1119.72
1192.87
1272.76
1352.79
1427.47
1497.21
1574.47
1668.24
1787.02
1862.58
1882.21
1883.4
1891.35
1911.17
1926.4
1854.9
1792.89
1674.2
1641.4
1624.07
1612.11
1610.27
1609.85
1621.3
1646.79
1670.33
1691.13
1710.36
1742.37
1771.74
1800.31
1833.22
1859.51
1886.09
1920.1
1955.38
1994
2033.9
2071.24
2104.31
2129.09
2148.49
2168.16
2200.87
2249.26
2303.35
2326.29
2333.35
2347.87
2106.86
1867.82
1766.06
1708.58
274
274
274
274
274
274
274
274
274
274
274
274
274
274
274
274
274
274
274
274
274
274
274
274
274
274
274
274
274
274
274
274
274
274
274
274
274
274
274
274
274
274
274
274
274
274
274
274
274
274
274
274
274
274
274
274
274
274
274
274
274
274
274
274.007
274.307
284.151
488.058
888.372
976.799
991.363
1013.2
1053.72
1115.28
1187.17
1267.59
1349.05
1422.77
1494.85
1574.87
1667.44
1786.23
1861.92
1882.07
1883.87
1893.52
1916.24
1931.88
1856.83
1785.94
1649.22
1608.34
1589.04
1580.92
1580.86
1585.2
1604.7
1638.05
1665.48
1684.6
1699.76
1728.72
1753.8
1774.39
1803.52
1833.17
1862.98
1898.69
1932.9
1962.8
1994.02
2026.32
2060.31
2096.45
2134.34
2178.35
2227.94
2249.7
2262.79
2279.37
2211.24
2130.04
2093.95
1896.02
1792.13
1706.68
274
274
274
274
274
274
274
274
274
274
274
274
274
274
274
274
274
274
274
274
274
274
274
274
274
274
274
274
274
274
274
274
274
274
274
274
274
274
274
274
274
274
274
274
274
274
274
274
274
274
274
274
274
274
274
274
274
274
274
274
274
274
274
274.006
274.268
282.951
474.376
879.936
975.177
988.987
1008.48
1045.31
1102.18
1169.28
1246.54
1330.61
1410.46
1490.49
1574.68
1672.56
1787.9
1861.3
1881.91
1885.04
1896.79
1920.37
1929.21
1841.05
1764.52
1639.86
1605.67
1591.24
1586.22
1587.73
1598.69
1620.55
1649.01
1669.52
1682.34
1695.23
1720.33
1741.71
1760.96
1791.66
1825.79
1857.39
1896.13
1931.34
1960.16
1992.17
2029.32
2070.3
2115.18
2169.56
2203.14
2222.41
2248.45
2227.43
2132.93
2075.44
2046.68
2010.76
1990.64
1950.55
1825.15
274
274
274
274
274
274
274
274
274
274
274
274
274
274
274
274
274
274
274
274
274
274
274
274
274
274
274
274
274
274
274
274
274
274
274
274
274
274
274
274
274
274
274
274
274
274
274
274
274
274
274
274
274
274
274
274
274
274
274
274
274
274
274
274.005
274.211
281.196
450.927
863.057
971.929
985.475
1001.66
1033.55
1084.49
1146.56
1220.76
1308.32
1398.28
1487.11
1576.82
1676.38
1788.53
1862.59
1885.23
1890.52
1906.47
1933.43
1936.14
1841.65
1754.15
1636.17
1606.12
1594.65
1590.23
1590.98
1600.6
1612.93
1635.06
1657.67
1668.18
1682.31
1706
1726.73
1750.82
1779.4
1806.78
1839.59
1876.59
1908.08
1932.67
1966.28
2007.24
2050.82
2095.63
2144.87
2157.77
2173.32
2061.64
2037.97
1990.88
1973.74
1987.89
1975.24
1982.48
2006.54
1967.46
274
274
274
274
274
274
274
274
274
274
274
274
274
274
274
274
274
274
274
274
274
274
274
274
274
274
274
274
274
274
274
274
274
274
274
274
274
274
274
274
274
274
274
274
274
274
274
274
274
274
274
274
274
274
274
274
274
274
274
274
274
274
274
274.004
274.159
279.542
424.491
842.273
970.071
984.336
999.787
1030.23
1078.49
1137.85
1210.14
1297.54
1391.07
1483.54
1576.38
1675.82
1785.25
1860.51
1885.86
1893.94
1911.24
1945.28
1949.38
1852.66
1755.8
1641.81
1613.41
1600.77
1594.46
1593.36
1594.45
1600.2
1616.25
1638.64
1647.5
1664.15
1692.76
1703.45
1721.38
1749.71
1776.78
1808.84
1836.64
1871.76
1899.84
1934.09
1975.79
2009.16
2042.09
2044.38
2029.18
1939.64
1931.67
1898.27
1916.95
1915.72
1940.63
1956.33
1970.55
1998.79
2012.09
274
274
274
274
274
274
274
274
274
274
274
274
274
274
274
274
274
274
274
274
274
274
274
274
274
274
274
274
274
274
274
274
274
274
274
274
274
274
274
274
274
274
274
274
274
274
274
274
274
274
274
274
274
274
274
274
274
274
274
274
274
274
274
274.003
274.108
277.906
391.905
809.986
965.159
980.8
996.322
1026.62
1073.58
1132.57
1204.9
1292.71
1386.45
1479.09
1572.07
1670.54
1778.36
1856.92
1884.84
1894.56
1909
1939.59
1940.76
1829.02
1733.25
1625.49
1594.33
1583
1579.37
1580.49
1588.49
1595.24
1608.92
1621.5
1625.76
1634.88
1660.67
1681.58
1701.68
1726.79
1748.47
1770.64
1803.97
1825.49
1850.65
1881.3
1898.31
1901.17
1890.7
1809.44
1799.42
1760.57
1792.57
1787.08
1799.52
1839
1870.33
1907.59
1930.1
1968.22
1999.02
274
274
274
274
274
274
274
274
274
274
274
274
274
274
274
274
274
274
274
274
274
274
274
274
274
274
274
274
274
274
274
274
274
274
274
274
274
274
274
274
274
274
274
274
274
274
274
274
274
274
274
274
274
274
274
274
274
274
274
274
274
274
274
274.002
274.07
276.645
360.803
771.514
961.901
978.247
992.466
1021.69
1066.45
1123.99
1195.42
1284.28
1379.24
1471.44
1563.11
1659.34
1762.27
1849.24
1885.67
1900.58
1917.29
1954.07
1960.89
1841.58
1746.51
1629.21
1598.76
1588.9
1585.85
1585.74
1587.85
1587.52
1590.13
1592.63
1591.89
1613.72
1638.36
1649.82
1676.15
1692.5
1701.66
1724.43
1746.56
1762.66
1779.56
1782.48
1755.42
1716.93
1642.68
1658.21
1619.04
1650.13
1638.22
1665.36
1700.93
1741.03
1796.96
1824.1
1874.46
1891.43
1938.09
274
274
274
274
274
274
274
274
274
274
274
274
274
274
274
274
274
274
274
274
274
274
274
274
274
274
274
274
274
274
274
274
274
274
274
274
274
274
274
274
274
274
274
274
274
274
274
274
274
274
274
274
274
274
274
274
274
274
274
274
274
274
274
274.001
274.041
275.62
329.584
712.536
952.892
974.683
989.557
1019.74
1063.97
1120.75
1191.39
1279.26
1373.09
1462.77
1551.59
1644.36
1745.95
1840.04
1882.08
1899.13
1914.66
1951.56
1964.01
1847.33
1771
1646.18
1602.13
1584.62
1577.21
1576.96
1579.76
1579.53
1578.93
1578.16
1574.36
1597.98
1615.87
1622.77
1632.13
1634.67
1637.04
1656.42
1674.88
1675.96
1662.65
1641.63
1593.92
1536.81
1537.05
1520.21
1513.48
1532.61
1558.59
1574.28
1635.21
1661.92
1725.08
1755.59
1803.9
1835.26
1850.91
274
274
274
274
274
274
274
274
274
274
274
274
274
274
274
274
274
274
274
274
274
274
274
274
274
274
274
274
274
274
274
274
274
274
274
274
274
274
274
274
274
274
274
274
274
274
274
274
274
274
274
274
274
274
274
274
274
274
274
274
274
274
274
274.001
274.023
274.966
306.446
646.198
944.583
971.705
982.932
1009.91
1051.73
1106.79
1176.4
1265.67
1360.62
1449.56
1536.11
1626.51
1732.04
1832.99
1877.23
1895.14
1911.44
1948.11
1960.1
1849.68
1742.75
1614.24
1577.32
1568.2
1565.59
1563.6
1560.47
1551.77
1543.45
1540.48
1538.42
1545
1547.04
1540.83
1567.67
1569.73
1554.19
1578.84
1577.68
1557.27
1549.65
1499.9
1447.08
1451.62
1422.73
1430.32
1422.67
1464.14
1489.21
1534.85
1568.79
1646.77
1663.3
1730.03
1770.48
1816.33
1843.29
274
274
274
274
274
274
274
274
274
274
274
274
274
274
274
274
274
274
274
274
274
274
274
274
274
274
274
274
274
274
274
274
274
274
274
274
274
274
274
274
274
274
274
274
274
274
274
274
274
274
274
274
274
274
274
274
274
274
274
274
274
274
274
274
274.011
274.512
291.097
558.599
920.913
966.859
979.959
1008.05
1049.74
1102.72
1169.77
1256.44
1347.82
1431.63
1513.3
1604.52
1719.55
1829.62
1874.56
1891.36
1908.37
1951.62
1967.88
1902
1809.14
1658.6
1584.77
1557.82
1535.45
1522.96
1514.84
1507.82
1505.2
1510.14
1512.47
1513.47
1512.67
1492.57
1509
1519.93
1509.36
1505.19
1495.64
1488.33
1447.69
1358.38
1393.5
1344.57
1359.94
1342.58
1361.95
1391.32
1415.41
1471.54
1511.68
1589.87
1633.49
1701.47
1741.61
1806.7
1834.15
274
274
274
274
274
274
274
274
274
274
274
274
274
274
274
274
274
274
274
274
274
274
274
274
274
274
274
274
274
274
274
274
274
274
274
274
274
274
274
274
274
274
274
274
274
274
274
274
274
274
274
274
274
274
274
274
274
274
274
274
274
274
274
274
274.005
274.255
282.969
482.385
887.642
964.337
973.721
994.839
1030.89
1078.2
1143.54
1226.84
1316.29
1400.5
1484.43
1585.14
1713.99
1829.32
1869.78
1879.91
1891.91
1927.84
1941.04
1889.52
1775.85
1611.59
1536.54
1521.98
1512.85
1508.32
1505.74
1497.07
1481.09
1472.34
1468.52
1465.79
1460.86
1456.36
1452.16
1449.25
1434.64
1432.36
1426.82
1383.4
1292.73
1299.36
1276.32
1281.46
1275.69
1266.69
1298.51
1312.99
1359.59
1391.97
1454.63
1511.5
1579.66
1657.95
1728.15
1804.48
1858.01
274
274
274
274
274
274
274
274
274
274
274
274
274
274
274
274
274
274
274
274
274
274
274
274
274
274
274
274
274
274
274
274
274
274
274
274
274
274
274
274
274
274
274
274
274
274
274
274
274
274
274
274
274
274
274
274
274
274
274
274
274
274
274
274
274.002
274.106
278.004
399.575
821.279
956.679
970.314
989.588
1023.63
1069.3
1128.21
1198.66
1278.17
1361.73
1451.95
1563.22
1705.83
1829.3
1871.39
1881.3
1892.13
1922.43
1931.3
1890.22
1755.85
1596.4
1524.97
1501.54
1487.02
1462.25
1442.89
1430.86
1410.33
1401.21
1393.91
1393.28
1397.3
1393.97
1399.22
1401.83
1398.55
1385.71
1347.23
1257.07
1259.15
1240.46
1233.87
1239.32
1225.54
1248.99
1261.88
1295.8
1323.3
1360.16
1412.55
1458.08
1520.82
1591.2
1678.4
1793.65
1897.81
274
274
274
274
274
274
274
274
274
274
274
274
274
274
274
274
274
274
274
274
274
274
274
274
274
274
274
274
274
274
274
274
274
274
274
274
274
274
274
274
274
274
274
274
274
274
274
274
274
274
274
274
274
274
274
274
274
274
274
274
274
274
274
274
274.001
274.043
275.783
338.037
738.158
950.519
966.115
976.781
1003.3
1046.32
1103.9
1171.91
1249.54
1335.92
1431.26
1546.76
1695.43
1829.43
1875.44
1884.64
1892.43
1919.18
1931.18
1912.65
1778.09
1639.18
1525.66
1490.8
1461.83
1433.95
1417.01
1405.95
1382.66
1374.06
1365.58
1371.69
1372.14
1364.24
1372.02
1372.71
1361.73
1298.31
1220.97
1203.43
1155.13
1173.63
1171.24
1165.05
1179.29
1188.37
1209.97
1233.79
1241.05
1261.9
1283.78
1321.75
1390.27
1488.28
1637.98
1802.8
2016.49
274
274
274
274
274
274
274
274
274
274
274
274
274
274
274
274
274
274
274
274
274
274
274
274
274
274
274
274
274
274
274
274
274
274
274
274
274
274
274
274
274
274
274
274
274
274
274
274
274
274
274
274
274
274
274
274
274
274
274
274
274
274
274
274
274.001
274.018
274.799
301.476
628.911
932.514
964.658
977.715
1000.66
1035.62
1085.69
1146.89
1222.48
1312.23
1413.09
1530.8
1677.37
1822.64
1878.23
1890.6
1896.63
1915.74
1927.37
1925.28
1769.41
1621.93
1476.46
1431.56
1409.17
1380.5
1369.31
1354.34
1339.83
1328.44
1333.38
1340.96
1340.17
1332.06
1327.93
1320.44
1295.76
1192.22
1180.1
1130.77
1102.73
1135.81
1121.13
1126.81
1141.76
1151.08
1160.03
1159.77
1159.66
1193.49
1245.1
1321.58
1444.21
1589.02
1729.38
1881.47
1995.16
274
274
274
274
274
274
274
274
274
274
274
274
274
274
274
274
274
274
274
274
274
274
274
274
274
274
274
274
274
274
274
274
274
274
274
274
274
274
274
274
274
274
274
274
274
274
274
274
274
274
274
274
274
274
274
274
274
274
274
274
274
274
274
274
274
274.009
274.437
289.001
544.599
908.063
956.907
973.451
998.264
1033.11
1077.45
1135.1
1206.85
1294.63
1396.42
1517.18
1664.05
1815.08
1877.51
1891.92
1897.93
1912.96
1923.48
1928.1
1778.08
1649.98
1477.69
1425.57
1402.87
1365.66
1350.77
1337.02
1319.78
1316.5
1315.71
1316.58
1314.72
1313.21
1301.83
1288.63
1218.27
1184.71
1122.25
1073.01
1083.35
1094.4
1082.8
1093.87
1097.69
1099.25
1102.58
1109.26
1126.05
1173.6
1236.39
1314.54
1433.8
1549.94
1634.42
1715.1
1949.8
274
274
274
274
274
274
274
274
274
274
274
274
274
274
274
274
274
274
274
274
274
274
274
274
274
274
274
274
274
274
274
274
274
274
274
274
274
274
274
274
274
274
274
274
274
274
274
274
274
274
274
274
274
274
274
274
274
274
274
274
274
274
274
274
274
274.002
274.116
278.503
414.194
836.453
951.535
962.184
979.42
1010.18
1050.99
1100.53
1166.04
1249.31
1352.03
1478.55
1630.4
1791.89
1867.13
1887.05
1893.3
1904.7
1910.54
1907.58
1799.82
1612.07
1411.25
1334.35
1297.04
1261.21
1246.93
1239.63
1233.36
1243.06
1243
1237.88
1232.82
1228.4
1234.05
1172.78
1142.3
1049.89
1015.1
1009.24
1008.21
1006.55
998.2
1003.94
1003.47
1006.47
1017.44
1028.55
1051.1
1094.86
1136.73
1171.34
1223.29
1286.64
1444.32
1650.18
1725.55
274
274
274
274
274
274
274
274
274
274
274
274
274
274
274
274
274
274
274
274
274
274
274
274
274
274
274
274
274
274
274
274
274
274
274
274
274
274
274
274
274
274
274
274
274
274
274
274
274
274
274
274
274
274
274
274
274
274
274
274
274
274
274
274
274
274
274.014
274.688
298.798
619.111
934.879
960.584
967.887
990.417
1029.69
1078.24
1134.38
1205.61
1292.39
1402.31
1540.31
1704.04
1829.55
1867.98
1873.85
1876.8
1891.26
1894.71
1850.16
1664.51
1448.27
1349.75
1312.07
1295.75
1283.23
1277.98
1263.01
1241.48
1228.39
1203.95
1196.59
1206.61
1132.54
1103.06
994.926
995.363
976.854
980.24
974.221
991.978
990.591
994.127
995.691
1005.24
1022.62
1044.73
1078.59
1118.48
1171.35
1257.38
1439.08
1561.99
1605.31
1350.59
1226.19
274
274
274
274
274
274
274
274
274
274
274
274
274
274
274
274
274
274
274
274
274
274
274
274
274
274
274
274
274
274
274
274
274
274
274
274
274
274
274
274
274
274
274
274
274
274
274
274
274
274
274
274
274
274
274
274
274
274
274
274
274
274
274
274
274
274
274.002
274.095
277.885
401.724
828.095
958.01
967.144
978.067
1003.03
1045.84
1102.47
1172.8
1251.04
1334.1
1439.65
1583.78
1768.17
1856
1866.33
1864.12
1881.13
1892.44
1895.71
1684.44
1492.41
1355.61
1298.78
1263.3
1220.35
1206.66
1220.17
1204.84
1173.9
1161.95
1173.29
1119.46
1082.62
970.624
950.923
940.713
916.486
923.599
924.539
923.517
917.602
921.314
940.371
964.992
996.21
1016.53
1046.7
1116.63
1230.94
1418.43
1495.69
1510
1391.42
1312.48
1015.29
274
274
274
274
274
274
274
274
274
274
274
274
274
274
274
274
274
274
274
274
274
274
274
274
274
274
274
274
274
274
274
274
274
274
274
274
274
274
274
274
274
274
274
274
274
274
274
274
274
274
274
274
274
274
274
274
274
274
274
274
274
274
274
274
274
274
274
274.011
274.556
294.327
593.309
931.109
966.371
974.408
988.394
1014.61
1055.67
1109.75
1178.44
1260.91
1362.8
1503.81
1700.59
1840.14
1867.44
1863.23
1881.24
1884.2
1891.26
1794.74
1577.38
1328.83
1234.55
1220.35
1230.67
1215.51
1202.74
1200.72
1203.38
1198.07
1083.13
1036.74
950.743
891.419
888.031
868.413
861.61
874.082
879.929
899.337
935.73
952.539
972.403
997.058
1032.44
1105.43
1240.66
1392.63
1473.75
1494.53
1451.63
1380.52
1368.75
1289.29
1150.2
274
274
274
274
274
274
274
274
274
274
274
274
274
274
274
274
274
274
274
274
274
274
274
274
274
274
274
274
274
274
274
274
274
274
274
274
274
274
274
274
274
274
274
274
274
274
274
274
274
274
274
274
274
274
274
274
274
274
274
274
274
274
274
274
274
274
274
274.001
274.057
276.535
367.894
790.197
952.118
969.833
981.995
999.486
1025.95
1062.3
1114.02
1187.23
1287.79
1428.1
1628.13
1818.79
1873.64
1871.48
1878.93
1879.17
1877.47
1890.71
1710.41
1555.19
1354.24
1324.66
1325.68
1299.71
1298.75
1318.35
1282.09
1164.08
1045.19
1010.03
931.804
930.079
920.297
920.343
938.23
937.889
933.394
935.817
937.008
938.78
959.388
1013.88
1089.89
1266.91
1374.11
1436.68
1459.76
1443.18
1375.76
1357.43
1432.8
1366.67
1117.72
274
274
274
274
274
274
274
274
274
274
274
274
274
274
274
274
274
274
274
274
274
274
274
274
274
274
274
274
274
274
274
274
274
274
274
274
274
274
274
274
274
274
274
274
274
274
274
274
274
274
274
274
274
274
274
274
274
274
274
274
274
274
274
274
274
274
274
274
274.004
274.253
283.956
503.64
893.986
956.828
972.703
988.359
1008.48
1034.1
1069.41
1125.58
1212.54
1341.95
1531.19
1766.43
1862.92
1872.32
1874.98
1873.37
1848.52
1865.75
1857.96
1716.1
1545.25
1401.23
1371.14
1379.21
1356.99
1362.63
1366.67
1260.53
1162.97
999.67
912.812
875.63
864.932
870.698
873.831
877.693
892.752
920.019
945.822
996.712
1073.49
1175.67
1314.23
1392.06
1427.77
1435.06
1413.64
1388.53
1374.32
1461.38
1442.66
1299.75
1028.07
274
274
274
274
274
274
274
274
274
274
274
274
274
274
274
274
274
274
274
274
274
274
274
274
274
274
274
274
274
274
274
274
274
274
274
274
274
274
274
274
274
274
274
274
274
274
274
274
274
274
274
274
274
274
274
274
274
274
274
274
274
274
274
274
274
274
274
274
274
274.016
274.843
307.023
662.097
929.687
956.846
972.155
991.291
1014.01
1039.72
1079.02
1144.06
1249.01
1408.71
1639.88
1824.97
1870.03
1871.8
1864.98
1851.43
1858.86
1872.72
1827.09
1675.68
1495.59
1452.34
1460.85
1517.58
1615.34
1692.35
1650.99
1587.82
1201.36
1173.1
1153.19
1097.49
1103.54
1093.37
1092.62
1100.91
1121.83
1161.63
1270.67
1387.81
1480.95
1518.39
1484.11
1446.19
1430.76
1421.02
1425.65
1487.48
1440.77
1321.43
1127.85
839.58
274
274
274
274
274
274
274
274
274
274
274
274
274
274
274
274
274
274
274
274
274
274
274
274
274
274
274
274
274
274
274
274
274
274
274
274
274
274
274
274
274
274
274
274
274
274
274
274
274
274
274
274
274
274
274
274
274
274
274
274
274
274
274
274
274
274
274
274
274
274.001
274.051
276.389
365.193
785.431
937.522
953.898
969.841
991.135
1016.18
1045.96
1090.47
1163.33
1280.29
1456.42
1697.34
1844.18
1863.59
1853.32
1844.18
1842.06
1866.9
1878.71
1843.87
1799.9
1698.15
1699.44
1801
1927.17
2085.01
2162.76
2013.82
1752.2
1606.99
1514.61
1421.58
1508.55
1537.12
1535.52
1566.54
1613.32
1661.69
1690.6
1696.25
1623.06
1542.41
1489.58
1482.42
1490.47
1530.51
1500.35
1462.71
1323.69
1138.22
886.824
666.541
274
274
274
274
274
274
274
274
274
274
274
274
274
274
274
274
274
274
274
274
274
274
274
274
274
274
274
274
274
274
274
274
274
274
274
274
274
274
274
274
274
274
274
274
274
274
274
274
274
274
274
274
274
274
274
274
274
274
274
274
274
274
274
274
274
274
274
274
274
274
274.002
274.136
279.792
445.788
857.171
938.813
949.089
964.717
987.855
1015.7
1049.7
1098.12
1173.57
1292.36
1473.97
1719.61
1840.66
1852.01
1833.2
1822.78
1850.5
1883.33
1874.4
1883.83
1870.57
1897.27
1994.91
2099.18
2164.94
2186.19
2174.23
2182.55
2157.16
2038.89
1999.4
1987.59
1910.83
1840.02
1742.45
1718.29
1703.12
1697.38
1683.12
1650.94
1643.73
1653.48
1637.54
1633.16
1580.46
1467.36
1352.9
1124.56
877.8
697.108
563.217
274
274
274
274
274
274
274
274
274
274
274
274
274
274
274
274
274
274
274
274
274
274
274
274
274
274
274
274
274
274
274
274
274
274
274
274
274
274
274
274
274
274
274
274
274
274
274
274
274
274
274
274
274
274
274
274
274
274
274
274
274
274
274
274
274
274
274
274
274
274
274
274.005
274.287
285.56
521.484
894.782
936.835
942.215
957.244
981.441
1011.15
1046.88
1095.19
1167.02
1278.49
1449.76
1682.46
1832.65
1865.89
1873.15
1849.11
1846.73
1865.48
1878.02
1909.7
1926.78
1999.98
2080.88
2129.54
2160.16
2171.53
2185.08
2184.77
2152.62
2140.24
2141.13
2144.06
2146.74
2145.19
2128.01
2075.89
2020.57
1950.38
1867.37
1789.54
1720.23
1652.9
1526.29
1385.11
1174.03
983.677
805.683
678.401
577.892
489.795
274
274
274
274
274
274
274
274
274
274
274
274
274
274
274
274
274
274
274
274
274
274
274
274
274
274
274
274
274
274
274
274
274
274
274
274
274
274
274
274
274
274
274
274
274
274
274
274
274
274
274
274
274
274
274
274
274
274
274
274
274
274
274
274
274
274
274
274
274
274
274
274
274.009
274.49
292.948
582.212
909.427
932.438
934.449
948.549
972.095
1000.72
1034.75
1079.4
1142.55
1240.4
1390.11
1620.35
1812.74
1857.36
1845.93
1809.95
1798.15
1792.74
1827.36
1850.03
1904.48
1937.43
1976.9
2006.3
2042.87
2069.59
2082.79
2087.99
2074.45
2071.61
2072.19
2067.47
2052.86
2024.98
1969.96
1909.13
1839.36
1758.46
1672.34
1539.09
1409.71
1219.88
1054.99
894.103
779.182
659.904
574.729
505.456
444.363
274
274
274
274
274
274
274
274
274
274
274
274
274
274
274
274
274
274
274
274
274
274
274
274
274
274
274
274
274
274
274
274
274
274
274
274
274
274
274
274
274
274
274
274
274
274
274
274
274
274
274
274
274
274
274
274
274
274
274
274
274
274
274
274
274
274
274
274
274
274
274
274
274
274.014
274.687
299.43
616.267
911.315
926.818
926.917
939.254
960.275
985.369
1014.98
1052.78
1104.27
1184.51
1310.76
1514.89
1727.37
1799.76
1786.12
1759.65
1728.08
1723.82
1725.45
1752.62
1771.25
1777.18
1775.45
1772.01
1774.81
1780.29
1784.89
1787.96
1781.81
1779.85
1778.78
1769.58
1741.71
1686.12
1615.97
1524.01
1414.91
1308.62
1174.35
1069.68
952.14
851.346
745.098
664.277
580.165
517.29
466.24
419.425
274
274
274
274
274
274
274
274
274
274
274
274
274
274
274
274
274
274
274
274
274
274
274
274
274
274
274
274
274
274
274
274
274
274
274
274
274
274
274
274
274
274
274
274
274
274
274
274
274
274
274
274
274
274
274
274
274
274
274
274
274
274
274
274
274
274
274
274
274
274
274
274
274
274
274.019
274.795
301.585
617.122
905.561
921.271
920.08
929.437
946.699
967.247
991.41
1020.75
1059.73
1119.71
1214.7
1354.61
1522.13
1648.01
1685.08
1685.26
1679.29
1684.35
1678.61
1684.91
1670.79
1647.83
1623.21
1612.48
1614.72
1615.77
1617.43
1617.65
1614.02
1612.57
1600.78
1559.87
1492.74
1413.1
1320.24
1206.11
1093.93
981.043
883.672
791.076
712.398
632.798
573.929
514.824
468.627
430.917
395.586
274
274
274
274
274
274
274
274
274
274
274
274
274
274
274
274
274
274
274
274
274
274
274
274
274
274
274
274
274
274
274
274
274
274
274
274
274
274
274
274
274
274
274
274
274
274
274
274
274
274
274
274
274
274
274
274
274
274
274
274
274
274
274
274
274
274
274
274
274
274
274
274
274
274
274
274.021
274.763
298.189
584.423
891.119
915.57
913.616
919.793
932.825
948.815
966.977
987.152
1014.31
1050.98
1111.87
1192.04
1290.19
1390.98
1489.99
1552.12
1587.98
1597.52
1602.9
1600.95
1588.2
1572.35
1558.17
1545.41
1534.02
1527.56
1524.35
1522.8
1510.45
1475.64
1422.68
1346.2
1261.48
1166.32
1050.32
934.508
833.535
750.666
676.426
616.6
557.355
513.951
471.444
436.194
407.226
382.108
274
274
274
274
274
274
274
274
274
274
274
274
274
274
274
274
274
274
274
274
274
274
274
274
274
274
274
274
274
274
274
274
274
274
274
274
274
274
274
274
274
274
274
274
274
274
274
274
274
274
274
274
274
274
274
274
274
274
274
274
274
274
274
274
274
274
274
274
274
274
274
274
274
274
274
274
274.02
274.61
291.347
524.868
857.573
908.196
906.896
909.846
919.2
930.733
942.558
954.34
967.812
988.677
1018.75
1055.79
1105.79
1169.15
1232.29
1296.64
1350.13
1392.67
1430.13
1460.11
1474.88
1477
1471.51
1462.75
1451.16
1435.5
1407.23
1361.97
1306.07
1241.07
1161.65
1078.85
988.602
887.324
792.726
714.796
651.404
595.194
550.915
506.838
474.043
442.859
415.472
393.63
376.25
274
274
274
274
274
274
274
274
274
274
274
274
274
274
274
274
274
274
274
274
274
274
274
274
274
274
274
274
274
274
274
274
274
274
274
274
274
274
274
274
274
274
274
274
274
274
274
274
274
274
274
274
274
274
274
274
274
274
274
274
274
274
274
274
274
274
274
274
274
274
274
274
274
274
274
274
274
274.017
274.414
284.247
447.342
793.101
895.879
898.253
898.874
905.102
912.381
918.42
921.749
926.89
934.769
941.959
957.134
979.589
1009.56
1040.01
1072.88
1108.12
1146.37
1186.25
1225.79
1257.03
1274.94
1277.6
1264.97
1235.73
1193.71
1144.32
1087.29
1025.18
955.35
888.18
819.269
746.991
680.796
626.041
580.797
539.482
506.922
473.675
448.396
425.045
404.353
388.586
375.339
274
274
274
274
274
274
274
274
274
274
274
274
274
274
274
274
274
274
274
274
274
274
274
274
274
274
274
274
274
274
274
274
274
274
274
274
274
274
274
274
274
274
274
274
274
274
274
274
274
274
274
274
274
274
274
274
274
274
274
274
274
274
274
274
274
274
274
274
274
274
274
274
274
274
274
274
274
274
274.012
274.244
279.01
366.204
682.592
870.738
885.795
886.156
889.518
892.06
892.206
890.882
890.946
888.766
888.962
889.334
891.936
901.11
910.809
924.779
942.731
964.863
987.019
1007.25
1021.69
1024.95
1017.41
996.411
965.217
927.127
883.891
837.917
788.303
740.834
693.941
646.173
602.159
564.525
532.858
502.552
478.199
453.139
433.451
415.975
400.803
388.414
377.773
274
274
274
274
274
274
274
274
274
274
274
274
274
274
274
274
274
274
274
274
274
274
274
274
274
274
274
274
274
274
274
274
274
274
274
274
274
274
274
274
274
274
274
274
274
274
274
274
274
274
274
274
274
274
274
274
274
274
274
274
274
274
274
274
274
274
274
274
274
274
274
274
274
274
274
274
274
274
274
274.007
274.128
276.092
307.8
534.365
802.832
868.16
871.701
871.323
869.962
865.681
863.15
862.466
853.937
847.363
839.364
830.247
826.57
825.931
828.017
832.853
839.356
845.369
849.135
847.777
839.56
823.914
801.228
773.77
743.036
711.994
678.911
646.463
614.715
582.311
551.9
524.834
501.848
479.191
460.713
441.955
426.746
413.657
401.455
391.445
384.491
274
274
274
274
274
274
274
274
274
274
274
274
274
274
274
274
274
274
274
274
274
274
274
274
274
274
274
274
274
274
274
274
274
274
274
274
274
274
274
274
274
274
274
274
274
274
274
274
274
274
274
274
274
274
274
274
274
274
274
274
274
274
274
274
274
274
274
274
274
274
274
274
274
274
274
274
274
274
274
274
274.004
274.061
274.801
284.775
395.27
668.313
834.125
853.843
852.434
847.414
841.261
838.486
834.33
824.781
813.94
800.947
787.476
777.067
769.783
763.742
760.229
757.464
753.687
747.082
736.595
722.148
704.408
684.2
661.833
639.972
616.432
592.333
568.697
544.713
522.107
501.4
483.883
466.461
452.063
437.869
425.64
415.104
405.88
397.911
390.253
274
274
274
274
274
274
274
274
274
274
274
274
274
274
274
274
274
274
274
274
274
274
274
274
274
274
274
274
274
274
274
274
274
274
274
274
274
274
274
274
274
274
274
274
274
274
274
274
274
274
274
274
274
274
274
274
274
274
274
274
274
274
274
274
274
274
274
274
274
274
274
274
274
274
274
274
274
274
274
274
274
274.002
274.026
274.292
277.124
307.046
483.783
728.998
825.566
831.895
826.637
820.776
813.473
806.635
801.839
794.099
781.706
766.292
752.88
741.819
731.43
721.181
711.058
699.925
686.978
672.71
657.289
640.265
620.854
602.41
583.133
562.937
544.164
525.527
507.881
491.24
476.888
462.484
450.15
438.222
427.563
417.547
407.43
397.726
389.242
274
274
274
274
274
274
274
274
274
274
274
274
274
274
274
274
274
274
274
274
274
274
274
274
274
274
274
274
274
274
274
274
274
274
274
274
274
274
274
274
274
274
274
274
274
274
274
274
274
274
274
274
274
274
274
274
274
274
274
274
274
274
274
274
274
274
274
274
274
274
274
274
274
274
274
274
274
274
274
274
274
274
274.001
274.01
274.097
274.861
281.69
340.654
536.265
731.866
801.66
805.907
799.696
791.17
782.403
775.116
769.528
761.81
750.503
737.806
725.122
712.128
698.626
684.562
669.663
654.171
638.19
621.017
603.465
586.468
568.904
551.585
535.59
519.374
503.674
488.336
474.353
460.393
447.713
435.729
424.305
413.848
404.534
396.132
388.644
274
274
274
274
274
274
274
274
274
274
274
274
274
274
274
274
274
274
274
274
274
274
274
274
274
274
274
274
274
274
274
274
274
274
274
274
274
274
274
274
274
274
274
274
274
274
274
274
274
274
274
274
274
274
274
274
274
274
274
274
274
274
274
274
274
274
274
274
274
274
274
274
274
274
274
274
274
274
274
274
274
274
274
274
274.003
274.03
274.237
275.704
286.176
354.909
529.388
692.789
765.441
774.683
768.149
759.898
750.43
741.503
732.712
723.317
712.442
700.269
687.285
673.486
658.821
643.426
627.402
610.72
594.093
577.412
560.716
543.96
527.636
511.164
495.462
480.156
466.02
453.022
441.551
431.373
421.564
411.768
402.808
391.115
367.315
274
274
274
274
274
274
274
274
274
274
274
274
274
274
274
274
274
274
274
274
274
274
274
274
274
274
274
274
274
274
274
274
274
274
274
274
274
274
274
274
274
274
274
274
274
274
274
274
274
274
274
274
274
274
274
274
274
274
274
274
274
274
274
274
274
274
274
274
274
274
274
274
274
274
274
274
274
274
274
274
274
274
274
274
274
274.001
274.009
274.06
274.386
276.24
286.401
337.118
463.515
611.53
699.403
730.223
731.002
723.122
713.002
701.172
688.178
675.003
661.775
648.532
635.002
620.834
605.702
590.016
574.346
558.542
543.029
527.529
512.61
498.211
484.984
472.571
460.888
449.545
438.93
427.966
413.528
386.198
350.078
310.128
288.696
274
274
274
274
274
274
274
274
274
274
274
274
274
274
274
274
274
274
274
274
274
274
274
274
274
274
274
274
274
274
274
274
274
274
274
274
274
274
274
274
274
274
274
274
274
274
274
274
274
274
274
274
274
274
274
274
274
274
274
274
274
274
274
274
274
274
274
274
274
274
274
274
274
274
274
274
274
274
274
274
274
274
274
274
274
274
274
274.002
274.015
274.082
274.424
275.926
282.088
303.863
371.532
479.645
579.689
640.054
667.313
670.034
662.738
651.822
639.443
626.503
613.219
599.445
585.033
570.465
556.412
542.441
528.647
514.806
501.668
489.073
477.18
464.785
449.853
426.694
392.709
351.983
310.941
290.886
282.599
278.047
275.87
274
274
274
274
274
274
274
274
274
274
274
274
274
274
274
274
274
274
274
274
274
274
274
274
274
274
274
274
274
274
274
274
274
274
274
274
274
274
274
274
274
274
274
274
274
274
274
274
274
274
274
274
274
274
274
274
274
274
274
274
274
274
274
274
274
274
274
274
274
274
274
274
274
274
274
274
274
274
274
274
274
274
274
274
274
274
274
274
274
274.003
274.018
274.076
274.309
275.108
277.614
284.701
301.571
339.816
399.89
469.537
520.993
553.057
569.697
575.277
572.258
564.735
554.63
542.982
530.362
516.45
501.229
482.566
460.014
432.884
400.836
363.42
324.408
298.878
287.793
281.405
277.796
275.951
274.979
274.478
274.229
274
274
274
274
274
274
274
274
274
274
274
274
274
274
274
274
274
274
274
274
274
274
274
274
274
274
274
274
274
274
274
274
274
274
274
274
274
274
274
274
274
274
274
274
274
274
274
274
274
274
274
274
274
274
274
274
274
274
274
274
274
274
274
274
274
274
274
274
274
274
274
274
274
274
274
274
274
274
274
274
274
274
274
274
274
274
274
274
274
274
274.001
274.003
274.014
274.049
274.154
274.453
275.19
276.799
280.058
286.052
295.053
306.472
319.898
333.45
349.666
361.542
366.477
364.278
355.78
341.454
324.321
309.91
300.199
291.999
285.851
281.266
278.242
276.452
275.365
274.741
274.404
274.22
274.117
274.06
274.029
274
274
274
274
274
274
274
274
274
274
274
274
274
274
274
274
274
274
274
274
274
274
274
274
274
274
274
274
274
274
274
274
274
274
274
274
274
274
274
274
274
274
274
274
274
274
274
274
274
274
274
274
274
274
274
274
274
274
274
274
274
274
274
274
274
274
274
274
274
274
274
274
274
274
274
274
274
274
274
274
274
274
274
274
274
274
274
274
274
274
274
274
274
274.002
274.008
274.023
274.059
274.137
274.296
274.591
275.075
275.766
276.631
277.581
278.514
279.295
279.719
279.722
279.343
278.63
277.781
276.927
276.158
275.499
274.989
274.623
274.386
274.235
274.139
274.081
274.046
274.026
274.014
274.007
274.003
274
274
274
274
274
274
274
274
274
274
274
274
274
274
274
274
274
274
274
274
274
274
274
274
274
274
274
274
274
274
274
274
274
274
274
274
274
274
274
274
274
274
274
274
274
274
274
274
274
274
274
274
274
274
274
274
274
274
274
274
274
274
274
274
274
274
274
274
274
274
274
274
274
274
274
274
274
274
274
274
274
274
274
274
274
274
274
274
274
274
274
274
274
274
274
274.001
274.003
274.008
274.018
274.035
274.062
274.104
274.158
274.221
274.285
274.342
274.381
274.391
274.378
274.342
274.291
274.233
274.178
274.129
274.09
274.06
274.038
274.024
274.015
274.009
274.005
274.003
274.002
274.001
274
274.001
274.001
274
274
274
274
274
274
274
274
274
274
274
274
274
274
274
274
274
274
274
274
274
274
274
274
274
274
274
274
274
274
274
274
274
274
274
274
274
274
274
274
274
274
274
274
274
274
274
274
274
274
274
274
274
274
274
274
274
274
274
274
274
274
274
274
274
274
274
274
274
274
274
274
274
274
274
274
274
274
274
274
274
274
274
274
274
274
274
274
274
274
274
274
274
274
274
274.001
274.001
274.002
274.004
274.007
274.011
274.016
274.021
274.025
274.029
274.031
274.03
274.028
274.025
274.02
274.016
274.012
274.009
274.006
274.004
274.003
274.002
274.001
274.001
274.001
274.001
274
274
274.002
274.002
274.002
274.002
274.002
274.002
274.002
274.002
274.002
274.002
274.002
274.002
274.002
274.002
274.002
274.002
274.002
274.002
274.002
274.002
274.002
274.002
274.002
274.002
274.002
274.002
274.002
274.002
274.002
274.002
274.002
274.002
274.002
274.002
274.002
274.002
274.002
274.002
274.002
274.002
274.002
274.002
274.002
274.002
274.002
274.002
274.002
274.002
274.002
274.002
274.002
274.002
274.002
274.002
274.002
274.002
274.002
274.002
274.002
274.002
274.002
274.002
274.002
274.002
274.002
274.002
274.002
274.002
274.002
274.002
274.002
274.002
274.002
274.002
274.002
274.002
274.002
274.002
274.002
274.002
274.002
274.002
274.002
274.002
274.002
274.002
274.002
274.002
274.002
274.002
274.002
274.002
274.002
274.002
274.002
274.002
274.002
274.002
274.002
274.002
274.002
274.002
274.002
274.003
274.003
274.004
274.004
274.004
274.004
274.004
274.004
274.004
274.003
274.003
274.002
274.002
274.002
274.002
274.002
274.002
274.002
274.002
274.002
274.002
274.002
)
;

boundaryField
{
    wall
    {
        type            zeroGradient;
    }
    inlet
    {
        type            fixedValue;
        value           uniform 3673;
    }
    outlet-1
    {
        type            inletOutlet;
        inletValue      uniform 274;
        value           uniform 274;
    }
    outlet-2
    {
        type            inletOutlet;
        inletValue      uniform 274;
        value           nonuniform List<scalar> 
89
(
274.002
274.001
274
274
274
274
274
274
274
274
274
274
274
274
274
274
274
274
274
274
274
274
274
274
274
274
274
274
274
274
274
274
274
274
274
274
274
274
274
274
274
274
274
274
274
274
274
274
274
274
274
274
274
274
274
274
274
274
274
274
274
274
274
274
274
274
274
274
274
274
274
274
274
274
274
274
274
274
274
274
274
274
274
274
274
274
274
274.001
274.002
)
;
    }
    frontAndBackPlanes
    {
        type            empty;
    }
}


// ************************************************************************* //
