/*--------------------------------*- C++ -*----------------------------------*\
| =========                 |                                                 |
| \\      /  F ield         | OpenFOAM: The Open Source CFD Toolbox           |
|  \\    /   O peration     | Version:  2112                                  |
|   \\  /    A nd           | Website:  www.openfoam.com                      |
|    \\/     M anipulation  |                                                 |
\*---------------------------------------------------------------------------*/
FoamFile
{
    version     2.0;
    format      ascii;
    arch        "LSB;label=32;scalar=64";
    class       volScalarField;
    location    "0.00094";
    object      T;
}
// * * * * * * * * * * * * * * * * * * * * * * * * * * * * * * * * * * * * * //

dimensions      [0 0 0 1 0 0 0];

internalField   nonuniform List<scalar> 
13875
(
1411.75
1534.92
1482.65
1486.83
1481.13
1483.12
1482.45
1483.05
1483.02
1484.61
1484.19
1484.12
1483.81
1484.63
1483.4
1483.83
1483.18
1482.81
1482.05
1482.89
1480.89
1488.23
1481.27
1532.86
1399.66
1307.02
1356.03
1319.06
1322.29
1316.95
1317.1
1316.33
1317.11
1318.07
1322.24
1321.2
1322.41
1323.18
1324.23
1322.94
1322.09
1318.03
1316.7
1315.85
1316.86
1316.77
1321.95
1319.83
1356.09
1303.39
1307.02
1339.78
1314.73
1311.27
1303.99
1303.91
1302.43
1302.45
1302.54
1303.35
1303.81
1303.47
1303.81
1305.08
1304.28
1304.32
1303.47
1302.95
1302.39
1304.01
1303.87
1311.97
1312.63
1336.86
1297.53
1317.02
1345.05
1315.16
1308.79
1305.27
1304.46
1302.77
1302.6
1302.6
1302.88
1303.75
1303.31
1303.21
1303.6
1302.83
1303.39
1303.63
1303.09
1302.68
1304.55
1304.88
1308.24
1314.48
1343.99
1312.7
1329.3
1341.67
1316.16
1311.84
1303.59
1303.52
1302.35
1302.53
1302.6
1302.93
1303.97
1303.41
1303.38
1303.7
1302.91
1303.17
1303.54
1303.3
1302.62
1303.85
1303.4
1312.91
1313.16
1339.56
1317.71
1332.21
1351.56
1319.46
1310.38
1307.16
1305.76
1303.72
1303.23
1303.19
1303.14
1304.05
1303.67
1303.75
1303.94
1303.15
1303.49
1304.02
1304
1303.75
1306.12
1306.64
1309.28
1319.96
1350.72
1329.26
1339.28
1360.56
1329.78
1317.12
1307.15
1305.75
1304.08
1303.88
1304.11
1304
1304.77
1304.33
1304.51
1304.69
1304.09
1304.29
1304.58
1304.69
1304.34
1306.2
1307.17
1319.09
1327.28
1360.56
1325.27
1361.89
1386.33
1345.91
1321.79
1316.72
1311.85
1308.06
1306.6
1306.17
1305.85
1306.2
1305.86
1306.06
1306.09
1305.66
1305.96
1306.67
1307.3
1308.1
1312.04
1315.65
1322.62
1343.69
1385.18
1356.3
1535.34
1509.2
1389.9
1351.67
1323.96
1316.26
1312.02
1310.39
1309.6
1309.39
1309.38
1309.24
1309.33
1309.22
1308.8
1309.2
1310.04
1310.84
1312.13
1316.43
1324.08
1352.11
1388.11
1512.6
1531.58
1862.26
1590.87
1439.28
1367.92
1345.06
1328.95
1321.58
1318.67
1317.04
1316.68
1316.36
1316.38
1316.28
1316.02
1315.77
1316.3
1317.65
1319.44
1321.78
1330.27
1341.99
1369.76
1439.08
1587.36
1854.53
2519.32
1802.54
1542.96
1437.15
1368.68
1349.53
1339.67
1335.43
1333.06
1332.19
1331.85
1331.99
1331.68
1331.33
1331.3
1331.91
1333.47
1336.33
1339.54
1350.24
1369.48
1429.77
1537.36
1799.04
2467.07
2885.73
2320.24
2169.16
1539.35
1449.35
1414.23
1385.94
1378.05
1372.11
1369.99
1369.58
1369.74
1369.44
1369.16
1369.58
1370.44
1372.89
1379.59
1386.44
1417.41
1448.12
1529.73
2199.26
2360.93
2867.91
2845.49
2788.32
2666.69
2386.74
1656.64
1553.65
1526.55
1507.65
1497.41
1495.05
1495.52
1496.12
1496.7
1496.49
1497.45
1498.73
1502.11
1513.59
1530.77
1566
1705.88
2321.75
2626.16
2825.65
2820.62
2769.41
2760.5
2858.95
2854.61
2231.66
2247.91
2054.07
1968.26
1912.18
1895.35
1901.69
1899.93
1906.35
1903.94
1913.28
1914.52
1932.59
1987.44
2108.28
2218.05
2352.8
2814.02
2848.91
2820.07
2731.17
2639.07
2756.48
2863.08
2848.53
2881.04
3183.04
3434.1
3498.55
3662.85
3654.76
3682.96
3677.81
3687.32
3673.77
3681.72
3656.87
3651.46
3514.62
3420.94
3230.4
2900.28
2835.12
2847.4
2781.66
2672.41
2524.99
2681.42
2890.45
2994.29
3001.03
3351.13
3607.67
3701.97
3705.07
3679.57
3656.66
3650.48
3643.13
3651.52
3654.59
3674.07
3695.58
3702.68
3601.9
3408.82
3038.55
2957.39
2884.8
2756.46
2554.74
2476.12
2620.49
2750.85
2956.12
3056.01
3355.53
3581
3684.32
3685.47
3659.2
3637.75
3638.85
3635.53
3644.37
3645.88
3661.25
3683.03
3700.13
3594.45
3397.74
3039.63
2912.98
2790.34
2645.81
2454.56
2298.47
2608.34
2867.17
2954.97
2967.44
3222.14
3370.14
3472.33
3497.42
3512.98
3506.72
3517.15
3522.19
3533.4
3539.88
3544.66
3524.29
3475.45
3357.78
3176.37
2959.62
2892.56
2834.55
2605.53
2248.08
2241.1
2336.08
2627.84
2777.55
2756.59
2904.83
3119.16
3292.55
3374.64
3402.54
3402.96
3406.4
3407.44
3413.11
3418.42
3423.57
3411.28
3327.01
3119.54
2865.32
2709.69
2689.29
2633.5
2321.99
2246.93
2333.97
2273.27
2400.79
2540.32
2565.63
2648.87
2860.43
3079.05
3229.92
3295.94
3304.01
3303.66
3299.38
3302.95
3311.34
3312.95
3260.98
3088.32
2822.62
2591.61
2498.31
2473.21
2426.51
2266.71
2344.56
2922.66
2266.08
2204.57
2346.1
2410.03
2495.21
2678.85
2910.91
3080
3172.16
3197.37
3197.92
3188.79
3190.25
3195.42
3182.03
3096.32
2888.83
2615.08
2419.45
2343.94
2301.84
2207.73
2188.57
2946.24
2833.41
2053.71
2011.25
2190.48
2276.76
2376.52
2549.53
2754.03
2934.29
3047.7
3083.29
3085.23
3074.62
3076.1
3078.31
3052.83
2938.49
2714.83
2476.42
2305.16
2224.68
2149.75
2040.24
2054.4
2849.07
2869.33
2056.34
1902.11
2074.1
2178.37
2289.31
2433.94
2626.89
2806.2
2930.81
2971.62
2973.03
2962.27
2962.74
2965.34
2936.17
2817.59
2597.82
2364.4
2220.75
2125.66
2052.52
1914.83
2075.03
2843.3
2811.14
2040.38
1895.91
2020.51
2100.28
2205.55
2336.81
2523.59
2694.02
2821.65
2862.48
2863.02
2853.3
2853.73
2855.43
2827.27
2709.62
2503.81
2274.39
2126.91
2050.16
1986.94
1935.52
2062.45
2757.75
2789.48
2056.36
1926.68
1984.61
2036.69
2120
2252.98
2428.48
2602.89
2711.61
2751.34
2753.64
2747.42
2744.82
2744.37
2714.98
2614.7
2412.33
2198.28
2045.62
1980.58
1968.17
1954.6
2087.81
2763.2
2748.53
2075.48
1943.76
1960.33
1984.46
2052.7
2179.97
2356.03
2501.15
2613.72
2649.54
2652.58
2648.8
2644.01
2640.76
2614.26
2516.75
2348.63
2141.98
1982.89
1923.77
1926.76
1976.41
2120.61
2725.78
2727.75
2114.79
1966.13
1960.65
1947.07
2000.56
2122.81
2283.85
2428.28
2521.78
2554.97
2561.01
2558.42
2552.92
2543.67
2517.15
2436.71
2279.14
2091.06
1937.13
1889.87
1915.33
2005.75
2170.46
2770.56
2731.23
2172.14
2012.82
1947.11
1918.1
1961.21
2078.39
2215.97
2348.33
2430.59
2464.19
2470.17
2471.63
2462.88
2453.04
2422.85
2348.29
2206.33
2052.43
1896.94
1857.81
1904.77
2020.89
2231.67
2790.99
2770.75
2210.75
2002.15
1949.04
1908.92
1926.08
2024.83
2163.68
2264.01
2353.05
2380.8
2391.48
2393.11
2385.15
2367.8
2343.54
2267.85
2154.11
2013.94
1887.47
1833.03
1891.16
2002.58
2221.76
2854.88
2848.37
2230.36
2051.22
1961.69
1879.06
1906.11
2005.52
2095.32
2212.72
2272.94
2310.62
2318.79
2321.57
2312.9
2298.33
2263.29
2207.69
2087.68
1988.28
1861.24
1820.49
1890.63
2027.81
2224.27
2849.76
2843.83
2224.15
2029.52
1945.04
1866.97
1890.87
1967.89
2067.06
2147.15
2219.83
2240.28
2250.52
2254.62
2246.11
2228.13
2208.13
2148
2044.62
1961.92
1855.56
1809.79
1877.14
1992.66
2227.24
2849.56
2884.33
2234.87
2064.21
1962.25
1866.87
1884.01
1937.55
2026.57
2095.07
2149.77
2178.23
2191.2
2194.77
2187.89
2169.48
2142.79
2100.15
2011.61
1930.44
1859.36
1810.01
1887.04
2011.15
2239.74
2854.18
2888.94
2237.23
2095.78
1967.59
1875.24
1866.08
1943.49
1981.12
2064.29
2103.42
2127.69
2132.99
2138.22
2130.28
2121.2
2097.04
2066.47
1973.02
1932.15
1842.92
1826.55
1916.1
2081.84
2242.86
2906.76
2882.09
2267.38
2153.97
1961.27
1903.37
1881.4
1902.88
1974.66
2007.46
2062.63
2068.78
2086.5
2088.24
2085.54
2066.1
2060.64
2015.84
1969.06
1900.53
1848.76
1860.32
1917.39
2122.85
2268.93
2901.44
2882.57
2273.55
2157.77
2039.39
1939.83
1876.2
1912.15
1931.57
1990.45
2003.79
2034.82
2036.45
2041.58
2036.12
2035.12
2006.88
1998.51
1935.45
1901.43
1856.5
1898.43
1982.98
2122.32
2261.36
2890.86
2863.32
2267.42
2146.7
2101.06
1954.29
1897.83
1894.81
1916.41
1943.76
1981.34
1979.36
1996.63
1996.18
1996.1
1982.52
1985.57
1958.91
1917.83
1896.93
1865.75
1925.3
2046.25
2114.73
2265.84
2875.92
2814.58
2248.5
2137.68
2107.46
1975.26
1908.02
1872.29
1910.56
1917.39
1936.74
1954.21
1953.2
1957.69
1956.33
1957.17
1944.84
1927.39
1919.21
1863.27
1881.88
1947.43
2047.12
2117.74
2274.62
2831.77
2796.33
2266.62
2112.85
2101.65
2045.68
1924.43
1896.8
1854.33
1908.33
1902.35
1911.9
1922.61
1918.43
1922.3
1916.26
1912.31
1925.89
1872.37
1898.98
1890.47
2007.79
2059.49
2095.72
2277.87
2795.67
2785.46
2281.36
2074.67
2105.12
2071.65
1927.11
1881.46
1894.98
1847.82
1892.32
1877.91
1879.82
1883.91
1883.8
1882.63
1902.12
1864.19
1901.5
1873.8
1905.23
2046.98
2062.63
2064.79
2301.5
2780.9
2770.22
2302.7
2064.56
2080.96
2050.33
1959.62
1894.97
1861.99
1878.73
1837.37
1868.44
1859.05
1856.76
1858.6
1870.68
1848.11
1881.02
1879.13
1886.35
1935.18
2024.68
2029.49
2037.51
2309.69
2750.73
2738.43
2322.66
2078.43
2055.87
2037.11
2017.84
1912.28
1868.2
1860.03
1853.43
1813.67
1834.26
1822.82
1840.13
1820.11
1856.69
1865.75
1860.07
1905.96
1999.01
2011.3
2010.57
2038.47
2307.68
2721.91
2713.23
2328.85
2088.56
2014.04
2019.9
2014.44
1938.93
1892.13
1839.03
1843.8
1828.48
1796.76
1809.1
1795.71
1832.29
1850.59
1843.33
1904.77
1921.71
1999.41
2013.43
2008.77
2069.16
2316.63
2667.09
2642.2
2321.37
2092.62
2013.51
1990.93
2004.52
1993.1
1868.77
1876.91
1823.66
1811.57
1808.79
1800.28
1807.44
1810.92
1823.44
1880.32
1845.64
1969.25
1991.77
2002.64
2007.68
2078.57
2329.43
2623.84
2580.36
2351.4
2098.29
2022.85
1989.07
1975.15
2003.16
1951.05
1831.16
1854.44
1807.32
1785.62
1789.19
1786.78
1811.33
1857.13
1848.93
1938.48
2001.42
1972.29
1985.9
2027.94
2090.35
2326.66
2547.59
2555.61
2356.65
2125.65
2038.17
1993.88
1971.48
2000.58
2023.26
1929.18
1836.59
1829.13
1797.09
1789.93
1797.38
1826.75
1847.07
1926.34
2019.47
1999.31
1970.68
1990.68
2027.1
2122.87
2347.64
2530.04
2521.02
2357.49
2131.82
2048.8
1996.53
1972.01
1991.15
2017.5
2009.82
1901.5
1808.43
1782.05
1797.76
1778.53
1802.29
1893.4
2009.22
2021.29
1987.15
1973.94
1995.04
2036.07
2129.87
2347.4
2514.1
2521
2366.39
2142.14
2059.56
2002.05
1977.42
1989.4
2009.99
2032.66
2011.88
1905.4
1814.02
1827.83
1814.47
1903.93
2014.06
2035.98
2017.23
1983.81
1979.11
1996.5
2057.87
2136.95
2352.29
2508.71
2509.17
2384.75
2152.82
2062.83
2016.07
1985.34
1980.93
1991.07
2017.61
2031.87
2006.06
1891.21
1897.86
1892.86
2006.7
2032.7
2022.46
1994.3
1975.52
1980.79
2010.93
2061.94
2151.17
2379.94
2499.06
2470.7
2387.07
2194.86
2068.89
2031.81
1998.96
1988.37
1989.78
2018.16
2046.28
2000.5
1955.33
2149.47
1957.21
2003.84
2045.2
2021.15
1992.51
1984.15
1992.71
2024.48
2066.66
2193.79
2381.35
2460.49
2256.75
2366.88
2255.52
2127.41
2066.49
2029.19
2001.93
2011.64
2026.56
2057.61
2131.31
2233.07
2305.13
2231.9
2128.62
2056.62
2028.34
2009.29
1998.54
2016.75
2059.64
2119.89
2247.81
2360.56
2241.01
273.999
274.136
274.255
274.387
274.492
274.381
274.241
274.123
274.057
274.023
274.009
274.003
274.001
274
274
274
274
274
274
274
274
274
274
273.999
273.999
273.999
273.996
274.004
273.988
274.015
274.396
274.418
274.499
274.608
274.683
274.501
274.313
274.16
274.073
274.03
274.011
274.003
274.001
274
274
274
274
274
274
274
274
274
274
273.999
273.999
273.999
273.996
274.005
273.988
274.016
274.498
274.441
274.512
274.654
274.749
274.541
274.341
274.172
274.078
274.032
274.011
274.003
274.001
274
274
274
274
274
274
274
274
274
273.999
273.999
273.999
273.999
273.997
274.004
273.994
274.009
274.503
274.408
274.497
274.705
274.803
274.569
274.361
274.181
274.081
274.032
274.011
274.003
274.001
274
274
274
274
274
274
274
274
274
273.999
273.999
273.999
273.999
273.998
274.003
273.998
274.006
274.489
274.383
274.488
274.758
274.842
274.585
274.372
274.184
274.081
274.032
274.011
274.003
274.001
274
274
274
274
274
274
274
274
274
274
273.999
273.999
273.999
273.999
274.003
273.999
274.004
274.472
274.374
274.496
274.811
274.864
274.582
274.372
274.183
274.08
274.031
274.011
274.003
274.001
274
274
274
274
274
274
274
274
274
274
273.999
273.999
273.999
274
274.002
274
274.003
274.472
274.393
274.531
274.842
274.865
274.573
274.367
274.179
274.078
274.03
274.01
274.003
274.001
274
274
274
274
274
274
274
274
274
274
273.999
273.999
273.999
274
274.001
274
274.003
274.48
274.487
274.557
274.86
274.859
274.553
274.357
274.174
274.075
274.028
274.008
274.002
274
274
274
274
274
274
274
274
274
274
274
274
273.999
273.999
274
274.001
274.001
274.003
274.485
274.571
274.57
274.867
274.844
274.522
274.342
274.165
274.07
274.025
274.008
274.002
274
274
274
274
274
274
274
274
274
274
274
274
273.999
273.999
274
274
274.001
274.003
274.487
274.635
274.581
274.865
274.814
274.484
274.318
274.15
274.063
274.022
274.007
274.002
274
274
274
274
274
274
274
274
274
274
274
274
274
273.999
274
274
274
274.002
274.461
274.676
274.59
274.818
274.768
274.44
274.293
274.137
274.058
274.021
274.006
274.002
274
274
274
274
274
274
274
274
274
274
274
274
274
274
273.999
274
274
274.001
274.482
274.698
274.595
274.737
274.713
274.4
274.269
274.126
274.053
274.019
274.006
274.001
274
274
274
274
274
274
274
274
274
274
274
274
274
274
274
274
274
274.001
274.497
274.703
274.602
274.659
274.653
274.364
274.247
274.116
274.049
274.017
274.005
274.001
274
274
274
274
274
274
274
274
274
274
274
274
274
274
274
274
274
274.001
274.485
274.611
274.552
274.592
274.593
274.332
274.226
274.106
274.045
274.016
274.005
274.001
274
274
274
274
274
274
274
274
274
274
274
274
274
274
274
274
274
274.001
274.467
274.522
274.485
274.533
274.534
274.301
274.205
274.097
274.041
274.014
274.004
274.001
274
274
274
274
274
274
274
274
274
274
274
274
274
274
274
274
274
274.001
274.467
274.456
274.427
274.474
274.475
274.269
274.184
274.087
274.037
274.013
274.004
274.001
274
274
274
274
274
274
274
274
274
274
274
274
274
274
274
274
274
274.001
274.434
274.448
274.39
274.417
274.417
274.237
274.162
274.077
274.032
274.011
274.003
274.001
274
274
274
274
274
274
274
274
274
274
274
274
274
274
274
274
274
274.001
274.528
274.665
274.514
274.407
274.366
274.204
274.141
274.067
274.028
274.01
274.003
274.001
274
274
274
274
274
274
274
274
274
274
274
274
274
274
274
274
274
274.001
274.914
275.612
275.202
274.67
274.389
274.18
274.119
274.056
274.024
274.008
274.002
274
274
274
274
274
274
274
274
274
274
274
274
274
274
274
274
274
274
274.001
276.401
279.595
278.992
276.305
274.762
274.234
274.108
274.046
274.019
274.007
274.002
274
274
274
274
274
274
274
274
274
274
274
274
274
274
274
274
274
274
274.001
279.948
294.03
297.672
285.315
277.135
274.627
274.163
274.043
274.015
274.005
274.001
274
274
274
274
274
274
274
274
274
274
274
274
274
274
274
274
274
274
274.001
289.418
304.235
329.389
332.317
291.158
276.981
274.483
274.082
274.016
274.004
274.001
274
274
274
274
274
274
274
274
274
274
274
274
274
274
274
274
274
274
274.001
289.65
306.808
348.416
362.887
350.497
290.13
276.13
274.278
274.037
274.004
274
274
274
274
274
274
274
274
274
274
274
274
274
274
274
274
274
274
274
274.001
277.972
340.647
405.265
415.413
386.509
346.292
283.85
275.158
274.127
274.013
274.001
274
274
274
274
274
274
274
274
274
274
274
274
274
274
274
274
274
274
274.001
400.36
572.176
753.541
625.058
460.424
399.02
324.633
278.42
274.441
274.043
274.003
274
274
274
274
274
274
274
274
274
274
274
274
274
274
274
274
274
274
274.001
274.015
273.988
274.004
273.996
273.999
273.999
273.999
274
274
274
274
274
274
274
274
274
274
274.001
274.003
274.009
274.023
274.057
274.123
274.24
274.38
274.492
274.387
274.255
274.136
273.999
274.016
273.988
274.005
273.996
273.999
273.999
273.999
274
274
274
274
274
274
274
274
274
274
274.001
274.003
274.011
274.03
274.073
274.16
274.313
274.5
274.683
274.608
274.499
274.418
274.396
274.009
273.994
274.004
273.997
273.999
273.999
273.999
273.999
274
274
274
274
274
274
274
274
274
274.001
274.003
274.011
274.032
274.078
274.172
274.341
274.541
274.749
274.654
274.512
274.441
274.498
274.006
273.998
274.003
273.998
273.999
273.999
273.999
273.999
274
274
274
274
274
274
274
274
274
274.001
274.003
274.011
274.032
274.081
274.181
274.361
274.569
274.804
274.705
274.497
274.408
274.503
274.004
273.999
274.003
273.999
273.999
273.999
273.999
274
274
274
274
274
274
274
274
274
274
274.001
274.003
274.011
274.032
274.081
274.184
274.372
274.585
274.843
274.758
274.488
274.383
274.489
274.003
274
274.002
274
273.999
273.999
273.999
274
274
274
274
274
274
274
274
274
274
274.001
274.003
274.011
274.031
274.08
274.183
274.372
274.582
274.864
274.811
274.496
274.374
274.471
274.003
274
274.001
274
273.999
273.999
273.999
274
274
274
274
274
274
274
274
274
274
274.001
274.003
274.01
274.03
274.078
274.179
274.367
274.573
274.865
274.842
274.531
274.393
274.472
274.003
274.001
274.001
274
273.999
273.999
274
274
274
274
274
274
274
274
274
274
274
274
274.002
274.008
274.028
274.075
274.174
274.357
274.553
274.859
274.86
274.557
274.487
274.479
274.003
274.001
274
274
273.999
273.999
274
274
274
274
274
274
274
274
274
274
274
274
274.002
274.008
274.025
274.07
274.165
274.342
274.521
274.844
274.866
274.57
274.572
274.485
274.002
274
274
274
273.999
274
274
274
274
274
274
274
274
274
274
274
274
274
274.002
274.007
274.022
274.063
274.15
274.318
274.484
274.814
274.865
274.581
274.635
274.487
274.001
274
274
273.999
274
274
274
274
274
274
274
274
274
274
274
274
274
274
274.002
274.006
274.021
274.058
274.137
274.293
274.44
274.768
274.818
274.59
274.676
274.461
274.001
274
274
274
274
274
274
274
274
274
274
274
274
274
274
274
274
274
274.001
274.006
274.019
274.053
274.126
274.269
274.4
274.713
274.737
274.596
274.698
274.482
274.001
274
274
274
274
274
274
274
274
274
274
274
274
274
274
274
274
274
274.001
274.005
274.017
274.049
274.116
274.247
274.364
274.653
274.659
274.603
274.703
274.497
274.001
274
274
274
274
274
274
274
274
274
274
274
274
274
274
274
274
274
274.001
274.005
274.016
274.045
274.106
274.226
274.332
274.593
274.592
274.551
274.611
274.485
274.001
274
274
274
274
274
274
274
274
274
274
274
274
274
274
274
274
274
274.001
274.004
274.014
274.041
274.097
274.205
274.301
274.534
274.533
274.484
274.522
274.468
274.001
274
274
274
274
274
274
274
274
274
274
274
274
274
274
274
274
274
274.001
274.004
274.013
274.037
274.087
274.184
274.269
274.475
274.474
274.427
274.456
274.467
274.001
274
274
274
274
274
274
274
274
274
274
274
274
274
274
274
274
274
274.001
274.003
274.011
274.032
274.077
274.162
274.237
274.417
274.417
274.39
274.448
274.434
274.001
274
274
274
274
274
274
274
274
274
274
274
274
274
274
274
274
274
274.001
274.003
274.01
274.028
274.067
274.141
274.204
274.366
274.408
274.515
274.666
274.528
274.001
274
274
274
274
274
274
274
274
274
274
274
274
274
274
274
274
274
274
274.002
274.008
274.024
274.056
274.119
274.18
274.389
274.671
275.204
275.615
274.915
274.001
274
274
274
274
274
274
274
274
274
274
274
274
274
274
274
274
274
274
274.002
274.007
274.019
274.046
274.108
274.234
274.763
276.312
279.001
279.601
276.404
274.001
274
274
274
274
274
274
274
274
274
274
274
274
274
274
274
274
274
274
274.001
274.005
274.015
274.043
274.164
274.628
277.146
285.345
297.719
294.032
279.948
274.001
274
274
274
274
274
274
274
274
274
274
274
274
274
274
274
274
274
274
274.001
274.004
274.016
274.082
274.484
276.993
291.221
332.373
329.351
304.182
289.415
274.001
274
274
274
274
274
274
274
274
274
274
274
274
274
274
274
274
274
274
274
274.004
274.038
274.279
276.139
290.22
350.593
362.762
348.316
306.696
289.523
274.001
274
274
274
274
274
274
274
274
274
274
274
274
274
274
274
274
274
274
274.001
274.013
274.127
275.162
283.882
346.385
386.354
415.044
404.983
340.395
277.969
274.001
274
274
274
274
274
274
274
274
274
274
274
274
274
274
274
274
274
274
274.003
274.043
274.443
278.435
324.738
398.856
460.004
623.842
752.571
571.883
399.994
274.001
274.001
274.001
274.001
274.001
274.001
274.001
274.001
274.001
274.001
274.001
274.001
274.001
274.001
274.001
274.001
274.001
274.001
274.001
274.001
274.001
274.001
274.001
274.001
274.001
274.001
274.001
274.001
274.001
274.001
274.001
274.001
274.001
274.001
274.001
274.001
274.001
274.001
274.001
274.001
274.001
274.001
274.001
274.001
274.001
274.001
274.001
274.001
274.001
274.001
274.001
274.001
274.001
274.001
274.001
274.001
274.001
274.001
274.001
274.001
274.001
274.001
274.001
274.001
274.001
274.001
274.001
274.001
274.001
274.001
274.001
274.001
274.001
274.001
274.001
274.001
274.001
274.001
274.001
274.001
274.001
274.001
274.001
274.001
274.001
274.001
274.001
274.001
274.001
274.001
274.001
274.001
274.001
274.001
274.001
274.001
274.001
274.001
274.001
274.001
274.001
274.001
274.001
274.001
274.001
274.001
274.001
274.001
274.001
274.001
274.001
274.001
274.001
274.001
274.001
274.001
274.001
274.001
274.001
274.001
274.001
274.001
274.001
274.001
274.001
274
274
274
274
274
274
274
274
274
274
274
274
274
274
274
274
274
274
274
274
274
274
274
274
274
274
274
274
274
274
274
274
274
274
274
274
274
274
274
274
274
274
274
274
274
274
274
274
274
274
274
274
274
274
274
274
274
274
274
274
274
274
274
274
274
274
274
274
274
274
274
274
274
274
274
274
274
274
274
274
274
274
274
274
274
274
274
274
274
274
274
274
274
274
274
274
274
274
274
274
274
274
274
274
274
274
274
274
274
274
274
274
274
274
274
274
274
274
274
274
274
274
274
274
274
274
274
274
274
274
274
274
274
274
274
274
274
274
274
274
274
274
274
274
274
274
274
274
274
274
274
274
274
274
274
274
274
274
274
274
274
274
274
274
274
274
274
274
274
274
274
274
274
274
274
274
274
274
274
274
274
274
274
274
274
274
274
274
274
274
274
274
274
274
274
274
274
274
274
274
274
274
274
274
274
274
274
274
274
274
274
274
274
274
274
274
274
274
274
274
274
274
274
274
274
274
274
274
274
274
274
274
274
274
274
274
274
274
274
274
274
274
274
274
274
274
274
274
274
274
274
274
274
274
274
274
274
274
274
274
274
274
274
274
274
274
274
274
274
274
274
274
274
274
274
274
274
274
274
274
274
274
274
274
274
274
274
274
274
274
274
274
274
274
274
274
274
274
274
274
274
274
274
274
274
274
274
274
274
274
274
274
274
274
274
274
274
274
274
274
274
274
274
274
274
274
274
274
274
274
274
274
274
274
274
274
274
274
274
274
274
274
274
274
274
274
274
274
274
274
274
274
274
274
274
274
274
274
274
274
274
274
274
274
274
274
274
274
274
274
274
274
274
274
274
274
274
274
274
274
274
274
274
274
274
274
274
274
274
274
274
274
274
274
274
274
274
274
274
274
274
274
274
274
274
274
274
274
274
274
274
274
274
274
274
274
274
274
274
274
274
274
274
274
274
274
274
274
274
274
274
274
274
274
274
274
274
274
274
274
274
274
274
274
274
274
274
274
274
274
274
274
274
274
274
274
274
274
274
274
274
274
274
274
274
274
274
274
274
274
274
274
274
274
274
274
274
274
274
274
274
274
274
274
274
274
274
274
274
274
274
274
274
274
274
274
274
274
274
274
274
274
274
274
274
274
274
274
274
274
274
274
274
274
274
274
274
274
274
274
274
274
274
274
274
274
274
274
274
274
274
274
274
274
274
274
274
274
274
274
274
274
274
274
274
274
274
274
274
274
274
274
274
274
274
274
274
274
274
274
274
274
274
274
274
274
274
274
274
274
274
274
274
274
274
274
274
274
274
274
274
274
274
274
274
274
274
274
274
274
274
274
274
274
274
274
274
274
274
274
274
274
274
274
274
274
274
274
274
274
274
274
274
274
274
274
274
274
274
274
274
274
274
274
274
274
274
274
274
274
274
274
274
274
274
274
274
274
274
274
274
274
274
274
274
274
274
274
274
274
274
274
274
274
274
274
274
274
274
274
274
274
274
274
274
274
274
274
274
274
274
274
274
274
274
274
274
274
274
274
274
274
274
274
274
274
274
274
274
274
274
274
274
274
274
274
274
274
274
274
274
274
274
274
274
274
274
274
274
274
274
274
274
274
274
274
274
274
274
274
274
274
274
274
274
274
274
274
274
274
274
274
274
274
274
274
274
274
274
274
274
274
274
274
274
274
274
274
274
274
274
274
274
274
274
274
274
274
274
274
274
274
274
274
274
274
274
274
274
274
274
274
274
274
274
274
274
274
274
274
274
274
274
274
274
274
274
274
274
274
274
274
274
274
274
274
274
274
274
274
274
274
274
274
274
274
274
274
274
274
274
274
274
274
274
274
274
274
274
274
274
274
274
274
274
274
274
274
274
274
274
274
274
274
274
274
274
274
274
274
274
274
274
274
274
274
274
274
274
274
274
274
274
274
274
274
274
274
274
274
274
274
274
274
274
274
274
274
274
274
274
274
274
274
274
274
274
274
274
274
274
274
274
274
274
274
274
274
274
274
274
274
274
274
274
274
274
274
274
274
274
274
274
274
274
274
274
274
274
274
274
274
274
274
274
274
274
274
274
274
274
274
274
274
274
274
274
274
274
274
274
274
274
274
274
274
274
274
274
274
274
274
274
274
274
274
274
274
274
274
274
274
274
274
274
274
274
274
274
274
274
274
274
274
274
274
274
274
274
274
274
274
274
274
274
274
274
274
274
274
274
274
274
274
274
274
274
274
274
274
274
274
274
274
274
274
274
274
274
274
274
274
274
274
274
274
274
274
274
274
274
274
274
274
274
274
274
274
274
274
274
274
274
274
274
274
274
274
274
274
274
274
274
274
274
274
274
274
274
274
274
274
274
274
274
274
274
274
274
274
274
274
274
274
274
274
274
274
274
274
274
274
274
274
274
274
274
274
274
274
274
274
274
274
274
274
274
274
274
274
274
274
274
274
274
274
274
274
274
274
274
274
274
274
274
274
274
274
274
274
274
274
274
274
274
274
274
274
274
274
274
274
274
274
274
274
274
274
274
274
274
274
274
274
274
274
274
274
274
274
274
274
274
274
274
274
274
274
274
274
274
274
274
274
274
274
274
274
274
274
274
274
274
274
274
274
274
274
274
274
274
274
274
274
274
274
274
274
274
274
274
274
274
274
274
274
274
274
274
274
274
274
274
274
274
274
274
274
274
274
274
274
274
274
274
274
274
274
274
274
274
274
274
274
274
274
274
274
274
274
274
274
274
274
274
274
274
274
274
274
274
274
274
274
274
274
274
274
274
274
274
274
274
274
274
274
274
274
274
274
274
274
274
274
274
274
274
274
274
274
274
274
274
274
274
274
274
274
274
274
274
274
274
274
274
274
274
274
274
274
274
274
274
274
274
274
274
274
274
274
274
274
274
274
274
274
274
274
274
274
274
274
274
274
274
274
274
274
274
274
274
274
274
274
274
274
274
274
274
274
274
274
274
274
274
274
274
274
274
274
274
274
274
274
274
274
274
274
274
274
274
274
274
274
274
274
274
274
274
274
274
274
274
274
274
274
274
274
274
274
274
274
274
274
274
274
274
274
274
274
274
274
274
274
274
274
274
274
274
274
274
274
274
274
274
274
274
274
274
274
274
274
274
274
274
274
274
274
274
274
274
274
274
274
274
274
274
274
274
274
274
274
274
274
274
274
274
274
274
274
274
274
274
274
274
274
274
274
274
274
274
274
274
274
274
274
274
274
274
274
274
274
274
274
274
274
274
274
274
274
274
274
274
274
274
274
274
274
274
274
274
274
274
274
274
274
274
274
274
274
274
274
274
274
274
274
274
274
274
274
274
274
274
274
274
274
274
274
274
274
274
274
274
274
274
274
274
274
274
274
274
274
274
274
274
274
274
274
274
274
274
274
274
274
274
274
274
274
274
274
274
274
274
274
274
274
274
274
274
274
274
274
274
274
274
274
274
274
274
274
274
274
274
274
274
274
274
274
274
274
274
274
274
274
274
274
274
274
274
274
274
274
274
274
274
274
274
274
274
274
274
274
274
274
274
274
274
274
274
274
274
274
274
274
274
274
274
274
274
274
274
274
274
274
274
274
274
274
274
274
274
274
274
274
274
274
274
274
274
274
274
274
274
274
274
274
274
274
274
274
274
274
274
274
274
274
274
274
274
274
274
274
274
274
274
274
274
274
274
274
274
274
274
274
274
274
274
274
274
274
274
274
274
274
274
274
274
274
274
274
274
274
274
274
274
274
274
274
274
274
274
274
274
274
274
274
274
274
274
274
274
274
274
274
274
274
274
274
274
274
274
274
274
274
274
274
274
274
274
274
274
274
274
274
274
274
274
274
274
274
274
274
274
274
274
274
274
274
274
274
274
274
274
274
274
274
274
274
274
274
274
274
274
274
274
274
274
274
274
274
274
274
274
274
274
274
274
274
274
274
274
274
274
274
274
274
274
274
274
274
274
274
274
274
274
274
274
274
274
274
274
274
274
274
274
274
274
274
274
274
274
274
274
274
274
274
274
274
274
274
274
274
274
274
274
274
274
274
274
274
274
274
274
274
274
274
274
274
274
274
274
274
274
274
274
274
274
274
274
274
274
274
274
274
274
274
274
274
274
274
274
274
274
274
274
274
274
274
274
274
274
274
274
274
274
274
274
274
274
274
274
274
274
274
274
274
274
274
274
274
274
274
274
274
274
274
274
274
274
274
274
274
274
274
274
274
274
274
274
274
274
274
274
274
274
274
274
274
274
274
274
274
274
274
274
274
274
274
274
274
274
274
274
274
274
274
274
274
274
274
274
274
274
274
274
274
274
274
274
274
274
274
274
274
274
274
274
274
274
274
274
274
274
274
274
274
274
274
274
274
274
274
274
274
274
274
274
274
274
274
274
274
274
274
274
274
274
274
274
274
274
274
274
274
274
274
274
274
274
274
274
274
274
274
274
274
274
274
274
274
274
274
274
274
274
274
274
274
274
274
274
274
274
274
274
274
274
274
274
274
274
274
274
274
274
274
274
274
274
274
274
274
274
274
274
274
274
274
274
274
274
274
274
274
274
274
274
274
274
274
274
274
274
274
274
274
274
274
274
274
274
274
274
274
274
274
274
274
274
274
274
274
274
274
274
274
274
274
274
274
274
274
274
274
274
274
274
274
274
274
274
274
274
274
274
274
274
274
274
274
274
274
274
274
274
274
274
274
274
274
274
274
274
274
274
274
274
274
274
274
274
274
274
274
274
274
274
274
274
274
274
274
274
274
274
274
274
274
274
274
274
274
274
274
274
274
274
274
274
274
274
274
274
274
274
274
274
274
274
274
274
274
274
274
274
274
274
274
274
274
274
274
274
274
274
274
274
274
274
274
274
274
274
274
274
274
274
274
274
274
274
274
274
274
274
274
274
274
274
274
274
274
274
274
274
274
274
274
274
274
274
274
274
274
274
274
274
274
274
274
274
274
274
274
274
274
274
274
274
274
274
274
274
274
274
274
274
274
274
274
274
274
274
274
274
274
274
274
274
274
274
274
274
274
274
274
274
274
274
274
274
274
274
274
274
274
274
274
274
274
274
274
274
274
274
274
274
274.001
274
274
274
274
274
274
274
274
274
274
274
274
274
274
274
274
274
274
274
274
274
274
274
274
274
274
274
274
274
274
274
274
274
274
274
274
274
274
274
274
274
274
274
274
274
274
274
274
274
274
274
274
274
274
274
274
274
274
274
274
274
274
274
274
274
274
274
274
274
274
274
274
274
274
274
274
274
274
274
274
274
274
274
274
274
274
274
274
274
274
274
274
274
274
274
274
274
274
274
274
274
274
274
274
274
274
274
274
274
274
274
274
274
274
274
274
274
274
274
274
274.001
274.005
274.01
274.016
274.017
274.014
274.009
274
274
274
274
274
274
274
274
274
274
274
274
274
274
274
274
274
274
274
274
274
274
274
274
274
274
274
274
274
274
274
274
274
274
274
274
274
274
274
274
274
274
274
274
274
274
274
274
274
274
274
274
274
274
274
274
274
274
274
274
274
274
274
274
274
274
274
274
274
274
274
274
274
274
274
274
274
274
274
274
274
274
274
274
274
274
274
274
274
274
274
274
274
274
274
274
274
274
274
274
274
274
274
274
274
274
274
274
274
274
274
274
274
274
274
274
274.002
274.014
274.048
274.108
274.185
274.237
274.24
274.184
274.122
274
274
274
274
274
274
274
274
274
274
274
274
274
274
274
274
274
274
274
274
274
274
274
274
274
274
274
274
274
274
274
274
274
274
274
274
274
274
274
274
274
274
274
274
274
274
274
274
274
274
274
274
274
274
274
274
274
274
274
274
274
274
274
274
274
274
274
274
274
274
274
274
274
274
274
274
274
274
274
274
274
274
274
274
274
274
274
274
274
274
274
274
274
274
274
274
274
274
274
274
274
274
274
274
274
274
274
274
274
274
274
274
274
274
274.001
274.011
274.074
274.323
274.967
276.004
277.083
277.587
277.334
276.198
275.371
274
274
274
274
274
274
274
274
274
274
274
274
274
274
274
274
274
274
274
274
274
274
274
274
274
274
274
274
274
274
274
274
274
274
274
274
274
274
274
274
274
274
274
274
274
274
274
274
274
274
274
274
274
274
274
274
274
274
274
274
274
274
274
274
274
274
274
274
274
274
274
274
274
274
274
274
274
274
274
274
274
274
274
274
274
274
274
274
274
274
274
274
274
274
274
274
274
274
274
274
274
274
274
274
274
274
274
274
274
274
274
274
274
274.002
274.041
274.357
276.049
282.24
295.113
310.079
325.41
332.221
322.82
297.194
287.491
274
274
274
274
274
274
274
274
274
274
274
274
274
274
274
274
274
274
274
274
274
274
274
274
274
274
274
274
274
274
274
274
274
274
274
274
274
274
274
274
274
274
274
274
274
274
274
274
274
274
274
274
274
274
274
274
274
274
274
274
274
274
274
274
274
274
274
274
274
274
274
274
274
274
274
274
274
274
274
274
274
274
274
274
274
274
274
274
274
274
274
274
274
274
274
274
274
274
274
274
274
274
274
274
274
274
274
274
274
274
274
274
274.004
274.112
275.394
285.935
340.546
453.596
534.641
563.479
558.93
529.606
491.421
433.115
389.365
274
274
274
274
274
274
274
274
274
274
274
274
274
274
274
274
274
274
274
274
274
274
274
274
274
274
274
274
274
274
274
274
274
274
274
274
274
274
274
274
274
274
274
274
274
274
274
274
274
274
274
274
274
274
274
274
274
274
274
274
274
274
274
274
274
274
274
274
274
274
274
274
274
274
274
274
274
274
274
274
274
274
274
274
274
274
274
274
274
274
274
274
274
274
274
274
274
274
274
274
274
274
274
274
274
274
274
274
274
274
274
274.007
274.221
278.628
339.162
537.905
704.821
749.999
754.297
738.369
706.914
661.864
607.598
531.637
468.496
274
274
274
274
274
274
274
274
274
274
274
274
274
274
274
274
274
274
274
274
274
274
274
274
274
274
274
274
274
274
274
274
274
274
274
274
274
274
274
274
274
274
274
274
274
274
274
274
274
274
274
274
274
274
274
274
274
274
274
274
274
274
274
274
274
274
274
274
274
274
274
274
274
274
274
274
274
274
274
274
274
274
274
274
274
274
274
274
274
274
274
274
274
274
274
274
274
274
274
274
274
274
274
274
274
274
274
274
274
274
274.008
274.355
285.507
452.053
766.142
876.119
909.269
929.322
954.375
959.155
941.557
905.265
844.798
749.192
645.002
274
274
274
274
274
274
274
274
274
274
274
274
274
274
274
274
274
274
274
274
274
274
274
274
274
274
274
274
274
274
274
274
274
274
274
274
274
274
274
274
274
274
274
274
274
274
274
274
274
274
274
274
274
274
274
274
274
274
274
274
274
274
274
274
274
274
274
274
274
274
274
274
274
274
274
274
274
274
274
274
274
274
274
274
274
274
274
274
274
274
274
274
274
274
274
274
274
274
274
274
274
274
274
274
274
274
274
274
274
274.006
274.475
294.058
582.237
913.071
1003.83
1050.82
1100.34
1149.58
1146.55
1135.7
1170.98
1182.48
1182.8
1189.1
1090.02
274
274
274
274
274
274
274
274
274
274
274
274
274
274
274
274
274
274
274
274
274
274
274
274
274
274
274
274
274
274
274
274
274
274
274
274
274
274
274
274
274
274
274
274
274
274
274
274
274
274
274
274
274
274
274
274
274
274
274
274
274
274
274
274
274
274
274
274
274
274
274
274
274
274
274
274
274
274
274
274
274
274
274
274
274
274
274
274
274
274
274
274
274
274
274
274
274
274
274
274
274
274
274
274
274
274
274
274
274.006
274.487
296.813
626.353
976.964
1084.16
1160.67
1176.89
1214.54
1216.6
1177.78
1161.23
1178.2
1187.9
1228.55
1315.27
1440.85
274
274
274
274
274
274
274
274
274
274
274
274
274
274
274
274
274
274
274
274
274
274
274
274
274
274
274
274
274
274
274
274
274
274
274
274
274
274
274
274
274
274
274
274
274
274
274
274
274
274
274
274
274
274
274
274
274
274
274
274
274
274
274
274
274
274
274
274
274
274
274
274
274
274
274
274
274
274
274
274
274
274
274
274
274
274
274
274
274
274
274
274
274
274
274
274
274
274
274
274
274
274
274
274
274
274
274
274.003
274.31
290.064
591.969
996.652
1116.52
1215.7
1231.47
1221.9
1172.32
1090.08
1046.1
1027.31
1012.69
1017.01
1054.24
1201.52
1271.54
274
274
274
274
274
274
274
274
274
274
274
274
274
274
274
274
274
274
274
274
274
274
274
274
274
274
274
274
274
274
274
274
274
274
274
274
274
274
274
274
274
274
274
274
274
274
274
274
274
274
274
274
274
274
274
274
274
274
274
274
274
274
274
274
274
274
274
274
274
274
274
274
274
274
274
274
274
274
274
274
274
274
274
274
274
274
274
274
274
274
274
274
274
274
274
274
274
274
274
274
274
274
274
274
274
274
274.003
274.169
282.014
501.582
986.933
1133.23
1220.94
1251.1
1235.75
1189.14
1109.74
1078.69
1068.71
1048.51
997.743
941.617
930.595
1090.82
1277.71
274
274
274
274
274
274
274
274
274
274
274
274
274
274
274
274
274
274
274
274
274
274
274
274
274
274
274
274
274
274
274
274
274
274
274
274
274
274
274
274
274
274
274
274
274
274
274
274
274
274
274
274
274
274
274
274
274
274
274
274
274
274
274
274
274
274
274
274
274
274
274
274
274
274
274
274
274
274
274
274
274
274
274
274
274
274
274
274
274
274
274
274
274
274
274
274
274
274
274
274
274
274
274
274
274
274
274.019
275.003
320.515
740.661
1078.97
1205.04
1305.6
1325.41
1301.51
1289.41
1275.99
1308.82
1321.09
1285.2
1206.64
1171.72
1182.64
1369.09
1553.46
274
274
274
274
274
274
274
274
274
274
274
274
274
274
274
274
274
274
274
274
274
274
274
274
274
274
274
274
274
274
274
274
274
274
274
274
274
274
274
274
274
274
274
274
274
274
274
274
274
274
274
274
274
274
274
274
274
274
274
274
274
274
274
274
274
274
274
274
274
274
274
274
274
274
274
274
274
274
274
274
274
274
274
274
274
274
274
274
274
274
274
274
274
274
274
274
274
274
274
274
274
274
274
274
274
274.001
274.031
275.647
351.567
817.253
1127.65
1247.11
1325.79
1335.88
1310.16
1300.89
1297.65
1346.53
1368.09
1341.71
1270.46
1246.36
1259.34
1461.66
1776.95
274
274
274
274
274
274
274
274
274
274
274
274
274
274
274
274
274
274
274
274
274
274
274
274
274
274
274
274
274
274
274
274
274
274
274
274
274
274
274
274
274
274
274
274
274
274
274
274
274
274
274
274
274
274
274
274
274
274
274
274
274
274
274
274
274
274
274
274
274
274
274
274
274
274
274
274
274
274
274
274
274
274
274
274
274
274
274
274
274
274
274
274
274
274
274
274
274
274
274
274
274
274
274
274
274
274.002
274.082
278.09
428.888
962.432
1207.67
1299.88
1352.41
1343.03
1336.26
1338.2
1352.98
1447.43
1504.55
1499.01
1420.92
1360.75
1402.89
1522.64
1881.26
274
274
274
274
274
274
274
274
274
274
274
274
274
274
274
274
274
274
274
274
274
274
274
274
274
274
274
274
274
274
274
274
274
274
274
274
274
274
274
274
274
274
274
274
274
274
274
274
274
274
274
274
274
274
274
274
274
274
274
274
274
274
274
274
274
274
274
274
274
274
274
274
274
274
274
274
274
274
274
274
274
274
274
274
274
274
274
274
274
274
274
274
274
274
274
274
274
274
274
274
274
274
274
274
274
274.004
274.25
285.307
547.942
1092.25
1264.47
1335.72
1367.93
1345.89
1355.59
1366.33
1405.17
1519.12
1614.43
1641.19
1649.18
1638.97
1794.11
1984.18
2282.33
274
274
274
274
274
274
274
274
274
274
274
274
274
274
274
274
274
274
274
274
274
274
274
274
274
274
274
274
274
274
274
274
274
274
274
274
274
274
274
274
274
274
274
274
274
274
274
274
274
274
274
274
274
274
274
274
274
274
274
274
274
274
274
274
274
274
274
274
274
274
274
274
274
274
274
274
274
274
274
274
274
274
274
274
274
274
274
274
274
274
274
274
274
274
274
274
274
274
274
274
274
274
274
274
274
274.009
274.552
299.569
669.592
1188.45
1302.7
1346.46
1368.5
1363.98
1381.42
1420.95
1533.58
1701.78
1790.34
1811.6
1814.79
1797.62
1978.1
2183.81
2245.27
274
274
274
274
274
274
274
274
274
274
274
274
274
274
274
274
274
274
274
274
274
274
274
274
274
274
274
274
274
274
274
274
274
274
274
274
274
274
274
274
274
274
274
274
274
274
274
274
274
274
274
274
274
274
274
274
274
274
274
274
274
274
274
274
274
274
274
274
274
274
274
274
274
274
274
274
274
274
274
274
274
274
274
274
274
274
274
274
274
274
274
274
274
274
274
274
274
274
274
274
274
274
274
274
274
274.016
274.954
322.169
771.55
1248.7
1344.69
1391.32
1418.57
1420.35
1467.73
1554.27
1702.08
1844.36
1904.53
1931.3
1959.47
1964.91
2081.15
2172.87
2175.2
274
274
274
274
274
274
274
274
274
274
274
274
274
274
274
274
274
274
274
274
274
274
274
274
274
274
274
274
274
274
274
274
274
274
274
274
274
274
274
274
274
274
274
274
274
274
274
274
274
274
274
274
274
274
274
274
274
274
274
274
274
274
274
274
274
274
274
274
274
274
274
274
274
274
274
274
274
274
274
274
274
274
274
274
274
274
274
274
274
274
274
274
274
274
274
274
274
274
274
274
274
274
274
274
274.001
274.029
275.697
359.718
889.511
1333.13
1399.73
1427.9
1450.35
1471.5
1532.37
1667.75
1861.05
1961.73
2006.08
2043.56
2066.67
2064.88
2113.75
2145.84
2125.17
274
274
274
274
274
274
274
274
274
274
274
274
274
274
274
274
274
274
274
274
274
274
274
274
274
274
274
274
274
274
274
274
274
274
274
274
274
274
274
274
274
274
274
274
274
274
274
274
274
274
274
274
274
274
274
274
274
274
274
274
274
274
274
274
274
274
274
274
274
274
274
274
274
274
274
274
274
274
274
274
274
274
274
274
274
274
274
274
274
274
274
274
274
274
274
274
274
274
274
274
274
274
274
274
274.001
274.039
276.249
382.492
941.922
1385.9
1451.66
1474.71
1485.34
1529.62
1631.51
1837.74
2012.98
2038.11
2088.43
2146.69
2155.91
2135.62
2127.27
2130.92
2087
274
274
274
274
274
274
274
274
274
274
274
274
274
274
274
274
274
274
274
274
274
274
274
274
274
274
274
274
274
274
274
274
274
274
274
274
274
274
274
274
274
274
274
274
274
274
274
274
274
274
274
274
274
274
274
274
274
274
274
274
274
274
274
274
274
274
274
274
274
274
274
274
274
274
274
274
274
274
274
274
274
274
274
274
274
274
274
274
274
274
274
274
274
274
274
274
274
274
274
274
274
274
274
274
274.001
274.045
276.628
398.72
980.988
1441.4
1505.86
1512.17
1522.22
1576.48
1716.92
1967.55
2100.55
2129.82
2199.02
2253.85
2260.76
2225.62
2179.26
2103.56
2038.54
274
274
274
274
274
274
274
274
274
274
274
274
274
274
274
274
274
274
274
274
274
274
274
274
274
274
274
274
274
274
274
274
274
274
274
274
274
274
274
274
274
274
274
274
274
274
274
274
274
274
274
274
274
274
274
274
274
274
274
274
274
274
274
274
274
274
274
274
274
274
274
274
274
274
274
274
274
274
274
274
274
274
274
274
274
274
274
274
274
274
274
274
274
274
274
274
274
274
274
274
274
274
274
274
274.001
274.049
277
419.354
1046.6
1494.68
1552.76
1548.12
1555.09
1623.72
1801.73
2043.25
2133.62
2180.92
2263.42
2313.55
2339.83
2353.1
2234.34
2136.39
2027
274
274
274
274
274
274
274
274
274
274
274
274
274
274
274
274
274
274
274
274
274
274
274
274
274
274
274
274
274
274
274
274
274
274
274
274
274
274
274
274
274
274
274
274
274
274
274
274
274
274
274
274
274
274
274
274
274
274
274
274
274
274
274
274
274
274
274
274
274
274
274
274
274
274
274
274
274
274
274
274
274
274
274
274
274
274
274
274
274
274
274
274
274
274
274
274
274
274
274
274
274
274
274
274
274.001
274.068
278.485
478.495
1197.46
1562.79
1590.66
1582.57
1587.64
1673.16
1875.6
2076.5
2150.86
2208.3
2281.71
2331.87
2369.9
2408.27
2347.45
2220.79
2064.4
274
274
274
274
274
274
274
274
274
274
274
274
274
274
274
274
274
274
274
274
274
274
274
274
274
274
274
274
274
274
274
274
274
274
274
274
274
274
274
274
274
274
274
274
274
274
274
274
274
274
274
274
274
274
274
274
274
274
274
274
274
274
274
274
274
274
274
274
274
274
274
274
274
274
274
274
274
274
274
274
274
274
274
274
274
274
274
274
274
274
274
274
274
274
274
274
274
274
274
274
274
274
274
274
274.001
274.107
281.417
563.083
1356.83
1631.66
1613.14
1604.2
1628.36
1738.56
1948.02
2090.53
2160.05
2225.98
2289.06
2336.93
2407.54
2457.14
2477.35
2317.03
2197.23
274
274
274
274
274
274
274
274
274
274
274
274
274
274
274
274
274
274
274
274
274
274
274
274
274
274
274
274
274
274
274
274
274
274
274
274
274
274
274
274
274
274
274
274
274
274
274
274
274
274
274
274
274
274
274
274
274
274
274
274
274
274
274
274
274
274
274
274
274
274
274
274
274
274
274
274
274
274
274
274
274
274
274
274
274
274
274
274
274
274
274
274
274
274
274
274
274
274
274
274
274
274
274
274
274.002
274.156
285.072
632.18
1459.25
1689.55
1610.78
1596.29
1651.06
1800.63
2002.63
2091.8
2162.81
2249.23
2295.97
2347.33
2427.54
2471.76
2490.34
2498.84
2303.76
274
274
274
274
274
274
274
274
274
274
274
274
274
274
274
274
274
274
274
274
274
274
274
274
274
274
274
274
274
274
274
274
274
274
274
274
274
274
274
274
274
274
274
274
274
274
274
274
274
274
274
274
274
274
274
274
274
274
274
274
274
274
274
274
274
274
274
274
274
274
274
274
274
274
274
274
274
274
274
274
274
274
274
274
274
274
274
274
274
274
274
274
274
274
274
274
274
274
274
274
274
274
274
274
274.002
274.203
288.6
675.427
1506.07
1721.38
1613.68
1584.24
1650.76
1849.56
2023.83
2086.03
2169.2
2261.4
2300.69
2353.37
2423.8
2455.1
2472.64
2486.9
2481.41
274
274
274
274
274
274
274
274
274
274
274
274
274
274
274
274
274
274
274
274
274
274
274
274
274
274
274
274
274
274
274
274
274
274
274
274
274
274
274
274
274
274
274
274
274
274
274
274
274
274
274
274
274
274
274
274
274
274
274
274
274
274
274
274
274
274
274
274
274
274
274
274
274
274
274
274
274
274
274
274
274
274
274
274
274
274
274
274
274
274
274
274
274
274
274
274
274
274
274
274
274
274
274
274
274.003
274.229
290.52
692.823
1522.98
1739.23
1626.6
1591.15
1659.97
1866.54
2029.07
2089.99
2180.28
2269.28
2299.45
2347.32
2408.01
2427.65
2439.08
2459.81
2467.35
274
274
274
274
274
274
274
274
274
274
274
274
274
274
274
274
274
274
274
274
274
274
274
274
274
274
274
274
274
274
274
274
274
274
274
274
274
274
274
274
274
274
274
274
274
274
274
274
274
274
274
274
274
274
274
274
274
274
274
274
274
274
274
274
274
274
274
274
274
274
274
274
274
274
274
274
274
274
274
274
274
274
274
274
274
274
274
274
274
274
274
274
274
274
274
274
274
274
274
274
274
274
274
274
274.002
274.202
288.552
675.014
1506.01
1722.13
1613.73
1583.6
1650.03
1849.38
2024.31
2086.74
2169.78
2262.3
2301.14
2352.86
2420.84
2450.88
2467.51
2480.47
2476.31
274
274
274
274
274
274
274
274
274
274
274
274
274
274
274
274
274
274
274
274
274
274
274
274
274
274
274
274
274
274
274
274
274
274
274
274
274
274
274
274
274
274
274
274
274
274
274
274
274
274
274
274
274
274
274
274
274
274
274
274
274
274
274
274
274
274
274
274
274
274
274
274
274
274
274
274
274
274
274
274
274
274
274
274
274
274
274
274
274
274
274
274
274
274
274
274
274
274
274
274
274
274
274
274
274.002
274.154
284.984
631.171
1459.29
1690.52
1610.15
1595.25
1650.43
1801.83
2003.41
2092.29
2164.28
2251.98
2297.46
2348.69
2425.97
2466.93
2483.71
2490.99
2296.84
274
274
274
274
274
274
274
274
274
274
274
274
274
274
274
274
274
274
274
274
274
274
274
274
274
274
274
274
274
274
274
274
274
274
274
274
274
274
274
274
274
274
274
274
274
274
274
274
274
274
274
274
274
274
274
274
274
274
274
274
274
274
274
274
274
274
274
274
274
274
274
274
274
274
274
274
274
274
274
274
274
274
274
274
274
274
274
274
274
274
274
274
274
274
274
274
274
274
274
274
274
274
274
274
274.001
274.105
281.335
562.139
1357.93
1633.42
1612.13
1603.81
1629.2
1740.03
1949.07
2091.14
2161.9
2229.55
2290.9
2339.19
2410.35
2457.86
2476.8
2312.44
2191.05
274
274
274
274
274
274
274
274
274
274
274
274
274
274
274
274
274
274
274
274
274
274
274
274
274
274
274
274
274
274
274
274
274
274
274
274
274
274
274
274
274
274
274
274
274
274
274
274
274
274
274
274
274
274
274
274
274
274
274
274
274
274
274
274
274
274
274
274
274
274
274
274
274
274
274
274
274
274
274
274
274
274
274
274
274
274
274
274
274
274
274
274
274
274
274
274
274
274
274
274
274
274
274
274
274.001
274.066
278.411
477.07
1197.08
1563.54
1590.46
1583.09
1588.27
1673.86
1876.98
2078.06
2153.07
2212.04
2285.28
2335.99
2373.96
2411.49
2345.75
2219.97
2062.06
274
274
274
274
274
274
274
274
274
274
274
274
274
274
274
274
274
274
274
274
274
274
274
274
274
274
274
274
274
274
274
274
274
274
274
274
274
274
274
274
274
274
274
274
274
274
274
274
274
274
274
274
274
274
274
274
274
274
274
274
274
274
274
274
274
274
274
274
274
274
274
274
274
274
274
274
274
274
274
274
274
274
274
274
274
274
274
274
274
274
274
274
274
274
274
274
274
274
274
274
274
274
274
274
274.001
274.047
276.891
415.994
1040.95
1494.81
1553.41
1548.91
1555.68
1624.88
1803.95
2045.67
2136.4
2185.87
2267.82
2319.63
2345.66
2359.65
2238.5
2133.62
2022.68
274
274
274
274
274
274
274
274
274
274
274
274
274
274
274
274
274
274
274
274
274
274
274
274
274
274
274
274
274
274
274
274
274
274
274
274
274
274
274
274
274
274
274
274
274
274
274
274
274
274
274
274
274
274
274
274
274
274
274
274
274
274
274
274
274
274
274
274
274
274
274
274
274
274
274
274
274
274
274
274
274
274
274
274
274
274
274
274
274
274
274
274
274
274
274
274
274
274
274
274
274
274
274
274
274.001
274.043
276.515
394.709
972.424
1441.02
1506.22
1512.7
1523.54
1578.45
1720.31
1971.26
2102.52
2132.52
2204.59
2261.4
2269.96
2233.41
2183.86
2103.36
2033.52
274
274
274
274
274
274
274
274
274
274
274
274
274
274
274
274
274
274
274
274
274
274
274
274
274
274
274
274
274
274
274
274
274
274
274
274
274
274
274
274
274
274
274
274
274
274
274
274
274
274
274
274
274
274
274
274
274
274
274
274
274
274
274
274
274
274
274
274
274
274
274
274
274
274
274
274
274
274
274
274
274
274
274
274
274
274
274
274
274
274
274
274
274
274
274
274
274
274
274
274
274
274
274
274
274.001
274.037
276.136
377.985
930.422
1384.06
1452.43
1475.8
1486.61
1531.49
1634.72
1842.6
2016.6
2040.43
2095.1
2158.68
2166.97
2144.96
2131.05
2131.64
2084.26
274
274
274
274
274
274
274
274
274
274
274
274
274
274
274
274
274
274
274
274
274
274
274
274
274
274
274
274
274
274
274
274
274
274
274
274
274
274
274
274
274
274
274
274
274
274
274
274
274
274
274
274
274
274
274
274
274
274
274
274
274
274
274
274
274
274
274
274
274
274
274
274
274
274
274
274
274
274
274
274
274
274
274
274
274
274
274
274
274
274
274
274
274
274
274
274
274
274
274
274
274
274
274
274
274.001
274.027
275.614
356.027
879.612
1331.49
1399.89
1427.75
1450.64
1473.17
1534.53
1671.85
1866.86
1966.61
2011.54
2051.52
2078.9
2077.26
2116.87
2143.69
2120.7
274
274
274
274
274
274
274
274
274
274
274
274
274
274
274
274
274
274
274
274
274
274
274
274
274
274
274
274
274
274
274
274
274
274
274
274
274
274
274
274
274
274
274
274
274
274
274
274
274
274
274
274
274
274
274
274
274
274
274
274
274
274
274
274
274
274
274
274
274
274
274
274
274
274
274
274
274
274
274
274
274
274
274
274
274
274
274
274
274
274
274
274
274
274
274
274
274
274
274
274
274
274
274
274
274
274.015
274.906
319.541
761.912
1245.32
1343.25
1389.84
1419.02
1421.27
1469.05
1557.41
1707.97
1849.9
1909.18
1935.63
1967.43
1982.97
2082.28
2169.14
2169.28
274
274
274
274
274
274
274
274
274
274
274
274
274
274
274
274
274
274
274
274
274
274
274
274
274
274
274
274
274
274
274
274
274
274
274
274
274
274
274
274
274
274
274
274
274
274
274
274
274
274
274
274
274
274
274
274
274
274
274
274
274
274
274
274
274
274
274
274
274
274
274
274
274
274
274
274
274
274
274
274
274
274
274
274
274
274
274
274
274
274
274
274
274
274
274
274
274
274
274
274
274
274
274
274
274
274.009
274.526
298.215
661
1184.48
1301.24
1344.92
1367.65
1364.08
1381.17
1423.47
1537.37
1702.51
1793.48
1819.24
1825.29
1808.49
1985.39
2179.44
2237.43
274
274
274
274
274
274
274
274
274
274
274
274
274
274
274
274
274
274
274
274
274
274
274
274
274
274
274
274
274
274
274
274
274
274
274
274
274
274
274
274
274
274
274
274
274
274
274
274
274
274
274
274
274
274
274
274
274
274
274
274
274
274
274
274
274
274
274
274
274
274
274
274
274
274
274
274
274
274
274
274
274
274
274
274
274
274
274
274
274
274
274
274
274
274
274
274
274
274
274
274
274
274
274
274
274
274.004
274.239
284.802
541.683
1086.79
1262.55
1334.45
1367.08
1345.52
1354.63
1366.91
1406.2
1517.83
1616.37
1647.11
1656.51
1647.03
1799.17
1980.88
2276.32
274
274
274
274
274
274
274
274
274
274
274
274
274
274
274
274
274
274
274
274
274
274
274
274
274
274
274
274
274
274
274
274
274
274
274
274
274
274
274
274
274
274
274
274
274
274
274
274
274
274
274
274
274
274
274
274
274
274
274
274
274
274
274
274
274
274
274
274
274
274
274
274
274
274
274
274
274
274
274
274
274
274
274
274
274
274
274
274
274
274
274
274
274
274
274
274
274
274
274
274
274
274
274
274
274
274.001
274.078
277.92
424.503
956.614
1205.73
1298.25
1351.14
1341.94
1334.85
1337.08
1351.18
1445.5
1505.68
1502.61
1424.68
1358.71
1399.13
1521.37
1882.8
274
274
274
274
274
274
274
274
274
274
274
274
274
274
274
274
274
274
274
274
274
274
274
274
274
274
274
274
274
274
274
274
274
274
274
274
274
274
274
274
274
274
274
274
274
274
274
274
274
274
274
274
274
274
274
274
274
274
274
274
274
274
274
274
274
274
274
274
274
274
274
274
274
274
274
274
274
274
274
274
274
274
274
274
274
274
274
274
274
274
274
274
274
274
274
274
274
274
274
274
274
274
274
274
274
274.001
274.03
275.577
348.548
810.822
1125.22
1245.31
1323.96
1334.48
1309.08
1299.82
1295.58
1345.18
1366.67
1342.2
1276.45
1249.09
1261.28
1456.7
1776.97
274
274
274
274
274
274
274
274
274
274
274
274
274
274
274
274
274
274
274
274
274
274
274
274
274
274
274
274
274
274
274
274
274
274
274
274
274
274
274
274
274
274
274
274
274
274
274
274
274
274
274
274
274
274
274
274
274
274
274
274
274
274
274
274
274
274
274
274
274
274
274
274
274
274
274
274
274
274
274
274
274
274
274
274
274
274
274
274
274
274
274
274
274
274
274
274
274
274
274
274
274
274
274
274
274
274
274.018
274.961
318.34
733.849
1076.12
1203.09
1303.73
1324.05
1300.59
1288.61
1274.74
1307.83
1320.61
1286.6
1210.24
1174.73
1186.37
1364.6
1551.1
274
274
274
274
274
274
274
274
274
274
274
274
274
274
274
274
274
274
274
274
274
274
274
274
274
274
274
274
274
274
274
274
274
274
274
274
274
274
274
274
274
274
274
274
274
274
274
274
274
274
274
274
274
274
274
274
274
274
274
274
274
274
274
274
274
274
274
274
274
274
274
274
274
274
274
274
274
274
274
274
274
274
274
274
274
274
274
274
274
274
274
274
274
274
274
274
274
274
274
274
274
274
274
274
274
274
274.002
274.161
281.651
495.861
982.073
1130.86
1219.1
1250.36
1235.38
1188.98
1109.4
1079.64
1071.29
1049.24
998.462
943.796
931.88
1090.05
1276.53
274
274
274
274
274
274
274
274
274
274
274
274
274
274
274
274
274
274
274
274
274
274
274
274
274
274
274
274
274
274
274
274
274
274
274
274
274
274
274
274
274
274
274
274
274
274
274
274
274
274
274
274
274
274
274
274
274
274
274
274
274
274
274
274
274
274
274
274
274
274
274
274
274
274
274
274
274
274
274
274
274
274
274
274
274
274
274
274
274
274
274
274
274
274
274
274
274
274
274
274
274
274
274
274
274
274
274
274.003
274.293
289.257
584.221
992.661
1113.78
1213.77
1230.86
1221.54
1171.46
1089.45
1044.8
1029.29
1014.94
1019.97
1057.33
1200.74
1270.9
274
274
274
274
274
274
274
274
274
274
274
274
274
274
274
274
274
274
274
274
274
274
274
274
274
274
274
274
274
274
274
274
274
274
274
274
274
274
274
274
274
274
274
274
274
274
274
274
274
274
274
274
274
274
274
274
274
274
274
274
274
274
274
274
274
274
274
274
274
274
274
274
274
274
274
274
274
274
274
274
274
274
274
274
274
274
274
274
274
274
274
274
274
274
274
274
274
274
274
274
274
274
274
274
274
274
274
274
274.005
274.46
295.552
618.123
973.169
1080.8
1158.6
1176.47
1212.71
1215.43
1176.59
1160.44
1178.16
1188.86
1231.52
1315.29
1439.83
274
274
274
274
274
274
274
274
274
274
274
274
274
274
274
274
274
274
274
274
274
274
274
274
274
274
274
274
274
274
274
274
274
274
274
274
274
274
274
274
274
274
274
274
274
274
274
274
274
274
274
274
274
274
274
274
274
274
274
274
274
274
274
274
274
274
274
274
274
274
274
274
274
274
274
274
274
274
274
274
274
274
274
274
274
274
274
274
274
274
274
274
274
274
274
274
274
274
274
274
274
274
274
274
274
274
274
274
274
274.006
274.448
292.912
573.645
908.792
1000.98
1048.71
1097.29
1147.78
1145.51
1134.65
1169.87
1182.45
1183.56
1190.56
1092.91
274
274
274
274
274
274
274
274
274
274
274
274
274
274
274
274
274
274
274
274
274
274
274
274
274
274
274
274
274
274
274
274
274
274
274
274
274
274
274
274
274
274
274
274
274
274
274
274
274
274
274
274
274
274
274
274
274
274
274
274
274
274
274
274
274
274
274
274
274
274
274
274
274
274
274
274
274
274
274
274
274
274
274
274
274
274
274
274
274
274
274
274
274
274
274
274
274
274
274
274
274
274
274
274
274
274
274
274
274
274
274.007
274.336
284.871
446.223
760.694
873.592
907.258
927.199
952.603
957.835
940.349
904.251
842.895
749.902
646.109
274
274
274
274
274
274
274
274
274
274
274
274
274
274
274
274
274
274
274
274
274
274
274
274
274
274
274
274
274
274
274
274
274
274
274
274
274
274
274
274
274
274
274
274
274
274
274
274
274
274
274
274
274
274
274
274
274
274
274
274
274
274
274
274
274
274
274
274
274
274
274
274
274
274
274
274
274
274
274
274
274
274
274
274
274
274
274
274
274
274
274
274
274
274
274
274
274
274
274
274
274
274
274
274
274
274
274
274
274
274
274
274.007
274.21
278.394
336.358
532.532
701.576
748.236
753.064
737.485
706.223
661.455
607.243
531.933
468.837
274
274
274
274
274
274
274
274
274
274
274
274
274
274
274
274
274
274
274
274
274
274
274
274
274
274
274
274
274
274
274
274
274
274
274
274
274
274
274
274
274
274
274
274
274
274
274
274
274
274
274
274
274
274
274
274
274
274
274
274
274
274
274
274
274
274
274
274
274
274
274
274
274
274
274
274
274
274
274
274
274
274
274
274
274
274
274
274
274
274
274
274
274
274
274
274
274
274
274
274
274
274
274
274
274
274
274
274
274
274
274
274
274.004
274.106
275.332
285.453
338.478
450.633
532.38
561.977
557.985
529.145
491.112
433.064
389.322
274
274
274
274
274
274
274
274
274
274
274
274
274
274
274
274
274
274
274
274
274
274
274
274
274
274
274
274
274
274
274
274
274
274
274
274
274
274
274
274
274
274
274
274
274
274
274
274
274
274
274
274
274
274
274
274
274
274
274
274
274
274
274
274
274
274
274
274
274
274
274
274
274
274
274
274
274
274
274
274
274
274
274
274
274
274
274
274
274
274
274
274
274
274
274
274
274
274
274
274
274
274
274
274
274
274
274
274
274
274
274
274
274
274.002
274.039
274.344
275.981
282.012
294.671
309.488
324.275
331.374
322.181
296.99
287.449
274
274
274
274
274
274
274
274
274
274
274
274
274
274
274
274
274
274
274
274
274
274
274
274
274
274
274
274
274
274
274
274
274
274
274
274
274
274
274
274
274
274
274
274
274
274
274
274
274
274
274
274
274
274
274
274
274
274
274
274
274
274
274
274
274
274
274
274
274
274
274
274
274
274
274
274
274
274
274
274
274
274
274
274
274
274
274
274
274
274
274
274
274
274
274
274
274
274
274
274
274
274
274
274
274
274
274
274
274
274
274
274
274
274
274.001
274.011
274.072
274.314
274.945
275.969
277.037
277.545
277.301
276.184
275.364
274
274
274
274
274
274
274
274
274
274
274
274
274
274
274
274
274
274
274
274
274
274
274
274
274
274
274
274
274
274
274
274
274
274
274
274
274
274
274
274
274
274
274
274
274
274
274
274
274
274
274
274
274
274
274
274
274
274
274
274
274
274
274
274
274
274
274
274
274
274
274
274
274
274
274
274
274
274
274
274
274
274
274
274
274
274
274
274
274
274
274
274
274
274
274
274
274
274
274
274
274
274
274
274
274
274
274
274
274
274
274
274
274
274
274
274
274.002
274.013
274.047
274.107
274.182
274.234
274.238
274.183
274.121
274
274
274
274
274
274
274
274
274
274
274
274
274
274
274
274
274
274
274
274
274
274
274
274
274
274
274
274
274
274
274
274
274
274
274
274
274
274
274
274
274
274
274
274
274
274
274
274
274
274
274
274
274
274
274
274
274
274
274
274
274
274
274
274
274
274
274
274
274
274
274
274
274
274
274
274
274
274
274
274
274
274
274
274
274
274
274
274
274
274
274
274
274
274
274
274
274
274
274
274
274
274
274
274
274
274
274
274
274
274
274
274
274
274
274
274
274
274
274.001
274.005
274.01
274.016
274.017
274.013
274.008
274
274
274
274
274
274
274
274
274
274
274
274
274
274
274
274
274
274
274
274
274
274
274
274
274
274
274
274
274
274
274
274
274
274
274
274
274
274
274
274
274
274
274
274
274
274
274
274
274
274
274
274
274
274
274
274
274
274
274
274
274
274
274
274
274
274
274
274
274
274
274
274
274
274
274
274
274
274
274
274
274
274
274
274
274
274
274
274
274
274
274
274
274
274
274
274
274
274
274
274
274
274
274
274
274
274
274
274
274
274
274
274
274
274
274
274
274
274
274
274
274
274
274.001
274
274
274
274
274
274
274
274
274
274
274
274
274
274
274
274
274
274
274
274
274
274
274
274
274
274
274
274
274
274
274
274
274
274
274
274
274
274
274
274
274
274
274
274
274
274
274
274
274
274
274
274
274
274
274
274
274
274
274
274
274
274
274
274
274
274
274
274
274
274
274
274
274
274
274
274
274
274
274
274
274
274
274
274
274
274
274
274
274
274
274
274
274
274
274
274
274
274
274
274
274
274
274
274
274
274
274
274
274
274
274
274
274
274
274
274
274
274
274
274
274
274
274
274
274
274
274
274
274
274
274
274
274
274
274
274
274
274
274
274
274
274
274
274
274
274
274
274
274
274
274
274
274
274
274
274
274
274
274
274
274
274
274
274
274
274
274
274
274
274
274
274
274
274
274
274
274
274
274
274
274
274
274
274
274
274
274
274
274
274
274
274
274
274
274
274
274
274
274
274
274
274
274
274
274
274
274
274
274
274
274
274
274
274
274
274
274
274
274
274
274
274
274
274
274
274
274
274
274
274
274
274
274
274
274
274
274
274
274
274
274
274
274
274
274
274
274
274
274
274
274
274
274
274
274
274
274
274
274
274
274
274
274
274
274
274
274
274
274
274
274
274
274
274
274
274
274
274
274
274
274
274
274
274
274
274
274
274
274
274
274
274
274
274
274
274
274
274
274
274
274
274
274
274
274
274
274
274
274
274
274
274
274
274
274
274
274
274
274
274
274
274
274
274
274
274
274
274
274
274
274
274
274
274
274
274
274
274
274
274
274
274
274
274
274
274
274
274
274
274
274
274
274
274
274
274
274
274
274
274
274
274
274
274
274
274
274
274
274
274
274
274
274
274
274
274
274
274
274
274
274
274
274
274
274
274
274
274
274
274
274
274
274
274
274
274
274
274
274
274
274
274
274
274
274
274
274
274
274
274
274
274
274
274
274
274
274
274
274
274
274
274
274
274
274
274
274
274
274
274
274
274
274
274
274
274
274
274
274
274
274
274
274
274
274
274
274
274
274
274
274
274
274
274
274
274
274
274
274
274
274
274
274
274
274
274
274
274
274
274
274
274
274
274
274
274
274
274
274
274
274
274
274
274
274
274
274
274
274
274
274
274
274
274
274
274
274
274
274
274
274
274
274
274
274
274
274
274
274
274
274
274
274
274
274
274
274
274
274
274
274
274
274
274
274
274
274
274
274
274
274
274
274
274
274
274
274
274
274
274
274
274
274
274
274
274
274
274
274
274
274
274
274
274
274
274
274
274
274
274
274
274
274
274
274
274
274
274
274
274
274
274
274
274
274
274
274
274
274
274
274
274
274
274
274
274
274
274
274
274
274
274
274
274
274
274
274
274
274
274
274
274
274
274
274
274
274
274
274
274
274
274
274
274
274
274
274
274
274
274
274
274
274
274
274
274
274
274
274
274
274
274
274
274
274
274
274
274
274
274
274
274
274
274
274
274
274
274
274
274
274
274
274
274
274
274
274
274
274
274
274
274
274
274
274
274
274
274
274
274
274
274
274
274
274
274
274
274
274
274
274
274
274
274
274
274
274
274
274
274
274
274
274
274
274
274
274
274
274
274
274
274
274
274
274
274
274
274
274
274
274
274
274
274
274
274
274
274
274
274
274
274
274
274
274
274
274
274
274
274
274
274
274
274
274
274
274
274
274
274
274
274
274
274
274
274
274
274
274
274
274
274
274
274
274
274
274
274
274
274
274
274
274
274
274
274
274
274
274
274
274
274
274
274
274
274
274
274
274
274
274
274
274
274
274
274
274
274
274
274
274
274
274
274
274
274
274
274
274
274
274
274
274
274
274
274
274
274
274
274
274
274
274
274
274
274
274
274
274
274
274
274
274
274
274
274
274
274
274
274
274
274
274
274
274
274
274
274
274
274
274
274
274
274
274
274
274
274
274
274
274
274
274
274
274
274
274
274
274
274
274
274
274
274
274
274
274
274
274
274
274
274
274
274
274
274
274
274
274
274
274
274
274
274
274
274
274
274
274
274
274
274
274
274
274
274
274
274
274
274
274
274
274
274
274
274
274
274
274
274
274
274
274
274
274
274
274
274
274
274
274
274
274
274
274
274
274
274
274
274
274
274
274
274
274
274
274
274
274
274
274
274
274
274
274
274
274
274
274
274
274
274
274
274
274
274
274
274
274
274
274
274
274
274
274
274
274
274
274
274
274
274
274
274
274
274
274
274
274
274
274
274
274
274
274
274
274
274
274
274
274
274
274
274
274
274
274
274
274
274
274
274
274
274
274
274
274
274
274
274
274
274
274
274
274
274
274
274
274
274
274
274
274
274
274
274
274
274
274
274
274
274
274
274
274
274
274
274
274
274
274
274
274
274
274
274
274
274
274
274
274
274
274
274
274
274
274
274
274
274
274
274
274
274
274
274
274
274
274
274
274
274
274
274
274
274
274
274
274
274
274
274
274
274
274
274
274
274
274
274
274
274
274
274
274
274
274
274
274
274
274
274
274
274
274
274
274
274
274
274
274
274
274
274
274
274
274
274
274
274
274
274
274
274
274
274
274
274
274
274
274
274
274
274
274
274
274
274
274
274
274
274
274
274
274
274
274
274
274
274
274
274
274
274
274
274
274
274
274
274
274
274
274
274
274
274
274
274
274
274
274
274
274
274
274
274
274
274
274
274
274
274
274
274
274
274
274
274
274
274
274
274
274
274
274
274
274
274
274
274
274
274
274
274
274
274
274
274
274
274
274
274
274
274
274
274
274
274
274
274
274
274
274
274
274
274
274
274
274
274
274
274
274
274
274
274
274
274
274
274
274
274
274
274
274
274
274
274
274
274
274
274
274
274
274
274
274
274
274
274
274
274
274
274
274
274
274
274
274
274
274
274
274
274
274
274
274
274
274
274
274
274
274
274
274
274
274
274
274
274
274
274
274
274
274
274
274
274
274
274
274
274
274
274
274
274
274
274
274
274
274
274
274
274
274
274
274
274
274
274
274
274
274
274
274
274
274
274
274
274
274
274
274
274
274
274
274
274
274
274
274
274
274
274
274
274
274
274
274
274
274
274
274
274
274
274
274
274
274
274
274
274
274
274
274
274
274
274
274
274
274
274
274
274
274
274
274
274
274
274
274
274
274
274
274
274
274
274
274
274
274
274
274
274
274
274
274
274
274
274
274
274
274
274
274
274
274
274
274
274
274
274
274
274
274
274
274
274
274
274
274
274
274
274
274
274
274
274
274
274
274
274
274
274
274
274
274
274
274
274
274
274
274
274
274
274
274
274
274
274
274
274
274
274
274
274
274
274
274
274
274
274
274
274
274
274
274
274
274
274
274
274
274
274
274
274
274
274
274
274
274
274
274
274
274
274
274
274
274
274
274
274
274
274
274
274
274
274
274
274
274
274
274
274
274
274
274
274
274
274
274
274
274
274
274
274
274
274
274
274
274
274
274
274
274
274
274
274
274
274
274
274
274
274
274
274
274
274
274
274
274
274
274
274
274
274
274
274
274
274
274
274
274
274
274
274
274
274
274
274
274
274
274
274
274
274
274
274
274
274
274
274
274
274
274
274
274
274
274
274
274
274
274
274
274
274
274
274
274
274
274
274
274
274
274
274
274
274
274
274
274
274
274
274
274
274
274
274
274
274
274
274
274
274
274
274
274
274
274
274
274
274
274
274
274
274
274
274
274
274
274
274
274
274
274
274
274
274
274
274
274
274
274
274
274
274
274
274
274
274
274
274
274
274
274
274
274
274
274
274
274
274
274
274
274
274
274
274
274
274
274
274
274
274
274
274
274
274
274
274
274
274
274
274
274
274
274
274
274
274
274
274
274
274
274
274
274
274
274
274
274
274
274
274
274
274
274
274
274
274
274
274
274
274
274
274
274
274
274
274
274
274
274
274
274
274
274
274
274
274
274
274
274
274
274
274
274
274
274
274
274
274
274
274
274
274
274
274
274
274
274
274
274
274
274
274
274
274
274
274
274
274
274
274
274
274
274
274
274
274
274
274
274
274
274
274
274
274
274
274
274
274
274
274
274
274
274
274
274
274
274
274
274
274
274
274
274
274
274
274
274
274
274
274
274
274
274
274
274
274
274
274
274
274
274
274
274
274
274
274
274
274
274
274
274
274
274
274
274
274
274
274
274
274
274
274
274
274
274
274
274
274
274
274
274
274
274
274
274
274
274
274
274
274
274
274
274
274
274
274
274
274
274
274
274
274
274
274
274
274
274
274
274
274
274
274
274
274
274
274
274
274
274
274
274
274
274
274
274
274
274
274
274
274
274
274
274
274
274
274
274
274
274
274
274
274
274
274
274
274
274
274
274
274
274
274
274
274
274
274
274
274
274
274
274
274
274
274
274
274
274
274
274
274
274
274
274
274
274
274
274
274
274
274
274
274
274
274
274
274
274
274
274
274
274
274
274
274
274
274
274
274
274
274
274
274
274
274
274
274
274
274
274
274
274
274
274
274
274
274
274
274
274
274
274
274
274
274
274
274
274
274
274
274
274
274
274
274
274
274
274
274
274
274
274
274
274
274
274
274
274
274
274
274
274
274
274
274
274
274
274
274
274
274
274
274
274
274
274
274
274
274
274
274
274
274
274
274
274
274
274
274
274
274
274
274
274
274
274
274
274
274
274
274
274
274
274
274
274
274
274
274
274
274
274
274
274
274
274
274
274
274
274
274
274
274
274
274
274
274
274
274
274
274
274
274
274
274
274
274
274
274
274
274
274
274
274
274
274
274
274
274
274
274
274
274
274
274
274
274
274
274
274
274
274
274
274
274
274
274
274
274
274
274
274
274
274
274.001
274.001
274.001
274.001
274.001
274.001
274.001
274.001
274.001
274.001
274.001
274.001
274.001
274.001
274.001
274.001
274.001
274.001
274.001
274.001
274.001
274.001
274.001
274.001
274.001
274.001
274.001
274.001
274.001
274.001
274.001
274.001
274.001
274.001
274.001
274.001
274.001
274.001
274.001
274.001
274.001
274.001
274.001
274.001
274.001
274.001
274.001
274.001
274.001
274.001
274.001
274.001
274.001
274.001
274.001
274.001
274.001
274.001
274.001
274.001
274.001
274.001
274.001
274.001
274.001
274.001
274.001
274.001
274.001
274.001
274.001
274.001
274.001
274.001
274.001
274.001
274.001
274.001
274.001
274.001
274.001
274.001
274.001
274.001
274.001
274.001
274.001
274.001
274.001
274.001
274.001
274.001
274.001
274.001
274.001
274.001
274.001
274.001
274.001
274.001
274.001
274.001
274.001
274.001
274.001
274.001
274.001
274.001
274.001
274.001
274.001
274.001
274.001
274.001
274.001
274.001
274.001
274.001
274.001
274.001
274.001
274.001
274.001
274.001
274.001
)
;

boundaryField
{
    wall
    {
        type            zeroGradient;
    }
    inlet
    {
        type            fixedValue;
        value           uniform 3673;
    }
    outlet-1
    {
        type            inletOutlet;
        inletValue      uniform 274;
        value           uniform 274;
    }
    outlet-2
    {
        type            inletOutlet;
        inletValue      uniform 274;
        value           nonuniform List<scalar> 
89
(
274.001
274
274
274
274
274
274
274
274
274
274
274
274
274
274
274
274
274
274
274
274
274
274
274
274
274
274
274
274
274
274
274
274
274
274
274
274
274
274
274
274
274
274
274
274
274
274
274
274
274
274
274
274
274
274
274
274
274
274
274
274
274
274
274
274
274
274
274
274
274
274
274
274
274
274
274
274
274
274
274
274
274
274
274
274
274
274
274
274.001
)
;
    }
    frontAndBackPlanes
    {
        type            empty;
    }
}


// ************************************************************************* //
