/*--------------------------------*- C++ -*----------------------------------*\
| =========                 |                                                 |
| \\      /  F ield         | OpenFOAM: The Open Source CFD Toolbox           |
|  \\    /   O peration     | Version:  2112                                  |
|   \\  /    A nd           | Website:  www.openfoam.com                      |
|    \\/     M anipulation  |                                                 |
\*---------------------------------------------------------------------------*/
FoamFile
{
    version     2.0;
    format      ascii;
    arch        "LSB;label=32;scalar=64";
    class       volScalarField;
    location    "0.00127";
    object      T;
}
// * * * * * * * * * * * * * * * * * * * * * * * * * * * * * * * * * * * * * //

dimensions      [0 0 0 1 0 0 0];

internalField   nonuniform List<scalar> 
13875
(
1411.73
1534.91
1482.73
1486.8
1481.07
1483.52
1483.49
1483.14
1483.96
1484.11
1484.91
1484.56
1483.83
1484.01
1484.45
1484.1
1483.51
1482.62
1482.96
1483.28
1480.89
1487.37
1480.75
1533.12
1397.77
1306.98
1356.04
1319.13
1322.08
1316.58
1317.11
1317
1317.69
1322.28
1323.24
1324.29
1323.51
1320.62
1321.56
1323.5
1323.04
1321.41
1317.34
1317.35
1317.31
1316.59
1322.01
1319.72
1356.2
1302.39
1307.06
1339.6
1314.65
1311.09
1303.95
1304.28
1303.67
1303.63
1305.12
1306.34
1305.62
1305.26
1304.93
1305.5
1306.61
1306.17
1303.82
1303.26
1303.13
1304.11
1303.73
1310.9
1311.67
1336.2
1297.41
1317.18
1345.01
1315.14
1308.75
1305.11
1304.75
1303.88
1303.81
1304.17
1304.92
1305.18
1305.12
1305.01
1305.64
1305.43
1304.97
1304.05
1303.38
1303.34
1304.61
1304.67
1307.81
1314.14
1343.81
1312.26
1329.36
1341.74
1316.19
1311.76
1303.52
1304.11
1303.97
1303.89
1303.94
1304.65
1305.4
1305.51
1305.36
1305.84
1305.52
1305.01
1303.89
1303.61
1303.28
1303.79
1303.37
1311.54
1312.26
1338.64
1316.52
1332.2
1351.57
1319.46
1310.04
1307.1
1306.25
1304.97
1304.55
1304.37
1305.16
1305.52
1305.74
1306.09
1306.21
1305.52
1305.29
1304.24
1304.48
1304.24
1305.79
1306.48
1308.65
1319.26
1349.22
1326.47
1339.22
1360.53
1329.74
1317.05
1307.2
1306.53
1305.64
1305.1
1304.9
1305.53
1306.24
1306.21
1306.99
1306.71
1306.1
1305.48
1304.99
1305.17
1304.82
1305.98
1306.89
1317.35
1326.13
1358.54
1321.89
1361.82
1386.33
1345.89
1322.08
1316.89
1312.59
1309.49
1307.87
1307
1306.89
1307.5
1307.57
1308.42
1307.94
1307.03
1306.85
1307.01
1307.69
1308.14
1311.41
1315.51
1321.09
1342.2
1381.7
1351.25
1535.39
1509.12
1389.79
1352.43
1324.37
1317.38
1313.58
1311.42
1310.1
1310.12
1310.62
1310.84
1311.42
1311.23
1309.93
1309.77
1310.01
1311.13
1312.15
1316.09
1322.61
1348.76
1384.66
1508.8
1525.07
1862.87
1590.59
1439.06
1368.93
1346.45
1330.56
1323.24
1319.73
1317.34
1317.25
1317.48
1317.9
1317.98
1318.38
1316.53
1316.48
1317.06
1319.24
1321.37
1328.38
1342.21
1365.81
1430.41
1571.19
1837.18
2522.76
1803.1
1543.15
1445.79
1369.66
1350.63
1340.85
1335.92
1333.05
1332.71
1332.79
1333.2
1333.08
1333.78
1331.65
1331.63
1332.41
1335.09
1338.4
1348.17
1364.15
1438.4
1519.88
1805
2463.67
2890.99
2312.73
2135.56
1539.44
1450.73
1415.53
1386.74
1377.89
1372.07
1370.83
1370.35
1370.09
1370.79
1370.76
1369.06
1369.25
1370.82
1375.82
1382.54
1411.22
1436.65
1504.6
1825.3
2296.25
2827.17
2851.53
2777.69
2659.07
2395.04
1657.6
1556.51
1528.83
1508.83
1499.19
1497.11
1496.77
1494.05
1498.63
1495.4
1494.35
1495.16
1498.4
1507.01
1522.68
1552.02
1664.95
2375.86
2499.05
2720.41
2804.64
2770.62
2755.98
2866.73
2861.02
2233.61
2258.13
2062.11
1970.84
1936.87
1896.93
1920.31
1879.32
1920.75
1892.94
1900.58
1902.44
1918.37
1958.33
2059.11
2210.69
2184.45
2861.17
2884.44
2741.26
2730.28
2654.1
2747.61
2872.06
2860.24
2890.23
3203.8
3445.73
3478.49
3709.35
3629.11
3708.84
3654.96
3694.77
3670.08
3688.23
3672.79
3684.82
3569.39
3469.44
3206.17
2909.99
2870.37
2871.62
2702.54
2681.98
2539.91
2685.39
2898.68
2989.8
3001.42
3352.82
3596.31
3685.76
3697.95
3670.6
3632.26
3644.04
3605.35
3638.09
3636.09
3663.44
3680.25
3715.08
3638.72
3435.36
3045.39
2978.9
2908.64
2696.23
2580.72
2490.57
2619.6
2760.22
2964.47
3049.06
3351.48
3573.31
3670.23
3669.85
3652.33
3621.63
3627.05
3602.05
3623.39
3621.66
3642.21
3664.74
3704.9
3624.81
3442.4
3100.08
3007.02
2813.48
2604.39
2490.91
2316.81
2617.68
2864.4
2958.67
2961.32
3206.68
3369.44
3462.75
3496.88
3510.65
3509.83
3505.13
3506.47
3507.26
3509.04
3513.11
3502.74
3476.23
3370.69
3207.8
3003.72
3005.72
2875.55
2585.2
2321.19
2236.67
2330.8
2629.82
2776.24
2744.59
2878.57
3124.58
3298.47
3380.77
3408.82
3412.85
3411.88
3414.29
3414.17
3409.35
3410.98
3400.81
3344.02
3157.98
2909.87
2770.48
2814.44
2665.53
2340.41
2258.62
2322.7
2265.26
2370.55
2549.61
2563.89
2632.42
2844.16
3090.75
3244.15
3306.35
3321.69
3322.62
3325.42
3323.65
3320.57
3314.59
3270.31
3122.8
2862.7
2652.73
2583.87
2568.67
2356.68
2254.9
2355.69
2874.36
2246.5
2192.85
2349.78
2410.21
2480.5
2665.02
2909.31
3092.79
3191.85
3223.81
3230.39
3229.71
3228.97
3220.92
3198.23
3110.74
2922.4
2668.35
2497.57
2422.3
2348.13
2175.68
2224.04
2796.34
2829.33
2045.74
2001.2
2190.01
2279.41
2371.92
2530.96
2761.82
2953.46
3072.34
3111.91
3121.61
3122.19
3120.31
3108.8
3075.3
2961.65
2761.93
2533.14
2388.9
2287.76
2183.08
1999.59
2043.02
2846.88
2852.83
2051.57
1896.81
2072.55
2182.22
2284.09
2419.33
2628.99
2827.25
2955.22
3001.6
3016.17
3017.63
3013.63
2999.03
2961.49
2839.16
2631.68
2424.57
2304.79
2192.19
2071.45
1884.28
2057.58
2979.42
2802.07
2032.41
1885.64
2015.18
2100.62
2199.62
2328.47
2531.64
2712.37
2843.56
2895.58
2906.99
2907.98
2904.26
2893.58
2851.49
2728.93
2532.36
2328.32
2211.48
2113.68
2016.04
1876.58
2025.2
2806.9
2726.63
2031.03
1913.03
1983.68
2037.98
2120.19
2240.81
2434.49
2615.71
2736.13
2784.33
2800.94
2802.64
2798.82
2785.04
2745.14
2626.59
2434.81
2238.16
2127.86
2055.09
1990.47
1897.98
2038.63
2783.78
2715.2
2049.71
1929.7
1965.9
1986.48
2049.99
2169.37
2361.5
2526.29
2642.13
2686.62
2700.2
2701.76
2698.02
2684.8
2651.18
2546.35
2363.87
2166.93
2050.93
1999.34
1971.36
1917.92
2043.33
2752.18
2683.02
2086.51
1952.8
1962.58
1946.1
1995.52
2108.95
2282.97
2438.41
2549.5
2592.69
2600.52
2604.62
2598.7
2589.84
2552.66
2452.45
2291.96
2110.55
1994.32
1949.61
1964.13
1939.45
2083.81
2762.33
2686.05
2136.11
1987.71
1955.59
1915.69
1947.74
2059.46
2233.2
2376.59
2462.74
2495.17
2512.31
2514.75
2510.08
2491.7
2463.63
2383.18
2227.37
2056.36
1943.37
1922.35
1956.45
1978.05
2139.54
2762.11
2713.86
2167.66
2009.93
1943.72
1899.24
1919.61
2019.69
2169.2
2294.28
2385.11
2422.88
2426.16
2430.43
2424.19
2417.48
2381.76
2303.4
2178.18
2023.8
1917.67
1894.92
1937.56
1987.94
2124.74
2734.78
2734.82
2169.62
2001.75
1946.96
1882.49
1895.79
1987.09
2130.01
2245.27
2308.68
2331.82
2348.17
2353
2345.01
2327.02
2301.38
2237
2115.59
1982.52
1891.31
1883.32
1936.38
1985.99
2141.68
2761.82
2719.41
2174.49
2019.2
1941.53
1862.63
1884.87
1971.53
2094.2
2179.94
2243.3
2274.26
2276.95
2280.09
2275.04
2266.07
2235.27
2177.54
2082.48
1958.61
1873.16
1854.23
1921.46
2001.25
2167.13
2759.45
2701.41
2163.62
2022.76
1934.64
1858.62
1867.2
1943.77
2052.75
2137.85
2182.3
2195.31
2209.87
2214.4
2207.1
2194.71
2170.91
2121.84
2033.75
1933
1859.42
1854
1930.48
1998.29
2177.25
2726.57
2668.41
2175.9
2046.69
1936
1843.5
1856.61
1935.63
2032.17
2087.94
2121.17
2144.74
2145.85
2152.64
2145.54
2134.61
2115.81
2080.88
2012.95
1914.43
1839.06
1829.38
1914.6
2030.14
2173.38
2720.52
2654.91
2177.2
2097.48
1942.82
1855.3
1846.51
1916.38
1992.35
2045.21
2075.36
2082.14
2094.34
2095.44
2092.73
2087.32
2062.9
2029.23
1972.11
1900.94
1834.32
1847.09
1935.62
2069.76
2180.87
2703.51
2666.2
2180.47
2130.72
1950.01
1862.17
1839.38
1905.35
1978.81
2012.96
2023.16
2034.29
2035.19
2044.63
2037.8
2029.56
2024.5
2005.42
1959.59
1886.72
1816.92
1851.92
1936.87
2124.98
2175.44
2694.83
2652.21
2178.28
2114.13
1964.38
1884.21
1842.31
1895
1939.08
1963.26
1982.78
1992.09
1995
1994.37
1994.49
1999.08
1977.99
1960.81
1927.23
1881.03
1832.6
1878.57
1955.77
2121.16
2195.96
2688.88
2629.86
2165.34
2120.03
1989.77
1886.69
1845.76
1879.67
1924.1
1944.75
1943.98
1938.69
1944.25
1952.42
1947.57
1942.72
1951.03
1942.74
1915.74
1876.45
1821.29
1872.9
1996.64
2126.06
2175.77
2663.02
2614.18
2156.91
2109.57
2050.7
1924.55
1863.96
1882.23
1892.14
1893.95
1901.59
1915.55
1909.41
1909.22
1912.5
1921.66
1905.34
1902.33
1892.16
1885.67
1872.68
1922.08
2061
2103.91
2167.57
2649.32
2593.53
2146.75
2099.42
2048.44
1936.61
1876.05
1870.09
1881.46
1884.52
1875.5
1864.02
1867.22
1872.67
1870.42
1873.31
1885.04
1887.36
1878.29
1876.48
1867.3
1938.51
2060.34
2098.72
2150.91
2643.09
2562.29
2134.86
2061.45
2048.86
1989.11
1902.65
1905.11
1873.98
1844.55
1832.27
1847
1838.2
1836.82
1841.25
1855.66
1840.54
1855.22
1876.21
1915.44
1921.67
1995.71
2049.82
2061.32
2148.59
2609.36
2537.03
2135.15
2053.01
2028.07
2035.08
1930.96
1898.71
1851.13
1838
1824.79
1800.67
1799.6
1803.81
1802.28
1807.3
1835.14
1848.25
1864.96
1904.05
1936.31
2061.89
2035.91
2041.34
2131.24
2577.56
2530.05
2129.92
2023.28
2029.32
2033.59
1960.82
1922.49
1884.17
1809.36
1780.1
1795.29
1778.23
1774.58
1779.57
1800.03
1790.28
1829.75
1886.85
1956.02
2006.64
2056.98
2021.53
2006.93
2133.05
2545.32
2524.68
2111.74
2013.74
1987.71
2027.07
2051.41
1952.62
1855.76
1826.09
1798.18
1753.37
1745.77
1747.9
1747.57
1756.41
1798.29
1828.33
1878.34
1959.32
2077.06
2034.13
1977.69
1996.75
2127.67
2536.6
2512.24
2118.03
1988.05
1972.34
2015.23
2049.88
1993.23
1914.31
1817.91
1759.2
1759.23
1733.52
1726.59
1730.84
1758.94
1768.92
1838.13
1908.38
2020.39
2061.03
2011.52
1953.22
1972.79
2132.23
2525.91
2502.62
2120.92
1992.53
1939.68
1983.57
2037.56
2067.68
1891.25
1829.78
1801.11
1728.18
1706.18
1705.92
1718.53
1727.2
1787.04
1840.32
1930.91
2110.15
2045.88
1956.6
1912.61
1979.95
2130.47
2520.31
2477.35
2113.52
1977.75
1927.61
1949.66
2010.52
2079
1988.58
1868.74
1761.32
1757.01
1716.82
1702.77
1697.41
1750.81
1774.32
1865.18
2005.45
2089.67
1998.4
1914.86
1894.88
1963.44
2133.93
2498.47
2461.89
2113.39
1989.14
1916.49
1924.7
1986.21
2067.24
2079.05
1892.86
1819.2
1727.53
1699.05
1700.6
1711.47
1720.21
1803.69
1903.64
2099.04
2078.7
1972.64
1896
1881.83
1975.71
2127.86
2492.68
2425.72
2097.03
1965.59
1901.22
1892.28
1947.11
2042.48
2076.86
2003.35
1809.83
1768.26
1714.82
1702.55
1696.47
1760.26
1817.24
2015.86
2087.86
2048.53
1922.67
1864.19
1869.3
1953.18
2116.02
2455.04
2396.64
2087.77
1956.52
1900.92
1893.75
1924.36
2020.53
2069.86
2063.14
1897.2
1774.14
1716.15
1710.17
1720.22
1764.22
1903.93
2076.15
2079.72
2017.21
1896.42
1862.67
1863.7
1947.43
2104.69
2426.07
2264.53
2037.89
1932.63
1892.69
1871.87
1896.98
1978.22
2047.25
2063.51
2034.23
1847.61
1723.61
1730.56
1726.35
1819.88
2035.37
2072.4
2058.26
1985.43
1878.66
1841.8
1855.54
1921.49
2050.02
2275.61
274.026
274.073
274.021
274.085
274.2
274.296
274.365
274.32
274.223
274.129
274.064
274.03
274.013
274.005
274.002
274
274
274
274
274
274
273.999
273.999
273.999
273.999
274.001
273.996
274.003
273.988
274.013
274.354
274.352
274.275
274.297
274.398
274.479
274.525
274.436
274.301
274.173
274.086
274.039
274.017
274.006
274.002
274.001
274
274
274
274
274
273.999
273.999
273.999
273.999
274
273.995
274.004
273.987
274.017
274.48
274.452
274.333
274.326
274.418
274.51
274.577
274.479
274.333
274.191
274.095
274.043
274.018
274.007
274.002
274.001
274
274
274
274
274
273.999
273.999
273.999
273.999
274
273.996
274.003
273.993
274.011
274.495
274.461
274.321
274.306
274.409
274.53
274.621
274.513
274.357
274.205
274.102
274.046
274.019
274.007
274.002
274.001
274
274
274
274
273.999
273.999
273.999
273.999
273.999
274
273.998
274.003
273.996
274.007
274.479
274.435
274.292
274.289
274.399
274.565
274.66
274.536
274.373
274.213
274.106
274.047
274.019
274.007
274.002
274.001
274
274
274
274
273.999
273.999
273.999
273.999
274
274
273.999
274.002
273.998
274.005
274.467
274.388
274.265
274.283
274.398
274.601
274.69
274.547
274.38
274.215
274.106
274.047
274.019
274.007
274.002
274.001
274
274
274
274
273.999
273.999
273.999
273.999
274
274
273.999
274.001
273.999
274.004
274.462
274.345
274.254
274.284
274.43
274.635
274.709
274.546
274.378
274.213
274.105
274.047
274.019
274.007
274.002
274.001
274
274
274
274
274
273.999
273.999
273.999
274
274
274
274.001
274
274.003
274.456
274.308
274.256
274.289
274.463
274.657
274.712
274.54
274.374
274.21
274.104
274.046
274.018
274.006
274.002
274
274
274
274
274
274
273.999
273.999
273.999
274
274
274
274.001
274
274.002
274.461
274.277
274.265
274.346
274.485
274.675
274.709
274.527
274.366
274.205
274.101
274.044
274.017
274.006
274.002
274
274
274
274
274
274
273.999
273.999
273.999
274
274
274.001
274.001
274
274.002
274.449
274.254
274.284
274.399
274.501
274.684
274.701
274.504
274.352
274.196
274.097
274.042
274.015
274.005
274.001
274
274
274
274
274
274
274
273.999
273.999
274
274
274.001
274.001
274.001
274.002
274.456
274.25
274.305
274.456
274.517
274.689
274.684
274.476
274.333
274.183
274.089
274.038
274.014
274.005
274.001
274
274
274
274
274
274
274
274
273.999
274
274
274
274.001
274.001
274.002
274.484
274.279
274.406
274.55
274.556
274.692
274.648
274.443
274.309
274.168
274.082
274.035
274.013
274.004
274.001
274
274
274
274
274
274
274
274
274
274
274
274
274.001
274.001
274.001
274.592
274.478
274.661
274.79
274.697
274.704
274.616
274.407
274.284
274.154
274.075
274.032
274.012
274.004
274.001
274
274
274
274
274
274
274
274
274
274
274
274
274.001
274.001
274.002
274.866
275.029
275.324
275.489
275.167
274.902
274.659
274.387
274.261
274.141
274.069
274.029
274.011
274.003
274.001
274
274
274
274
274
274
274
274
274
274
274
274
274
274.001
274.002
275.539
276.396
277.409
277.975
277.053
275.762
274.951
274.46
274.261
274.13
274.063
274.026
274.01
274.003
274.001
274
274
274
274
274
274
274
274
274
274
274
274
274
274
274.001
277.5
279.847
282.877
285.671
284.021
279.899
276.385
274.821
274.344
274.139
274.059
274.024
274.009
274.003
274.001
274
274
274
274
274
274
274
274
274
274
274
274
274
274
274.001
282.598
288.389
295.602
305.171
308.639
298.218
283.136
276.616
274.717
274.213
274.07
274.023
274.008
274.002
274.001
274
274
274
274
274
274
274
274
274
274
274
274
274
274
274.001
294.565
294.718
297.755
307.622
318.307
326.615
315.221
284.964
276.457
274.529
274.126
274.031
274.008
274.002
274.001
274
274
274
274
274
274
274
274
274
274
274
274
274
274
274.001
297.165
294.538
296.592
305.4
318.915
329.137
337.143
323.401
284.343
275.865
274.351
274.067
274.013
274.002
274
274
274
274
274
274
274
274
274
274
274
274
274
274
274
274.001
295.259
291.8
292.096
298.044
317.677
330.651
339.619
346.25
319.501
281.529
275.208
274.199
274.032
274.004
274.001
274
274
274
274
274
274
274
274
274
274
274
274
274
274
274.001
286.048
284.151
288.707
295.805
316.763
332.612
342.502
349.939
350.71
305.142
278.431
274.653
274.098
274.013
274.001
274
274
274
274
274
274
274
274
274
274
274
274
274
274
274.001
278.19
282.274
294.162
304.024
327.894
344.684
350.898
354.706
359.153
349.879
289.119
276.17
274.297
274.041
274.004
274
274
274
274
274
274
274
274
274
274
274
274
274
274
274.001
275.887
289.086
315.042
351.843
386.179
392.856
374.609
365.299
367.496
366.27
327.542
280.804
274.893
274.115
274.014
274.001
274
274
274
274
274
274
274
274
274
274
274
274
274
274.001
239.794
308.131
408.789
520.806
571.692
501.709
431.05
394.36
382.042
375.9
366.623
293.519
276.525
274.306
274.038
274.004
274
274
274
274
274
274
274
274
274
274
274
274
274
274.001
316.016
512.421
854.478
1029.05
977.916
715.445
544.234
450.705
408.522
391.575
383.645
332.473
280.497
274.766
274.092
274.01
274.001
274
274
274
274
274
274
274
274
274
274
274
274
274.001
274.013
273.988
274.003
273.996
274.001
273.999
273.999
273.999
273.999
274
274
274
274
274
274
274.002
274.005
274.013
274.03
274.064
274.128
274.223
274.319
274.365
274.296
274.2
274.085
274.021
274.073
274.026
274.017
273.987
274.004
273.995
274
273.999
273.999
273.999
273.999
274
274
274
274
274
274.001
274.002
274.006
274.017
274.039
274.086
274.173
274.301
274.436
274.525
274.479
274.398
274.297
274.275
274.352
274.354
274.011
273.993
274.003
273.996
274
273.999
273.999
273.999
273.999
274
274
274
274
274
274.001
274.002
274.007
274.018
274.043
274.095
274.191
274.333
274.479
274.577
274.51
274.417
274.326
274.333
274.452
274.48
274.007
273.996
274.003
273.998
274
273.999
273.999
273.999
273.999
273.999
274
274
274
274
274.001
274.002
274.007
274.019
274.046
274.102
274.205
274.357
274.513
274.621
274.53
274.409
274.306
274.321
274.461
274.495
274.005
273.998
274.002
273.999
274
274
273.999
273.999
273.999
273.999
274
274
274
274
274.001
274.002
274.007
274.019
274.047
274.106
274.213
274.373
274.536
274.66
274.565
274.399
274.289
274.292
274.435
274.479
274.004
273.999
274.001
273.999
274
274
273.999
273.999
273.999
273.999
274
274
274
274
274.001
274.002
274.007
274.019
274.047
274.106
274.215
274.38
274.547
274.69
274.601
274.398
274.283
274.264
274.388
274.467
274.003
274
274.001
274
274
274
273.999
273.999
273.999
274
274
274
274
274
274.001
274.002
274.007
274.019
274.047
274.105
274.213
274.378
274.546
274.709
274.635
274.429
274.284
274.254
274.345
274.462
274.002
274
274.001
274
274
274
273.999
273.999
273.999
274
274
274
274
274
274
274.002
274.006
274.018
274.046
274.104
274.21
274.374
274.539
274.712
274.657
274.462
274.289
274.256
274.307
274.456
274.002
274
274.001
274.001
274
274
273.999
273.999
273.999
274
274
274
274
274
274
274.002
274.006
274.017
274.044
274.101
274.205
274.366
274.527
274.709
274.675
274.485
274.346
274.265
274.277
274.461
274.002
274.001
274.001
274.001
274
274
273.999
273.999
274
274
274
274
274
274
274
274.001
274.005
274.015
274.042
274.097
274.196
274.352
274.504
274.701
274.684
274.501
274.399
274.284
274.254
274.449
274.002
274.001
274.001
274
274
274
273.999
274
274
274
274
274
274
274
274
274.001
274.005
274.014
274.038
274.089
274.183
274.333
274.476
274.684
274.689
274.517
274.456
274.305
274.25
274.455
274.001
274.001
274.001
274
274
274
274
274
274
274
274
274
274
274
274
274.001
274.004
274.013
274.035
274.082
274.168
274.309
274.443
274.648
274.691
274.557
274.55
274.407
274.279
274.484
274.002
274.001
274.001
274
274
274
274
274
274
274
274
274
274
274
274
274.001
274.004
274.012
274.032
274.075
274.154
274.284
274.407
274.616
274.704
274.697
274.791
274.661
274.478
274.592
274.002
274.001
274
274
274
274
274
274
274
274
274
274
274
274
274
274.001
274.003
274.011
274.029
274.069
274.141
274.261
274.387
274.659
274.902
275.168
275.49
275.324
275.029
274.866
274.001
274
274
274
274
274
274
274
274
274
274
274
274
274
274
274.001
274.003
274.01
274.026
274.063
274.13
274.261
274.46
274.951
275.763
277.054
277.975
277.411
276.396
275.539
274.001
274
274
274
274
274
274
274
274
274
274
274
274
274
274
274.001
274.003
274.009
274.024
274.059
274.139
274.344
274.821
276.384
279.896
284.017
285.667
282.878
279.844
277.497
274.001
274
274
274
274
274
274
274
274
274
274
274
274
274
274
274.001
274.002
274.008
274.023
274.07
274.213
274.717
276.615
283.126
298.183
308.593
305.141
295.584
288.371
282.583
274.001
274
274
274
274
274
274
274
274
274
274
274
274
274
274
274.001
274.002
274.008
274.031
274.126
274.529
276.455
284.947
315.125
326.517
318.23
307.588
297.728
294.69
294.517
274.001
274
274
274
274
274
274
274
274
274
274
274
274
274
274
274
274.002
274.013
274.067
274.351
275.864
284.324
323.297
337.022
329.032
318.83
305.366
296.556
294.509
297.123
274.001
274
274
274
274
274
274
274
274
274
274
274
274
274
274
274.001
274.004
274.032
274.199
275.207
281.518
319.383
346.097
339.486
330.522
317.582
298.018
292.057
291.769
295.233
274.001
274
274
274
274
274
274
274
274
274
274
274
274
274
274
274.001
274.013
274.098
274.653
278.424
305.044
350.536
349.752
342.334
332.43
316.683
295.788
288.693
284.129
285.943
274.001
274
274
274
274
274
274
274
274
274
274
274
274
274
274
274.004
274.041
274.298
276.169
289.082
349.668
358.975
354.466
350.59
344.221
327.719
303.948
294.119
282.259
278.028
274.001
274
274
274
274
274
274
274
274
274
274
274
274
274
274.001
274.014
274.115
274.893
280.801
327.437
366.04
367.211
364.888
373.932
391.746
385.565
351.532
315.023
289.039
276.038
274.001
274
274
274
274
274
274
274
274
274
274
274
274
274
274.004
274.038
274.307
276.526
293.509
366.413
375.624
381.63
393.635
429.729
498.427
568.76
518.97
408.827
308.026
239.649
274.001
274
274
274
274
274
274
274
274
274
274
274
274
274.001
274.01
274.092
274.768
280.508
332.467
383.382
391.195
407.868
449.416
541.268
707.534
969.77
1024.14
852.402
512.75
315.028
274.002
274.002
274.002
274.002
274.002
274.002
274.002
274.002
274.002
274.002
274.002
274.002
274.002
274.002
274.002
274.002
274.002
274.002
274.002
274.002
274.002
274.002
274.002
274.001
274.001
274.001
274.001
274.001
274.001
274.001
274.001
274.001
274.001
274.001
274.001
274.001
274.001
274.001
274.001
274.001
274.001
274.001
274.001
274.001
274.001
274.001
274.001
274.001
274.001
274.001
274.001
274.001
274.001
274.001
274.001
274.001
274.001
274.001
274.001
274.001
274.001
274.001
274.001
274.001
274.001
274.001
274.001
274.001
274.001
274.001
274.001
274.001
274.001
274.001
274.001
274.001
274.001
274.001
274.001
274.001
274.001
274.001
274.001
274.001
274.001
274.001
274.001
274.001
274.001
274.001
274.001
274.001
274.001
274.001
274.001
274.001
274.001
274.001
274.001
274.001
274.001
274.001
274.001
274.001
274.001
274.001
274.001
274.001
274.001
274.001
274.001
274.001
274.001
274.001
274.001
274.001
274.001
274.001
274.001
274.001
274.001
274.001
274.001
274.001
274.001
274
274
274
274
274
274
274
274
274
274
274
274
274
274
274
274
274
274
274
274
274
274
274
274
274
274
274
274
274
274
274
274
274
274
274
274
274
274
274
274
274
274
274
274
274
274
274
274
274
274
274
274
274
274
274
274
274
274
274
274
274
274
274
274
274
274
274
274
274
274
274
274
274
274
274
274
274
274
274
274
274
274
274
274
274
274
274
274
274
274
274
274
274
274
274
274
274
274
274
274
274
274
274
274
274
274
274
274
274
274
274
274
274
274
274
274
274
274
274
274
274
274
274
274
274
274
274
274
274
274
274
274
274
274
274
274
274
274
274
274
274
274
274
274
274
274
274
274
274
274
274
274
274
274
274
274
274
274
274
274
274
274
274
274
274
274
274
274
274
274
274
274
274
274
274
274
274
274
274
274
274
274
274
274
274
274
274
274
274
274
274
274
274
274
274
274
274
274
274
274
274
274
274
274
274
274
274
274
274
274
274
274
274
274
274
274
274
274
274
274
274
274
274
274
274
274
274
274
274
274
274
274
274
274
274
274
274
274
274
274
274
274
274
274
274
274
274
274
274
274
274
274
274
274
274
274
274
274
274
274
274
274
274
274
274
274
274
274
274
274
274
274
274
274
274
274
274
274
274
274
274
274
274
274
274
274
274
274
274
274
274
274
274
274
274
274
274
274
274
274
274
274
274
274
274
274
274
274
274
274
274
274
274
274
274
274
274
274
274
274
274
274
274
274
274
274
274
274
274
274
274
274
274
274
274
274
274
274
274
274
274
274
274
274
274
274
274
274
274
274
274
274
274
274
274
274
274
274
274
274
274
274
274
274
274
274
274
274
274
274
274
274
274
274
274
274
274
274
274
274
274
274
274
274
274
274
274
274
274
274
274
274
274
274
274
274
274
274
274
274
274
274
274
274
274
274
274
274
274
274
274
274
274
274
274
274
274
274
274
274
274
274
274
274
274
274
274
274
274
274
274
274
274
274
274
274
274
274
274
274
274
274
274
274
274
274
274
274
274
274
274
274
274
274
274
274
274
274
274
274
274
274
274
274
274
274
274
274
274
274
274
274
274
274
274
274
274
274
274
274
274
274
274
274
274
274
274
274
274
274
274
274
274
274
274
274
274
274
274
274
274
274
274
274
274
274
274
274
274
274
274
274
274
274
274
274
274
274
274
274
274
274
274
274
274
274
274
274
274
274
274
274
274
274
274
274
274
274
274
274
274
274
274
274
274
274
274
274
274
274
274
274
274
274
274
274
274
274
274
274
274
274
274
274
274
274
274
274
274
274
274
274
274
274
274
274
274
274
274
274
274
274
274
274
274
274
274
274
274
274
274
274
274
274
274
274
274
274
274
274
274
274
274
274
274
274
274
274
274
274
274
274
274
274
274
274
274
274
274
274
274
274
274
274
274
274
274
274
274
274
274
274
274
274
274
274
274
274
274
274
274
274
274
274
274
274
274
274
274
274
274
274
274
274
274
274
274
274
274
274
274
274
274
274
274
274
274
274
274
274
274
274
274
274
274
274
274
274
274
274
274
274
274
274
274
274
274
274
274
274
274
274
274
274
274
274
274
274
274
274
274
274
274
274
274
274
274
274
274
274
274
274
274
274
274
274
274
274
274
274
274
274
274
274
274
274
274
274
274
274
274
274
274
274
274
274
274
274
274
274
274
274
274
274
274
274
274
274
274
274
274
274
274
274
274
274
274
274
274
274
274
274
274
274
274
274
274
274
274
274
274
274
274
274
274
274
274
274
274
274
274
274
274
274
274
274
274
274
274
274
274
274
274
274
274
274
274
274
274
274
274
274
274
274
274
274
274
274
274
274
274
274
274
274
274
274
274
274
274
274
274
274
274
274
274
274
274
274
274
274
274
274
274
274
274
274
274
274
274
274
274
274
274
274
274
274
274
274
274
274
274
274
274
274
274
274
274
274
274
274
274
274
274
274
274
274
274
274
274
274
274
274
274
274
274
274
274
274
274
274
274
274
274
274
274
274
274
274
274
274
274
274
274
274
274
274
274
274
274
274
274
274
274
274
274
274
274
274
274
274
274
274
274
274
274
274
274
274
274
274
274
274
274
274
274
274
274
274
274
274
274
274
274
274
274
274
274
274
274
274
274
274
274
274
274
274
274
274
274
274
274
274
274
274
274
274
274
274
274
274
274
274
274
274
274
274
274
274
274
274
274
274
274
274
274
274
274
274
274
274
274
274
274
274
274
274
274
274
274
274
274
274
274
274
274
274
274
274
274
274
274
274
274
274
274
274
274
274
274
274
274
274
274
274
274
274
274
274
274
274
274
274
274
274
274
274
274
274
274
274
274
274
274
274
274
274
274
274
274
274
274
274
274
274
274
274
274
274
274
274
274
274
274
274
274
274
274
274
274
274
274
274
274
274
274
274
274
274
274
274
274
274
274
274
274
274
274
274
274
274
274
274
274
274
274
274
274
274
274
274
274
274
274
274
274
274
274
274
274
274
274
274
274
274
274
274
274
274
274
274
274
274
274
274
274
274
274
274
274
274
274
274
274
274
274
274
274
274
274
274
274
274
274
274
274
274
274
274
274
274
274
274
274
274
274
274
274
274
274
274
274
274
274
274
274
274
274
274
274
274
274
274
274
274
274
274
274
274
274
274
274
274
274
274
274
274
274
274
274
274
274
274
274
274
274
274
274
274
274
274
274
274
274
274
274
274
274
274
274
274
274
274
274
274
274
274
274
274
274
274
274
274
274
274
274
274
274
274
274
274
274
274
274
274
274
274
274
274
274
274
274
274
274
274
274
274
274
274
274
274
274
274
274
274
274
274
274
274
274
274
274
274
274
274
274
274
274
274
274
274
274
274
274
274
274
274
274
274
274
274
274
274
274
274
274
274
274
274
274
274
274
274
274
274
274
274
274
274
274
274
274
274
274
274
274
274
274
274
274
274
274
274
274
274
274
274
274
274
274
274
274
274
274
274
274
274
274
274
274
274
274
274
274
274
274
274
274
274
274
274
274
274
274
274
274
274
274
274
274
274
274
274
274
274
274
274
274
274
274
274
274
274
274
274
274
274
274
274
274
274
274
274
274
274
274
274
274
274
274
274
274
274
274
274
274
274
274
274
274
274
274
274
274
274
274
274
274
274
274
274
274
274
274
274
274
274
274
274
274
274
274
274
274
274
274
274
274
274
274
274
274
274
274
274
274
274
274
274
274
274
274
274
274
274
274
274
274
274
274
274
274
274
274
274
274
274
274
274
274
274
274
274
274
274
274
274
274
274
274
274
274
274
274
274
274
274
274
274
274
274
274
274
274
274
274
274
274
274
274
274
274
274
274
274
274
274
274
274
274
274
274
274
274
274
274
274
274
274
274
274
274
274
274.001
274.001
274.001
274.001
274
274
274
274
274
274
274
274
274
274
274
274
274
274
274
274
274
274
274
274
274
274
274
274
274
274
274
274
274
274
274
274
274
274
274
274
274
274
274
274
274
274
274
274
274
274
274
274
274
274
274
274
274
274
274
274
274
274
274
274
274
274
274
274
274
274
274
274
274
274
274
274
274
274
274
274
274
274
274
274
274
274
274
274
274
274
274
274
274
274
274
274
274
274
274
274
274
274
274
274
274
274
274
274
274
274
274
274
274
274
274
274
274
274
274
274
274
274.001
274.003
274.006
274.009
274.012
274.013
274.013
274.012
274.009
274.006
274.004
274.002
274
274
274
274
274
274
274
274
274
274
274
274
274
274
274
274
274
274
274
274
274
274
274
274
274
274
274
274
274
274
274
274
274
274
274
274
274
274
274
274
274
274
274
274
274
274
274
274
274
274
274
274
274
274
274
274
274
274
274
274
274
274
274
274
274
274
274
274
274
274
274
274
274
274
274
274
274
274
274
274
274
274
274
274
274
274
274
274
274
274
274
274
274
274
274
274
274
274
274
274
274
274
274
274
274
274
274
274
274
274
274.001
274.004
274.013
274.032
274.062
274.099
274.134
274.159
274.164
274.153
274.133
274.101
274.072
274.044
274.023
274
274
274
274
274
274
274
274
274
274
274
274
274
274
274
274
274
274
274
274
274
274
274
274
274
274
274
274
274
274
274
274
274
274
274
274
274
274
274
274
274
274
274
274
274
274
274
274
274
274
274
274
274
274
274
274
274
274
274
274
274
274
274
274
274
274
274
274
274
274
274
274
274
274
274
274
274
274
274
274
274
274
274
274
274
274
274
274
274
274
274
274
274
274
274
274
274
274
274
274
274
274
274
274
274
274
274
274
274.001
274.006
274.028
274.084
274.215
274.481
274.91
275.388
275.798
275.973
275.943
275.683
275.371
274.966
274.653
274.385
274.204
274
274
274
274
274
274
274
274
274
274
274
274
274
274
274
274
274
274
274
274
274
274
274
274
274
274
274
274
274
274
274
274
274
274
274
274
274
274
274
274
274
274
274
274
274
274
274
274
274
274
274
274
274
274
274
274
274
274
274
274
274
274
274
274
274
274
274
274
274
274
274
274
274
274
274
274
274
274
274
274
274
274
274
274
274
274
274
274
274
274
274
274
274
274
274
274
274
274
274
274
274
274
274
274
274
274
274.001
274.006
274.036
274.149
274.527
275.571
277.925
282.782
289.363
294.948
298.226
298.24
296.371
292.275
288.388
283.813
280.429
277.592
275.796
274
274
274
274
274
274
274
274
274
274
274
274
274
274
274
274
274
274
274
274
274
274
274
274
274
274
274
274
274
274
274
274
274
274
274
274
274
274
274
274
274
274
274
274
274
274
274
274
274
274
274
274
274
274
274
274
274
274
274
274
274
274
274
274
274
274
274
274
274
274
274
274
274
274
274
274
274
274
274
274
274
274
274
274
274
274
274
274
274
274
274
274
274
274
274
274
274
274
274
274
274
274
274
274
274
274.002
274.026
274.167
274.85
277.529
286.562
307.417
346.682
418.097
458.923
473.458
473.18
460.123
444.185
420.591
398.253
369.141
341.255
309.041
288.809
274
274
274
274
274
274
274
274
274
274
274
274
274
274
274
274
274
274
274
274
274
274
274
274
274
274
274
274
274
274
274
274
274
274
274
274
274
274
274
274
274
274
274
274
274
274
274
274
274
274
274
274
274
274
274
274
274
274
274
274
274
274
274
274
274
274
274
274
274
274
274
274
274
274
274
274
274
274
274
274
274
274
274
274
274
274
274
274
274
274
274
274
274
274
274
274
274
274
274
274
274
274
274
274
274.01
274.096
274.735
278.861
298.832
367.182
483.705
571.208
611.88
611.081
596.215
576.549
555.089
531.254
509.254
485.313
464.215
440.772
420.799
400.77
372.674
274
274
274
274
274
274
274
274
274
274
274
274
274
274
274
274
274
274
274
274
274
274
274
274
274
274
274
274
274
274
274
274
274
274
274
274
274
274
274
274
274
274
274
274
274
274
274
274
274
274
274
274
274
274
274
274
274
274
274
274
274
274
274
274
274
274
274
274
274
274
274
274
274
274
274
274
274
274
274
274
274
274
274
274
274
274
274
274
274
274
274
274
274
274
274
274
274
274
274
274
274
274
274.001
274.028
274.318
277.133
300.473
419.696
589.875
694.533
716.168
715.358
704.031
680.729
653.718
629.302
605.693
579.241
554.484
526.145
500.32
470.193
443.624
417.57
397.869
274
274
274
274
274
274
274
274
274
274
274
274
274
274
274
274
274
274
274
274
274
274
274
274
274
274
274
274
274
274
274
274
274
274
274
274
274
274
274
274
274
274
274
274
274
274
274
274
274
274
274
274
274
274
274
274
274
274
274
274
274
274
274
274
274
274
274
274
274
274
274
274
274
274
274
274
274
274
274
274
274
274
274
274
274
274
274
274
274
274
274
274
274
274
274
274
274
274
274
274
274
274.003
274.071
274.962
286.681
398.74
634.075
773.168
795.723
805.828
809.853
809.264
800.245
779.246
753.365
726.995
699.304
667.206
634.262
599.422
565.726
524.678
487.367
445.668
414.896
274
274
274
274
274
274
274
274
274
274
274
274
274
274
274
274
274
274
274
274
274
274
274
274
274
274
274
274
274
274
274
274
274
274
274
274
274
274
274
274
274
274
274
274
274
274
274
274
274
274
274
274
274
274
274
274
274
274
274
274
274
274
274
274
274
274
274
274
274
274
274
274
274
274
274
274
274
274
274
274
274
274
274
274
274
274
274
274
274
274
274
274
274
274
274
274
274
274
274
274
274.007
274.156
276.845
321.624
564.11
799.793
845.558
856.303
884.636
914.204
949.559
969.325
971.349
951.578
914.956
885.291
854.71
818.449
778.414
734.344
680.457
622.017
566.185
494.671
448.415
274
274
274
274
274
274
274
274
274
274
274
274
274
274
274
274
274
274
274
274
274
274
274
274
274
274
274
274
274
274
274
274
274
274
274
274
274
274
274
274
274
274
274
274
274
274
274
274
274
274
274
274
274
274
274
274
274
274
274
274
274
274
274
274
274
274
274
274
274
274
274
274
274
274
274
274
274
274
274
274
274
274
274
274
274
274
274
274
274
274
274
274
274
274
274
274
274
274
274
274.011
274.306
281.521
407.105
739.102
884.359
890.14
906.529
961.857
1038.87
1109.9
1175.33
1221.69
1224.35
1206.81
1164.15
1141.73
1113.36
1081.84
1044.14
1002.41
925.713
831.459
723.965
592.184
522.372
274
274
274
274
274
274
274
274
274
274
274
274
274
274
274
274
274
274
274
274
274
274
274
274
274
274
274
274
274
274
274
274
274
274
274
274
274
274
274
274
274
274
274
274
274
274
274
274
274
274
274
274
274
274
274
274
274
274
274
274
274
274
274
274
274
274
274
274
274
274
274
274
274
274
274
274
274
274
274
274
274
274
274
274
274
274
274
274
274
274
274
274
274
274
274
274
274
274
274.016
274.539
290.45
517.075
865.502
930.76
929.346
960.355
1034.91
1152.42
1288.55
1377.08
1416.41
1433.15
1442.83
1443.7
1419.96
1412.95
1415.46
1436.72
1465.05
1487.2
1388.42
1265.53
1040.11
792.542
677.942
274
274
274
274
274
274
274
274
274
274
274
274
274
274
274
274
274
274
274
274
274
274
274
274
274
274
274
274
274
274
274
274
274
274
274
274
274
274
274
274
274
274
274
274
274
274
274
274
274
274
274
274
274
274
274
274
274
274
274
274
274
274
274
274
274
274
274
274
274
274
274
274
274
274
274
274
274
274
274
274
274
274
274
274
274
274
274
274
274
274
274
274
274
274
274
274
274
274.018
274.822
304.206
619.096
952.149
973.847
971.488
1014.8
1104.59
1238.23
1409.72
1523.57
1537.81
1522.17
1521.14
1559.4
1636.35
1625.28
1622.07
1699.08
1818.54
1872.71
1915.61
1851.94
1731.35
1559.76
1234.43
972.638
274
274
274
274
274
274
274
274
274
274
274
274
274
274
274
274
274
274
274
274
274
274
274
274
274
274
274
274
274
274
274
274
274
274
274
274
274
274
274
274
274
274
274
274
274
274
274
274
274
274
274
274
274
274
274
274
274
274
274
274
274
274
274
274
274
274
274
274
274
274
274
274
274
274
274
274
274
274
274
274
274
274
274
274
274
274
274
274
274
274
274
274
274
274
274
274
274.017
275.037
319.735
708.635
1012.98
1016.83
1020.48
1063.24
1158.01
1296.85
1477.27
1602.71
1624.08
1619.79
1614.21
1644.27
1756.62
1922.31
1943.95
1893.35
1944.2
1985.61
1988.09
1981.91
1915.7
1789.42
1667.71
1585.2
1308.29
274
274
274
274
274
274
274
274
274
274
274
274
274
274
274
274
274
274
274
274
274
274
274
274
274
274
274
274
274
274
274
274
274
274
274
274
274
274
274
274
274
274
274
274
274
274
274
274
274
274
274
274
274
274
274
274
274
274
274
274
274
274
274
274
274
274
274
274
274
274
274
274
274
274
274
274
274
274
274
274
274
274
274
274
274
274
274
274
274
274
274
274
274
274
274
274.014
275.059
327.513
765.27
1060.8
1059.99
1070.62
1111.86
1200.65
1338.2
1506.88
1647.95
1712.45
1746.55
1739.68
1706.17
1718.68
1783.62
1701.53
1467.79
1425.6
1422.16
1426.07
1459.04
1509.93
1627.7
1688.2
1655.86
1480.64
1473.15
274
274
274
274
274
274
274
274
274
274
274
274
274
274
274
274
274
274
274
274
274
274
274
274
274
274
274
274
274
274
274
274
274
274
274
274
274
274
274
274
274
274
274
274
274
274
274
274
274
274
274
274
274
274
274
274
274
274
274
274
274
274
274
274
274
274
274
274
274
274
274
274
274
274
274
274
274
274
274
274
274
274
274
274
274
274
274
274
274
274
274
274
274
274
274.01
274.86
321.013
760.343
1099.43
1102.53
1113.36
1161.87
1244.86
1382.79
1538.04
1669.29
1771.84
1830.71
1814.5
1761.21
1710.11
1617.16
1537.53
1408.21
1291.21
1267.54
1280.27
1287.61
1344.64
1364.18
1462.93
1512.06
1499.31
1355.85
1357.33
274
274
274
274
274
274
274
274
274
274
274
274
274
274
274
274
274
274
274
274
274
274
274
274
274
274
274
274
274
274
274
274
274
274
274
274
274
274
274
274
274
274
274
274
274
274
274
274
274
274
274
274
274
274
274
274
274
274
274
274
274
274
274
274
274
274
274
274
274
274
274
274
274
274
274
274
274
274
274
274
274
274
274
274
274
274
274
274
274
274
274
274
274
274.005
274.497
304.656
704.361
1113.23
1142.37
1155.15
1206.32
1295.18
1423.77
1561.74
1690.27
1805.31
1874.61
1877.34
1804.73
1718.38
1633.63
1501.6
1388.5
1342.99
1242.22
1227.47
1227.59
1282.4
1336.15
1358.45
1448.29
1565.11
1611.18
1431.9
1345.73
274
274
274
274
274
274
274
274
274
274
274
274
274
274
274
274
274
274
274
274
274
274
274
274
274
274
274
274
274
274
274
274
274
274
274
274
274
274
274
274
274
274
274
274
274
274
274
274
274
274
274
274
274
274
274
274
274
274
274
274
274
274
274
274
274
274
274
274
274
274
274
274
274
274
274
274
274
274
274
274
274
274
274
274
274
274
274
274
274
274
274
274
274.003
274.274
289.795
629.271
1126.64
1173.56
1162.2
1181.45
1256.97
1372.64
1504.74
1629.59
1773.75
1888.08
1905.59
1855.92
1781.11
1701.91
1617.49
1405.35
1266.13
1223.73
1141.76
1130.87
1145.99
1180.33
1225.34
1249.15
1310.21
1411.74
1528.46
1698.62
1635.59
274
274
274
274
274
274
274
274
274
274
274
274
274
274
274
274
274
274
274
274
274
274
274
274
274
274
274
274
274
274
274
274
274
274
274
274
274
274
274
274
274
274
274
274
274
274
274
274
274
274
274
274
274
274
274
274
274
274
274
274
274
274
274
274
274
274
274
274
274
274
274
274
274
274
274
274
274
274
274
274
274
274
274
274
274
274
274
274
274
274
274
274.001
274.041
276.409
393.514
952.003
1192.98
1196.21
1210.07
1257.94
1332.08
1438.48
1568.23
1716.49
1859.69
1908.3
1896.42
1830.55
1793.68
1743.85
1674.25
1586.86
1431.99
1356.85
1317.71
1262.79
1267.43
1352.65
1400.11
1427.94
1471.05
1589.77
1666.73
1775.37
2010.51
274
274
274
274
274
274
274
274
274
274
274
274
274
274
274
274
274
274
274
274
274
274
274
274
274
274
274
274
274
274
274
274
274
274
274
274
274
274
274
274
274
274
274
274
274
274
274
274
274
274
274
274
274
274
274
274
274
274
274
274
274
274
274
274
274
274
274
274
274
274
274
274
274
274
274
274
274
274
274
274
274
274
274
274
274
274
274
274
274
274
274
274.002
274.101
279.485
481.337
1049.59
1207.21
1212.8
1226.26
1266.69
1339.78
1451.57
1589.57
1736.49
1868.11
1908.82
1882.26
1823.65
1794.11
1748.86
1692.94
1617.82
1483.94
1381.18
1351.76
1291.75
1281.54
1375.6
1429.39
1453.83
1496.91
1617.69
1746.36
1913.74
2061.16
274
274
274
274
274
274
274
274
274
274
274
274
274
274
274
274
274
274
274
274
274
274
274
274
274
274
274
274
274
274
274
274
274
274
274
274
274
274
274
274
274
274
274
274
274
274
274
274
274
274
274
274
274
274
274
274
274
274
274
274
274
274
274
274
274
274
274
274
274
274
274
274
274
274
274
274
274
274
274
274
274
274
274
274
274
274
274
274
274
274
274
274.005
274.345
292.263
644.731
1164.63
1229.57
1231.84
1248.31
1293.73
1371.56
1482.06
1616.86
1766.23
1878.62
1904.39
1867.79
1819.43
1794.33
1753.51
1712.2
1676.03
1587.2
1470.37
1434.12
1378.36
1335.31
1399.42
1470.92
1479.27
1510.18
1595.87
1712.66
1866.37
2097.33
274
274
274
274
274
274
274
274
274
274
274
274
274
274
274
274
274
274
274
274
274
274
274
274
274
274
274
274
274
274
274
274
274
274
274
274
274
274
274
274
274
274
274
274
274
274
274
274
274
274
274
274
274
274
274
274
274
274
274
274
274
274
274
274
274
274
274
274
274
274
274
274
274
274
274
274
274
274
274
274
274
274
274
274
274
274
274
274
274
274
274
274.022
275.396
350.642
872.97
1221.38
1247.16
1258.01
1286.9
1339.99
1414.92
1515.54
1648.46
1801.47
1882.75
1890.88
1859.64
1809.87
1779.17
1752.86
1727.69
1693.19
1646.26
1560.63
1490.18
1453.99
1424.63
1415.23
1496.49
1491.27
1532.93
1634.61
1738.6
1856.5
1985.82
274
274
274
274
274
274
274
274
274
274
274
274
274
274
274
274
274
274
274
274
274
274
274
274
274
274
274
274
274
274
274
274
274
274
274
274
274
274
274
274
274
274
274
274
274
274
274
274
274
274
274
274
274
274
274
274
274
274
274
274
274
274
274
274
274
274
274
274
274
274
274
274
274
274
274
274
274
274
274
274
274
274
274
274
274
274
274
274
274
274
274.002
274.098
279.265
473.451
1063.11
1254.13
1269.84
1293.62
1329.92
1376.59
1443.53
1545.76
1693.91
1835.69
1881.09
1875.14
1840.06
1807.64
1802.19
1789.29
1755.96
1730.01
1725.99
1687.9
1599.77
1569.67
1541.23
1491.27
1546.49
1556.31
1575.48
1658.82
1765.22
1853.01
1885.49
274
274
274
274
274
274
274
274
274
274
274
274
274
274
274
274
274
274
274
274
274
274
274
274
274
274
274
274
274
274
274
274
274
274
274
274
274
274
274
274
274
274
274
274
274
274
274
274
274
274
274
274
274
274
274
274
274
274
274
274
274
274
274
274
274
274
274
274
274
274
274
274
274
274
274
274
274
274
274
274
274
274
274
274
274
274
274
274
274
274
274.005
274.341
291.111
628.404
1177.35
1274.15
1291.53
1318.41
1350.92
1392.13
1455.76
1566.18
1732.6
1848.92
1873.15
1873.93
1843.92
1831.94
1823.16
1797.37
1771.54
1760.63
1758.59
1765.09
1716.93
1628.36
1613.52
1586.83
1563.59
1624.08
1635.12
1714.72
1753.62
1812.25
1868.72
274
274
274
274
274
274
274
274
274
274
274
274
274
274
274
274
274
274
274
274
274
274
274
274
274
274
274
274
274
274
274
274
274
274
274
274
274
274
274
274
274
274
274
274
274
274
274
274
274
274
274
274
274
274
274
274
274
274
274
274
274
274
274
274
274
274
274
274
274
274
274
274
274
274
274
274
274
274
274
274
274
274
274
274
274
274
274
274
274
274
274.016
275.006
328.265
804.733
1238.2
1292.91
1314.74
1344.62
1371.22
1405.89
1467.21
1587.02
1763.82
1859.29
1876.28
1868.83
1854.35
1853.42
1851.53
1838.73
1822.67
1818.62
1827.48
1828.5
1835.56
1776.55
1685.46
1708.66
1674.77
1670.79
1716.68
1734.3
1790.58
1817.88
1879.26
274
274
274
274
274
274
274
274
274
274
274
274
274
274
274
274
274
274
274
274
274
274
274
274
274
274
274
274
274
274
274
274
274
274
274
274
274
274
274
274
274
274
274
274
274
274
274
274
274
274
274
274
274
274
274
274
274
274
274
274
274
274
274
274
274
274
274
274
274
274
274
274
274
274
274
274
274
274
274
274
274
274
274
274
274
274
274
274
274
274.001
274.048
276.689
397.596
961.58
1269.84
1310.7
1337.21
1368.13
1387.37
1423.22
1487.11
1607.25
1774.56
1852.65
1870.39
1860.74
1858.4
1862.91
1860.95
1851.99
1844.18
1830.69
1874.69
1914.71
1926.28
1930.55
1871.04
1760.82
1799.01
1789.27
1764.38
1816.17
1831.51
1864.16
1876.8
274
274
274
274
274
274
274
274
274
274
274
274
274
274
274
274
274
274
274
274
274
274
274
274
274
274
274
274
274
274
274
274
274
274
274
274
274
274
274
274
274
274
274
274
274
274
274
274
274
274
274
274
274
274
274
274
274
274
274
274
274
274
274
274
274
274
274
274
274
274
274
274
274
274
274
274
274
274
274
274
274
274
274
274
274
274
274
274
274
274.002
274.129
280.463
489.486
1081.69
1298.1
1337.32
1372.31
1398.55
1411.16
1448.8
1509.94
1614.71
1774.29
1853.9
1867.34
1862.37
1871.66
1883.6
1882.3
1876.81
1877.47
1902.19
1950.81
1997.03
2043.69
2053.85
2054.05
2008.62
1914.9
1880.4
1880.71
1885.4
1897.12
1923.72
1933.67
274
274
274
274
274
274
274
274
274
274
274
274
274
274
274
274
274
274
274
274
274
274
274
274
274
274
274
274
274
274
274
274
274
274
274
274
274
274
274
274
274
274
274
274
274
274
274
274
274
274
274
274
274
274
274
274
274
274
274
274
274
274
274
274
274
274
274
274
274
274
274
274
274
274
274
274
274
274
274
274
274
274
274
274
274
274
274
274
274
274.004
274.278
287.261
582.889
1160.34
1316.62
1353.41
1388.3
1413.24
1427.42
1460.28
1518.21
1618.34
1769.62
1856.52
1865.78
1863.09
1886.29
1904.24
1905.62
1903.44
1909.77
1967.61
2003.28
2053.17
2150.81
2190.28
2206.01
2210.38
2136.64
2068.53
1966.64
1968.02
1981.81
1981.7
2026.24
274
274
274
274
274
274
274
274
274
274
274
274
274
274
274
274
274
274
274
274
274
274
274
274
274
274
274
274
274
274
274
274
274
274
274
274
274
274
274
274
274
274
274
274
274
274
274
274
274
274
274
274
274
274
274
274
274
274
274
274
274
274
274
274
274
274
274
274
274
274
274
274
274
274
274
274
274
274
274
274
274
274
274
274
274
274
274
274
274
274.008
274.51
298.649
668.487
1214.55
1328.19
1359.78
1391.34
1416.52
1433.58
1462.93
1517.2
1616.08
1767.1
1856.22
1866.46
1867.72
1898.44
1919.3
1920.78
1921.5
1962.57
2006.16
2044.74
2108.9
2201.95
2291.76
2324.38
2343.54
2342.86
2192.51
2123.49
2015.13
2017.88
2037.72
2049.61
274
274
274
274
274
274
274
274
274
274
274
274
274
274
274
274
274
274
274
274
274
274
274
274
274
274
274
274
274
274
274
274
274
274
274
274
274
274
274
274
274
274
274
274
274
274
274
274
274
274
274
274
274
274
274
274
274
274
274
274
274
274
274
274
274
274
274
274
274
274
274
274
274
274
274
274
274
274
274
274
274
274
274
274
274
274
274
274
274
274.013
274.799
313.932
739.594
1240.11
1333.05
1365.4
1398.89
1426.4
1439.32
1456.63
1503.14
1608.59
1764.86
1855.12
1867.82
1873.68
1903.44
1930.85
1935.88
1947.78
1984.53
2027.1
2079.7
2147.89
2230.97
2329.04
2370.93
2406.18
2417.09
2397.44
2215.15
2123.68
2069.29
2075.05
2048.57
274
274
274
274
274
274
274
274
274
274
274
274
274
274
274
274
274
274
274
274
274
274
274
274
274
274
274
274
274
274
274
274
274
274
274
274
274
274
274
274
274
274
274
274
274
274
274
274
274
274
274
274
274
274
274
274
274
274
274
274
274
274
274
274
274
274
274
274
274
274
274
274
274
274
274
274
274
274
274
274
274
274
274
274
274
274
274
274
274
274.02
275.151
332
801.254
1257.93
1338.16
1371.03
1408.94
1432.6
1438.98
1450.48
1495.64
1604.51
1761.02
1854.84
1870.44
1877.96
1902.3
1935.67
1950.06
1964.53
1989.92
2035.15
2096.83
2168.12
2245.95
2334.5
2407.67
2451.18
2467.58
2470.1
2440.8
2268.2
2154.55
2019.88
2006.4
274
274
274
274
274
274
274
274
274
274
274
274
274
274
274
274
274
274
274
274
274
274
274
274
274
274
274
274
274
274
274
274
274
274
274
274
274
274
274
274
274
274
274
274
274
274
274
274
274
274
274
274
274
274
274
274
274
274
274
274
274
274
274
274
274
274
274
274
274
274
274
274
274
274
274
274
274
274
274
274
274
274
274
274
274
274
274
274
274.001
274.026
275.494
347.738
844.169
1273.01
1347.69
1381.99
1426.15
1441.92
1443.19
1449.64
1492.57
1602.15
1759.54
1854.01
1871.33
1879.27
1901.82
1935.05
1954.75
1969.13
1990.01
2033.88
2097.25
2166.59
2241.91
2329.64
2424.08
2491.03
2519.66
2521.75
2505.29
2431.78
2259.68
1871.32
1834.32
274
274
274
274
274
274
274
274
274
274
274
274
274
274
274
274
274
274
274
274
274
274
274
274
274
274
274
274
274
274
274
274
274
274
274
274
274
274
274
274
274
274
274
274
274
274
274
274
274
274
274
274
274
274
274
274
274
274
274
274
274
274
274
274
274
274
274
274
274
274
274
274
274
274
274
274
274
274
274
274
274
274
274
274
274
274
274
274
274.001
274.03
275.664
354.991
862.075
1279.55
1350.9
1385.54
1432.93
1446.32
1446.37
1450.93
1492.9
1602.07
1759.07
1853.29
1870.9
1878.65
1900.12
1932.86
1952.67
1965.78
1983.91
2026.05
2089.68
2158.93
2234.61
2318.51
2410.83
2514.53
2598.74
2622.85
2623.42
2604.47
2227.51
1959.66
1784.93
274
274
274
274
274
274
274
274
274
274
274
274
274
274
274
274
274
274
274
274
274
274
274
274
274
274
274
274
274
274
274
274
274
274
274
274
274
274
274
274
274
274
274
274
274
274
274
274
274
274
274
274
274
274
274
274
274
274
274
274
274
274
274
274
274
274
274
274
274
274
274
274
274
274
274
274
274
274
274
274
274
274
274
274
274
274
274
274
274.001
274.026
275.501
348.062
844.927
1273.34
1347.94
1382.36
1426.73
1442.16
1443.26
1449.48
1492.31
1601.95
1759.56
1854.08
1871.29
1879.26
1901.82
1934.55
1953.32
1967.47
1988.93
2032.86
2096.52
2166.26
2240.63
2329.21
2418.11
2501.07
2547.43
2555.75
2546.71
2498.12
2295.95
1887.5
1809.2
274
274
274
274
274
274
274
274
274
274
274
274
274
274
274
274
274
274
274
274
274
274
274
274
274
274
274
274
274
274
274
274
274
274
274
274
274
274
274
274
274
274
274
274
274
274
274
274
274
274
274
274
274
274
274
274
274
274
274
274
274
274
274
274
274
274
274
274
274
274
274
274
274
274
274
274
274
274
274
274
274
274
274
274
274
274
274
274
274
274.02
275.16
332.398
802.331
1258.36
1338.51
1371.49
1409.92
1433
1438.93
1450.17
1495.28
1604.36
1761.22
1854.87
1870.32
1877.85
1902.49
1934.35
1947.51
1961.59
1987.66
2032.82
2094.96
2168.83
2249.18
2340.32
2409.74
2458.73
2472.95
2464.62
2425.41
2258.9
2178.86
1999.54
1998.85
274
274
274
274
274
274
274
274
274
274
274
274
274
274
274
274
274
274
274
274
274
274
274
274
274
274
274
274
274
274
274
274
274
274
274
274
274
274
274
274
274
274
274
274
274
274
274
274
274
274
274
274
274
274
274
274
274
274
274
274
274
274
274
274
274
274
274
274
274
274
274
274
274
274
274
274
274
274
274
274
274
274
274
274
274
274
274
274
274
274.013
274.805
314.224
740.623
1240.4
1333.24
1365.79
1399.71
1427.17
1439.41
1456.22
1502.8
1608.87
1765.86
1855.36
1867.7
1873.35
1904.42
1928.42
1931.62
1944
1981.92
2024.51
2078.62
2149.83
2230.21
2333.61
2383.02
2417.25
2426.93
2405.49
2228.15
2126.62
2076.08
2071.66
2044.8
274
274
274
274
274
274
274
274
274
274
274
274
274
274
274
274
274
274
274
274
274
274
274
274
274
274
274
274
274
274
274
274
274
274
274
274
274
274
274
274
274
274
274
274
274
274
274
274
274
274
274
274
274
274
274
274
274
274
274
274
274
274
274
274
274
274
274
274
274
274
274
274
274
274
274
274
274
274
274
274
274
274
274
274
274
274
274
274
274
274.008
274.515
298.897
669.901
1215.4
1328.62
1360.2
1391.79
1417.04
1433.69
1462.72
1516.81
1616.63
1769.14
1857.11
1866.65
1867.18
1898.96
1917.5
1918.26
1918.58
1958.36
2002.3
2043.07
2109.87
2202.45
2297.34
2332.45
2355.9
2364.57
2207.49
2127.11
2036.06
2026.29
2050.8
2059.63
274
274
274
274
274
274
274
274
274
274
274
274
274
274
274
274
274
274
274
274
274
274
274
274
274
274
274
274
274
274
274
274
274
274
274
274
274
274
274
274
274
274
274
274
274
274
274
274
274
274
274
274
274
274
274
274
274
274
274
274
274
274
274
274
274
274
274
274
274
274
274
274
274
274
274
274
274
274
274
274
274
274
274
274
274
274
274
274
274
274.004
274.281
287.415
584.504
1161.79
1317.41
1354.08
1388.83
1414.07
1428.28
1460.9
1519.31
1620.6
1773.45
1857.85
1866.35
1863
1886.93
1902.84
1903.14
1900.6
1904.33
1962.09
2001.95
2059.94
2159.93
2197.02
2209.3
2211.97
2140.16
2058.8
1974.95
1976.35
1997.64
1995.05
2036.32
274
274
274
274
274
274
274
274
274
274
274
274
274
274
274
274
274
274
274
274
274
274
274
274
274
274
274
274
274
274
274
274
274
274
274
274
274
274
274
274
274
274
274
274
274
274
274
274
274
274
274
274
274
274
274
274
274
274
274
274
274
274
274
274
274
274
274
274
274
274
274
274
274
274
274
274
274
274
274
274
274
274
274
274
274
274
274
274
274
274.002
274.131
280.562
491.374
1083.91
1299.37
1338.73
1373.87
1400.35
1413.12
1450.44
1512.18
1618.19
1779.17
1855.54
1868.48
1862.97
1871.63
1881.77
1878.32
1870.49
1871.79
1900
1951.78
2004.35
2047.6
2052.29
2046.27
1992.74
1896.99
1875
1877.11
1885.82
1915.43
1939.04
1948.55
274
274
274
274
274
274
274
274
274
274
274
274
274
274
274
274
274
274
274
274
274
274
274
274
274
274
274
274
274
274
274
274
274
274
274
274
274
274
274
274
274
274
274
274
274
274
274
274
274
274
274
274
274
274
274
274
274
274
274
274
274
274
274
274
274
274
274
274
274
274
274
274
274
274
274
274
274
274
274
274
274
274
274
274
274
274
274
274
274
274.001
274.049
276.737
399.175
964.489
1271.29
1312.27
1339.08
1370.27
1389.11
1425.12
1489.95
1611.59
1780.11
1856.08
1872.66
1862.15
1859.16
1861.72
1857.43
1843.96
1836.99
1824.38
1871.7
1911.53
1920.34
1921.56
1845.91
1731.55
1765.15
1758.72
1745
1801.42
1819.17
1849.79
1860.92
274
274
274
274
274
274
274
274
274
274
274
274
274
274
274
274
274
274
274
274
274
274
274
274
274
274
274
274
274
274
274
274
274
274
274
274
274
274
274
274
274
274
274
274
274
274
274
274
274
274
274
274
274
274
274
274
274
274
274
274
274
274
274
274
274
274
274
274
274
274
274
274
274
274
274
274
274
274
274
274
274
274
274
274
274
274
274
274
274
274
274.016
275.025
329.338
808.328
1239.97
1294.4
1316.38
1346.34
1372.6
1407.12
1469.47
1591.61
1770.22
1863.62
1878.99
1871.78
1855.21
1852.89
1848.48
1831.27
1811.97
1806.4
1814.82
1816.3
1818.8
1745.42
1665.69
1674.3
1626.74
1639.03
1683.61
1702.11
1755.86
1794.24
1842.62
274
274
274
274
274
274
274
274
274
274
274
274
274
274
274
274
274
274
274
274
274
274
274
274
274
274
274
274
274
274
274
274
274
274
274
274
274
274
274
274
274
274
274
274
274
274
274
274
274
274
274
274
274
274
274
274
274
274
274
274
274
274
274
274
274
274
274
274
274
274
274
274
274
274
274
274
274
274
274
274
274
274
274
274
274
274
274
274
274
274
274.005
274.347
291.47
631.552
1179.98
1275.84
1293.35
1320.19
1352.27
1393.02
1457.51
1570.42
1739.91
1854.89
1878.4
1878.78
1846.01
1830.94
1819.55
1789.6
1761.02
1749.78
1747.26
1749.26
1676.97
1583.74
1571.24
1534.64
1518.77
1582.69
1595.24
1662.83
1694.4
1781.92
1824.71
274
274
274
274
274
274
274
274
274
274
274
274
274
274
274
274
274
274
274
274
274
274
274
274
274
274
274
274
274
274
274
274
274
274
274
274
274
274
274
274
274
274
274
274
274
274
274
274
274
274
274
274
274
274
274
274
274
274
274
274
274
274
274
274
274
274
274
274
274
274
274
274
274
274
274
274
274
274
274
274
274
274
274
274
274
274
274
274
274
274
274.002
274.1
279.371
476.099
1066.57
1255.99
1271.82
1295.6
1331.56
1377.57
1444.99
1549.4
1701.2
1843
1887.66
1880.94
1843.82
1806.72
1797.73
1782.06
1746.16
1719.49
1714.74
1668.8
1563.81
1539.59
1507.53
1454.88
1520.63
1538.23
1557.2
1635.81
1750.94
1842.15
1872.67
274
274
274
274
274
274
274
274
274
274
274
274
274
274
274
274
274
274
274
274
274
274
274
274
274
274
274
274
274
274
274
274
274
274
274
274
274
274
274
274
274
274
274
274
274
274
274
274
274
274
274
274
274
274
274
274
274
274
274
274
274
274
274
274
274
274
274
274
274
274
274
274
274
274
274
274
274
274
274
274
274
274
274
274
274
274
274
274
274
274
274.001
274.023
275.424
352.136
877.187
1223.56
1249.42
1260.53
1288.92
1341.32
1416.37
1518.71
1655.16
1810.41
1890.9
1900.44
1862.24
1808.08
1772.43
1741.84
1712.85
1677.72
1629.35
1528.96
1459.07
1432.02
1398.79
1386.29
1475.65
1484.51
1520.45
1624.44
1732.8
1870.53
1996.67
274
274
274
274
274
274
274
274
274
274
274
274
274
274
274
274
274
274
274
274
274
274
274
274
274
274
274
274
274
274
274
274
274
274
274
274
274
274
274
274
274
274
274
274
274
274
274
274
274
274
274
274
274
274
274
274
274
274
274
274
274
274
274
274
274
274
274
274
274
274
274
274
274
274
274
274
274
274
274
274
274
274
274
274
274
274
274
274
274
274
274
274.005
274.352
292.691
648.526
1167.52
1231.99
1234.64
1250.82
1295.32
1372.72
1484.2
1622.23
1774.78
1886.59
1912.45
1874.48
1816.96
1787.64
1744.57
1700.75
1660.57
1552.72
1430.22
1406.82
1363.79
1327.5
1386.97
1454.85
1474.6
1515.37
1605.76
1704.36
1873.39
2108.08
274
274
274
274
274
274
274
274
274
274
274
274
274
274
274
274
274
274
274
274
274
274
274
274
274
274
274
274
274
274
274
274
274
274
274
274
274
274
274
274
274
274
274
274
274
274
274
274
274
274
274
274
274
274
274
274
274
274
274
274
274
274
274
274
274
274
274
274
274
274
274
274
274
274
274
274
274
274
274
274
274
274
274
274
274
274
274
274
274
274
274
274.002
274.103
279.596
484.079
1053.29
1209.8
1215.17
1228.13
1267.64
1340.56
1453.17
1594.1
1744.45
1875.61
1915.81
1891.42
1822.14
1788.11
1739.94
1682.21
1594.51
1436.05
1365.45
1329.58
1284.18
1284.58
1369.12
1421.34
1447.7
1497.39
1602.59
1736.45
1901.11
2065.7
274
274
274
274
274
274
274
274
274
274
274
274
274
274
274
274
274
274
274
274
274
274
274
274
274
274
274
274
274
274
274
274
274
274
274
274
274
274
274
274
274
274
274
274
274
274
274
274
274
274
274
274
274
274
274
274
274
274
274
274
274
274
274
274
274
274
274
274
274
274
274
274
274
274
274
274
274
274
274
274
274
274
274
274
274
274
274
274
274
274
274
274.001
274.042
276.456
395.519
956.085
1195.95
1198.66
1211.54
1258.51
1332.72
1440.11
1572.71
1724.6
1867.41
1914.91
1901.78
1830.87
1787.1
1734.98
1662.29
1551.52
1400.31
1345.74
1299.54
1256.33
1265.63
1348.85
1397.07
1420.2
1474.01
1576.3
1657.07
1773.64
2013.25
274
274
274
274
274
274
274
274
274
274
274
274
274
274
274
274
274
274
274
274
274
274
274
274
274
274
274
274
274
274
274
274
274
274
274
274
274
274
274
274
274
274
274
274
274
274
274
274
274
274
274
274
274
274
274
274
274
274
274
274
274
274
274
274
274
274
274
274
274
274
274
274
274
274
274
274
274
274
274
274
274
274
274
274
274
274
274
274
274
274
274
274
274.003
274.279
290.125
632.602
1129.77
1176.19
1164.25
1182.28
1256.75
1372.89
1507.36
1636.42
1783.04
1894.93
1910.6
1861.12
1777.19
1688.91
1601.82
1363
1235.94
1200
1126.08
1121.67
1141.42
1177.26
1218.14
1243.49
1313.02
1410.04
1518.69
1686.66
1643.02
274
274
274
274
274
274
274
274
274
274
274
274
274
274
274
274
274
274
274
274
274
274
274
274
274
274
274
274
274
274
274
274
274
274
274
274
274
274
274
274
274
274
274
274
274
274
274
274
274
274
274
274
274
274
274
274
274
274
274
274
274
274
274
274
274
274
274
274
274
274
274
274
274
274
274
274
274
274
274
274
274
274
274
274
274
274
274
274
274
274
274
274
274
274.005
274.507
305.429
708.819
1116.98
1145.13
1157.14
1208.05
1297.37
1426.75
1566.37
1696.89
1812.04
1879.85
1880.88
1803.6
1710
1623.43
1477.87
1370.97
1320.45
1234.02
1222.33
1236.87
1290.57
1333.64
1355.81
1450.06
1560.14
1601.31
1430.11
1350.64
274
274
274
274
274
274
274
274
274
274
274
274
274
274
274
274
274
274
274
274
274
274
274
274
274
274
274
274
274
274
274
274
274
274
274
274
274
274
274
274
274
274
274
274
274
274
274
274
274
274
274
274
274
274
274
274
274
274
274
274
274
274
274
274
274
274
274
274
274
274
274
274
274
274
274
274
274
274
274
274
274
274
274
274
274
274
274
274
274
274
274
274
274
274
274.01
274.879
322.35
766.222
1103.63
1105.18
1115.43
1164.44
1247.75
1385.7
1543
1674.51
1776.59
1834.31
1816.67
1754.1
1700.91
1596.85
1525.08
1376.65
1275.24
1254.33
1276.75
1300.82
1342.98
1361.41
1460.13
1503.09
1491.08
1349.48
1353.69
274
274
274
274
274
274
274
274
274
274
274
274
274
274
274
274
274
274
274
274
274
274
274
274
274
274
274
274
274
274
274
274
274
274
274
274
274
274
274
274
274
274
274
274
274
274
274
274
274
274
274
274
274
274
274
274
274
274
274
274
274
274
274
274
274
274
274
274
274
274
274
274
274
274
274
274
274
274
274
274
274
274
274
274
274
274
274
274
274
274
274
274
274
274
274
274.014
275.085
329.231
772.124
1065.42
1062.7
1072.62
1113.87
1202.96
1340.33
1510.55
1652.21
1715.66
1745.74
1731.01
1697.35
1704.08
1774.26
1675.57
1444.69
1400.21
1389.16
1420.82
1438.89
1480.63
1598.75
1662.84
1645.66
1472.82
1473.69
274
274
274
274
274
274
274
274
274
274
274
274
274
274
274
274
274
274
274
274
274
274
274
274
274
274
274
274
274
274
274
274
274
274
274
274
274
274
274
274
274
274
274
274
274
274
274
274
274
274
274
274
274
274
274
274
274
274
274
274
274
274
274
274
274
274
274
274
274
274
274
274
274
274
274
274
274
274
274
274
274
274
274
274
274
274
274
274
274
274
274
274
274
274
274
274
274.018
275.062
321.28
715.122
1017.86
1019.86
1022.47
1064.17
1159.11
1299.33
1480.07
1601.31
1620.94
1614.08
1606.4
1631.56
1749.45
1911.36
1929.83
1868.53
1896.83
1960.33
1960.14
1942.13
1907.94
1773.35
1662.99
1593.02
1316.68
274
274
274
274
274
274
274
274
274
274
274
274
274
274
274
274
274
274
274
274
274
274
274
274
274
274
274
274
274
274
274
274
274
274
274
274
274
274
274
274
274
274
274
274
274
274
274
274
274
274
274
274
274
274
274
274
274
274
274
274
274
274
274
274
274
274
274
274
274
274
274
274
274
274
274
274
274
274
274
274
274
274
274
274
274
274
274
274
274
274
274
274
274
274
274
274
274
274.018
274.84
305.142
624.434
957.701
977.477
973.209
1014.87
1104.95
1239.96
1407.72
1520.16
1537.25
1521.43
1516.45
1553.63
1629.02
1615.44
1608.63
1672.83
1792.08
1852.2
1891.58
1845.61
1723.25
1561.86
1253.93
986.304
274
274
274
274
274
274
274
274
274
274
274
274
274
274
274
274
274
274
274
274
274
274
274
274
274
274
274
274
274
274
274
274
274
274
274
274
274
274
274
274
274
274
274
274
274
274
274
274
274
274
274
274
274
274
274
274
274
274
274
274
274
274
274
274
274
274
274
274
274
274
274
274
274
274
274
274
274
274
274
274
274
274
274
274
274
274
274
274
274
274
274
274
274
274
274
274
274
274
274.016
274.55
290.872
521.465
871.767
935.004
931.334
960.118
1033.97
1151.23
1285.91
1375.8
1414.92
1429.45
1438.5
1439.57
1419.07
1413.84
1415.31
1436.07
1467.67
1492.57
1395.98
1276.79
1048.57
799.302
683.352
274
274
274
274
274
274
274
274
274
274
274
274
274
274
274
274
274
274
274
274
274
274
274
274
274
274
274
274
274
274
274
274
274
274
274
274
274
274
274
274
274
274
274
274
274
274
274
274
274
274
274
274
274
274
274
274
274
274
274
274
274
274
274
274
274
274
274
274
274
274
274
274
274
274
274
274
274
274
274
274
274
274
274
274
274
274
274
274
274
274
274
274
274
274
274
274
274
274
274
274.012
274.31
281.696
410.307
744.938
888.795
892.307
906.444
959.609
1036.3
1109.08
1171.79
1219.31
1223.11
1205.27
1164.14
1143.5
1114.43
1083.94
1046.55
1004.99
928.496
834.99
727.147
594.474
524.303
274
274
274
274
274
274
274
274
274
274
274
274
274
274
274
274
274
274
274
274
274
274
274
274
274
274
274
274
274
274
274
274
274
274
274
274
274
274
274
274
274
274
274
274
274
274
274
274
274
274
274
274
274
274
274
274
274
274
274
274
274
274
274
274
274
274
274
274
274
274
274
274
274
274
274
274
274
274
274
274
274
274
274
274
274
274
274
274
274
274
274
274
274
274
274
274
274
274
274
274
274.007
274.158
276.902
322.907
567.225
803.309
848.209
856.96
883.352
912.38
946.811
968.563
972.02
951.709
915.866
886.515
855.838
819.68
779.715
735.609
681.563
623.34
567.108
495.528
449.277
274
274
274
274
274
274
274
274
274
274
274
274
274
274
274
274
274
274
274
274
274
274
274
274
274
274
274
274
274
274
274
274
274
274
274
274
274
274
274
274
274
274
274
274
274
274
274
274
274
274
274
274
274
274
274
274
274
274
274
274
274
274
274
274
274
274
274
274
274
274
274
274
274
274
274
274
274
274
274
274
274
274
274
274
274
274
274
274
274
274
274
274
274
274
274
274
274
274
274
274
274
274.003
274.071
274.974
286.823
399.876
636.446
776.378
797.499
805.927
808.87
808.364
800.18
779.194
754.106
727.648
700.027
667.884
634.894
600.028
566.142
525.416
487.91
446.184
415.393
274
274
274
274
274
274
274
274
274
274
274
274
274
274
274
274
274
274
274
274
274
274
274
274
274
274
274
274
274
274
274
274
274
274
274
274
274
274
274
274
274
274
274
274
274
274
274
274
274
274
274
274
274
274
274
274
274
274
274
274
274
274
274
274
274
274
274
274
274
274
274
274
274
274
274
274
274
274
274
274
274
274
274
274
274
274
274
274
274
274
274
274
274
274
274
274
274
274
274
274
274
274
274.001
274.028
274.32
277.139
300.608
420.772
591.908
696.615
717.944
716.458
704.426
680.595
654.192
629.811
606.229
579.722
554.909
526.588
500.662
470.669
444.047
417.965
398.231
274
274
274
274
274
274
274
274
274
274
274
274
274
274
274
274
274
274
274
274
274
274
274
274
274
274
274
274
274
274
274
274
274
274
274
274
274
274
274
274
274
274
274
274
274
274
274
274
274
274
274
274
274
274
274
274
274
274
274
274
274
274
274
274
274
274
274
274
274
274
274
274
274
274
274
274
274
274
274
274
274
274
274
274
274
274
274
274
274
274
274
274
274
274
274
274
274
274
274
274
274
274
274
274
274.01
274.095
274.732
278.847
298.784
367.712
485.325
572.42
612.962
611.844
596.919
577.21
555.71
531.814
509.685
485.778
464.593
441.184
421.167
401.04
372.729
274
274
274
274
274
274
274
274
274
274
274
274
274
274
274
274
274
274
274
274
274
274
274
274
274
274
274
274
274
274
274
274
274
274
274
274
274
274
274
274
274
274
274
274
274
274
274
274
274
274
274
274
274
274
274
274
274
274
274
274
274
274
274
274
274
274
274
274
274
274
274
274
274
274
274
274
274
274
274
274
274
274
274
274
274
274
274
274
274
274
274
274
274
274
274
274
274
274
274
274
274
274
274
274
274
274.002
274.026
274.165
274.84
277.492
286.496
307.229
346.212
417.824
458.447
473.186
473.167
460.297
444.368
420.721
398.232
369.095
341.119
308.825
288.766
274
274
274
274
274
274
274
274
274
274
274
274
274
274
274
274
274
274
274
274
274
274
274
274
274
274
274
274
274
274
274
274
274
274
274
274
274
274
274
274
274
274
274
274
274
274
274
274
274
274
274
274
274
274
274
274
274
274
274
274
274
274
274
274
274
274
274
274
274
274
274
274
274
274
274
274
274
274
274
274
274
274
274
274
274
274
274
274
274
274
274
274
274
274
274
274
274
274
274
274
274
274
274
274
274
274
274
274.006
274.035
274.146
274.518
275.546
277.856
282.624
289.095
294.659
297.983
298.067
296.243
292.192
288.317
283.771
280.396
277.573
275.788
274
274
274
274
274
274
274
274
274
274
274
274
274
274
274
274
274
274
274
274
274
274
274
274
274
274
274
274
274
274
274
274
274
274
274
274
274
274
274
274
274
274
274
274
274
274
274
274
274
274
274
274
274
274
274
274
274
274
274
274
274
274
274
274
274
274
274
274
274
274
274
274
274
274
274
274
274
274
274
274
274
274
274
274
274
274
274
274
274
274
274
274
274
274
274
274
274
274
274
274
274
274
274
274
274
274
274
274
274.001
274.006
274.027
274.082
274.21
274.468
274.887
275.359
275.768
275.948
275.922
275.669
275.36
274.959
274.649
274.382
274.203
274
274
274
274
274
274
274
274
274
274
274
274
274
274
274
274
274
274
274
274
274
274
274
274
274
274
274
274
274
274
274
274
274
274
274
274
274
274
274
274
274
274
274
274
274
274
274
274
274
274
274
274
274
274
274
274
274
274
274
274
274
274
274
274
274
274
274
274
274
274
274
274
274
274
274
274
274
274
274
274
274
274
274
274
274
274
274
274
274
274
274
274
274
274
274
274
274
274
274
274
274
274
274
274
274
274
274
274
274
274
274.001
274.004
274.012
274.031
274.06
274.096
274.131
274.156
274.162
274.152
274.132
274.1
274.072
274.043
274.023
274
274
274
274
274
274
274
274
274
274
274
274
274
274
274
274
274
274
274
274
274
274
274
274
274
274
274
274
274
274
274
274
274
274
274
274
274
274
274
274
274
274
274
274
274
274
274
274
274
274
274
274
274
274
274
274
274
274
274
274
274
274
274
274
274
274
274
274
274
274
274
274
274
274
274
274
274
274
274
274
274
274
274
274
274
274
274
274
274
274
274
274
274
274
274
274
274
274
274
274
274
274
274
274
274
274
274
274
274
274
274
274
274
274.001
274.003
274.006
274.009
274.012
274.013
274.013
274.011
274.009
274.006
274.003
274.002
274
274
274
274
274
274
274
274
274
274
274
274
274
274
274
274
274
274
274
274
274
274
274
274
274
274
274
274
274
274
274
274
274
274
274
274
274
274
274
274
274
274
274
274
274
274
274
274
274
274
274
274
274
274
274
274
274
274
274
274
274
274
274
274
274
274
274
274
274
274
274
274
274
274
274
274
274
274
274
274
274
274
274
274
274
274
274
274
274
274
274
274
274
274
274
274
274
274
274
274
274
274
274
274
274
274
274
274
274
274
274
274
274
274
274
274
274
274
274.001
274.001
274.001
274
274
274
274
274
274
274
274
274
274
274
274
274
274
274
274
274
274
274
274
274
274
274
274
274
274
274
274
274
274
274
274
274
274
274
274
274
274
274
274
274
274
274
274
274
274
274
274
274
274
274
274
274
274
274
274
274
274
274
274
274
274
274
274
274
274
274
274
274
274
274
274
274
274
274
274
274
274
274
274
274
274
274
274
274
274
274
274
274
274
274
274
274
274
274
274
274
274
274
274
274
274
274
274
274
274
274
274
274
274
274
274
274
274
274
274
274
274
274
274
274
274
274
274
274
274
274
274
274
274
274
274
274
274
274
274
274
274
274
274
274
274
274
274
274
274
274
274
274
274
274
274
274
274
274
274
274
274
274
274
274
274
274
274
274
274
274
274
274
274
274
274
274
274
274
274
274
274
274
274
274
274
274
274
274
274
274
274
274
274
274
274
274
274
274
274
274
274
274
274
274
274
274
274
274
274
274
274
274
274
274
274
274
274
274
274
274
274
274
274
274
274
274
274
274
274
274
274
274
274
274
274
274
274
274
274
274
274
274
274
274
274
274
274
274
274
274
274
274
274
274
274
274
274
274
274
274
274
274
274
274
274
274
274
274
274
274
274
274
274
274
274
274
274
274
274
274
274
274
274
274
274
274
274
274
274
274
274
274
274
274
274
274
274
274
274
274
274
274
274
274
274
274
274
274
274
274
274
274
274
274
274
274
274
274
274
274
274
274
274
274
274
274
274
274
274
274
274
274
274
274
274
274
274
274
274
274
274
274
274
274
274
274
274
274
274
274
274
274
274
274
274
274
274
274
274
274
274
274
274
274
274
274
274
274
274
274
274
274
274
274
274
274
274
274
274
274
274
274
274
274
274
274
274
274
274
274
274
274
274
274
274
274
274
274
274
274
274
274
274
274
274
274
274
274
274
274
274
274
274
274
274
274
274
274
274
274
274
274
274
274
274
274
274
274
274
274
274
274
274
274
274
274
274
274
274
274
274
274
274
274
274
274
274
274
274
274
274
274
274
274
274
274
274
274
274
274
274
274
274
274
274
274
274
274
274
274
274
274
274
274
274
274
274
274
274
274
274
274
274
274
274
274
274
274
274
274
274
274
274
274
274
274
274
274
274
274
274
274
274
274
274
274
274
274
274
274
274
274
274
274
274
274
274
274
274
274
274
274
274
274
274
274
274
274
274
274
274
274
274
274
274
274
274
274
274
274
274
274
274
274
274
274
274
274
274
274
274
274
274
274
274
274
274
274
274
274
274
274
274
274
274
274
274
274
274
274
274
274
274
274
274
274
274
274
274
274
274
274
274
274
274
274
274
274
274
274
274
274
274
274
274
274
274
274
274
274
274
274
274
274
274
274
274
274
274
274
274
274
274
274
274
274
274
274
274
274
274
274
274
274
274
274
274
274
274
274
274
274
274
274
274
274
274
274
274
274
274
274
274
274
274
274
274
274
274
274
274
274
274
274
274
274
274
274
274
274
274
274
274
274
274
274
274
274
274
274
274
274
274
274
274
274
274
274
274
274
274
274
274
274
274
274
274
274
274
274
274
274
274
274
274
274
274
274
274
274
274
274
274
274
274
274
274
274
274
274
274
274
274
274
274
274
274
274
274
274
274
274
274
274
274
274
274
274
274
274
274
274
274
274
274
274
274
274
274
274
274
274
274
274
274
274
274
274
274
274
274
274
274
274
274
274
274
274
274
274
274
274
274
274
274
274
274
274
274
274
274
274
274
274
274
274
274
274
274
274
274
274
274
274
274
274
274
274
274
274
274
274
274
274
274
274
274
274
274
274
274
274
274
274
274
274
274
274
274
274
274
274
274
274
274
274
274
274
274
274
274
274
274
274
274
274
274
274
274
274
274
274
274
274
274
274
274
274
274
274
274
274
274
274
274
274
274
274
274
274
274
274
274
274
274
274
274
274
274
274
274
274
274
274
274
274
274
274
274
274
274
274
274
274
274
274
274
274
274
274
274
274
274
274
274
274
274
274
274
274
274
274
274
274
274
274
274
274
274
274
274
274
274
274
274
274
274
274
274
274
274
274
274
274
274
274
274
274
274
274
274
274
274
274
274
274
274
274
274
274
274
274
274
274
274
274
274
274
274
274
274
274
274
274
274
274
274
274
274
274
274
274
274
274
274
274
274
274
274
274
274
274
274
274
274
274
274
274
274
274
274
274
274
274
274
274
274
274
274
274
274
274
274
274
274
274
274
274
274
274
274
274
274
274
274
274
274
274
274
274
274
274
274
274
274
274
274
274
274
274
274
274
274
274
274
274
274
274
274
274
274
274
274
274
274
274
274
274
274
274
274
274
274
274
274
274
274
274
274
274
274
274
274
274
274
274
274
274
274
274
274
274
274
274
274
274
274
274
274
274
274
274
274
274
274
274
274
274
274
274
274
274
274
274
274
274
274
274
274
274
274
274
274
274
274
274
274
274
274
274
274
274
274
274
274
274
274
274
274
274
274
274
274
274
274
274
274
274
274
274
274
274
274
274
274
274
274
274
274
274
274
274
274
274
274
274
274
274
274
274
274
274
274
274
274
274
274
274
274
274
274
274
274
274
274
274
274
274
274
274
274
274
274
274
274
274
274
274
274
274
274
274
274
274
274
274
274
274
274
274
274
274
274
274
274
274
274
274
274
274
274
274
274
274
274
274
274
274
274
274
274
274
274
274
274
274
274
274
274
274
274
274
274
274
274
274
274
274
274
274
274
274
274
274
274
274
274
274
274
274
274
274
274
274
274
274
274
274
274
274
274
274
274
274
274
274
274
274
274
274
274
274
274
274
274
274
274
274
274
274
274
274
274
274
274
274
274
274
274
274
274
274
274
274
274
274
274
274
274
274
274
274
274
274
274
274
274
274
274
274
274
274
274
274
274
274
274
274
274
274
274
274
274
274
274
274
274
274
274
274
274
274
274
274
274
274
274
274
274
274
274
274
274
274
274
274
274
274
274
274
274
274
274
274
274
274
274
274
274
274
274
274
274
274
274
274
274
274
274
274
274
274
274
274
274
274
274
274
274
274
274
274
274
274
274
274
274
274
274
274
274
274
274
274
274
274
274
274
274
274
274
274
274
274
274
274
274
274
274
274
274
274
274.002
274.002
274.002
274.002
274.002
274.002
274.002
274.002
274.002
274.002
274.002
274.002
274.002
274.002
274.002
274.002
274.002
274.002
274.002
274.002
274.002
274.002
274.002
274.001
274.001
274.001
274.001
274.001
274.001
274.001
274.001
274.001
274.001
274.001
274.001
274.001
274.001
274.001
274.001
274.001
274.001
274.001
274.001
274.001
274.001
274.001
274.001
274.001
274.001
274.001
274.001
274.001
274.001
274.001
274.001
274.001
274.001
274.001
274.001
274.001
274.001
274.001
274.001
274.001
274.001
274.001
274.001
274.001
274.001
274.001
274.001
274.001
274.001
274.001
274.001
274.001
274.001
274.001
274.001
274.001
274.001
274.001
274.001
274.001
274.001
274.001
274.001
274.001
274.001
274.001
274.001
274.001
274.001
274.001
274.001
274.001
274.001
274.001
274.001
274.001
274.001
274.001
274.001
274.001
274.001
274.001
274.001
274.001
274.001
274.001
274.001
274.001
274.001
274.001
274.001
274.001
274.001
274.001
274.001
274.001
274.001
274.001
274.001
274.001
274.001
)
;

boundaryField
{
    wall
    {
        type            zeroGradient;
    }
    inlet
    {
        type            fixedValue;
        value           uniform 3673;
    }
    outlet-1
    {
        type            inletOutlet;
        inletValue      uniform 274;
        value           uniform 274;
    }
    outlet-2
    {
        type            inletOutlet;
        inletValue      uniform 274;
        value           nonuniform List<scalar> 
89
(
274.002
274
274
274
274
274
274
274
274
274
274
274
274
274
274
274
274
274
274
274
274
274
274
274
274
274
274
274
274
274
274
274
274
274
274
274
274
274
274
274
274
274
274
274
274
274
274
274
274
274
274
274
274
274
274
274
274
274
274
274
274
274
274
274
274
274
274
274
274
274
274
274
274
274
274
274
274
274
274
274
274
274
274
274
274
274
274
274
274.002
)
;
    }
    frontAndBackPlanes
    {
        type            empty;
    }
}


// ************************************************************************* //
