/*--------------------------------*- C++ -*----------------------------------*\
| =========                 |                                                 |
| \\      /  F ield         | OpenFOAM: The Open Source CFD Toolbox           |
|  \\    /   O peration     | Version:  2112                                  |
|   \\  /    A nd           | Website:  www.openfoam.com                      |
|    \\/     M anipulation  |                                                 |
\*---------------------------------------------------------------------------*/
FoamFile
{
    version     2.0;
    format      ascii;
    arch        "LSB;label=32;scalar=64";
    class       volScalarField;
    location    "0.00158";
    object      T;
}
// * * * * * * * * * * * * * * * * * * * * * * * * * * * * * * * * * * * * * //

dimensions      [0 0 0 1 0 0 0];

internalField   nonuniform List<scalar> 
13875
(
1411.73
1534.9
1482.7
1486.68
1481.07
1483.48
1483.52
1482.85
1484.22
1483.13
1484.28
1483.58
1483.73
1483.79
1483.42
1483.59
1482.71
1483.36
1482.27
1483.29
1481.13
1487.25
1480.7
1532.97
1397.84
1306.97
1356.03
1319.13
1322.02
1316.62
1317.1
1317.07
1317.71
1322.48
1322.38
1322.76
1317.89
1317.54
1317.66
1317.94
1321.86
1321.93
1320.85
1317.16
1317.06
1316.19
1321.86
1319.64
1356.38
1303.85
1307.06
1339.63
1314.69
1311.09
1303.98
1304.3
1303.75
1303.65
1304.54
1303.19
1304.81
1303.75
1303.64
1303.75
1303.7
1304.52
1302.73
1303.3
1303.4
1304.53
1303.88
1310.71
1311.54
1336.4
1297.24
1317.19
1345.04
1315.14
1308.76
1305.15
1304.78
1303.98
1303.9
1303.36
1302.02
1303.47
1303.82
1303.7
1303.82
1303.73
1303.45
1302.21
1303.44
1303.7
1304.89
1304.57
1307.66
1314.01
1343.69
1311.49
1329.37
1341.74
1316.18
1311.72
1303.54
1304.15
1304.05
1303.7
1303.57
1302.14
1303.73
1303.95
1303.92
1303.96
1303.92
1303.51
1302.37
1303.41
1303.4
1304.54
1303.62
1311.39
1312.15
1338.49
1315.9
1332.21
1351.56
1319.44
1310.05
1307.11
1306.26
1305.02
1304.54
1303.58
1302.53
1303.83
1304.29
1304.35
1304.33
1304.14
1303.82
1302.75
1304.01
1304.63
1306.4
1306.5
1308.46
1319.05
1349.15
1326.45
1339.23
1360.55
1329.74
1317.1
1307.17
1306.46
1305.52
1304.69
1303.91
1303.42
1304.49
1304.87
1305.13
1305.08
1304.98
1304.42
1303.53
1304.75
1304.96
1306.76
1307.12
1317.1
1325.99
1358.42
1321.89
1361.82
1386.35
1345.9
1322.11
1316.87
1312.45
1309.25
1307.34
1306.03
1305.33
1305.81
1306.24
1306.73
1306.68
1306.43
1305.83
1305.13
1307.08
1308.22
1311.95
1315.45
1320.86
1341.72
1381.36
1351.01
1535.48
1509.25
1389.8
1352.48
1324.21
1317.02
1312.92
1310.42
1309.59
1308.53
1309.1
1309.34
1310.05
1310.01
1309.66
1308.77
1308.42
1310.59
1311.56
1316.23
1322.54
1348.28
1384.55
1508.5
1523.65
1863.07
1590.45
1438.95
1368.62
1346.29
1329.82
1322.17
1318.53
1316.73
1315.55
1316.07
1316.13
1317.02
1316.93
1316.43
1315.53
1315.76
1318.13
1319.93
1327.58
1341.31
1364.17
1428.5
1569.21
1832.04
2523.32
1803.51
1542.25
1446.07
1368.26
1348.95
1339.71
1335.19
1332.03
1330.82
1331.17
1331.1
1332.03
1331.86
1331.24
1330.74
1331.32
1333.69
1336.73
1346.45
1362.12
1428.91
1516.72
1811.1
2449.67
2892.09
2309.91
2122.21
1535.73
1448.26
1412.67
1385.23
1376.77
1369.83
1368.08
1367.77
1367.08
1368.23
1367.57
1367.2
1367.43
1369.08
1373.85
1380.2
1407.16
1431.75
1491.58
1764.71
2312.88
2852.04
2852.24
2773.3
2648.48
2393.35
1653.28
1552.63
1524.91
1503.99
1492.83
1489.58
1488.76
1485.24
1488.9
1485.4
1485.64
1486.9
1490.9
1499.6
1516.34
1545.86
1660.34
2376.96
2434.23
2716.46
2790.95
2770.81
2751.42
2860.9
2855.18
2231.72
2256.86
2050.95
1956.88
1917.87
1867.22
1892
1843.62
1881.9
1853.79
1863.48
1867.94
1888.46
1939.64
2045.98
2202.22
2157.41
2866.37
2875.54
2739.01
2713.59
2653.1
2745.16
2866.4
2852.66
2884.37
3186.2
3439.99
3429.16
3696.74
3556.42
3683.09
3591.25
3661.96
3628.67
3658.35
3633.5
3657.82
3545.79
3460.17
3195.72
2914.12
2873.2
2862.59
2694.82
2677.51
2537.86
2672.03
2884.04
2985.1
2997.31
3331.63
3594.47
3679.4
3689.26
3669.37
3617.51
3638.51
3590.96
3629.83
3628.55
3652.95
3678.96
3720.77
3648.43
3453.24
3055.27
2978.22
2895.04
2701.6
2592.57
2483.84
2614.24
2747.33
2948.7
3037.88
3345.6
3569.79
3664.45
3663.75
3651.68
3609.15
3619.87
3589.83
3614.48
3611.36
3635.29
3663.08
3709.29
3635.53
3458.14
3112.84
3012.03
2806.24
2607.48
2511.1
2302.8
2593.61
2848.62
2949.56
2954.43
3200.89
3365.17
3459.45
3499.56
3495.58
3502.96
3497.06
3496.92
3499.66
3497.79
3498.52
3496.57
3485.05
3407.94
3244.04
3027.83
3025.76
2858.9
2604.09
2337.04
2222.74
2315.95
2618.68
2769.4
2741.01
2873.56
3118.66
3291.97
3386.83
3404.6
3404.56
3399.88
3402.12
3403.58
3400.65
3407.04
3411.37
3378.83
3201.04
2933.09
2785.42
2836.63
2673.23
2357.07
2268.16
2311.9
2253.38
2367.32
2539.77
2559.68
2630.24
2843.34
3083.37
3239.72
3300.12
3319.2
3318.55
3321.09
3322.78
3319.54
3315.56
3288.83
3161.53
2891.84
2673.57
2599.26
2584
2362.35
2266.73
2365.93
2889.24
2253.83
2188.75
2340.1
2403.57
2477.17
2663.29
2904.9
3096.07
3186.98
3213.96
3221.99
3225.49
3226.33
3218.08
3205.59
3138.41
2953.51
2690.76
2505.28
2428.96
2354.97
2172.68
2221.92
2793.4
2835.24
2045.12
1993.03
2183
2276.11
2369.45
2532.92
2756.91
2952.4
3070.04
3113.87
3121.46
3124.11
3123.29
3116.32
3084
2983.37
2784.05
2548.02
2397.07
2293.87
2185.07
1997.09
2037.64
2836.28
2857.38
2050
1890.64
2065.82
2175.54
2280.96
2419.07
2628.42
2828.38
2951.22
2995.96
3011.09
3014.27
3014.06
2999.99
2964.12
2852.86
2647.45
2434.53
2308.11
2194.88
2072.88
1877.35
2046.04
2943.02
2807.87
2033.81
1880.07
2010.98
2100.8
2198.92
2329.19
2527.49
2714.55
2843.9
2894.6
2905.12
2907.96
2904.2
2893.62
2852.74
2738.02
2542.77
2337.5
2219.58
2118.56
2017.29
1871.09
2015.62
2784.72
2742.76
2030.31
1908
1978.41
2034.56
2117.11
2241.73
2437.38
2618.89
2737.71
2785.24
2799.44
2801.67
2800.7
2786.07
2744.59
2630.93
2439.68
2244.91
2136.18
2062.26
1994.11
1893.32
2033.24
2764.31
2706.88
2049.52
1923.88
1960.56
1988.02
2052.18
2174.28
2360.05
2527.05
2640.89
2685.56
2698.27
2703.48
2698.38
2683.09
2643.8
2539.25
2365.09
2176.2
2067.74
2011.31
1982.57
1915.07
2028.4
2691.21
2680.06
2074.28
1948.55
1956.98
1943.89
1992.8
2110.4
2288.7
2445.25
2550.86
2596.49
2604.5
2606.35
2603.23
2590.62
2550.95
2453.1
2287.23
2108.4
2006.99
1968.37
1978.88
1940.34
2057.09
2669.79
2682.68
2138.72
1994
1949.82
1915.59
1953.03
2069.47
2235.54
2376.53
2463.72
2499.2
2512.29
2518.54
2512.56
2494.16
2459.98
2375.43
2227.51
2060.9
1961.38
1937.17
1973.54
1975.01
2114.16
2672.2
2714.55
2154.06
1989.3
1939.14
1898.06
1917.36
2019.66
2171.87
2298.78
2386.67
2429.26
2430.11
2433.14
2428.12
2420.66
2384.95
2306.49
2170.85
2013.33
1925.97
1918.28
1954.6
1990.99
2110.23
2669.86
2764.82
2176.44
2016.44
1946.33
1883.71
1898.18
1997.84
2135.26
2246.01
2311.63
2338.09
2349.91
2354.84
2348.53
2330.98
2305.27
2244.8
2129.31
1986.35
1901.33
1896.84
1958.27
2000.05
2145.22
2727.1
2731.72
2173.44
2000.13
1938.71
1863.12
1885.28
1969.66
2088.49
2182.09
2242.71
2280.96
2276.33
2280.41
2275.77
2271.6
2241.17
2184.47
2082.22
1954.66
1882.39
1879.57
1949.52
2007.8
2141.46
2727.95
2724.61
2179.16
2027.7
1944.03
1855.4
1869.44
1951.55
2059.36
2137.33
2181.5
2200.22
2207.47
2212.79
2206.42
2193.14
2177.87
2141.45
2061.64
1941
1866.49
1865.14
1947.21
2005.95
2154.91
2704.41
2701.69
2179.62
2047.89
1930.34
1847.11
1858.65
1931.17
2018.02
2083.18
2121.27
2153.02
2144.3
2147.98
2143.56
2143.41
2120.7
2085.55
2019.08
1921.55
1852.85
1860.24
1943.82
2041.67
2149.97
2692.94
2662.35
2171.33
2084.94
1949.31
1848.67
1845.66
1920.65
1998.57
2049.71
2072.12
2081.76
2083.54
2090.29
2085.28
2074.97
2070.57
2054.35
2002.98
1908.22
1838.72
1850.95
1949.66
2064.04
2154.29
2661.79
2659.23
2178.92
2117.02
1943.92
1859.12
1839.2
1899.06
1959.56
1997.14
2019.86
2045.8
2031.44
2034.94
2030.66
2037.86
2019.98
2000.57
1968.89
1899.03
1831.87
1865.71
1955.33
2118.34
2150.06
2645.27
2635.26
2173.15
2113.02
1965.36
1867.46
1832.83
1888.22
1943.08
1973.61
1982.31
1983.25
1979.9
1985.89
1983.52
1977.61
1982.16
1978.05
1950.22
1880.12
1830.76
1868.1
1973.03
2124.97
2163
2625.07
2612.59
2162.5
2112.64
1988.05
1887.58
1842.54
1875.82
1909.36
1925.56
1932.63
1954.57
1936.04
1940.53
1933.89
1948.39
1934.06
1927.27
1919.55
1876.72
1828.61
1890.14
2000.82
2121.27
2157.87
2607.57
2596.59
2145.64
2113.91
2049.09
1902.49
1851.67
1867.78
1892.24
1904.51
1906.29
1900.84
1894.92
1899.1
1900.36
1896.9
1906.93
1908.94
1895.12
1868.63
1849.45
1892.24
2050.44
2122.77
2141.82
2586.63
2580.66
2137.25
2092.52
2039.88
1928.81
1873.63
1869.09
1867.61
1862.41
1858.94
1877.56
1857.34
1862.23
1854.75
1872.85
1860.64
1864.54
1880.49
1867.71
1866.26
1929.61
2051.31
2104.19
2126.07
2572.89
2552.3
2117.59
2072.26
2045.79
1962.26
1886.01
1884.39
1858
1850.24
1843.51
1832.97
1825.26
1827.29
1828.79
1827.64
1842.2
1851.17
1854.5
1878.76
1878.75
1960.8
2052.38
2083.46
2117.8
2554.31
2537.1
2114.85
2033.19
2025.16
2027.11
1918.14
1895.64
1844.09
1816.85
1798.39
1812.04
1789.78
1796.98
1790.99
1809.51
1798.13
1817.12
1854.58
1891.38
1899.94
2026.33
2036.22
2038.63
2098.32
2529.26
2509.28
2099.6
2012.74
2018.11
2021.33
1949.29
1911.9
1857.13
1816.27
1796.21
1777.16
1769.08
1767.87
1767.5
1771.67
1794.66
1814.14
1856.77
1904.67
1941.3
2023.02
2029.91
2017.68
2092.76
2510.8
2488.59
2091.71
1987.17
1979.23
2016.9
2006.55
1928.43
1864.03
1799.54
1755.43
1762.31
1735.43
1743.45
1737.78
1758.39
1753.24
1794.65
1864.22
1920.95
1981.36
2013.17
1993.57
1992.57
2085.57
2498.56
2460.27
2082.23
1977.41
1956.79
1996.08
2042.26
1950.38
1879.27
1814.3
1774.75
1735.85
1722.74
1719.12
1721.76
1732.25
1774.24
1807.11
1871.29
1956.08
2038.92
1995.33
1971.27
1980.35
2073.32
2474.63
2452.42
2082.22
1964.74
1923.83
1972.46
2025.38
2003.88
1896.04
1807.78
1738.39
1733.59
1696.36
1700.56
1697.46
1728.08
1734.57
1806.77
1895.32
2015.45
2022.73
1970.23
1937.55
1970.76
2075.3
2468.44
2423.11
2059.39
1957.6
1911.62
1934.72
2013.28
2086.54
1945.34
1828.58
1778.55
1721.4
1695.83
1687.5
1695.3
1716.13
1777.61
1824.72
1927.72
2074.28
2003.27
1930.74
1923.86
1964.53
2064.19
2449.77
2412.2
2058.59
1950.8
1888.44
1907.12
1985.57
2061.76
2022.03
1850.87
1747.91
1739.54
1686.84
1682.71
1684.58
1733.12
1741.8
1847.05
2010.03
2052.69
1975.63
1903.69
1900.92
1962.44
2058.38
2444.1
2379.32
2040.09
1941.35
1892.71
1887.66
1948.74
2049.46
2071.54
1890.74
1794.39
1721.97
1692.53
1683.71
1695.07
1716.77
1794.87
1907
2072.89
2045.17
1937.68
1884.77
1902.69
1947.27
2048.23
2407.32
2349.73
2031.08
1936.11
1870.06
1866.67
1916.53
2020.04
2051.71
1993.4
1783.54
1754.86
1694.35
1686.88
1689.68
1751.35
1779.01
2018.89
2058.92
2018.93
1907.6
1863.9
1881.46
1942.82
2038.56
2379.44
2215.85
1984.8
1909.21
1865.47
1862.19
1886.78
1980.45
2043.81
2030.76
1876.15
1755.12
1700.31
1696.27
1707.15
1752.29
1878.23
2035.85
2049.01
1988.56
1886.12
1862.54
1875.11
1914.14
1990.93
2233.56
273.907
274.008
274.069
274.076
274.03
274.064
274.163
274.244
274.288
274.264
274.196
274.121
274.065
274.031
274.014
274.006
274.002
274.001
274
274
273.999
274
274
274
273.999
274.001
273.995
274.003
273.99
274.01
274.133
274.236
274.29
274.287
274.231
274.233
274.328
274.394
274.42
274.369
274.27
274.167
274.089
274.043
274.019
274.008
274.003
274.001
274
273.999
273.999
273.999
273.999
273.999
273.998
274
273.993
274.004
273.987
274.017
274.263
274.365
274.406
274.361
274.269
274.256
274.348
274.421
274.462
274.409
274.302
274.187
274.101
274.049
274.022
274.009
274.003
274.001
274
273.999
273.999
273.999
273.999
273.999
273.999
274
273.995
274.003
273.992
274.012
274.266
274.4
274.437
274.369
274.247
274.235
274.344
274.433
274.498
274.442
274.327
274.203
274.109
274.053
274.024
274.01
274.003
274.001
274
273.999
273.999
273.999
273.999
273.999
273.999
274
273.996
274.002
273.995
274.008
274.242
274.405
274.44
274.347
274.214
274.221
274.334
274.456
274.53
274.468
274.346
274.214
274.116
274.056
274.025
274.01
274.004
274.001
274
273.999
273.999
274
274
274
273.999
274
273.997
274.002
273.997
274.005
274.218
274.424
274.452
274.315
274.194
274.221
274.332
274.482
274.559
274.485
274.357
274.22
274.119
274.057
274.025
274.01
274.004
274.001
274
273.999
273.999
274
274
274
274
274
273.998
274.001
273.999
274.004
274.215
274.46
274.474
274.329
274.212
274.241
274.361
274.512
274.582
274.493
274.359
274.221
274.119
274.057
274.025
274.01
274.003
274.001
274
273.999
273.999
274
274
274
274
274
273.999
274.001
273.999
274.004
274.238
274.522
274.53
274.399
274.294
274.314
274.43
274.553
274.6
274.493
274.358
274.219
274.118
274.057
274.025
274.01
274.003
274.001
274
273.999
273.999
274
274
274
274
274
273.999
274
274
274.003
274.304
274.697
274.735
274.667
274.591
274.566
274.612
274.651
274.633
274.495
274.355
274.217
274.116
274.056
274.024
274.009
274.003
274.001
274
273.999
273.999
274
274
274
274
274
274
274
274
274.003
274.528
275.114
275.31
275.463
275.509
275.422
275.16
274.928
274.737
274.522
274.355
274.212
274.114
274.054
274.023
274.009
274.003
274.001
274
273.999
273.999
274
274
274
274
274
274
274
274
274.002
275.198
276.202
276.938
277.847
278.328
278.133
277.076
275.872
275.107
274.635
274.384
274.211
274.11
274.052
274.022
274.008
274.003
274.001
274
274
273.999
274
274
274
274
274
274
274
274
274.002
277.151
279.16
280.772
283.402
285.799
285.639
283.381
279.573
276.568
275.08
274.503
274.238
274.111
274.049
274.02
274.007
274.002
274.001
274
274
273.999
273.999
274
274
274
274
274
274
274
274.002
281.731
285.932
289.759
295.044
300.291
304.488
304.11
293.37
282.447
276.974
274.984
274.351
274.134
274.052
274.019
274.007
274.002
274.001
274
274
274
273.999
274
274
274
274.001
274.001
274
274
274.002
292.364
295.12
295.366
296.95
301.889
307.765
314.209
318.624
307.319
284.757
277.03
274.798
274.23
274.069
274.022
274.007
274.002
274
274
274
274
274
274
274
274
274
274.001
274
274.001
274.002
295.372
295.708
295.403
296.737
301.248
307.659
314.45
321.026
326.392
316.923
285.452
276.633
274.594
274.142
274.034
274.008
274.002
274
274
274
274
274
274
274
274
274
274
274.001
274.001
274.002
294.456
294.613
294.224
294.433
297.165
304.782
313.599
321.146
327.829
333.014
319.868
284.073
275.979
274.4
274.081
274.016
274.003
274.001
274
274
274
274
274
274
274
274
274.001
274
274
274.001
291.124
291.562
291.017
291.108
292.111
298.725
309.409
319.835
328.157
334.88
339.207
314.152
281.397
275.309
274.242
274.043
274.007
274.001
274
274
274
274
274
274
274
274
274.001
274.001
274.001
274.002
287.51
287.949
287.263
287.236
287.547
292.077
303.71
315.466
327.246
335.492
342.347
344.274
302.724
278.627
274.768
274.131
274.02
274.003
274
274
274
274
274
274
274
274
274
274.001
274.001
274.003
279.661
282.12
283.405
284.246
285.767
287.694
298.549
310.687
323.957
335.648
343.35
349.916
343.565
289.686
276.527
274.4
274.064
274.008
274.001
274
274
274
274
274
274
274
274
274
274.001
274.002
276.216
280.391
282.631
284.601
287.487
287.815
296.401
309.454
321.894
334.464
344.482
352.093
353.143
325.787
282.142
275.233
274.185
274.027
274.003
274
274
274
274
274
274
274
274
274
274
274.001
277.771
282.857
285.147
290.808
297.254
296.17
298.149
311.455
322.638
333.982
345.3
353.933
358.242
356.769
301.914
277.75
274.533
274.077
274.01
274.001
274
274
274
274
274
274
274
274
274
274.001
271.248
284.901
292.854
314.978
333.001
326.41
319.916
325.012
332.041
338.473
346.69
356.257
363.369
363.796
341.531
284.71
275.52
274.207
274.028
274.003
274
274
274
274
274
274
274
274
274
274.002
284.259
298.808
332.579
395.671
428.066
402.449
374.853
360.465
353.713
351.122
352.932
359.356
367.97
368.996
368.019
308.205
278.133
274.536
274.071
274.009
274.001
274
274
274
274
274
274
274
274
274.002
249.172
334.504
479.914
620.88
654.321
559.199
471.254
413.035
390.846
372.255
367.034
368.147
373.406
375.543
376.197
348.872
284.464
275.365
274.173
274.022
274.002
274
274
274
274
274
274
274
274
274.002
282.305
469.047
798.569
967.861
966.535
761.258
583.839
488.667
444.728
406.57
388.726
382.203
382.389
384.375
382.699
377.77
300.819
277.242
274.395
274.05
274.006
274.001
274
274
274
274
274
274
274
274.002
274.01
273.99
274.003
273.995
274.001
273.999
274
274
274
273.999
274
274
274.001
274.002
274.006
274.014
274.031
274.065
274.121
274.196
274.264
274.288
274.244
274.162
274.064
274.03
274.076
274.069
274.008
273.907
274.017
273.987
274.004
273.993
274
273.998
273.999
273.999
273.999
273.999
273.999
274
274.001
274.003
274.008
274.019
274.043
274.089
274.167
274.27
274.369
274.42
274.394
274.328
274.233
274.231
274.287
274.29
274.237
274.133
274.012
273.992
274.003
273.995
274
273.999
273.999
273.999
273.999
273.999
273.999
274
274.001
274.003
274.009
274.022
274.049
274.101
274.187
274.302
274.409
274.462
274.42
274.348
274.255
274.269
274.361
274.406
274.365
274.263
274.008
273.995
274.002
273.996
274
273.999
273.999
273.999
273.999
273.999
273.999
274
274.001
274.003
274.01
274.024
274.053
274.109
274.203
274.327
274.442
274.498
274.432
274.343
274.235
274.247
274.369
274.437
274.4
274.266
274.005
273.997
274.002
273.997
274
273.999
274
274
274
273.999
273.999
274
274.001
274.004
274.01
274.025
274.056
274.116
274.214
274.346
274.468
274.53
274.456
274.334
274.22
274.214
274.347
274.44
274.405
274.242
274.004
273.999
274.001
273.998
274
274
274
274
274
273.999
273.999
274
274.001
274.004
274.01
274.025
274.057
274.119
274.22
274.357
274.485
274.559
274.482
274.332
274.221
274.194
274.315
274.452
274.424
274.218
274.004
273.999
274.001
273.999
274
274
274
274
274
273.999
273.999
274
274.001
274.003
274.01
274.025
274.057
274.119
274.221
274.359
274.493
274.582
274.512
274.361
274.241
274.212
274.329
274.474
274.46
274.214
274.003
274
274
273.999
274
274
274
274
274
273.999
273.999
274
274.001
274.003
274.01
274.025
274.057
274.118
274.219
274.358
274.493
274.6
274.553
274.43
274.314
274.294
274.399
274.53
274.522
274.238
274.003
274
274
274
274
274
274
274
274
273.999
273.999
274
274.001
274.003
274.009
274.024
274.056
274.116
274.217
274.355
274.495
274.633
274.651
274.612
274.566
274.591
274.667
274.735
274.697
274.304
274.002
274
274
274
274
274
274
274
274
273.999
273.999
274
274.001
274.003
274.009
274.023
274.054
274.114
274.212
274.355
274.522
274.737
274.927
275.158
275.421
275.508
275.462
275.31
275.113
274.528
274.002
274
274
274
274
274
274
274
274
273.999
274
274
274.001
274.003
274.008
274.022
274.052
274.11
274.211
274.384
274.635
275.106
275.868
277.07
278.126
278.323
277.845
276.936
276.2
275.196
274.002
274
274
274
274
274
274
274
273.999
273.999
274
274
274.001
274.002
274.007
274.02
274.049
274.111
274.238
274.503
275.078
276.561
279.554
283.352
285.608
285.772
283.392
280.765
279.154
277.146
274.002
274
274
274.001
274.001
274
274
274
273.999
274
274
274
274.001
274.002
274.007
274.019
274.052
274.134
274.35
274.982
276.962
282.409
293.267
304.014
304.419
300.245
295.013
289.731
285.908
281.715
274.002
274.001
274
274.001
274
274
274
274
274
274
274
274
274
274.002
274.007
274.022
274.069
274.23
274.795
277.014
284.694
307.133
318.516
314.136
307.707
301.847
296.917
295.329
295.087
292.32
274.002
274.001
274.001
274
274
274
274
274
274
274
274
274
274
274.002
274.008
274.034
274.141
274.592
276.617
285.374
316.672
326.269
320.932
314.377
307.6
301.208
296.698
295.367
295.677
295.343
274.001
274
274
274.001
274
274
274
274
274
274
274
274
274.001
274.003
274.016
274.081
274.398
275.966
283.997
319.558
332.874
327.715
321.05
313.527
304.722
297.13
294.388
294.185
294.579
294.429
274.002
274.001
274.001
274.001
274
274
274
274
274
274
274
274
274.001
274.007
274.042
274.241
275.302
281.342
313.835
339.049
334.75
328.041
319.744
309.344
298.669
292.076
291.059
290.974
291.526
291.093
274.003
274.001
274.001
274
274
274
274
274
274
274
274
274
274.003
274.02
274.131
274.764
278.593
302.45
344.084
342.206
335.364
327.148
315.398
303.664
292.026
287.493
287.189
287.218
287.906
287.484
274.002
274.001
274
274
274
274
274
274
274
274
274
274.001
274.008
274.063
274.398
276.51
289.552
343.273
349.742
343.212
335.53
323.877
310.585
298.477
287.583
285.663
284.16
283.311
282.037
279.613
274.001
274
274
274
274
274
274
274
274
274
274
274.003
274.027
274.185
275.227
282.089
325.461
352.96
351.931
344.338
334.335
321.768
309.297
296.282
287.643
287.308
284.444
282.455
280.265
276.141
274.001
274
274
274
274
274
274
274
274
274
274.001
274.01
274.077
274.531
277.727
301.67
356.546
358.054
353.766
345.151
333.812
322.411
311.135
297.9
295.79
296.945
290.564
284.856
282.651
277.697
274.002
274
274
274
274
274
274
274
274
274
274.003
274.028
274.206
275.513
284.641
341.16
363.578
363.166
356.064
346.478
338.123
331.512
324.267
319.09
325.282
331.999
314.478
292.574
284.607
271.216
274.002
274
274
274
274
274
274
274
274
274.001
274.009
274.071
274.535
278.112
307.95
367.746
368.755
367.727
359.111
352.537
350.56
352.877
359.145
373.041
399.369
426.017
394.217
332.329
298.42
284.029
274.002
274
274
274
274
274
274
274
274
274.002
274.022
274.172
275.359
284.403
348.488
375.93
375.266
373.123
367.743
366.477
371.328
389.422
410.718
467.278
552.775
651.273
617.42
480.108
334.438
249.628
274.002
274
274
274
274
274
274
274
274.001
274.006
274.05
274.393
277.227
300.596
377.434
382.403
384.057
382.002
381.695
387.9
405.187
442.618
485.07
578.835
752.335
958.798
959.448
803.347
469.218
282.478
274.002
274.002
274.002
274.002
274.002
274.002
274.002
274.002
274.002
274.002
274.002
274.002
274.002
274.002
274.002
274.002
274.002
274.002
274.002
274.002
274.002
274.002
274.002
274.002
274.002
274.002
274.002
274.002
274.002
274.002
274.002
274.002
274.002
274.002
274.002
274.002
274.002
274.002
274.002
274.002
274.002
274.002
274.002
274.002
274.002
274.002
274.002
274.002
274.002
274.002
274.002
274.002
274.002
274.002
274.002
274.002
274.002
274.002
274.002
274.002
274.002
274.002
274.002
274.002
274.002
274.002
274.002
274.002
274.002
274.002
274.002
274.002
274.002
274.002
274.002
274.002
274.002
274.002
274.002
274.002
274.002
274.002
274.002
274.002
274.002
274.002
274.002
274.002
274.002
274.002
274.002
274.002
274.002
274.002
274.002
274.002
274.002
274.002
274.002
274.002
274.002
274.002
274.002
274.002
274.002
274.002
274.002
274.002
274.002
274.002
274.002
274.002
274.002
274.002
274.002
274.002
274.002
274.002
274.002
274.002
274.002
274.002
274.002
274.002
274.002
274
274
274
274
274
274
274
274
274
274
274
274
274
274
274
274
274
274
274
274
274
274
274
274
274
274
274
274
274
274
274
274
274
274
274
274
274
274
274
274
274
274
274
274
274
274
274
274
274
274
274
274
274
274
274
274
274
274
274
274
274
274
274
274
274
274
274
274
274
274
274
274
274
274
274
274
274
274
274
274
274
274
274
274
274
274
274
274
274
274
274
274
274
274
274
274
274
274
274
274
274
274
274
274
274
274
274
274
274
274
274
274
274
274
274
274
274
274
274
274
274
274
274
274
274
274
274
274
274
274
274
274
274
274
274
274
274
274
274
274
274
274
274
274
274
274
274
274
274
274
274
274
274
274
274
274
274
274
274
274
274
274
274
274
274
274
274
274
274
274
274
274
274
274
274
274
274
274
274
274
274
274
274
274
274
274
274
274
274
274
274
274
274
274
274
274
274
274
274
274
274
274
274
274
274
274
274
274
274
274
274
274
274
274
274
274
274
274
274
274
274
274
274
274
274
274
274
274
274
274
274
274
274
274
274
274
274
274
274
274
274
274
274
274
274
274
274
274
274
274
274
274
274
274
274
274
274
274
274
274
274
274
274
274
274
274
274
274
274
274
274
274
274
274
274
274
274
274
274
274
274
274
274
274
274
274
274
274
274
274
274
274
274
274
274
274
274
274
274
274
274
274
274
274
274
274
274
274
274
274
274
274
274
274
274
274
274
274
274
274
274
274
274
274
274
274
274
274
274
274
274
274
274
274
274
274
274
274
274
274
274
274
274
274
274
274
274
274
274
274
274
274
274
274
274
274
274
274
274
274
274
274
274
274
274
274
274
274
274
274
274
274
274
274
274
274
274
274
274
274
274
274
274
274
274
274
274
274
274
274
274
274
274
274
274
274
274
274
274
274
274
274
274
274
274
274
274
274
274
274
274
274
274
274
274
274
274
274
274
274
274
274
274
274
274
274
274
274
274
274
274
274
274
274
274
274
274
274
274
274
274
274
274
274
274
274
274
274
274
274
274
274
274
274
274
274
274
274
274
274
274
274
274
274
274
274
274
274
274
274
274
274
274
274
274
274
274
274
274
274
274
274
274
274
274
274
274
274
274
274
274
274
274
274
274
274
274
274
274
274
274
274
274
274
274
274
274
274
274
274
274
274
274
274
274
274
274
274
274
274
274
274
274
274
274
274
274
274
274
274
274
274
274
274
274
274
274
274
274
274
274
274
274
274
274
274
274
274
274
274
274
274
274
274
274
274
274
274
274
274
274
274
274
274
274
274
274
274
274
274
274
274
274
274
274
274
274
274
274
274
274
274
274
274
274
274
274
274
274
274
274
274
274
274
274
274
274
274
274
274
274
274
274
274
274
274
274
274
274
274
274
274
274
274
274
274
274
274
274
274
274
274
274
274
274
274
274
274
274
274
274
274
274
274
274
274
274
274
274
274
274
274
274
274
274
274
274
274
274
274
274
274
274
274
274
274
274
274
274
274
274
274
274
274
274
274
274
274
274
274
274
274
274
274
274
274
274
274
274
274
274
274
274
274
274
274
274
274
274
274
274
274
274
274
274
274
274
274
274
274
274
274
274
274
274
274
274
274
274
274
274
274
274
274
274
274
274
274
274
274
274
274
274
274
274
274
274
274
274
274
274
274
274
274
274
274
274
274
274
274
274
274
274
274
274
274
274
274
274
274
274
274
274
274
274
274
274
274
274
274
274
274
274
274
274
274
274
274
274
274
274
274
274
274
274
274
274
274
274
274
274
274
274
274
274
274
274
274
274
274
274
274
274
274
274
274
274
274
274
274
274
274
274
274
274
274
274
274
274
274
274
274
274
274
274
274
274
274
274
274
274
274
274
274
274
274
274
274
274
274
274
274
274
274
274
274
274
274
274
274
274
274
274
274
274
274
274
274
274
274
274
274
274
274
274
274
274
274
274
274.001
274.001
274.002
274.002
274.003
274.003
274.003
274.002
274.002
274.002
274.001
274.001
274.001
274
274
274
274
274
274
274
274
274
274
274
274
274
274
274
274
274
274
274
274
274
274
274
274
274
274
274
274
274
274
274
274
274
274
274
274
274
274
274
274
274
274
274
274
274
274
274
274
274
274
274
274
274
274
274
274
274
274
274
274
274
274
274
274
274
274
274
274
274
274
274
274
274
274
274
274
274
274
274
274
274
274
274
274
274
274
274
274
274
274
274
274
274
274
274
274
274
274
274
274
274
274
274
274
274
274
274
274
274.001
274.003
274.007
274.013
274.02
274.028
274.034
274.039
274.041
274.04
274.038
274.034
274.029
274.023
274.017
274.012
274.007
274.004
274.002
274.001
274
274
274
274
274
274
274
274
274
274
274
274
274
274
274
274
274
274
274
274
274
274
274
274
274
274
274
274
274
274
274
274
274
274
274
274
274
274
274
274
274
274
274
274
274
274
274
274
274
274
274
274
274
274
274
274
274
274
274
274
274
274
274
274
274
274
274
274
274
274
274
274
274
274
274
274
274
274
274
274
274
274
274
274
274
274
274
274
274
274
274
274
274
274
274
274
274
274
274
274
274
274
274.001
274.004
274.014
274.034
274.07
274.13
274.211
274.304
274.39
274.457
274.493
274.492
274.462
274.411
274.353
274.287
274.225
274.164
274.113
274.073
274.044
274.025
274.012
274
274
274
274
274
274
274
274
274
274
274
274
274
274
274
274
274
274
274
274
274
274
274
274
274
274
274
274
274
274
274
274
274
274
274
274
274
274
274
274
274
274
274
274
274
274
274
274
274
274
274
274
274
274
274
274
274
274
274
274
274
274
274
274
274
274
274
274
274
274
274
274
274
274
274
274
274
274
274
274
274
274
274
274
274
274
274
274
274
274
274
274
274
274
274
274
274
274
274
274
274.001
274.009
274.032
274.098
274.274
274.664
275.383
276.499
277.937
279.429
280.665
281.381
281.532
281.061
280.191
279.112
278.104
277.141
276.351
275.625
275.059
274.646
274.375
274.207
274.107
274
274
274
274
274
274
274
274
274
274
274
274
274
274
274
274
274
274
274
274
274
274
274
274
274
274
274
274
274
274
274
274
274
274
274
274
274
274
274
274
274
274
274
274
274
274
274
274
274
274
274
274
274
274
274
274
274
274
274
274
274
274
274
274
274
274
274
274
274
274
274
274
274
274
274
274
274
274
274
274
274
274
274
274
274
274
274
274
274
274
274
274
274
274
274
274
274
274
274.001
274.011
274.048
274.202
274.736
276.342
280.574
289.761
305.334
329.572
354.614
378.172
392.58
396.232
392.559
380.608
363.957
344.096
324.873
307.388
297.639
290.078
284.419
280.231
277.412
275.773
274.863
274
274
274
274
274
274
274
274
274
274
274
274
274
274
274
274
274
274
274
274
274
274
274
274
274
274
274
274
274
274
274
274
274
274
274
274
274
274
274
274
274
274
274
274
274
274
274
274
274
274
274
274
274
274
274
274
274
274
274
274
274
274
274
274
274
274
274
274
274
274
274
274
274
274
274
274
274
274
274
274
274
274
274
274
274
274
274
274
274
274
274
274
274
274
274
274
274.001
274.008
274.05
274.273
275.266
279.518
294.847
345.16
428.531
524.813
588.363
618.145
622.941
611.839
594.187
573.611
551.975
529.865
508.68
487.727
467.999
447.155
425.561
400.82
372.253
339.725
305.798
288.687
281.366
274
274
274
274
274
274
274
274
274
274
274
274
274
274
274
274
274
274
274
274
274
274
274
274
274
274
274
274
274
274
274
274
274
274
274
274
274
274
274
274
274
274
274
274
274
274
274
274
274
274
274
274
274
274
274
274
274
274
274
274
274
274
274
274
274
274
274
274
274
274
274
274
274
274
274
274
274
274
274
274
274
274
274
274
274
274
274
274
274
274
274
274
274
274
274
274.004
274.034
274.236
275.428
282.283
318.483
430.298
587.716
696.34
741.701
738.999
720.559
696.902
671.624
646.927
622.084
597.318
572.721
549.273
527.556
506.942
488.187
469.827
453.915
439.483
427.255
415.625
401.101
374.428
339.796
274
274
274
274
274
274
274
274
274
274
274
274
274
274
274
274
274
274
274
274
274
274
274
274
274
274
274
274
274
274
274
274
274
274
274
274
274
274
274
274
274
274
274
274
274
274
274
274
274
274
274
274
274
274
274
274
274
274
274
274
274
274
274
274
274
274
274
274
274
274
274
274
274
274
274
274
274
274
274
274
274
274
274
274
274
274
274
274
274
274
274
274
274
274.001
274.014
274.128
275.005
281.799
331.2
489.602
688.337
800.129
818.482
803.347
783.212
759.644
734.4
710.464
688.33
666.465
643.805
620.107
596.358
572.633
549.619
527.304
506.262
484.958
466.256
448.476
434.052
420.862
409.541
399.096
389.853
274
274
274
274
274
274
274
274
274
274
274
274
274
274
274
274
274
274
274
274
274
274
274
274
274
274
274
274
274
274
274
274
274
274
274
274
274
274
274
274
274
274
274
274
274
274
274
274
274
274
274
274
274
274
274
274
274
274
274
274
274
274
274
274
274
274
274
274
274
274
274
274
274
274
274
274
274
274
274
274
274
274
274
274
274
274
274
274
274
274
274
274
274.003
274.042
274.439
278.41
317.174
493.259
733.592
855.969
866.231
849.653
830.486
810.673
793.419
778.705
764.956
749.447
731.002
710.499
687.679
663.413
636.724
610.636
584.865
559.985
535.669
510.452
487.93
465.474
447.597
429.882
415.136
402.359
391.246
274
274
274
274
274
274
274
274
274
274
274
274
274
274
274
274
274
274
274
274
274
274
274
274
274
274
274
274
274
274
274
274
274
274
274
274
274
274
274
274
274
274
274
274
274
274
274
274
274
274
274
274
274
274
274
274
274
274
274
274
274
274
274
274
274
274
274
274
274
274
274
274
274
274
274
274
274
274
274
274
274
274
274
274
274
274
274
274
274
274
274
274.007
274.113
275.424
292.12
438.553
718.334
884.232
901.571
886.888
869.797
850.903
839.127
837.891
841.97
844.504
839.616
829.923
814.176
795.125
771.121
743.91
710.358
674.416
639.161
607.584
576.182
543.949
515.117
485.919
463.358
440.511
422.872
407.928
394.7
274
274
274
274
274
274
274
274
274
274
274
274
274
274
274
274
274
274
274
274
274
274
274
274
274
274
274
274
274
274
274
274
274
274
274
274
274
274
274
274
274
274
274
274
274
274
274
274
274
274
274
274
274
274
274
274
274
274
274
274
274
274
274
274
274
274
274
274
274
274
274
274
274
274
274
274
274
274
274
274
274
274
274
274
274
274
274
274
274
274
274.016
274.271
278.492
344.506
622.607
877.178
927.924
919.689
903.728
887.579
878.143
878.778
894.403
925.913
965.54
992.843
1002.13
1001.39
987.434
966.219
935.108
897.323
845.868
785.292
730.917
687.982
646.06
603.016
562.919
523.244
492.983
460.598
436.59
414.174
395.536
274
274
274
274
274
274
274
274
274
274
274
274
274
274
274
274
274
274
274
274
274
274
274
274
274
274
274
274
274
274
274
274
274
274
274
274
274
274
274
274
274
274
274
274
274
274
274
274
274
274
274
274
274
274
274
274
274
274
274
274
274
274
274
274
274
274
274
274
274
274
274
274
274
274
274
274
274
274
274
274
274
274
274
274
274
274
274
274
274.001
274.028
274.589
286.364
449.369
795.912
942.387
946.387
933.869
921.008
911.03
912.41
931.243
973.617
1043.46
1131.58
1236.85
1291.13
1292.02
1275.16
1247.68
1218.18
1172.01
1110.63
1030.29
940.802
868.278
813.242
757.705
699.715
642.462
587.083
543.477
496.995
465.426
431.679
402.379
274
274
274
274
274
274
274
274
274
274
274
274
274
274
274
274
274
274
274
274
274
274
274
274
274
274
274
274
274
274
274
274
274
274
274
274
274
274
274
274
274
274
274
274
274
274
274
274
274
274
274
274
274
274
274
274
274
274
274
274
274
274
274
274
274
274
274
274
274
274
274
274
274
274
274
274
274
274
274
274
274
274
274
274
274
274
274
274.001
274.043
275.154
303.298
574.417
906.148
965.674
960.108
949.962
941.245
939.7
952.903
995.446
1075.28
1196.23
1351.26
1500.04
1571.33
1567.83
1544.73
1518.25
1495.04
1457.66
1391.3
1317.92
1228.86
1145.87
1072.27
1001.9
934.693
858.445
776.741
696.942
629.012
559.19
516.113
463.725
419.95
274
274
274
274
274
274
274
274
274
274
274
274
274
274
274
274
274
274
274
274
274
274
274
274
274
274
274
274
274
274
274
274
274
274
274
274
274
274
274
274
274
274
274
274
274
274
274
274
274
274
274
274
274
274
274
274
274
274
274
274
274
274
274
274
274
274
274
274
274
274
274
274
274
274
274
274
274
274
274
274
274
274
274
274
274
274
274.001
274.057
275.953
332.779
690.921
960.697
980.168
973.406
968.485
965.918
971.673
998.755
1063.38
1189.01
1378.06
1597.01
1702.45
1712.7
1679.96
1642.56
1628.7
1624.64
1618.04
1573.54
1524.17
1494.38
1450.01
1401.37
1349.19
1285.23
1226.56
1130.62
1017.7
903.065
788.896
673.938
603.484
517.763
451.944
274
274
274
274
274
274
274
274
274
274
274
274
274
274
274
274
274
274
274
274
274
274
274
274
274
274
274
274
274
274
274
274
274
274
274
274
274
274
274
274
274
274
274
274
274
274
274
274
274
274
274
274
274
274
274
274
274
274
274
274
274
274
274
274
274
274
274
274
274
274
274
274
274
274
274
274
274
274
274
274
274
274
274
274
274
274.001
274.064
276.72
364.942
778.657
986.45
993.076
989.582
990.698
993.754
1008.32
1047.68
1135.04
1292.91
1540.22
1760.76
1814.47
1800.05
1763.87
1701.25
1685.22
1711.81
1755.72
1773.13
1744.2
1737.87
1740.45
1776.45
1801.36
1782.01
1736.24
1714.87
1631.63
1511.92
1318.77
1110.67
893.17
760.443
611.605
510.306
274
274
274
274
274
274
274
274
274
274
274
274
274
274
274
274
274
274
274
274
274
274
274
274
274
274
274
274
274
274
274
274
274
274
274
274
274
274
274
274
274
274
274
274
274
274
274
274
274
274
274
274
274
274
274
274
274
274
274
274
274
274
274
274
274
274
274
274
274
274
274
274
274
274
274
274
274
274
274
274
274
274
274
274
274.001
274.062
277.014
383.845
829.623
1005.12
1007.15
1008.07
1014.3
1024.74
1047.23
1098.87
1204.06
1384.16
1650.94
1830.8
1867.67
1855.25
1836.36
1797.98
1774.58
1803.68
1916
2057.96
2092.19
2069.15
2068.7
2086.81
2095.88
2095.47
2071.9
2032.96
2009.37
1910.33
1829.27
1660.2
1527.75
1237.21
1016.44
742.549
579.192
274
274
274
274
274
274
274
274
274
274
274
274
274
274
274
274
274
274
274
274
274
274
274
274
274
274
274
274
274
274
274
274
274
274
274
274
274
274
274
274
274
274
274
274
274
274
274
274
274
274
274
274
274
274
274
274
274
274
274
274
274
274
274
274
274
274
274
274
274
274
274
274
274
274
274
274
274
274
274
274
274
274
274
274.001
274.048
276.596
378.794
841.612
1021.81
1022.71
1025.54
1036.76
1054.27
1085.99
1147.86
1264.06
1459.96
1728.15
1866.07
1879.67
1879.47
1872.63
1872.1
1874.2
1884.52
2032.8
2198.54
2239.29
2263.92
2191.83
2157.63
2135.49
2000.04
1961.4
1919.61
1846.91
1783.75
1691.54
1653.66
1599.14
1584.03
1491.44
1372.12
1051.23
730.17
274
274
274
274
274
274
274
274
274
274
274
274
274
274
274
274
274
274
274
274
274
274
274
274
274
274
274
274
274
274
274
274
274
274
274
274
274
274
274
274
274
274
274
274
274
274
274
274
274
274
274
274
274
274
274
274
274
274
274
274
274
274
274
274
274
274
274
274
274
274
274
274
274
274
274
274
274
274
274
274
274
274
274
274.029
275.718
351.096
808.769
1034.23
1037.24
1038.6
1054.38
1078.71
1120.59
1192.28
1313.86
1510.73
1772.48
1888.51
1896.89
1881.62
1860.89
1863.48
1890.53
1899.73
1924.88
2156.54
2204.79
2172.37
2057.61
2044.33
1760.03
1667.69
1647.76
1663.6
1730.63
1747.15
1719.69
1652.55
1553.16
1495.59
1459.83
1535.81
1444.73
1245.71
982.433
274
274
274
274
274
274
274
274
274
274
274
274
274
274
274
274
274
274
274
274
274
274
274
274
274
274
274
274
274
274
274
274
274
274
274
274
274
274
274
274
274
274
274
274
274
274
274
274
274
274
274
274
274
274
274
274
274
274
274
274
274
274
274
274
274
274
274
274
274
274
274
274
274
274
274
274
274
274
274
274
274
274
274.014
274.887
316.037
725.979
1035.06
1046.25
1047.31
1064.92
1096.31
1145.5
1224.94
1346.9
1530.56
1773.71
1894.06
1908.59
1890.85
1844.06
1766.12
1694.98
1726.93
1659.65
1629.16
1676.63
1732.09
1455.31
1237.44
1267.32
1200.76
1167.09
1133.82
1098.22
1129.67
1221.76
1296.48
1365.74
1426.63
1440.03
1423.87
1357.6
1392.99
1416.41
1173.41
274
274
274
274
274
274
274
274
274
274
274
274
274
274
274
274
274
274
274
274
274
274
274
274
274
274
274
274
274
274
274
274
274
274
274
274
274
274
274
274
274
274
274
274
274
274
274
274
274
274
274
274
274
274
274
274
274
274
274
274
274
274
274
274
274
274
274
274
274
274
274
274
274
274
274
274
274
274
274
274
274
274.005
274.365
290.47
594.869
1013.07
1049.81
1050.53
1068.83
1105.88
1157.31
1231.24
1341.75
1502.99
1731.08
1880.48
1906.01
1896.76
1858.82
1792.5
1630.86
1564.74
1457.45
1414.31
1426.04
1394.63
1263.18
1188.96
1053.27
1025.95
990.381
990.615
1055.75
1059.33
1086.92
1122.82
1172.68
1257.65
1335.23
1395.45
1424.85
1384.05
1296.75
1374.39
1260.85
274
274
274
274
274
274
274
274
274
274
274
274
274
274
274
274
274
274
274
274
274
274
274
274
274
274
274
274
274
274
274
274
274
274
274
274
274
274
274
274
274
274
274
274
274
274
274
274
274
274
274
274
274
274
274
274
274
274
274
274
274
274
274
274
274
274
274
274
274
274
274
274
274
274
274
274
274
274
274
274
274.002
274.112
279.403
452.803
930.608
1046.59
1052.87
1073.89
1105.77
1154.64
1209.3
1278.95
1407.2
1618.27
1834.21
1898.05
1902.07
1877.25
1833.56
1726.7
1576.93
1425.08
1340.11
1318.54
1305.31
1282.02
1178.65
1087.32
1038.18
1008.85
1009.68
1006.31
1023.26
1037.46
1069.67
1102.93
1150.79
1218.55
1305.51
1381.21
1458.98
1490.12
1413.22
1273.82
1186.58
274
274
274
274
274
274
274
274
274
274
274
274
274
274
274
274
274
274
274
274
274
274
274
274
274
274
274
274
274
274
274
274
274
274
274
274
274
274
274
274
274
274
274
274
274
274
274
274
274
274
274
274
274
274
274
274
274
274
274
274
274
274
274
274
274
274
274
274
274
274
274
274
274
274
274
274
274
274
274
274.001
274.026
275.505
342.18
784.432
1032.72
1056.86
1083.41
1125.84
1159.35
1194.44
1239.79
1323.65
1481.04
1710.87
1864.97
1894.97
1886.59
1849.34
1774.05
1614.45
1541.34
1431.09
1373.66
1340.04
1295.72
1279.2
1271.59
1153.36
1063.82
986.614
960.678
970.329
974.041
989.822
997.355
1025.28
1060.95
1112.64
1221.48
1330.56
1430.98
1527.28
1556.8
1357.14
1265.34
274
274
274
274
274
274
274
274
274
274
274
274
274
274
274
274
274
274
274
274
274
274
274
274
274
274
274
274
274
274
274
274
274
274
274
274
274
274
274
274
274
274
274
274
274
274
274
274
274
274
274
274
274
274
274
274
274
274
274
274
274
274
274
274
274
274
274
274
274
274
274
274
274
274
274
274
274
274
274
274.008
274.447
292.621
605.996
1007.41
1056.78
1077.18
1115.12
1165.43
1222.41
1277.33
1340.79
1449.07
1623.4
1810.46
1875.01
1878.3
1857.31
1814.5
1673.37
1562.8
1459.37
1436.12
1451.28
1434.58
1428.29
1420.74
1378.44
1270.36
1200.81
1155.93
1062.46
1055.05
1048.11
1040.13
1039.94
1056.47
1070.59
1105.94
1144.67
1181.77
1238.79
1315.11
1466.57
1636.68
1696.9
274
274
274
274
274
274
274
274
274
274
274
274
274
274
274
274
274
274
274
274
274
274
274
274
274
274
274
274
274
274
274
274
274
274
274
274
274
274
274
274
274
274
274
274
274
274
274
274
274
274
274
274
274
274
274
274
274
274
274
274
274
274
274
274
274
274
274
274
274
274
274
274
274
274
274
274
274
274
274.001
274.048
276.238
365.121
824.246
1042.27
1080.04
1116.91
1156
1197.51
1254.59
1316.24
1400.18
1524.87
1689.2
1837.73
1883.93
1886.34
1872.36
1810.17
1701.91
1610.48
1516.31
1495.42
1480.92
1467.04
1460.34
1439.53
1421.49
1357.98
1283.88
1258.06
1187.24
1153.03
1166.08
1170.43
1147.12
1142.2
1156.54
1194.7
1255.22
1325.67
1427.6
1552.1
1647.72
1712.29
1959.44
274
274
274
274
274
274
274
274
274
274
274
274
274
274
274
274
274
274
274
274
274
274
274
274
274
274
274
274
274
274
274
274
274
274
274
274
274
274
274
274
274
274
274
274
274
274
274
274
274
274
274
274
274
274
274
274
274
274
274
274
274
274
274
274
274
274
274
274
274
274
274
274
274
274
274
274
274
274
274.002
274.105
278.574
428.408
902.304
1060.83
1091.69
1121.62
1160.14
1206.1
1268.58
1333.69
1416.52
1542.15
1704.19
1843.44
1884.77
1886.17
1869.26
1769.17
1708.13
1604.51
1531.01
1514.42
1509.05
1507.49
1503.47
1496.45
1474.72
1418.3
1310.5
1266.92
1246.54
1208.82
1190.25
1220.44
1199.5
1190.66
1193.46
1218.41
1265
1336.71
1439.89
1588.46
1745.98
1882.54
2005.46
274
274
274
274
274
274
274
274
274
274
274
274
274
274
274
274
274
274
274
274
274
274
274
274
274
274
274
274
274
274
274
274
274
274
274
274
274
274
274
274
274
274
274
274
274
274
274
274
274
274
274
274
274
274
274
274
274
274
274
274
274
274
274
274
274
274
274
274
274
274
274
274
274
274
274
274
274
274
274.005
274.294
285.917
540.576
993.272
1074.48
1091.64
1120.29
1167.48
1227.55
1292.73
1356.53
1440.29
1570.94
1737.71
1854.13
1885.22
1886.63
1871.44
1742.29
1678.02
1595.66
1564.44
1552.23
1537.14
1516.17
1505.14
1501.45
1502.95
1503.95
1427.57
1311.79
1298.48
1278.16
1254.61
1268.47
1270.69
1257.18
1275.35
1291.55
1302.78
1337.99
1390.78
1488.29
1641.27
1810.07
2027.24
274
274
274
274
274
274
274
274
274
274
274
274
274
274
274
274
274
274
274
274
274
274
274
274
274
274
274
274
274
274
274
274
274
274
274
274
274
274
274
274
274
274
274
274
274
274
274
274
274
274
274
274
274
274
274
274
274
274
274
274
274
274
274
274
274
274
274
274
274
274
274
274
274
274
274
274
274
274
274.016
274.813
307.366
682.223
1036.91
1084.92
1111.98
1155.99
1205.43
1259.3
1313.11
1372.79
1461.08
1603.31
1772.21
1860.53
1881.18
1880.76
1845.83
1747.32
1701.46
1623.46
1601
1594.03
1584.43
1572.98
1559.55
1558.9
1542.57
1515.72
1507.88
1417.14
1349.6
1329.52
1318.97
1299.52
1319.7
1312.6
1342.49
1395.99
1419.37
1463.21
1523.85
1593.92
1697.72
1800.48
1921.22
274
274
274
274
274
274
274
274
274
274
274
274
274
274
274
274
274
274
274
274
274
274
274
274
274
274
274
274
274
274
274
274
274
274
274
274
274
274
274
274
274
274
274
274
274
274
274
274
274
274
274
274
274
274
274
274
274
274
274
274
274
274
274
274
274
274
274
274
274
274
274
274
274
274
274
274
274
274.001
274.048
276.234
364.024
827.594
1068.16
1097.49
1124.97
1169.55
1215.07
1270.53
1327.95
1391.35
1483.78
1630.46
1790.83
1861.9
1876.2
1869.38
1817.33
1745.47
1702.35
1662.15
1664.22
1672.8
1668.15
1650.39
1613.85
1629.23
1633.17
1588.83
1559.44
1550.08
1447.26
1385.05
1377.06
1351.67
1332.29
1356.93
1363.65
1428.3
1456.91
1499.18
1574.12
1653.72
1752.44
1796.96
1867.74
274
274
274
274
274
274
274
274
274
274
274
274
274
274
274
274
274
274
274
274
274
274
274
274
274
274
274
274
274
274
274
274
274
274
274
274
274
274
274
274
274
274
274
274
274
274
274
274
274
274
274
274
274
274
274
274
274
274
274
274
274
274
274
274
274
274
274
274
274
274
274
274
274
274
274
274
274
274.002
274.126
279.332
442.839
924.597
1080.18
1107.31
1144.68
1200.84
1256.54
1312.53
1367.76
1424.87
1507.2
1647.22
1797.2
1858.95
1868.01
1862.52
1784.22
1740.38
1692.48
1669.19
1671.05
1675.99
1674.26
1673.93
1655.97
1665.06
1687.2
1686.57
1664.6
1643.65
1595.52
1496.49
1468.3
1441.99
1405.15
1424.61
1420.62
1460.81
1528.29
1563.63
1623.48
1671
1760.42
1784.07
1841.61
274
274
274
274
274
274
274
274
274
274
274
274
274
274
274
274
274
274
274
274
274
274
274
274
274
274
274
274
274
274
274
274
274
274
274
274
274
274
274
274
274
274
274
274
274
274
274
274
274
274
274
274
274
274
274
274
274
274
274
274
274
274
274
274
274
274
274
274
274
274
274
274
274
274
274
274
274
274.006
274.298
285.874
536.398
996.104
1094.56
1122.51
1167.86
1231.32
1290.67
1341.67
1391.71
1446.37
1530.25
1668.43
1801.23
1852.95
1861.33
1848.85
1780.04
1738.76
1688.13
1684.15
1699.19
1722.5
1730.1
1731.91
1729.18
1734.47
1722.18
1754
1755.72
1733.26
1702.78
1636.04
1545.08
1551.58
1523.24
1491.96
1528.23
1542.98
1621.33
1629.46
1674.49
1729.65
1764.48
1815.97
1838.06
274
274
274
274
274
274
274
274
274
274
274
274
274
274
274
274
274
274
274
274
274
274
274
274
274
274
274
274
274
274
274
274
274
274
274
274
274
274
274
274
274
274
274
274
274
274
274
274
274
274
274
274
274
274
274
274
274
274
274
274
274
274
274
274
274
274
274
274
274
274
274
274
274
274
274
274
274
274.011
274.59
296.997
623.313
1035.83
1103.93
1135.6
1188.05
1255.68
1316.48
1366.63
1416.19
1470.39
1551.31
1683.08
1803.32
1847.48
1854.92
1829.18
1782.73
1730.38
1691.88
1692.43
1711.97
1740.46
1761.76
1779.99
1792.43
1797.66
1799.33
1797.68
1835.76
1844.72
1831.67
1788.44
1717.56
1615.76
1622.44
1609.56
1576.92
1628.63
1626.58
1700.37
1709.15
1759.32
1805.29
1837.61
1853.12
274
274
274
274
274
274
274
274
274
274
274
274
274
274
274
274
274
274
274
274
274
274
274
274
274
274
274
274
274
274
274
274
274
274
274
274
274
274
274
274
274
274
274
274
274
274
274
274
274
274
274
274
274
274
274
274
274
274
274
274
274
274
274
274
274
274
274
274
274
274
274
274
274
274
274
274
274.001
274.022
275.069
317.661
713.73
1061.52
1112.36
1144.21
1196.52
1262.72
1323.33
1376.75
1430.88
1490.77
1572.67
1696.25
1803.67
1844.22
1852.02
1815.11
1789.61
1740.05
1720.23
1733.96
1768.01
1793.6
1805.83
1827.27
1837.72
1847.95
1862.32
1881.76
1888.94
1919.97
1944.2
1949.61
1910.76
1875.02
1750.77
1715.99
1733.32
1696.11
1763.38
1752.35
1801.98
1823.03
1869.62
1893.82
1936.28
274
274
274
274
274
274
274
274
274
274
274
274
274
274
274
274
274
274
274
274
274
274
274
274
274
274
274
274
274
274
274
274
274
274
274
274
274
274
274
274
274
274
274
274
274
274
274
274
274
274
274
274
274
274
274
274
274
274
274
274
274
274
274
274
274
274
274
274
274
274
274
274
274
274
274
274
274.001
274.038
275.757
345.277
784.895
1074.17
1116.59
1151.02
1206.42
1274.09
1334.26
1386.1
1439.79
1499.84
1586.41
1709.51
1808.44
1844.77
1850.87
1801.43
1775.22
1726.58
1719.83
1731.26
1757.54
1781.86
1803.84
1843.62
1861.43
1885.99
1913.06
1948.54
1965.03
1992.99
2032.66
2059.1
2069.91
2050.85
2040.61
1900.03
1834.02
1865.04
1833.25
1881.08
1874.96
1916.51
1932.7
1976.72
2006.65
274
274
274
274
274
274
274
274
274
274
274
274
274
274
274
274
274
274
274
274
274
274
274
274
274
274
274
274
274
274
274
274
274
274
274
274
274
274
274
274
274
274
274
274
274
274
274
274
274
274
274
274
274
274
274
274
274
274
274
274
274
274
274
274
274
274
274
274
274
274
274
274
274
274
274
274
274.001
274.061
276.713
376.144
843.047
1083.66
1120
1155.38
1211.55
1279.13
1339.02
1392.03
1445.61
1504.76
1593.93
1718.23
1812.55
1840.38
1834.63
1807.13
1766.52
1724.58
1723.21
1739.71
1768.67
1794.76
1827.65
1859.71
1874.86
1902.1
1935.09
1981.59
2002.11
2027.81
2067.2
2106.6
2146.25
2167.06
2173.76
2181.12
2053.3
1952.02
1973.85
1927.66
1969.48
1953.12
1989.66
2003.11
2024.6
274
274
274
274
274
274
274
274
274
274
274
274
274
274
274
274
274
274
274
274
274
274
274
274
274
274
274
274
274
274
274
274
274
274
274
274
274
274
274
274
274
274
274
274
274
274
274
274
274
274
274
274
274
274
274
274
274
274
274
274
274
274
274
274
274
274
274
274
274
274
274
274
274
274
274
274
274.002
274.089
277.792
404.477
882.096
1087.07
1121.33
1159.02
1217.2
1286.04
1346.36
1399.08
1449.94
1507.62
1597.44
1726.55
1815.13
1838.3
1826.32
1804.7
1750.5
1722.45
1723
1740.01
1769.73
1798.18
1840.04
1879.03
1899.62
1924.8
1957.07
1993.44
2022.24
2054.63
2092.06
2126.36
2169.54
2209.79
2245.22
2262.2
2271.7
2153.46
2031.76
2053.39
1981.62
1999.76
1995.87
2015.96
1989.49
274
274
274
274
274
274
274
274
274
274
274
274
274
274
274
274
274
274
274
274
274
274
274
274
274
274
274
274
274
274
274
274
274
274
274
274
274
274
274
274
274
274
274
274
274
274
274
274
274
274
274
274
274
274
274
274
274
274
274
274
274
274
274
274
274
274
274
274
274
274
274
274
274
274
274
274
274.003
274.122
279.014
431.048
911.475
1093.94
1129.45
1170.45
1231.83
1302.19
1360.83
1409.39
1452.5
1506.25
1597.27
1730.81
1817.05
1839.22
1819.91
1796.62
1736.42
1717.95
1718.92
1735.26
1765.15
1797.49
1843.68
1887.83
1921.13
1949.15
1975.97
2000.98
2024.35
2059.94
2108.87
2149.89
2184.69
2221.23
2274.21
2301.67
2315.12
2320.95
2266.5
2127.01
2099.01
2032.85
2017.46
1976.91
1848.32
274
274
274
274
274
274
274
274
274
274
274
274
274
274
274
274
274
274
274
274
274
274
274
274
274
274
274
274
274
274
274
274
274
274
274
274
274
274
274
274
274
274
274
274
274
274
274
274
274
274
274
274
274
274
274
274
274
274
274
274
274
274
274
274
274
274
274
274
274
274
274
274
274
274
274
274
274.003
274.148
279.963
447.688
927.057
1100.99
1138.64
1182.55
1248.77
1321.94
1377.91
1419.36
1447.07
1499.74
1596.91
1738.69
1819.26
1840.28
1813.74
1788.3
1725.92
1711.91
1711.95
1725.28
1753.39
1788.05
1839.01
1888.95
1929.99
1962.63
1983.51
1996.83
2008.71
2032.64
2073.47
2121.52
2176.66
2215.5
2255.13
2301.47
2349.68
2361.54
2359.78
2339.53
2206.35
2144.74
1933.12
1804.81
1727.91
274
274
274
274
274
274
274
274
274
274
274
274
274
274
274
274
274
274
274
274
274
274
274
274
274
274
274
274
274
274
274
274
274
274
274
274
274
274
274
274
274
274
274
274
274
274
274
274
274
274
274
274
274
274
274
274
274
274
274
274
274
274
274
274
274
274
274
274
274
274
274
274
274
274
274
274
274.003
274.162
280.417
455.008
934.549
1105.04
1142.02
1185.95
1253.95
1328.55
1382.86
1418.73
1445.48
1498.53
1597.54
1739.66
1819.36
1841.04
1811.23
1783.86
1721.68
1709.27
1709.2
1722.15
1750.55
1787.2
1841.75
1897.16
1948.19
1997.65
2037.62
2061.74
2073.48
2085.08
2114.18
2155.37
2195.38
2227.03
2251.41
2274.72
2327.26
2391.44
2418.74
2431.88
2440.18
2175.78
1903.48
1793.19
1721.87
274
274
274
274
274
274
274
274
274
274
274
274
274
274
274
274
274
274
274
274
274
274
274
274
274
274
274
274
274
274
274
274
274
274
274
274
274
274
274
274
274
274
274
274
274
274
274
274
274
274
274
274
274
274
274
274
274
274
274
274
274
274
274
274
274
274
274
274
274
274
274
274
274
274
274
274
274.003
274.15
280.001
448.377
927.894
1101.4
1138.82
1182.62
1248.97
1322.26
1378.23
1419.15
1446.49
1499.47
1597.16
1738.94
1818.76
1839.64
1813.25
1787.81
1725.63
1711.69
1711.84
1725.86
1754.83
1789.77
1841.98
1896.76
1946.45
1985.21
2012.5
2025.02
2031.41
2046.12
2078.54
2120.91
2168.82
2212.3
2265.71
2316.79
2355.24
2364.79
2364.1
2319.78
2199.71
2143.56
1932.5
1822.65
1725.34
274
274
274
274
274
274
274
274
274
274
274
274
274
274
274
274
274
274
274
274
274
274
274
274
274
274
274
274
274
274
274
274
274
274
274
274
274
274
274
274
274
274
274
274
274
274
274
274
274
274
274
274
274
274
274
274
274
274
274
274
274
274
274
274
274
274
274
274
274
274
274
274
274
274
274
274
274.003
274.123
279.079
432.354
912.972
1094.6
1130.13
1171.24
1232.83
1303.17
1361.57
1409.81
1452.56
1506.46
1597.96
1731.52
1816.35
1837.97
1818.71
1795.22
1734.96
1716.02
1716.21
1731.27
1759.94
1791.22
1835.94
1881.83
1917.88
1951.29
1983.23
2006.09
2028.01
2061.29
2105.51
2158.93
2198.85
2246.61
2301.02
2324.15
2333.58
2335.53
2246.9
2115.42
2098.08
2033.6
2019.99
1981.57
1856.12
274
274
274
274
274
274
274
274
274
274
274
274
274
274
274
274
274
274
274
274
274
274
274
274
274
274
274
274
274
274
274
274
274
274
274
274
274
274
274
274
274
274
274
274
274
274
274
274
274
274
274
274
274
274
274
274
274
274
274
274
274
274
274
274
274
274
274
274
274
274
274
274
274
274
274
274
274.002
274.091
277.862
406.221
884.58
1087.75
1121.68
1159.38
1217.78
1286.67
1346.81
1399.58
1450.51
1508.45
1598.7
1727.9
1813.38
1836.18
1824.6
1802.44
1748.24
1720.15
1720.09
1736.88
1766.68
1795.77
1831.47
1871.68
1896.07
1922.53
1955.5
1986.37
2017.25
2058.77
2101.27
2140.54
2185
2234.23
2262.33
2272.09
2276.35
2143.49
2033.86
2045.88
1983.65
2005.66
2001.09
2021.99
1999.43
274
274
274
274
274
274
274
274
274
274
274
274
274
274
274
274
274
274
274
274
274
274
274
274
274
274
274
274
274
274
274
274
274
274
274
274
274
274
274
274
274
274
274
274
274
274
274
274
274
274
274
274
274
274
274
274
274
274
274
274
274
274
274
274
274
274
274
274
274
274
274
274
274
274
274
274
274.001
274.063
276.777
378.057
846.643
1084.62
1120.36
1155.66
1211.97
1279.58
1339.45
1392.59
1446.6
1506.88
1594.46
1720.12
1811.42
1838.14
1832.69
1804.5
1762.86
1721.68
1719.76
1736.32
1766.02
1793.61
1822.85
1856.39
1871.36
1894.8
1931.06
1975.54
1997.33
2035.29
2086.59
2123.01
2161.94
2177.2
2177.69
2179.7
2052.28
1951.38
1963.98
1921.19
1964.57
1953.32
1995.64
2013.01
2031.98
274
274
274
274
274
274
274
274
274
274
274
274
274
274
274
274
274
274
274
274
274
274
274
274
274
274
274
274
274
274
274
274
274
274
274
274
274
274
274
274
274
274
274
274
274
274
274
274
274
274
274
274
274
274
274
274
274
274
274
274
274
274
274
274
274
274
274
274
274
274
274
274
274
274
274
274
274.001
274.039
275.806
347.207
789.543
1075.56
1117.04
1151.26
1206.69
1274.22
1333.92
1385.87
1440.99
1502.38
1587.89
1711.55
1808.22
1843.35
1848.88
1799.02
1771.08
1723.62
1716.37
1727.99
1756.07
1782.24
1802.18
1836.59
1851.89
1874.5
1907.64
1946.9
1966.72
2006.71
2051.82
2073.71
2081.56
2049.5
2031.92
1917.75
1833.16
1868.25
1828.99
1873.6
1871.61
1918.94
1939.84
1990.35
2017.77
274
274
274
274
274
274
274
274
274
274
274
274
274
274
274
274
274
274
274
274
274
274
274
274
274
274
274
274
274
274
274
274
274
274
274
274
274
274
274
274
274
274
274
274
274
274
274
274
274
274
274
274
274
274
274
274
274
274
274
274
274
274
274
274
274
274
274
274
274
274
274
274
274
274
274
274
274.001
274.023
275.105
319.329
719.543
1063.55
1112.99
1144.44
1196.68
1262.45
1321.92
1376.18
1433.44
1493.48
1575.37
1698.75
1804.53
1843.58
1850.92
1811.99
1784.12
1735.48
1715.95
1729.25
1763.82
1791.24
1804.86
1825.87
1838.55
1850.69
1872.77
1901.43
1910.8
1943.44
1956.92
1951.13
1900.53
1864.25
1767.88
1711.51
1740.06
1694.63
1755.29
1749.25
1805.04
1833
1878.19
1911.79
1948.18
274
274
274
274
274
274
274
274
274
274
274
274
274
274
274
274
274
274
274
274
274
274
274
274
274
274
274
274
274
274
274
274
274
274
274
274
274
274
274
274
274
274
274
274
274
274
274
274
274
274
274
274
274
274
274
274
274
274
274
274
274
274
274
274
274
274
274
274
274
274
274
274
274
274
274
274
274
274.012
274.612
297.954
629.86
1038.84
1104.84
1136.04
1188.48
1255.32
1313.68
1369.42
1420.88
1474.95
1556.22
1686.52
1805.56
1847.77
1854.46
1825.53
1777.12
1726.12
1689.51
1690.69
1713.59
1745.02
1768.99
1782.86
1790.97
1797
1807.07
1815.01
1849.34
1857.28
1833.59
1781.22
1714.19
1620.36
1616.8
1615.78
1574.88
1634.45
1624.2
1692.04
1717.44
1754.33
1811.53
1843.97
1859.35
274
274
274
274
274
274
274
274
274
274
274
274
274
274
274
274
274
274
274
274
274
274
274
274
274
274
274
274
274
274
274
274
274
274
274
274
274
274
274
274
274
274
274
274
274
274
274
274
274
274
274
274
274
274
274
274
274
274
274
274
274
274
274
274
274
274
274
274
274
274
274
274
274
274
274
274
274
274.006
274.312
286.433
542.884
1001.24
1095.43
1122.64
1168.17
1231.1
1288.33
1348.27
1398.33
1450.21
1537.08
1674
1806.3
1854.81
1861.75
1845.7
1775.28
1734.18
1686.26
1682.34
1700.63
1725.38
1732.52
1733.22
1731.39
1739.67
1735.45
1770.5
1769.02
1726.04
1694.62
1627.29
1533.18
1538.56
1521.24
1485.7
1520.34
1532.12
1610.06
1627.62
1666.23
1730.78
1764
1817.8
1838.68
274
274
274
274
274
274
274
274
274
274
274
274
274
274
274
274
274
274
274
274
274
274
274
274
274
274
274
274
274
274
274
274
274
274
274
274
274
274
274
274
274
274
274
274
274
274
274
274
274
274
274
274
274
274
274
274
274
274
274
274
274
274
274
274
274
274
274
274
274
274
274
274
274
274
274
274
274
274.003
274.133
279.659
450.15
932.916
1080.96
1106.41
1143.85
1199.67
1255.22
1316.73
1370.27
1426.97
1513.58
1656.72
1804.17
1861.36
1869.09
1861.1
1777.12
1734.78
1690.19
1666.32
1668.85
1674.24
1672
1672.51
1655.18
1667.52
1690.54
1685.12
1652.95
1626.7
1575.1
1490.97
1454.02
1443.29
1406.41
1422.73
1428.23
1460.57
1532.63
1567.34
1624.14
1673.74
1763.56
1791.88
1849.28
274
274
274
274
274
274
274
274
274
274
274
274
274
274
274
274
274
274
274
274
274
274
274
274
274
274
274
274
274
274
274
274
274
274
274
274
274
274
274
274
274
274
274
274
274
274
274
274
274
274
274
274
274
274
274
274
274
274
274
274
274
274
274
274
274
274
274
274
274
274
274
274
274
274
274
274
274
274.001
274.052
276.411
370.669
842.232
1068.97
1094.48
1122
1167.21
1217.89
1274.14
1330.35
1395.05
1490.38
1639.54
1798.55
1865.41
1877.7
1867.74
1808.26
1739.38
1698.98
1660.05
1662.81
1670.69
1663.01
1642.12
1606.31
1619.89
1621.93
1570.53
1530.45
1524.68
1437.04
1379.86
1372.2
1352.12
1330.55
1359.46
1358.43
1412.63
1457.81
1488.95
1570.02
1639.78
1742.54
1793.28
1866.71
274
274
274
274
274
274
274
274
274
274
274
274
274
274
274
274
274
274
274
274
274
274
274
274
274
274
274
274
274
274
274
274
274
274
274
274
274
274
274
274
274
274
274
274
274
274
274
274
274
274
274
274
274
274
274
274
274
274
274
274
274
274
274
274
274
274
274
274
274
274
274
274
274
274
274
274
274
274
274.017
274.882
311.272
700.748
1039.37
1081.31
1107.93
1152.86
1207.2
1264.19
1318.16
1379.74
1469.39
1612.55
1782.45
1865.15
1883.33
1880.87
1837.76
1740.99
1695.54
1616.8
1592.65
1585.48
1572.6
1554.36
1542.14
1538.69
1520.78
1493.71
1483.84
1417.17
1352.32
1331.42
1319.99
1287.53
1316.19
1315.85
1331.27
1386.84
1413.53
1457.74
1519.43
1590.54
1690.99
1803.9
1924.87
274
274
274
274
274
274
274
274
274
274
274
274
274
274
274
274
274
274
274
274
274
274
274
274
274
274
274
274
274
274
274
274
274
274
274
274
274
274
274
274
274
274
274
274
274
274
274
274
274
274
274
274
274
274
274
274
274
274
274
274
274
274
274
274
274
274
274
274
274
274
274
274
274
274
274
274
274
274
274.006
274.319
287.001
553.471
1000.04
1072.13
1088.6
1118.41
1168.11
1232.95
1297.1
1362.5
1449.04
1581.28
1750.25
1860.2
1887.81
1887.8
1867.02
1730.3
1665.38
1586.09
1555.78
1542.38
1522.25
1493.53
1479.6
1468.16
1464.47
1464.06
1421.03
1327.57
1295.65
1282.44
1248.82
1251.15
1265.68
1249.86
1266.51
1286.48
1295.94
1342.48
1389.23
1503.2
1659.12
1822.93
2051.41
274
274
274
274
274
274
274
274
274
274
274
274
274
274
274
274
274
274
274
274
274
274
274
274
274
274
274
274
274
274
274
274
274
274
274
274
274
274
274
274
274
274
274
274
274
274
274
274
274
274
274
274
274
274
274
274
274
274
274
274
274
274
274
274
274
274
274
274
274
274
274
274
274
274
274
274
274
274
274.002
274.114
278.993
438.71
912.992
1060.05
1089.52
1120.94
1161.28
1212.57
1272.82
1339.29
1424.57
1551.88
1716.96
1850.69
1888.02
1887.82
1865.5
1751.01
1695.31
1583.31
1513.42
1498.77
1491.43
1478.84
1471.17
1464.92
1444.08
1395.79
1309.09
1269.29
1244.19
1213.67
1175.44
1204.75
1204.41
1195.39
1195.72
1222.97
1271.84
1341.71
1437.08
1599.81
1743.22
1907.72
2031.01
274
274
274
274
274
274
274
274
274
274
274
274
274
274
274
274
274
274
274
274
274
274
274
274
274
274
274
274
274
274
274
274
274
274
274
274
274
274
274
274
274
274
274
274
274
274
274
274
274
274
274
274
274
274
274
274
274
274
274
274
274
274
274
274
274
274
274
274
274
274
274
274
274
274
274
274
274
274
274.001
274.052
276.433
372.274
836.619
1042.82
1078.74
1116.71
1157.14
1205.34
1258.8
1322.19
1407.65
1534.16
1702.18
1845.5
1887.99
1888.63
1868.66
1793.77
1687.32
1590.48
1497.73
1475.43
1458.86
1441.68
1432.21
1413.44
1395.72
1345.45
1277.57
1258.17
1194.73
1151.03
1149.19
1164.07
1149.26
1144.78
1162.47
1198.41
1262.74
1330.47
1425.73
1560.76
1656.02
1736.18
1984.33
274
274
274
274
274
274
274
274
274
274
274
274
274
274
274
274
274
274
274
274
274
274
274
274
274
274
274
274
274
274
274
274
274
274
274
274
274
274
274
274
274
274
274
274
274
274
274
274
274
274
274
274
274
274
274
274
274
274
274
274
274
274
274
274
274
274
274
274
274
274
274
274
274
274
274
274
274
274
274
274.008
274.478
294.043
617.22
1009.79
1057.17
1078.69
1117.14
1169.91
1228.84
1282.49
1347.73
1457.72
1636.2
1820.1
1880.12
1880.73
1853.06
1801.24
1639.11
1531.22
1432.01
1410.07
1424.14
1397.51
1386.47
1380.75
1337.23
1283.07
1203.71
1163.43
1065.1
1051.46
1045.47
1040.82
1041.43
1058.86
1075.46
1112.81
1156.35
1188.54
1244.03
1320.52
1461.81
1647.93
1700.54
274
274
274
274
274
274
274
274
274
274
274
274
274
274
274
274
274
274
274
274
274
274
274
274
274
274
274
274
274
274
274
274
274
274
274
274
274
274
274
274
274
274
274
274
274
274
274
274
274
274
274
274
274
274
274
274
274
274
274
274
274
274
274
274
274
274
274
274
274
274
274
274
274
274
274
274
274
274
274
274.001
274.029
275.625
347.276
796.167
1035.56
1058.42
1085.35
1127.87
1166.85
1198.71
1244.98
1329.76
1489.83
1723.42
1874.44
1900.49
1885.74
1836.67
1740.37
1582.37
1489.22
1379.63
1333.48
1303.21
1264.51
1259.74
1266.84
1152.99
1059.49
987.488
960.026
970.003
976.243
995.103
1009.46
1044.49
1078.14
1124.21
1232.94
1330.95
1433.62
1533.11
1566.47
1358.29
1267.94
274
274
274
274
274
274
274
274
274
274
274
274
274
274
274
274
274
274
274
274
274
274
274
274
274
274
274
274
274
274
274
274
274
274
274
274
274
274
274
274
274
274
274
274
274
274
274
274
274
274
274
274
274
274
274
274
274
274
274
274
274
274
274
274
274
274
274
274
274
274
274
274
274
274
274
274
274
274
274
274
274.002
274.122
279.849
462.346
939.944
1049.42
1056.27
1078.25
1110.65
1153.47
1209.31
1283.91
1412.84
1629.04
1846.11
1903.96
1906.18
1872.79
1815.49
1677.08
1541.08
1388.86
1318.98
1300.33
1284.32
1284.23
1178.84
1091.86
1046.62
1017.64
1022.53
1014.41
1031.5
1047.9
1084.91
1115.16
1157.6
1225.11
1307.37
1384.8
1465.48
1497.43
1422.89
1264.85
1183.99
274
274
274
274
274
274
274
274
274
274
274
274
274
274
274
274
274
274
274
274
274
274
274
274
274
274
274
274
274
274
274
274
274
274
274
274
274
274
274
274
274
274
274
274
274
274
274
274
274
274
274
274
274
274
274
274
274
274
274
274
274
274
274
274
274
274
274
274
274
274
274
274
274
274
274
274
274
274
274
274
274
274.006
274.395
291.863
607.214
1019.25
1053.17
1054.09
1072.47
1108.63
1159.32
1233.88
1346.45
1513.93
1747.48
1889.07
1909.84
1895.45
1847.36
1764.62
1597.83
1548.66
1440.14
1405.67
1419.93
1406.54
1269.85
1196.34
1068.44
1044.03
1014.25
1013.75
1075.39
1073.24
1104.19
1132.36
1176.17
1261.08
1337.17
1397.08
1427.99
1390.97
1297.42
1367.85
1265.85
274
274
274
274
274
274
274
274
274
274
274
274
274
274
274
274
274
274
274
274
274
274
274
274
274
274
274
274
274
274
274
274
274
274
274
274
274
274
274
274
274
274
274
274
274
274
274
274
274
274
274
274
274
274
274
274
274
274
274
274
274
274
274
274
274
274
274
274
274
274
274
274
274
274
274
274
274
274
274
274
274
274
274.015
274.966
319.998
739.629
1039.53
1049.4
1050.4
1067.95
1099
1148.2
1229.18
1354.78
1545.05
1790.5
1897.98
1906.49
1884.21
1831.77
1745.85
1679.26
1715.28
1662.83
1631.11
1701.98
1741.81
1457.73
1260.94
1282.38
1212.46
1185.13
1136.27
1106.28
1145.03
1224.55
1287.75
1363.26
1421.92
1436.82
1423.35
1355.94
1380.37
1421.38
1185.11
274
274
274
274
274
274
274
274
274
274
274
274
274
274
274
274
274
274
274
274
274
274
274
274
274
274
274
274
274
274
274
274
274
274
274
274
274
274
274
274
274
274
274
274
274
274
274
274
274
274
274
274
274
274
274
274
274
274
274
274
274
274
274
274
274
274
274
274
274
274
274
274
274
274
274
274
274
274
274
274
274
274
274.001
274.032
275.883
357.7
821.719
1037.73
1039.93
1041.6
1057.12
1081.37
1124.07
1197.51
1322.35
1525.69
1785.45
1889.77
1893.19
1873.41
1845.9
1848.14
1872.36
1880.6
1941.37
2155.3
2199.56
2175.59
2057.83
2053.95
1769.44
1679.99
1654.79
1662.26
1722.62
1735.69
1720.93
1674.74
1560.49
1492.19
1457.88
1514.13
1441.28
1254.4
988.24
274
274
274
274
274
274
274
274
274
274
274
274
274
274
274
274
274
274
274
274
274
274
274
274
274
274
274
274
274
274
274
274
274
274
274
274
274
274
274
274
274
274
274
274
274
274
274
274
274
274
274
274
274
274
274
274
274
274
274
274
274
274
274
274
274
274
274
274
274
274
274
274
274
274
274
274
274
274
274
274
274
274
274
274.001
274.054
276.869
387.44
854.093
1024.93
1025.29
1028.41
1039.38
1057.27
1089.73
1153.13
1271.92
1472.38
1740.82
1865.21
1874.75
1867.98
1855.52
1853.82
1856.38
1885.4
2023.18
2178.69
2221.38
2245.58
2179.99
2141.61
2118.72
1991.73
1967.74
1922.87
1855.76
1784.69
1691.91
1635.53
1598.31
1582.13
1484.51
1368.48
1058.43
738.111
274
274
274
274
274
274
274
274
274
274
274
274
274
274
274
274
274
274
274
274
274
274
274
274
274
274
274
274
274
274
274
274
274
274
274
274
274
274
274
274
274
274
274
274
274
274
274
274
274
274
274
274
274
274
274
274
274
274
274
274
274
274
274
274
274
274
274
274
274
274
274
274
274
274
274
274
274
274
274
274
274
274
274
274
274.001
274.069
277.357
393.641
843.174
1008.38
1009.58
1010.76
1017.1
1027.53
1050.59
1103.24
1210.76
1394.5
1660.54
1828.36
1858.68
1839.25
1817.79
1776.17
1752.79
1785.23
1887.39
2027.77
2066.02
2049.87
2054.22
2074.2
2085.19
2081.77
2055.91
2025.66
2004.6
1897.55
1812.42
1660.77
1533.41
1257.38
1035.73
751.969
584.699
274
274
274
274
274
274
274
274
274
274
274
274
274
274
274
274
274
274
274
274
274
274
274
274
274
274
274
274
274
274
274
274
274
274
274
274
274
274
274
274
274
274
274
274
274
274
274
274
274
274
274
274
274
274
274
274
274
274
274
274
274
274
274
274
274
274
274
274
274
274
274
274
274
274
274
274
274
274
274
274
274
274
274
274
274
274.001
274.072
277.053
374.499
795.193
990.506
995.293
991.993
992.956
996.37
1010.97
1051.56
1140.07
1298.55
1542.04
1751.91
1800.55
1783.49
1742.71
1683.06
1666.53
1688.45
1731.51
1749.41
1725.64
1729.57
1737.43
1773.68
1797.44
1772.22
1731.65
1719.58
1643.43
1519.74
1329.21
1126.71
904.907
768.459
616.334
513.425
274
274
274
274
274
274
274
274
274
274
274
274
274
274
274
274
274
274
274
274
274
274
274
274
274
274
274
274
274
274
274
274
274
274
274
274
274
274
274
274
274
274
274
274
274
274
274
274
274
274
274
274
274
274
274
274
274
274
274
274
274
274
274
274
274
274
274
274
274
274
274
274
274
274
274
274
274
274
274
274
274
274
274
274
274
274
274.001
274.063
276.201
340.413
710.106
966.26
982.169
975.073
970.375
967.64
974.038
1002.07
1066.8
1190.05
1371.07
1581.03
1685.35
1694.89
1665.17
1625.44
1607.24
1605.12
1600.48
1560.78
1516.29
1487.9
1448.97
1400.27
1347.34
1285.15
1231.29
1137.88
1024.54
909.126
796.025
679.046
607.287
520.245
453.794
274
274
274
274
274
274
274
274
274
274
274
274
274
274
274
274
274
274
274
274
274
274
274
274
274
274
274
274
274
274
274
274
274
274
274
274
274
274
274
274
274
274
274
274
274
274
274
274
274
274
274
274
274
274
274
274
274
274
274
274
274
274
274
274
274
274
274
274
274
274
274
274
274
274
274
274
274
274
274
274
274
274
274
274
274
274
274
274.001
274.048
275.301
307.478
591.975
915.41
967.775
961.398
951.117
942.491
941.616
954.726
996.803
1072.39
1188.17
1335.78
1483.63
1552.02
1546.59
1523.92
1500.29
1480.12
1445.72
1382.53
1310.91
1226.44
1145.43
1074.67
1002.88
937.198
861.792
780.348
700.53
632.171
561.747
518.048
465.072
420.994
274
274
274
274
274
274
274
274
274
274
274
274
274
274
274
274
274
274
274
274
274
274
274
274
274
274
274
274
274
274
274
274
274
274
274
274
274
274
274
274
274
274
274
274
274
274
274
274
274
274
274
274
274
274
274
274
274
274
274
274
274
274
274
274
274
274
274
274
274
274
274
274
274
274
274
274
274
274
274
274
274
274
274
274
274
274
274
274
274.001
274.031
274.661
287.949
462.509
810.089
945.77
947.704
934.45
921.578
911.855
913.342
930.768
970.995
1037.25
1121.13
1217.11
1269.22
1273.6
1259.53
1234.67
1206.92
1163.47
1104.3
1026.99
938.254
868.24
813.09
758.535
701.15
644.257
589.061
545.052
498.417
466.564
432.514
403.02
274
274
274
274
274
274
274
274
274
274
274
274
274
274
274
274
274
274
274
274
274
274
274
274
274
274
274
274
274
274
274
274
274
274
274
274
274
274
274
274
274
274
274
274
274
274
274
274
274
274
274
274
274
274
274
274
274
274
274
274
274
274
274
274
274
274
274
274
274
274
274
274
274
274
274
274
274
274
274
274
274
274
274
274
274
274
274
274
274
274
274.018
274.302
279.053
352.821
639.355
885.716
929.501
920.061
904.127
887.927
877.973
878.158
892.671
921.563
957.32
983.68
993.05
992.585
979.832
959.718
929.675
892.873
842.888
782.974
730.085
687.544
646.192
603.675
563.84
524.37
493.893
461.478
437.331
414.737
395.972
274
274
274
274
274
274
274
274
274
274
274
274
274
274
274
274
274
274
274
274
274
274
274
274
274
274
274
274
274
274
274
274
274
274
274
274
274
274
274
274
274
274
274
274
274
274
274
274
274
274
274
274
274
274
274
274
274
274
274
274
274
274
274
274
274
274
274
274
274
274
274
274
274
274
274
274
274
274
274
274
274
274
274
274
274
274
274
274
274
274
274
274.008
274.125
275.592
294.403
450.162
731.079
888.293
902.711
887.473
869.963
850.637
838.554
836.681
839.16
840.384
834.922
825.901
810.84
792.067
769.013
742.097
708.898
673.076
638.554
607.287
576.294
544.444
515.777
486.717
464.034
441.151
423.419
408.37
395.071
274
274
274
274
274
274
274
274
274
274
274
274
274
274
274
274
274
274
274
274
274
274
274
274
274
274
274
274
274
274
274
274
274
274
274
274
274
274
274
274
274
274
274
274
274
274
274
274
274
274
274
274
274
274
274
274
274
274
274
274
274
274
274
274
274
274
274
274
274
274
274
274
274
274
274
274
274
274
274
274
274
274
274
274
274
274
274
274
274
274
274
274
274.003
274.046
274.485
278.91
322.061
504.866
742.426
859.102
867.501
850.007
830.317
810.154
792.429
777.601
763.698
748.259
729.796
709.252
687.004
662.932
636.586
610.483
584.911
560.142
536.041
511.053
488.604
466.168
448.178
430.402
415.584
402.74
391.575
274
274
274
274
274
274
274
274
274
274
274
274
274
274
274
274
274
274
274
274
274
274
274
274
274
274
274
274
274
274
274
274
274
274
274
274
274
274
274
274
274
274
274
274
274
274
274
274
274
274
274
274
274
274
274
274
274
274
274
274
274
274
274
274
274
274
274
274
274
274
274
274
274
274
274
274
274
274
274
274
274
274
274
274
274
274
274
274
274
274
274
274
274
274.001
274.015
274.141
275.105
282.526
336.034
498.369
694.657
802.904
819.153
803.462
782.893
759.1
733.768
710.14
688.159
666.279
644.039
620.476
596.881
573.142
550.168
527.861
506.871
485.638
466.906
449.067
434.551
421.301
409.932
399.441
390.178
274
274
274
274
274
274
274
274
274
274
274
274
274
274
274
274
274
274
274
274
274
274
274
274
274
274
274
274
274
274
274
274
274
274
274
274
274
274
274
274
274
274
274
274
274
274
274
274
274
274
274
274
274
274
274
274
274
274
274
274
274
274
274
274
274
274
274
274
274
274
274
274
274
274
274
274
274
274
274
274
274
274
274
274
274
274
274
274
274
274
274
274
274
274
274
274.004
274.037
274.257
275.543
282.864
321.319
434.97
592.462
698.927
742.692
739.039
720.373
696.659
671.481
646.798
622.169
597.544
573.197
549.784
528.128
507.526
488.794
470.453
454.493
439.992
427.709
416.042
401.507
374.876
340.201
274
274
274
274
274
274
274
274
274
274
274
274
274
274
274
274
274
274
274
274
274
274
274
274
274
274
274
274
274
274
274
274
274
274
274
274
274
274
274
274
274
274
274
274
274
274
274
274
274
274
274
274
274
274
274
274
274
274
274
274
274
274
274
274
274
274
274
274
274
274
274
274
274
274
274
274
274
274
274
274
274
274
274
274
274
274
274
274
274
274
274
274
274
274
274
274
274.001
274.009
274.054
274.291
275.34
279.789
295.711
347.385
431.475
527.134
589.766
618.828
623.282
612.069
594.445
573.93
552.416
530.323
509.214
488.342
468.669
447.873
426.211
401.381
372.754
340.132
306.061
288.776
281.406
274
274
274
274
274
274
274
274
274
274
274
274
274
274
274
274
274
274
274
274
274
274
274
274
274
274
274
274
274
274
274
274
274
274
274
274
274
274
274
274
274
274
274
274
274
274
274
274
274
274
274
274
274
274
274
274
274
274
274
274
274
274
274
274
274
274
274
274
274
274
274
274
274
274
274
274
274
274
274
274
274
274
274
274
274
274
274
274
274
274
274
274
274
274
274
274
274
274
274.001
274.011
274.051
274.212
274.766
276.421
280.749
290.08
305.85
330.346
355.618
379.705
394.149
397.747
393.83
381.793
365.115
345.142
325.684
307.772
297.802
290.174
284.474
280.262
277.427
275.781
274.866
274
274
274
274
274
274
274
274
274
274
274
274
274
274
274
274
274
274
274
274
274
274
274
274
274
274
274
274
274
274
274
274
274
274
274
274
274
274
274
274
274
274
274
274
274
274
274
274
274
274
274
274
274
274
274
274
274
274
274
274
274
274
274
274
274
274
274
274
274
274
274
274
274
274
274
274
274
274
274
274
274
274
274
274
274
274
274
274
274
274
274
274
274
274
274
274
274
274
274
274
274.002
274.009
274.033
274.101
274.282
274.677
275.405
276.533
277.986
279.508
280.762
281.484
281.623
281.143
280.264
279.168
278.142
277.162
276.363
275.632
275.063
274.648
274.376
274.207
274.107
274
274
274
274
274
274
274
274
274
274
274
274
274
274
274
274
274
274
274
274
274
274
274
274
274
274
274
274
274
274
274
274
274
274
274
274
274
274
274
274
274
274
274
274
274
274
274
274
274
274
274
274
274
274
274
274
274
274
274
274
274
274
274
274
274
274
274
274
274
274
274
274
274
274
274
274
274
274
274
274
274
274
274
274
274
274
274
274
274
274
274
274
274
274
274
274
274
274
274
274
274
274
274.001
274.004
274.014
274.034
274.071
274.131
274.214
274.308
274.395
274.462
274.498
274.497
274.466
274.414
274.355
274.288
274.226
274.164
274.114
274.074
274.044
274.025
274.012
274
274
274
274
274
274
274
274
274
274
274
274
274
274
274
274
274
274
274
274
274
274
274
274
274
274
274
274
274
274
274
274
274
274
274
274
274
274
274
274
274
274
274
274
274
274
274
274
274
274
274
274
274
274
274
274
274
274
274
274
274
274
274
274
274
274
274
274
274
274
274
274
274
274
274
274
274
274
274
274
274
274
274
274
274
274
274
274
274
274
274
274
274
274
274
274
274
274
274
274
274
274
274
274
274
274.001
274.003
274.007
274.013
274.021
274.028
274.034
274.039
274.041
274.04
274.038
274.034
274.029
274.023
274.017
274.012
274.007
274.004
274.002
274.001
274
274
274
274
274
274
274
274
274
274
274
274
274
274
274
274
274
274
274
274
274
274
274
274
274
274
274
274
274
274
274
274
274
274
274
274
274
274
274
274
274
274
274
274
274
274
274
274
274
274
274
274
274
274
274
274
274
274
274
274
274
274
274
274
274
274
274
274
274
274
274
274
274
274
274
274
274
274
274
274
274
274
274
274
274
274
274
274
274
274
274
274
274
274
274
274
274
274
274
274
274
274
274
274
274
274
274
274
274
274.001
274.001
274.002
274.002
274.003
274.003
274.003
274.002
274.002
274.002
274.001
274.001
274.001
274
274
274
274
274
274
274
274
274
274
274
274
274
274
274
274
274
274
274
274
274
274
274
274
274
274
274
274
274
274
274
274
274
274
274
274
274
274
274
274
274
274
274
274
274
274
274
274
274
274
274
274
274
274
274
274
274
274
274
274
274
274
274
274
274
274
274
274
274
274
274
274
274
274
274
274
274
274
274
274
274
274
274
274
274
274
274
274
274
274
274
274
274
274
274
274
274
274
274
274
274
274
274
274
274
274
274
274
274
274
274
274
274
274
274
274
274
274
274
274
274
274
274
274
274
274
274
274
274
274
274
274
274
274
274
274
274
274
274
274
274
274
274
274
274
274
274
274
274
274
274
274
274
274
274
274
274
274
274
274
274
274
274
274
274
274
274
274
274
274
274
274
274
274
274
274
274
274
274
274
274
274
274
274
274
274
274
274
274
274
274
274
274
274
274
274
274
274
274
274
274
274
274
274
274
274
274
274
274
274
274
274
274
274
274
274
274
274
274
274
274
274
274
274
274
274
274
274
274
274
274
274
274
274
274
274
274
274
274
274
274
274
274
274
274
274
274
274
274
274
274
274
274
274
274
274
274
274
274
274
274
274
274
274
274
274
274
274
274
274
274
274
274
274
274
274
274
274
274
274
274
274
274
274
274
274
274
274
274
274
274
274
274
274
274
274
274
274
274
274
274
274
274
274
274
274
274
274
274
274
274
274
274
274
274
274
274
274
274
274
274
274
274
274
274
274
274
274
274
274
274
274
274
274
274
274
274
274
274
274
274
274
274
274
274
274
274
274
274
274
274
274
274
274
274
274
274
274
274
274
274
274
274
274
274
274
274
274
274
274
274
274
274
274
274
274
274
274
274
274
274
274
274
274
274
274
274
274
274
274
274
274
274
274
274
274
274
274
274
274
274
274
274
274
274
274
274
274
274
274
274
274
274
274
274
274
274
274
274
274
274
274
274
274
274
274
274
274
274
274
274
274
274
274
274
274
274
274
274
274
274
274
274
274
274
274
274
274
274
274
274
274
274
274
274
274
274
274
274
274
274
274
274
274
274
274
274
274
274
274
274
274
274
274
274
274
274
274
274
274
274
274
274
274
274
274
274
274
274
274
274
274
274
274
274
274
274
274
274
274
274
274
274
274
274
274
274
274
274
274
274
274
274
274
274
274
274
274
274
274
274
274
274
274
274
274
274
274
274
274
274
274
274
274
274
274
274
274
274
274
274
274
274
274
274
274
274
274
274
274
274
274
274
274
274
274
274
274
274
274
274
274
274
274
274
274
274
274
274
274
274
274
274
274
274
274
274
274
274
274
274
274
274
274
274
274
274
274
274
274
274
274
274
274
274
274
274
274
274
274
274
274
274
274
274
274
274
274
274
274
274
274
274
274
274
274
274
274
274
274
274
274
274
274
274
274
274
274
274
274
274
274
274
274
274
274
274
274
274
274
274
274
274
274
274
274
274
274
274
274
274
274
274
274
274
274
274
274
274
274
274
274
274
274
274
274
274
274
274
274
274
274
274
274
274
274
274
274
274
274
274
274
274
274
274
274
274
274
274
274
274
274
274
274
274
274
274
274
274
274
274
274
274
274
274
274
274
274
274
274
274
274
274
274
274
274
274
274
274
274
274
274
274
274
274
274
274
274
274
274
274
274
274
274
274
274
274
274
274
274
274
274
274
274
274
274
274
274
274
274
274
274
274
274.002
274.002
274.002
274.002
274.002
274.002
274.002
274.002
274.002
274.002
274.002
274.002
274.002
274.002
274.002
274.002
274.002
274.002
274.002
274.002
274.002
274.002
274.002
274.002
274.002
274.002
274.002
274.002
274.002
274.002
274.002
274.002
274.002
274.002
274.002
274.002
274.002
274.002
274.002
274.002
274.002
274.002
274.002
274.002
274.002
274.002
274.002
274.002
274.002
274.002
274.002
274.002
274.002
274.002
274.002
274.002
274.002
274.002
274.002
274.002
274.002
274.002
274.002
274.002
274.002
274.002
274.002
274.002
274.002
274.002
274.002
274.002
274.002
274.002
274.002
274.002
274.002
274.002
274.002
274.002
274.002
274.002
274.002
274.002
274.002
274.002
274.002
274.002
274.002
274.002
274.002
274.002
274.002
274.002
274.002
274.002
274.002
274.002
274.002
274.002
274.002
274.002
274.002
274.002
274.002
274.002
274.002
274.002
274.002
274.002
274.002
274.002
274.002
274.002
274.002
274.002
274.002
274.002
274.002
274.002
274.002
274.002
274.002
274.002
274.002
)
;

boundaryField
{
    wall
    {
        type            zeroGradient;
    }
    inlet
    {
        type            fixedValue;
        value           uniform 3673;
    }
    outlet-1
    {
        type            inletOutlet;
        inletValue      uniform 274;
        value           uniform 274;
    }
    outlet-2
    {
        type            inletOutlet;
        inletValue      uniform 274;
        value           nonuniform List<scalar> 
89
(
274.002
274
274
274
274
274
274
274
274
274
274
274
274
274
274
274
274
274
274
274
274
274
274
274
274
274
274
274
274
274
274
274
274
274
274
274
274
274
274
274
274
274
274
274
274
274
274
274
274
274
274
274
274
274
274
274
274
274
274
274
274
274
274
274
274
274
274
274
274
274
274
274
274
274
274
274
274
274
274
274
274
274
274
274
274
274
274
274
274.002
)
;
    }
    frontAndBackPlanes
    {
        type            empty;
    }
}


// ************************************************************************* //
