/*--------------------------------*- C++ -*----------------------------------*\
| =========                 |                                                 |
| \\      /  F ield         | OpenFOAM: The Open Source CFD Toolbox           |
|  \\    /   O peration     | Version:  2112                                  |
|   \\  /    A nd           | Website:  www.openfoam.com                      |
|    \\/     M anipulation  |                                                 |
\*---------------------------------------------------------------------------*/
FoamFile
{
    version     2.0;
    format      ascii;
    arch        "LSB;label=32;scalar=64";
    class       volScalarField;
    location    "0.00123";
    object      T;
}
// * * * * * * * * * * * * * * * * * * * * * * * * * * * * * * * * * * * * * //

dimensions      [0 0 0 1 0 0 0];

internalField   nonuniform List<scalar> 
13875
(
1411.72
1534.87
1482.66
1486.69
1481.04
1483.4
1483.4
1483.13
1483.9
1484.18
1484.67
1484.5
1484.14
1484.85
1483.96
1483.94
1483.35
1483.36
1483.46
1483.48
1481.12
1487.47
1480.74
1532.92
1398
1306.96
1356.01
1319.13
1322.01
1316.63
1317.08
1317.04
1317.78
1322.22
1323.21
1323.87
1323.97
1323.38
1324.6
1323.61
1322.69
1319.65
1317.49
1317
1317.06
1316.58
1322.03
1319.67
1356.26
1303.67
1307.05
1339.63
1314.73
1311.15
1303.99
1304.29
1303.72
1303.55
1304.33
1305.89
1306.89
1305.87
1305.57
1305.9
1306.68
1305.59
1303.57
1303.26
1302.74
1303.78
1303.63
1310.84
1311.63
1336.37
1297.27
1317.19
1345.05
1315.15
1308.74
1305.16
1304.78
1303.95
1303.72
1303.36
1304.71
1305.71
1305.47
1305.65
1305.65
1305.22
1304.68
1303.75
1303.27
1302.75
1304.23
1304.52
1307.79
1314.16
1343.77
1311.63
1329.38
1341.7
1316.16
1311.69
1303.55
1304.15
1304
1303.72
1303.48
1305.05
1305.72
1305.58
1305.82
1305.77
1305.13
1304.78
1303.65
1303.42
1302.78
1303.56
1303.24
1311.54
1312.29
1338.6
1316.09
1332.22
1351.55
1319.42
1310.01
1307.11
1306.27
1304.98
1304.4
1304.1
1305.07
1305.9
1305.76
1306.16
1306.07
1305.48
1304.75
1304.41
1304.01
1303.68
1305.62
1306.36
1308.57
1319.32
1349.3
1326.59
1339.24
1360.55
1329.72
1317.11
1307.17
1306.5
1305.58
1304.93
1304.53
1305.36
1306.39
1306.18
1306.91
1306.68
1305.78
1305.21
1305.02
1304.79
1304.4
1305.91
1306.81
1317.3
1326.17
1358.69
1322.25
1361.84
1386.37
1345.9
1322.12
1316.84
1312.5
1309.34
1307.54
1306.46
1307.33
1307.26
1307.36
1308.31
1307.91
1306.88
1306.79
1306.99
1307.38
1307.92
1311.37
1315.46
1321.1
1342.39
1382.04
1351.66
1535.51
1509.18
1389.79
1352.46
1324.32
1317.28
1313.39
1311.12
1309.62
1310.16
1310.54
1310.23
1311.33
1310.95
1309.92
1309.81
1310.09
1311.1
1312.06
1316.06
1322.56
1349.02
1385.01
1509.24
1527.41
1863.33
1590.55
1438.97
1368.78
1346.28
1330.32
1323.02
1319.39
1317.19
1317.15
1317.65
1317.17
1317.98
1317.86
1316.63
1316.65
1317.32
1319.54
1321.45
1328.44
1342.37
1366.12
1431.27
1573.34
1837.18
2522.95
1803.05
1542.78
1445.21
1369.41
1350.49
1340.85
1336.04
1333.19
1332.6
1333.03
1332.61
1332.93
1333.17
1331.78
1331.87
1332.69
1335.69
1338.86
1348.44
1364.4
1438.95
1522.12
1803.15
2460.81
2890.94
2311.61
2136.61
1539.19
1450.69
1415.43
1387.24
1378.69
1372.3
1370.87
1370.73
1369.95
1370.2
1370.4
1369.15
1369.58
1371.19
1376.64
1383.67
1412.1
1437.92
1507.76
1845.77
2304.82
2854.72
2851.43
2777.27
2658.48
2397.85
1657.6
1556.82
1529.53
1509.66
1499.4
1497.87
1497.33
1494.91
1497.95
1495.87
1494.75
1495.8
1499.07
1508.14
1524.3
1554.23
1665.73
2373.24
2519
2732.8
2784.65
2770.2
2755.35
2865
2861.29
2236.78
2259.12
2063.29
1971.7
1936.77
1899.83
1918.86
1883.86
1920.3
1895.71
1902.87
1905.01
1921.06
1959.89
2061.44
2206.5
2203.37
2858.99
2887.77
2738.25
2699.49
2653.18
2746.97
2870.89
2860.61
2891.99
3207.78
3442.41
3477.47
3710.9
3639.42
3711.42
3659.52
3698.25
3675.01
3691.88
3677.68
3693.35
3575.91
3482.49
3203.73
2910.02
2869.38
2876.11
2708.36
2662.25
2538.99
2685.4
2897.36
2990.92
3002.73
3355.39
3596.32
3685.29
3696.52
3670.82
3635.7
3642.11
3607.81
3637.76
3637.76
3666.15
3685.81
3714.72
3632.98
3431.34
3041.99
2976.78
2912.99
2692.98
2581.25
2490.51
2620.9
2761.44
2964.57
3050.98
3349.14
3574.39
3670.23
3668.3
3652.22
3623.06
3625.87
3601.82
3622.48
3620.64
3643.88
3668.18
3703.42
3614.3
3441.77
3096.24
3002.02
2813.39
2609.89
2498.48
2317.38
2620.64
2864.11
2957.64
2962.66
3211.1
3374.3
3465.93
3499.41
3512.2
3510.3
3507.1
3505.93
3506.82
3505.99
3510.36
3496.13
3464.37
3357.58
3200.07
3001.71
3002.45
2873.3
2599.85
2332.83
2238.41
2333.53
2631.74
2775.19
2744.52
2880.72
3124.07
3302.21
3386.62
3412.45
3414.91
3413.82
3414.26
3413.06
3407.56
3406.73
3395.92
3337.58
3154.61
2905.51
2772.79
2807.78
2668.91
2353.86
2266.35
2324.81
2268.14
2374.01
2550.2
2562.91
2632.67
2844.68
3091.2
3242.73
3309.78
3323.66
3325.23
3325.14
3323.71
3320.01
3313.88
3270.03
3127.1
2865.26
2653.81
2583.55
2565.95
2359.39
2263.12
2363.14
2878.63
2247.52
2194.02
2351.56
2411.65
2481.57
2666.39
2909.6
3093.84
3191.73
3218.53
3227.07
3225.98
3226.94
3217.81
3202.56
3120.46
2931.03
2672.26
2495.77
2423.28
2348.59
2178.77
2231.55
2811.11
2825.71
2044.63
2000.44
2189.81
2278.44
2374.38
2533.55
2765.88
2956.05
3070.39
3107.85
3117.66
3120.74
3117.8
3110.41
3083.71
2978.61
2771.76
2536.41
2388.58
2285.34
2178.32
1996.98
2050.75
2869.67
2851.29
2049.99
1896.86
2075.21
2182.12
2281.97
2419.05
2630.55
2824.17
2952.76
2999.89
3011.68
3012.37
3010.33
3001.78
2967.52
2848.66
2643.28
2424.09
2295.91
2187.73
2067.67
1885.59
2064.83
2994.71
2798.25
2032.34
1885.48
2015.88
2100.42
2200.47
2326.38
2527.93
2711.85
2838.61
2885.47
2898.99
2902.35
2898.93
2887.88
2852.25
2735.41
2539.47
2329.27
2201.74
2103.17
2007.38
1870
2025.92
2840.56
2742.54
2033.1
1913.74
1984.46
2037.66
2117.5
2239.59
2435.26
2616.92
2737.81
2782.07
2797.28
2801.37
2796.68
2782.39
2744.28
2630.5
2438.54
2237.35
2116.37
2044.61
1977.94
1894.77
2050.45
2832.66
2721.59
2058.31
1931.51
1965.16
1985.71
2050.48
2169.61
2357.7
2518.12
2637.82
2685.27
2695.51
2700.17
2694.53
2682.9
2639.05
2528.99
2359.97
2170.14
2043.64
1985.39
1959.9
1912.77
2044.61
2780.26
2686.88
2088.57
1952.3
1963.23
1946.6
1993
2106.71
2284.2
2445.98
2546.02
2584.77
2603.27
2607.35
2601.55
2581.92
2541.97
2442.35
2279.2
2104.82
1987.35
1942.42
1952.18
1933.44
2079.73
2738.83
2683.86
2130.24
1992.53
1956.76
1914.67
1950.06
2062.81
2236.24
2371.13
2465.43
2504.08
2514.78
2519.95
2513.55
2497.42
2456.61
2362.8
2215.83
2050.5
1938.98
1909.56
1949.47
1974.24
2122.24
2719.88
2702.43
2155.87
2002.61
1941.33
1897.19
1918.55
2019.01
2169.31
2297.33
2382.97
2418.54
2430.79
2438.02
2429.77
2414.68
2373.25
2287.13
2158.17
2011.97
1908.71
1889.25
1923.13
1978.62
2116.07
2710.56
2725.68
2169.23
2003.37
1943.78
1882.26
1895.22
1989.9
2139.36
2249.83
2313.94
2338.45
2356.69
2360.38
2355.53
2335
2304.16
2234.42
2109.75
1972.45
1882.89
1877.13
1930.41
1992.71
2151.48
2749.55
2704.88
2165.48
2016.9
1941.96
1862.5
1884.44
1973.85
2091.9
2180.63
2243.82
2276.55
2281.06
2289.03
2282.18
2274.08
2234.81
2168.26
2075.73
1953.47
1866.1
1846.72
1926.65
1997.81
2169.81
2759.15
2709.05
2184.26
2031.59
1935.24
1859.48
1869.44
1943.93
2061.02
2142.26
2182.19
2195.12
2215.1
2222.6
2216.93
2198.28
2177.13
2129.82
2037.23
1932.58
1856.67
1847.31
1926.47
2011.05
2183.32
2739.06
2697.24
2189.3
2059.6
1945.04
1844.85
1859.63
1938.53
2029.92
2083.57
2124.87
2151.32
2154.07
2159.02
2157.41
2154.66
2124.5
2083.82
2019.63
1924.38
1844.3
1833.68
1929.65
2044.03
2186.22
2742.22
2686.39
2174.03
2101.39
1935.51
1860.51
1852.27
1920.14
1993.82
2051.25
2075.54
2078.98
2093.01
2101.75
2097.11
2087.73
2076.3
2045.03
1981.56
1913.68
1840.59
1852.63
1926.05
2070.8
2186.76
2731.37
2668.79
2186.12
2119.74
1954.21
1865.99
1840.6
1904.44
1977.01
2002.45
2020.44
2040.59
2040.55
2045.15
2044.95
2044.91
2032.57
2018.86
1976.05
1904.31
1833.82
1856.8
1930.42
2125.86
2188.85
2722.15
2648.56
2173.57
2118.72
1965.43
1881.6
1843.2
1886.75
1933.62
1967.52
1986.58
1982.4
1992.54
1995.26
1995.46
1996.65
1988.09
1971.73
1940.45
1900.73
1847.51
1886.99
1973.21
2123.94
2193.74
2698.22
2633.39
2156.62
2111.55
1998.98
1893.61
1852.14
1884.54
1927.6
1942.96
1935.63
1948.53
1941.09
1947.04
1945.63
1951.45
1955.05
1954.95
1929.13
1886.6
1842.02
1895.17
1996.63
2112.56
2183.91
2682.4
2610.78
2161.46
2096.79
2049.17
1925.75
1868.82
1879.15
1888.85
1890.1
1904.61
1901.58
1905.84
1902.28
1907.27
1916.68
1907.16
1902.3
1898.83
1900.38
1882.49
1917.95
2057.68
2113.29
2179.47
2641.63
2586.57
2163.12
2100.98
2047.88
1943.23
1880.87
1883.23
1882.36
1886.23
1867.68
1864.33
1857.64
1864.59
1861.84
1866.3
1883.54
1896.52
1889.69
1880.18
1879.06
1960.94
2061.22
2103.26
2157.71
2604.62
2570.4
2147.71
2081.5
2045.62
2011
1910.73
1906.14
1860.49
1834.34
1834.12
1841.32
1829.75
1824.48
1831.24
1849.42
1835.21
1847.11
1865.57
1909.87
1924.24
2009.51
2044.85
2061.06
2161.07
2590.01
2563.58
2136.4
2058.32
2044.92
2045.26
1936.37
1894.95
1874.06
1848.87
1818.72
1794.52
1790.67
1793.82
1791.28
1797.57
1826.13
1844.44
1866.99
1910.87
1926.88
2055.19
2037.97
2037.41
2139.34
2578.58
2565.86
2138.49
2022.5
2031.4
2042.09
1986.9
1942.25
1881.62
1809.42
1783.78
1788.7
1768.95
1762.65
1768.37
1787.34
1779.51
1815.4
1881.66
1937.02
1987.6
2036.75
2000.98
2008.58
2155
2574.28
2543.78
2137.3
2013.74
1989.81
2023.52
2049.73
1943.44
1880.4
1829.96
1797.33
1749.3
1737.22
1736.31
1736.34
1742.81
1792.89
1828.76
1869.59
1947.34
2063.25
2007.48
1953.35
2002.05
2161.16
2578.17
2511.55
2140.05
1991.93
1966.04
2009.12
2033.41
2007.12
1916.04
1823.56
1763.87
1757.69
1726.52
1716.77
1724.66
1747.3
1754.08
1827.93
1908.04
2030.06
2047.4
1983.01
1928.67
1980.71
2155.38
2558.82
2506.48
2136
2001.21
1935.06
1977.7
2039.75
2087.71
1922.44
1849.4
1804.56
1725.08
1701.7
1698.69
1699.94
1716.67
1793.4
1837.27
1929.92
2116.76
2028.81
1938.32
1898.42
1984.47
2155.06
2550.86
2488.19
2126.45
1981.68
1934.13
1941.19
2015.5
2081.04
2028.49
1865.49
1760.66
1753.62
1712.07
1697.3
1706.21
1741.18
1755.56
1865.07
2015.47
2088.37
2007.74
1918.55
1895.82
1969.87
2152.14
2533.69
2484.15
2124.47
1984.99
1907.67
1916.77
1983.23
2062.31
2082.53
1930.45
1827.99
1722.38
1695.53
1697.92
1701.6
1710.74
1806.72
1914.02
2101.52
2079.86
1967.81
1884.37
1868.27
1974.79
2137.24
2517.61
2467.61
2116.11
1967.85
1919.84
1902.25
1944.24
2038.28
2079.36
2053.13
1800.52
1776.19
1718.72
1702.2
1702.43
1759.58
1816.9
2033.04
2091.78
2052.61
1926.52
1872.83
1875.98
1956.84
2135.18
2475.91
2440.12
2108.28
1974.97
1901.17
1887.02
1917.65
2006.98
2076.56
2070.27
1947.58
1757.59
1713.04
1715.73
1726.27
1739.68
1900.6
2074.25
2082.15
2027.36
1911.26
1862.02
1854.66
1958.59
2123.33
2448.56
2318.86
2071.49
1936.33
1887.47
1868.17
1887.41
1974.39
2054.9
2067.53
2054.73
1884.12
1771.89
1748.48
1741.12
1853.49
2034.38
2070.11
2063.3
1991.24
1879.69
1833.57
1839.66
1915.06
2075.61
2314.48
274.038
274.073
274.02
274.103
274.246
274.33
274.372
274.305
274.2
274.109
274.053
274.024
274.01
274.004
274.001
274
274
274
274
274
274
273.999
273.999
273.999
273.999
274
273.996
274.003
273.988
274.013
274.378
274.355
274.268
274.315
274.446
274.509
274.524
274.412
274.268
274.146
274.07
274.031
274.013
274.005
274.001
274
274
274
274
274
274
273.999
273.999
273.999
273.999
274
273.995
274.004
273.987
274.017
274.509
274.445
274.315
274.343
274.473
274.543
274.579
274.454
274.296
274.161
274.077
274.034
274.014
274.005
274.002
274
274
274
274
274
274
273.999
273.999
273.999
273.999
274
273.996
274.004
273.993
274.011
274.527
274.445
274.295
274.33
274.47
274.576
274.624
274.485
274.317
274.172
274.083
274.036
274.014
274.005
274.002
274
274
274
274
274
274
273.999
273.999
273.999
273.999
274
273.998
274.003
273.996
274.007
274.515
274.4
274.261
274.322
274.464
274.61
274.661
274.506
274.331
274.179
274.085
274.037
274.014
274.005
274.002
274
274
274
274
274
274
273.999
273.999
273.999
274
274
273.999
274.002
273.998
274.005
274.513
274.352
274.237
274.323
274.485
274.645
274.688
274.513
274.334
274.18
274.085
274.037
274.014
274.005
274.001
274
274
274
274
274
274
273.999
273.999
273.999
274
274
273.999
274.002
273.999
274.003
274.509
274.309
274.234
274.329
274.52
274.672
274.701
274.51
274.333
274.178
274.085
274.036
274.014
274.005
274.001
274
274
274
274
274
274
273.999
273.999
273.999
274
274
274
274.001
274
274.002
274.509
274.273
274.237
274.369
274.546
274.686
274.7
274.503
274.328
274.176
274.083
274.035
274.013
274.004
274.001
274
274
274
274
274
274
273.999
273.999
273.999
274
274
274
274.001
274
274.002
274.502
274.244
274.256
274.431
274.562
274.698
274.696
274.488
274.32
274.171
274.081
274.034
274.012
274.004
274.001
274
274
274
274
274
274
274
273.999
273.999
274
274
274.001
274.001
274.001
274.002
274.492
274.224
274.263
274.482
274.572
274.703
274.685
274.464
274.307
274.163
274.076
274.031
274.011
274.003
274.001
274
274
274
274
274
274
274
273.999
273.999
274
274
274
274.001
274.001
274.002
274.493
274.212
274.296
274.529
274.58
274.703
274.661
274.437
274.288
274.151
274.07
274.028
274.01
274.003
274.001
274
274
274
274
274
274
274
274
273.999
274
274
274
274.001
274.001
274.001
274.525
274.253
274.359
274.575
274.589
274.674
274.623
274.404
274.266
274.138
274.064
274.026
274.009
274.003
274.001
274
274
274
274
274
274
274
274
274
274
274
274
274.001
274.001
274.002
274.606
274.411
274.493
274.691
274.631
274.635
274.58
274.368
274.244
274.127
274.059
274.024
274.008
274.002
274.001
274
274
274
274
274
274
274
274
274
274
274
274
274
274.001
274.003
274.754
274.743
274.86
275.033
274.811
274.671
274.549
274.335
274.223
274.116
274.054
274.022
274.008
274.002
274.001
274
274
274
274
274
274
274
274
274
274
274
274
274
274
274.002
275.111
275.565
275.987
276.181
275.534
274.962
274.627
274.33
274.205
274.105
274.049
274.02
274.007
274.002
274
274
274
274
274
274
274
274
274
274
274
274
274
274
274
274.001
276.142
277.852
279.577
280.39
278.801
276.398
275.052
274.435
274.217
274.098
274.044
274.018
274.006
274.002
274
274
274
274
274
274
274
274
274
274
274
274
274
274
274
274.001
279.429
283.193
290.171
295.989
291.603
282.983
277.252
274.935
274.322
274.114
274.043
274.016
274.005
274.001
274
274
274
274
274
274
274
274
274
274
274
274
274
274
274
274.001
288.258
293.321
298.826
310.145
319.084
313.064
287.305
277.445
274.798
274.201
274.056
274.016
274.005
274.001
274
274
274
274
274
274
274
274
274
274
274
274
274
274
274
274.001
297.052
294.63
298.564
309.959
322.187
332.017
329.186
288.939
277.005
274.572
274.118
274.024
274.005
274.001
274
274
274
274
274
274
274
274
274
274
274
274
274
274
274
274.001
296.396
293.31
294.524
305.087
323.535
334.24
342.4
333.464
286.608
276.108
274.356
274.061
274.01
274.001
274
274
274
274
274
274
274
274
274
274
274
274
274
274
274
274.001
290.351
286.824
290.865
300.557
324.339
337.742
345.311
352.017
327.024
282.267
275.241
274.187
274.027
274.003
274
274
274
274
274
274
274
274
274
274
274
274
274
274
274
274.001
284.106
283.544
294.725
303.923
335.058
347.546
352.346
357.448
357.076
307.758
278.373
274.602
274.084
274.01
274.001
274
274
274
274
274
274
274
274
274
274
274
274
274
274
274.001
271.132
285.559
311.855
347.53
389.36
387.486
369.587
365.823
365.659
352.575
287.98
275.914
274.244
274.031
274.003
274
274
274
274
274
274
274
274
274
274
274
274
274
274
274.001
236.081
304.588
409.356
512.086
550.181
487.821
418.495
388.101
379.431
374.059
323.206
279.58
274.68
274.083
274.009
274.001
274
274
274
274
274
274
274
274
274
274
274
274
274
274.001
314.421
523.593
886.514
1029.82
953.293
699.292
520.085
434.463
402.403
386.98
364.669
288.081
275.786
274.207
274.024
274.002
274
274
274
274
274
274
274
274
274
274
274
274
274
274.001
274.013
273.988
274.003
273.996
274
273.999
273.999
273.999
273.999
274
274
274
274
274
274
274.001
274.004
274.01
274.024
274.053
274.109
274.2
274.305
274.372
274.33
274.246
274.102
274.02
274.073
274.038
274.017
273.987
274.004
273.995
274
273.999
273.999
273.999
273.999
274
274
274
274
274
274
274.001
274.005
274.013
274.031
274.07
274.146
274.268
274.412
274.524
274.509
274.446
274.315
274.268
274.355
274.378
274.011
273.993
274.004
273.996
274
273.999
273.999
273.999
273.999
274
274
274
274
274
274
274.002
274.005
274.014
274.034
274.077
274.161
274.296
274.454
274.579
274.543
274.473
274.342
274.315
274.445
274.509
274.007
273.996
274.003
273.998
274
273.999
273.999
273.999
273.999
274
274
274
274
274
274
274.002
274.005
274.014
274.036
274.082
274.172
274.317
274.485
274.624
274.577
274.47
274.33
274.294
274.445
274.527
274.005
273.998
274.002
273.999
274
274
273.999
273.999
273.999
274
274
274
274
274
274
274.002
274.005
274.014
274.037
274.085
274.179
274.331
274.506
274.661
274.61
274.464
274.322
274.261
274.4
274.515
274.003
273.999
274.002
273.999
274
274
273.999
273.999
273.999
274
274
274
274
274
274
274.001
274.005
274.014
274.037
274.085
274.18
274.334
274.513
274.688
274.645
274.485
274.323
274.236
274.352
274.513
274.002
274
274.001
274
274
274
273.999
273.999
273.999
274
274
274
274
274
274
274.001
274.005
274.014
274.036
274.085
274.178
274.333
274.51
274.7
274.671
274.52
274.328
274.233
274.309
274.509
274.002
274
274.001
274
274
274
273.999
273.999
273.999
274
274
274
274
274
274
274.001
274.004
274.013
274.035
274.083
274.176
274.328
274.503
274.7
274.686
274.546
274.37
274.237
274.272
274.509
274.002
274.001
274.001
274.001
274
274
273.999
273.999
274
274
274
274
274
274
274
274.001
274.004
274.012
274.034
274.081
274.171
274.32
274.488
274.696
274.698
274.562
274.432
274.255
274.244
274.502
274.002
274.001
274.001
274
274
274
273.999
273.999
274
274
274
274
274
274
274
274.001
274.003
274.011
274.031
274.076
274.163
274.306
274.464
274.685
274.703
274.572
274.482
274.263
274.224
274.492
274.001
274.001
274.001
274
274
274
273.999
274
274
274
274
274
274
274
274
274.001
274.003
274.01
274.028
274.07
274.151
274.288
274.437
274.66
274.703
274.58
274.529
274.296
274.212
274.493
274.002
274.001
274.001
274
274
274
274
274
274
274
274
274
274
274
274
274.001
274.003
274.009
274.026
274.064
274.138
274.266
274.404
274.623
274.674
274.589
274.575
274.359
274.253
274.524
274.003
274.001
274
274
274
274
274
274
274
274
274
274
274
274
274
274.001
274.002
274.008
274.024
274.059
274.127
274.244
274.368
274.58
274.635
274.632
274.692
274.493
274.411
274.607
274.002
274
274
274
274
274
274
274
274
274
274
274
274
274
274
274.001
274.002
274.008
274.022
274.054
274.116
274.223
274.335
274.549
274.671
274.812
275.033
274.86
274.743
274.754
274.001
274
274
274
274
274
274
274
274
274
274
274
274
274
274
274
274.002
274.007
274.02
274.049
274.105
274.205
274.33
274.628
274.963
275.535
276.182
275.988
275.565
275.111
274.001
274
274
274
274
274
274
274
274
274
274
274
274
274
274
274
274.002
274.006
274.018
274.044
274.098
274.217
274.435
275.052
276.399
278.802
280.39
279.579
277.852
276.141
274.001
274
274
274
274
274
274
274
274
274
274
274
274
274
274
274
274.001
274.005
274.016
274.043
274.114
274.322
274.935
277.252
282.98
291.602
295.975
290.168
283.186
279.423
274.001
274
274
274
274
274
274
274
274
274
274
274
274
274
274
274
274.001
274.005
274.016
274.056
274.201
274.798
277.444
287.289
313.004
319.011
310.108
298.801
293.296
288.226
274.001
274
274
274
274
274
274
274
274
274
274
274
274
274
274
274
274.001
274.005
274.024
274.118
274.572
277.004
288.919
329.07
331.909
322.097
309.921
298.533
294.601
297.004
274.001
274
274
274
274
274
274
274
274
274
274
274
274
274
274
274
274.001
274.01
274.061
274.356
276.108
286.594
333.392
342.267
334.114
323.423
305.055
294.483
293.278
296.363
274.001
274
274
274
274
274
274
274
274
274
274
274
274
274
274
274
274.003
274.027
274.187
275.24
282.257
326.906
351.859
345.159
337.582
324.216
300.548
290.842
286.802
290.256
274.001
274
274
274
274
274
274
274
274
274
274
274
274
274
274
274.001
274.01
274.084
274.602
278.37
307.674
356.876
357.212
352.108
347.209
334.867
303.892
294.706
283.539
283.928
274.001
274
274
274
274
274
274
274
274
274
274
274
274
274
274
274.003
274.031
274.244
275.915
287.975
352.43
365.426
365.48
369.081
386.636
388.885
347.269
311.921
285.564
271.37
274.001
274
274
274
274
274
274
274
274
274
274
274
274
274
274.001
274.009
274.084
274.682
279.582
323.139
373.822
379.114
387.564
417.406
485.279
547.823
510.732
409.395
304.65
235.974
274.001
274
274
274
274
274
274
274
274
274
274
274
274
274
274.002
274.024
274.208
275.79
288.101
364.563
386.667
401.905
433.479
517.692
692.681
945.739
1025.3
884.967
525.133
313.961
274.002
274.002
274.002
274.002
274.002
274.002
274.001
274.001
274.001
274.001
274.001
274.001
274.001
274.001
274.001
274.001
274.001
274.001
274.001
274.001
274.001
274.001
274.001
274.001
274.001
274.001
274.001
274.001
274.001
274.001
274.001
274.001
274.001
274.001
274.001
274.001
274.001
274.001
274.001
274.001
274.001
274.001
274.001
274.001
274.001
274.001
274.001
274.001
274.001
274.001
274.001
274.001
274.001
274.001
274.001
274.001
274.001
274.001
274.001
274.001
274.001
274.001
274.001
274.001
274.001
274.001
274.001
274.001
274.001
274.001
274.001
274.001
274.001
274.001
274.001
274.001
274.001
274.001
274.001
274.001
274.001
274.001
274.001
274.001
274.001
274.001
274.001
274.001
274.001
274.001
274.001
274.001
274.001
274.001
274.001
274.001
274.001
274.001
274.001
274.001
274.001
274.001
274.001
274.001
274.001
274.001
274.001
274.001
274.001
274.001
274.001
274.001
274.001
274.001
274.001
274.001
274.001
274.001
274.001
274.001
274.001
274.001
274.001
274.001
274.001
274
274
274
274
274
274
274
274
274
274
274
274
274
274
274
274
274
274
274
274
274
274
274
274
274
274
274
274
274
274
274
274
274
274
274
274
274
274
274
274
274
274
274
274
274
274
274
274
274
274
274
274
274
274
274
274
274
274
274
274
274
274
274
274
274
274
274
274
274
274
274
274
274
274
274
274
274
274
274
274
274
274
274
274
274
274
274
274
274
274
274
274
274
274
274
274
274
274
274
274
274
274
274
274
274
274
274
274
274
274
274
274
274
274
274
274
274
274
274
274
274
274
274
274
274
274
274
274
274
274
274
274
274
274
274
274
274
274
274
274
274
274
274
274
274
274
274
274
274
274
274
274
274
274
274
274
274
274
274
274
274
274
274
274
274
274
274
274
274
274
274
274
274
274
274
274
274
274
274
274
274
274
274
274
274
274
274
274
274
274
274
274
274
274
274
274
274
274
274
274
274
274
274
274
274
274
274
274
274
274
274
274
274
274
274
274
274
274
274
274
274
274
274
274
274
274
274
274
274
274
274
274
274
274
274
274
274
274
274
274
274
274
274
274
274
274
274
274
274
274
274
274
274
274
274
274
274
274
274
274
274
274
274
274
274
274
274
274
274
274
274
274
274
274
274
274
274
274
274
274
274
274
274
274
274
274
274
274
274
274
274
274
274
274
274
274
274
274
274
274
274
274
274
274
274
274
274
274
274
274
274
274
274
274
274
274
274
274
274
274
274
274
274
274
274
274
274
274
274
274
274
274
274
274
274
274
274
274
274
274
274
274
274
274
274
274
274
274
274
274
274
274
274
274
274
274
274
274
274
274
274
274
274
274
274
274
274
274
274
274
274
274
274
274
274
274
274
274
274
274
274
274
274
274
274
274
274
274
274
274
274
274
274
274
274
274
274
274
274
274
274
274
274
274
274
274
274
274
274
274
274
274
274
274
274
274
274
274
274
274
274
274
274
274
274
274
274
274
274
274
274
274
274
274
274
274
274
274
274
274
274
274
274
274
274
274
274
274
274
274
274
274
274
274
274
274
274
274
274
274
274
274
274
274
274
274
274
274
274
274
274
274
274
274
274
274
274
274
274
274
274
274
274
274
274
274
274
274
274
274
274
274
274
274
274
274
274
274
274
274
274
274
274
274
274
274
274
274
274
274
274
274
274
274
274
274
274
274
274
274
274
274
274
274
274
274
274
274
274
274
274
274
274
274
274
274
274
274
274
274
274
274
274
274
274
274
274
274
274
274
274
274
274
274
274
274
274
274
274
274
274
274
274
274
274
274
274
274
274
274
274
274
274
274
274
274
274
274
274
274
274
274
274
274
274
274
274
274
274
274
274
274
274
274
274
274
274
274
274
274
274
274
274
274
274
274
274
274
274
274
274
274
274
274
274
274
274
274
274
274
274
274
274
274
274
274
274
274
274
274
274
274
274
274
274
274
274
274
274
274
274
274
274
274
274
274
274
274
274
274
274
274
274
274
274
274
274
274
274
274
274
274
274
274
274
274
274
274
274
274
274
274
274
274
274
274
274
274
274
274
274
274
274
274
274
274
274
274
274
274
274
274
274
274
274
274
274
274
274
274
274
274
274
274
274
274
274
274
274
274
274
274
274
274
274
274
274
274
274
274
274
274
274
274
274
274
274
274
274
274
274
274
274
274
274
274
274
274
274
274
274
274
274
274
274
274
274
274
274
274
274
274
274
274
274
274
274
274
274
274
274
274
274
274
274
274
274
274
274
274
274
274
274
274
274
274
274
274
274
274
274
274
274
274
274
274
274
274
274
274
274
274
274
274
274
274
274
274
274
274
274
274
274
274
274
274
274
274
274
274
274
274
274
274
274
274
274
274
274
274
274
274
274
274
274
274
274
274
274
274
274
274
274
274
274
274
274
274
274
274
274
274
274
274
274
274
274
274
274
274
274
274
274
274
274
274
274
274
274
274
274
274
274
274
274
274
274
274
274
274
274
274
274
274
274
274
274
274
274
274
274
274
274
274
274
274
274
274
274
274
274
274
274
274
274
274
274
274
274
274
274
274
274
274
274
274
274
274
274
274
274
274
274
274
274
274
274
274
274
274
274
274
274
274
274
274
274
274
274
274
274
274
274
274
274
274
274
274
274
274
274
274
274
274
274
274
274
274
274
274
274
274
274
274
274
274
274
274
274
274
274
274
274
274
274
274
274
274
274
274
274
274
274
274
274
274
274
274
274
274
274
274
274
274
274
274
274
274
274
274
274
274
274
274
274
274
274
274
274
274
274
274
274
274
274
274
274
274
274
274
274
274
274
274
274
274
274
274
274
274
274
274
274
274
274
274
274
274
274
274
274
274
274
274
274
274
274
274
274
274
274
274
274
274
274
274
274
274
274
274
274
274
274
274
274
274
274
274
274
274
274
274
274
274
274
274
274
274
274
274
274
274
274
274
274
274
274
274
274
274
274
274
274
274
274
274
274
274
274
274
274
274
274
274
274
274
274
274
274
274
274
274
274
274
274
274
274
274
274
274
274
274
274
274
274
274
274
274
274
274
274
274
274
274
274
274
274
274
274
274
274
274
274
274
274
274
274
274
274
274
274
274
274
274
274
274
274
274
274
274
274
274
274
274
274
274
274
274
274
274
274
274
274
274
274
274
274
274
274
274
274
274
274
274
274
274
274
274
274
274
274
274
274
274
274
274
274
274
274
274
274
274
274
274
274
274
274
274
274
274
274
274
274
274
274
274
274
274
274
274
274
274
274
274
274
274
274
274
274
274
274
274
274
274
274
274
274
274
274
274
274
274
274
274
274
274
274
274
274
274
274
274
274
274
274
274
274
274
274
274
274
274
274
274
274
274
274
274
274
274
274
274
274
274
274
274
274
274
274
274
274
274
274
274
274
274
274
274
274
274
274
274
274
274
274
274
274
274
274
274
274
274
274
274
274
274
274
274
274
274
274
274
274
274
274
274
274
274
274
274
274
274
274
274
274
274
274
274
274
274
274
274
274
274
274
274
274
274
274
274
274
274
274
274
274
274
274
274
274
274
274
274
274
274
274
274
274
274
274
274
274
274
274
274
274
274
274
274
274
274
274
274
274
274
274
274
274
274
274
274
274
274
274
274
274
274
274
274
274
274
274
274
274
274
274
274
274
274
274
274
274
274
274
274
274
274
274
274
274
274
274
274
274
274
274
274
274
274
274
274
274
274
274
274
274
274
274
274
274
274
274
274
274
274
274
274
274
274
274
274
274
274
274
274
274
274
274
274
274
274
274
274
274
274
274
274
274
274
274
274
274
274
274
274
274
274
274
274
274
274
274
274
274
274
274
274
274
274
274
274
274
274
274
274
274
274
274
274
274
274
274
274
274
274
274
274
274
274
274
274
274
274
274
274
274
274
274
274
274
274
274
274
274
274
274
274
274
274
274
274
274
274
274
274
274
274
274
274
274
274
274
274
274
274
274
274
274
274
274
274
274
274
274
274
274
274
274
274
274
274
274
274
274
274
274
274
274
274
274
274
274
274
274
274
274
274
274
274
274
274
274
274
274
274
274
274
274
274
274
274
274
274
274
274
274
274
274
274
274
274
274
274
274
274
274
274
274
274
274
274
274
274
274
274
274
274
274
274
274
274
274
274
274
274
274
274
274
274
274
274
274
274
274
274
274
274
274.001
274.001
274.002
274.002
274.002
274.001
274.001
274.001
274
274
274
274
274
274
274
274
274
274
274
274
274
274
274
274
274
274
274
274
274
274
274
274
274
274
274
274
274
274
274
274
274
274
274
274
274
274
274
274
274
274
274
274
274
274
274
274
274
274
274
274
274
274
274
274
274
274
274
274
274
274
274
274
274
274
274
274
274
274
274
274
274
274
274
274
274
274
274
274
274
274
274
274
274
274
274
274
274
274
274
274
274
274
274
274
274
274
274
274
274
274
274
274
274
274
274
274
274
274
274
274
274
274
274.002
274.005
274.011
274.018
274.026
274.03
274.03
274.028
274.022
274.016
274.009
274.005
274
274
274
274
274
274
274
274
274
274
274
274
274
274
274
274
274
274
274
274
274
274
274
274
274
274
274
274
274
274
274
274
274
274
274
274
274
274
274
274
274
274
274
274
274
274
274
274
274
274
274
274
274
274
274
274
274
274
274
274
274
274
274
274
274
274
274
274
274
274
274
274
274
274
274
274
274
274
274
274
274
274
274
274
274
274
274
274
274
274
274
274
274
274
274
274
274
274
274
274
274
274
274
274
274
274
274
274
274
274
274.001
274.005
274.018
274.048
274.1
274.172
274.248
274.314
274.341
274.33
274.296
274.228
274.166
274.101
274.054
274
274
274
274
274
274
274
274
274
274
274
274
274
274
274
274
274
274
274
274
274
274
274
274
274
274
274
274
274
274
274
274
274
274
274
274
274
274
274
274
274
274
274
274
274
274
274
274
274
274
274
274
274
274
274
274
274
274
274
274
274
274
274
274
274
274
274
274
274
274
274
274
274
274
274
274
274
274
274
274
274
274
274
274
274
274
274
274
274
274
274
274
274
274
274
274
274
274
274
274
274
274
274
274
274
274
274
274
274.001
274.005
274.029
274.104
274.302
274.77
275.613
276.649
277.6
278.234
278.314
277.849
277.223
276.318
275.6
274.91
274.462
274
274
274
274
274
274
274
274
274
274
274
274
274
274
274
274
274
274
274
274
274
274
274
274
274
274
274
274
274
274
274
274
274
274
274
274
274
274
274
274
274
274
274
274
274
274
274
274
274
274
274
274
274
274
274
274
274
274
274
274
274
274
274
274
274
274
274
274
274
274
274
274
274
274
274
274
274
274
274
274
274
274
274
274
274
274
274
274
274
274
274
274
274
274
274
274
274
274
274
274
274
274
274
274
274
274
274
274.003
274.026
274.133
274.574
276.01
279.902
288.915
301.633
313.132
325.581
333.122
330.857
318.573
306.516
295.397
288.75
282.545
278.235
274
274
274
274
274
274
274
274
274
274
274
274
274
274
274
274
274
274
274
274
274
274
274
274
274
274
274
274
274
274
274
274
274
274
274
274
274
274
274
274
274
274
274
274
274
274
274
274
274
274
274
274
274
274
274
274
274
274
274
274
274
274
274
274
274
274
274
274
274
274
274
274
274
274
274
274
274
274
274
274
274
274
274
274
274
274
274
274
274
274
274
274
274
274
274
274
274
274
274
274
274
274
274
274
274
274.001
274.011
274.095
274.612
277.188
287.993
316.925
385.75
472.898
519.889
529.485
523.103
505.657
486.752
463.375
442.322
413.856
386.958
354.036
316.069
274
274
274
274
274
274
274
274
274
274
274
274
274
274
274
274
274
274
274
274
274
274
274
274
274
274
274
274
274
274
274
274
274
274
274
274
274
274
274
274
274
274
274
274
274
274
274
274
274
274
274
274
274
274
274
274
274
274
274
274
274
274
274
274
274
274
274
274
274
274
274
274
274
274
274
274
274
274
274
274
274
274
274
274
274
274
274
274
274
274
274
274
274
274
274
274
274
274
274
274
274
274
274
274
274.002
274.034
274.334
276.713
292.38
361.68
495.171
599.841
644.341
646.192
628.109
608.283
586.592
560.449
536.306
509.766
485.908
458.615
434.687
411.67
391.801
274
274
274
274
274
274
274
274
274
274
274
274
274
274
274
274
274
274
274
274
274
274
274
274
274
274
274
274
274
274
274
274
274
274
274
274
274
274
274
274
274
274
274
274
274
274
274
274
274
274
274
274
274
274
274
274
274
274
274
274
274
274
274
274
274
274
274
274
274
274
274
274
274
274
274
274
274
274
274
274
274
274
274
274
274
274
274
274
274
274
274
274
274
274
274
274
274
274
274
274
274
274
274
274.005
274.089
275.055
285.778
370.784
559.528
699.208
739.675
750.523
746.957
727.183
698.805
678.526
657.144
629.367
601.678
569.663
539.888
504.302
470.466
433.661
406.551
274
274
274
274
274
274
274
274
274
274
274
274
274
274
274
274
274
274
274
274
274
274
274
274
274
274
274
274
274
274
274
274
274
274
274
274
274
274
274
274
274
274
274
274
274
274
274
274
274
274
274
274
274
274
274
274
274
274
274
274
274
274
274
274
274
274
274
274
274
274
274
274
274
274
274
274
274
274
274
274
274
274
274
274
274
274
274
274
274
274
274
274
274
274
274
274
274
274
274
274
274
274
274.011
274.211
277.316
320.244
536.038
746.354
804.161
831.134
852.148
862.815
864.327
852.275
829.792
807.561
782.992
753.133
716.971
677.914
636.56
587.49
538.07
477.707
436.774
274
274
274
274
274
274
274
274
274
274
274
274
274
274
274
274
274
274
274
274
274
274
274
274
274
274
274
274
274
274
274
274
274
274
274
274
274
274
274
274
274
274
274
274
274
274
274
274
274
274
274
274
274
274
274
274
274
274
274
274
274
274
274
274
274
274
274
274
274
274
274
274
274
274
274
274
274
274
274
274
274
274
274
274
274
274
274
274
274
274
274
274
274
274
274
274
274
274
274
274
274
274.019
274.441
283.426
411.097
712.081
841.146
870.299
908.767
952.847
996.867
1043
1066.42
1067.88
1051.44
1029.17
1007
977.43
939.917
897.31
837.362
758.234
673.182
562.859
500.664
274
274
274
274
274
274
274
274
274
274
274
274
274
274
274
274
274
274
274
274
274
274
274
274
274
274
274
274
274
274
274
274
274
274
274
274
274
274
274
274
274
274
274
274
274
274
274
274
274
274
274
274
274
274
274
274
274
274
274
274
274
274
274
274
274
274
274
274
274
274
274
274
274
274
274
274
274
274
274
274
274
274
274
274
274
274
274
274
274
274
274
274
274
274
274
274
274
274
274
274
274.026
274.815
296.059
530.694
834.257
895.61
920.75
976.031
1056.57
1148.95
1237.23
1301.98
1323.77
1326.2
1319.45
1298
1293.22
1293.52
1285.5
1284.22
1222.68
1128.98
943.199
750.018
647.9
274
274
274
274
274
274
274
274
274
274
274
274
274
274
274
274
274
274
274
274
274
274
274
274
274
274
274
274
274
274
274
274
274
274
274
274
274
274
274
274
274
274
274
274
274
274
274
274
274
274
274
274
274
274
274
274
274
274
274
274
274
274
274
274
274
274
274
274
274
274
274
274
274
274
274
274
274
274
274
274
274
274
274
274
274
274
274
274
274
274
274
274
274
274
274
274
274
274
274
274.032
275.293
316.669
646.623
920.542
945.652
969.698
1036.38
1138.35
1283.35
1413.94
1435.1
1435.27
1441.26
1446.19
1464.73
1449.15
1486.48
1596.51
1675.11
1765.11
1772.5
1686.58
1506.44
1164.53
964.591
274
274
274
274
274
274
274
274
274
274
274
274
274
274
274
274
274
274
274
274
274
274
274
274
274
274
274
274
274
274
274
274
274
274
274
274
274
274
274
274
274
274
274
274
274
274
274
274
274
274
274
274
274
274
274
274
274
274
274
274
274
274
274
274
274
274
274
274
274
274
274
274
274
274
274
274
274
274
274
274
274
274
274
274
274
274
274
274
274
274
274
274
274
274
274
274
274
274
274.033
275.697
338.967
734.582
978.756
993.743
1019.67
1085.94
1201.63
1362.39
1500.66
1532.21
1508.04
1504.37
1521.17
1601.86
1666.49
1678.46
1748.51
1877.41
1924.01
1995.64
1950.24
1846.52
1723.56
1592.09
1350.6
274
274
274
274
274
274
274
274
274
274
274
274
274
274
274
274
274
274
274
274
274
274
274
274
274
274
274
274
274
274
274
274
274
274
274
274
274
274
274
274
274
274
274
274
274
274
274
274
274
274
274
274
274
274
274
274
274
274
274
274
274
274
274
274
274
274
274
274
274
274
274
274
274
274
274
274
274
274
274
274
274
274
274
274
274
274
274
274
274
274
274
274
274
274
274
274
274
274.029
275.793
351.116
786.564
1026.35
1041.73
1070.19
1131.24
1247.03
1406.74
1545.27
1594.36
1629.84
1637.21
1639.98
1623.79
1692.17
1637.53
1558.45
1560.93
1547.36
1506.73
1623.84
1691.57
1742.08
1711.93
1524.36
1491.84
274
274
274
274
274
274
274
274
274
274
274
274
274
274
274
274
274
274
274
274
274
274
274
274
274
274
274
274
274
274
274
274
274
274
274
274
274
274
274
274
274
274
274
274
274
274
274
274
274
274
274
274
274
274
274
274
274
274
274
274
274
274
274
274
274
274
274
274
274
274
274
274
274
274
274
274
274
274
274
274
274
274
274
274
274
274
274
274
274
274
274
274
274
274
274
274
274.02
275.519
348.134
807.278
1074.19
1088.94
1117.53
1181.44
1289.06
1436.57
1568.73
1655.61
1740.51
1778.49
1759.1
1710.12
1591.46
1555.67
1363.26
1323.91
1328.39
1314.06
1342.69
1386.94
1419.54
1493.43
1496.61
1357.8
1364.73
274
274
274
274
274
274
274
274
274
274
274
274
274
274
274
274
274
274
274
274
274
274
274
274
274
274
274
274
274
274
274
274
274
274
274
274
274
274
274
274
274
274
274
274
274
274
274
274
274
274
274
274
274
274
274
274
274
274
274
274
274
274
274
274
274
274
274
274
274
274
274
274
274
274
274
274
274
274
274
274
274
274
274
274
274
274
274
274
274
274
274
274
274
274
274
274.009
274.949
330.86
788.316
1116.78
1136.97
1164.18
1239.6
1345.41
1476.84
1596.24
1689.61
1797.15
1847.74
1818.26
1765.69
1707.93
1524.95
1454.2
1319.55
1280.79
1287.4
1276.16
1344.48
1369.79
1404.77
1538.71
1606.14
1441.68
1365.07
274
274
274
274
274
274
274
274
274
274
274
274
274
274
274
274
274
274
274
274
274
274
274
274
274
274
274
274
274
274
274
274
274
274
274
274
274
274
274
274
274
274
274
274
274
274
274
274
274
274
274
274
274
274
274
274
274
274
274
274
274
274
274
274
274
274
274
274
274
274
274
274
274
274
274
274
274
274
274
274
274
274
274
274
274
274
274
274
274
274
274
274
274
274
274.007
274.542
307.222
735.126
1155.87
1172.28
1178.44
1243.77
1349.58
1457.47
1560.98
1668.68
1823.25
1886.2
1865.5
1791.84
1730.69
1657.61
1380.7
1272.15
1226.43
1170.9
1182.31
1178.28
1247.65
1278.99
1311.17
1405.93
1573.62
1723.36
1634.8
274
274
274
274
274
274
274
274
274
274
274
274
274
274
274
274
274
274
274
274
274
274
274
274
274
274
274
274
274
274
274
274
274
274
274
274
274
274
274
274
274
274
274
274
274
274
274
274
274
274
274
274
274
274
274
274
274
274
274
274
274
274
274
274
274
274
274
274
274
274
274
274
274
274
274
274
274
274
274
274
274
274
274
274
274
274
274
274
274
274
274
274
274
274.002
274.087
278.872
472.172
1043.93
1197.21
1204.37
1245.4
1318.45
1405.07
1505.79
1621.86
1771.8
1880
1899.34
1860.15
1830.6
1807.45
1749.86
1577.6
1430.95
1392.14
1338.27
1333.61
1352.29
1397.84
1467.89
1499.25
1602.22
1719.92
1811.09
2015.06
274
274
274
274
274
274
274
274
274
274
274
274
274
274
274
274
274
274
274
274
274
274
274
274
274
274
274
274
274
274
274
274
274
274
274
274
274
274
274
274
274
274
274
274
274
274
274
274
274
274
274
274
274
274
274
274
274
274
274
274
274
274
274
274
274
274
274
274
274
274
274
274
274
274
274
274
274
274
274
274
274
274
274
274
274
274
274
274
274
274
274
274
274
274.003
274.206
285.088
577.363
1123.93
1218.22
1224.18
1256.39
1325.54
1420.47
1526.59
1642.96
1788.38
1882.06
1898.56
1856.64
1835.1
1812.06
1758.77
1616.37
1458.34
1411.89
1374.28
1358.56
1373.32
1424.7
1501.22
1534.88
1629.62
1784.91
1955.02
2079.16
274
274
274
274
274
274
274
274
274
274
274
274
274
274
274
274
274
274
274
274
274
274
274
274
274
274
274
274
274
274
274
274
274
274
274
274
274
274
274
274
274
274
274
274
274
274
274
274
274
274
274
274
274
274
274
274
274
274
274
274
274
274
274
274
274
274
274
274
274
274
274
274
274
274
274
274
274
274
274
274
274
274
274
274
274
274
274
274
274
274
274
274
274
274.01
274.686
314.249
769.752
1212.84
1239.96
1239.74
1272.83
1348.9
1447.33
1554.54
1672.04
1817.08
1887
1890.47
1854.91
1838.6
1815.35
1770.74
1703.66
1559.91
1473.78
1457.22
1416.88
1389.89
1433.88
1525.02
1565.96
1635.25
1745.39
1882.05
2127.06
274
274
274
274
274
274
274
274
274
274
274
274
274
274
274
274
274
274
274
274
274
274
274
274
274
274
274
274
274
274
274
274
274
274
274
274
274
274
274
274
274
274
274
274
274
274
274
274
274
274
274
274
274
274
274
274
274
274
274
274
274
274
274
274
274
274
274
274
274
274
274
274
274
274
274
274
274
274
274
274
274
274
274
274
274
274
274
274
274
274
274
274
274.001
274.05
277.02
418.117
1008.45
1250.46
1259.12
1271.84
1316.12
1392.35
1480.76
1578.43
1706.71
1844.85
1888.83
1881.52
1857.97
1835.63
1805.91
1779.55
1743.5
1640.37
1566.67
1528.46
1487.21
1438.53
1429.27
1534.09
1575.87
1628.88
1743.4
1861.82
2018.67
274
274
274
274
274
274
274
274
274
274
274
274
274
274
274
274
274
274
274
274
274
274
274
274
274
274
274
274
274
274
274
274
274
274
274
274
274
274
274
274
274
274
274
274
274
274
274
274
274
274
274
274
274
274
274
274
274
274
274
274
274
274
274
274
274
274
274
274
274
274
274
274
274
274
274
274
274
274
274
274
274
274
274
274
274
274
274
274
274
274
274
274
274.003
274.231
286.226
591.354
1168.77
1279.2
1291.19
1316.8
1362.15
1427.88
1508.36
1613.99
1755.1
1861.15
1884.75
1871.72
1848.21
1837.53
1834.59
1812.93
1778.6
1743.89
1654.47
1601.19
1596.31
1553.52
1503.7
1588.84
1638.64
1682.71
1750.94
1831.56
1907.55
274
274
274
274
274
274
274
274
274
274
274
274
274
274
274
274
274
274
274
274
274
274
274
274
274
274
274
274
274
274
274
274
274
274
274
274
274
274
274
274
274
274
274
274
274
274
274
274
274
274
274
274
274
274
274
274
274
274
274
274
274
274
274
274
274
274
274
274
274
274
274
274
274
274
274
274
274
274
274
274
274
274
274
274
274
274
274
274
274
274
274
274
274.012
274.8
319.469
786.285
1253.41
1302.52
1315.48
1342.26
1382.97
1440.14
1520.69
1643.97
1793.16
1861.97
1877.18
1863.59
1857.85
1859.36
1849.58
1822.79
1792.44
1784.02
1760.31
1699
1669.75
1661.18
1583.7
1622.17
1690.71
1725.56
1776.44
1797.91
1866.21
274
274
274
274
274
274
274
274
274
274
274
274
274
274
274
274
274
274
274
274
274
274
274
274
274
274
274
274
274
274
274
274
274
274
274
274
274
274
274
274
274
274
274
274
274
274
274
274
274
274
274
274
274
274
274
274
274
274
274
274
274
274
274
274
274
274
274
274
274
274
274
274
274
274
274
274
274
274
274
274
274
274
274
274
274
274
274
274
274
274
274
274.001
274.043
276.55
398.299
982.194
1294.29
1323.37
1340.73
1365.77
1397.13
1446.02
1533.8
1676.93
1822.93
1876.3
1883.76
1880.15
1887.49
1895.64
1891.43
1880.46
1861.4
1838.65
1829.81
1822.69
1759.42
1738.19
1729.5
1690.05
1753.24
1765.64
1807.51
1829.36
1871.36
274
274
274
274
274
274
274
274
274
274
274
274
274
274
274
274
274
274
274
274
274
274
274
274
274
274
274
274
274
274
274
274
274
274
274
274
274
274
274
274
274
274
274
274
274
274
274
274
274
274
274
274
274
274
274
274
274
274
274
274
274
274
274
274
274
274
274
274
274
274
274
274
274
274
274
274
274
274
274
274
274
274
274
274
274
274
274
274
274
274
274
274.002
274.136
281.177
512.318
1123.61
1317.25
1340.65
1362.52
1386.48
1414.12
1462.51
1555.45
1702.19
1834.7
1879.57
1879.05
1881.28
1895.13
1900.8
1896.09
1887.07
1879.09
1899.6
1917.07
1925.46
1929.81
1872.26
1786.63
1850.67
1803.89
1838.8
1845.61
1864.8
1880.97
274
274
274
274
274
274
274
274
274
274
274
274
274
274
274
274
274
274
274
274
274
274
274
274
274
274
274
274
274
274
274
274
274
274
274
274
274
274
274
274
274
274
274
274
274
274
274
274
274
274
274
274
274
274
274
274
274
274
274
274
274
274
274
274
274
274
274
274
274
274
274
274
274
274
274
274
274
274
274
274
274
274
274
274
274
274
274
274
274
274
274
274.005
274.361
292.377
640.315
1221.89
1343.87
1368.53
1395
1413.43
1443.85
1482.81
1564.17
1707.08
1835.87
1881.1
1886.76
1897.14
1920.22
1926.37
1919.01
1907.89
1929.6
1979.16
2011.71
2052.71
2070.55
2076.41
1981.05
1922.02
1906.29
1908.58
1905.18
1923.98
1951.48
274
274
274
274
274
274
274
274
274
274
274
274
274
274
274
274
274
274
274
274
274
274
274
274
274
274
274
274
274
274
274
274
274
274
274
274
274
274
274
274
274
274
274
274
274
274
274
274
274
274
274
274
274
274
274
274
274
274
274
274
274
274
274
274
274
274
274
274
274
274
274
274
274
274
274
274
274
274
274
274
274
274
274
274
274
274
274
274
274
274
274
274.012
274.787
316.453
765.072
1279.71
1363.71
1387.54
1413.69
1432.01
1459.35
1494.62
1567.56
1710.24
1842.87
1881.81
1887.59
1908.51
1941.25
1949.93
1939.09
1949.95
1998.98
2037.97
2100.05
2158.4
2199.44
2204.52
2204.7
2095.93
2041.87
1966.67
1991.95
2002.89
2014.15
274
274
274
274
274
274
274
274
274
274
274
274
274
274
274
274
274
274
274
274
274
274
274
274
274
274
274
274
274
274
274
274
274
274
274
274
274
274
274
274
274
274
274
274
274
274
274
274
274
274
274
274
274
274
274
274
274
274
274
274
274
274
274
274
274
274
274
274
274
274
274
274
274
274
274
274
274
274
274
274
274
274
274
274
274
274
274
274
274
274
274.001
274.025
275.526
353.91
880.731
1314.03
1374.07
1394.07
1418.85
1439.52
1462.98
1493.87
1564.69
1707.16
1847.87
1884.97
1891.49
1919.48
1956.24
1964.79
1960.31
2001.5
2043.95
2084.4
2144.27
2238.38
2291.2
2317.8
2335.36
2316.72
2181.97
2081.94
2021.34
2053.08
2055.25
274
274
274
274
274
274
274
274
274
274
274
274
274
274
274
274
274
274
274
274
274
274
274
274
274
274
274
274
274
274
274
274
274
274
274
274
274
274
274
274
274
274
274
274
274
274
274
274
274
274
274
274
274
274
274
274
274
274
274
274
274
274
274
274
274
274
274
274
274
274
274
274
274
274
274
274
274
274
274
274
274
274
274
274
274
274
274
274
274
274
274.001
274.044
276.508
391.788
961.193
1328.13
1378.29
1400.24
1429.03
1448.9
1457.41
1479.06
1553.8
1702.3
1848.33
1887.11
1897.57
1925.01
1964.87
1977.33
1991.41
2027.99
2069.44
2121.55
2186.81
2268.43
2343.07
2365.71
2395.58
2413.86
2327.74
2176.41
2112.47
2089.36
2067.46
274
274
274
274
274
274
274
274
274
274
274
274
274
274
274
274
274
274
274
274
274
274
274
274
274
274
274
274
274
274
274
274
274
274
274
274
274
274
274
274
274
274
274
274
274
274
274
274
274
274
274
274
274
274
274
274
274
274
274
274
274
274
274
274
274
274
274
274
274
274
274
274
274
274
274
274
274
274
274
274
274
274
274
274
274
274
274
274
274
274
274.001
274.07
277.728
427.833
1022.08
1336.48
1380.85
1406.68
1440.29
1450.48
1452.47
1471.81
1548.34
1694.19
1848.87
1892.04
1905.02
1927.51
1965.53
1992.28
2013.43
2039.09
2079.69
2138.91
2207.02
2273.77
2343.47
2409.24
2445.89
2473.62
2484.01
2340.02
2251.93
2067.35
2019.5
274
274
274
274
274
274
274
274
274
274
274
274
274
274
274
274
274
274
274
274
274
274
274
274
274
274
274
274
274
274
274
274
274
274
274
274
274
274
274
274
274
274
274
274
274
274
274
274
274
274
274
274
274
274
274
274
274
274
274
274
274
274
274
274
274
274
274
274
274
274
274
274
274
274
274
274
274
274
274
274
274
274
274
274
274
274
274
274
274
274
274.002
274.096
278.96
457.431
1065.13
1346.44
1388.01
1420.7
1453.13
1456.15
1453.84
1469.91
1546.2
1691.7
1848.79
1893.52
1907.19
1927.93
1964.76
1997.39
2020.52
2040.94
2079.24
2139.66
2203.87
2263.14
2331.01
2413.25
2500.02
2563.76
2586.53
2589.56
2264.25
2055.76
1825.46
274
274
274
274
274
274
274
274
274
274
274
274
274
274
274
274
274
274
274
274
274
274
274
274
274
274
274
274
274
274
274
274
274
274
274
274
274
274
274
274
274
274
274
274
274
274
274
274
274
274
274
274
274
274
274
274
274
274
274
274
274
274
274
274
274
274
274
274
274
274
274
274
274
274
274
274
274
274
274
274
274
274
274
274
274
274
274
274
274
274
274.002
274.11
279.579
471.079
1083.26
1349.95
1389.44
1427.52
1458.47
1459.46
1456.02
1471.51
1546.8
1691.38
1848.49
1893.45
1907.02
1926.71
1962.53
1996.07
2018.2
2035.24
2070.71
2130.01
2192.35
2253.57
2324.47
2412.56
2515.95
2620.28
2666.09
2682.83
2448.42
2129.99
1829.95
274
274
274
274
274
274
274
274
274
274
274
274
274
274
274
274
274
274
274
274
274
274
274
274
274
274
274
274
274
274
274
274
274
274
274
274
274
274
274
274
274
274
274
274
274
274
274
274
274
274
274
274
274
274
274
274
274
274
274
274
274
274
274
274
274
274
274
274
274
274
274
274
274
274
274
274
274
274
274
274
274
274
274
274
274
274
274
274
274
274
274.002
274.097
278.99
458.11
1066.09
1346.58
1388.1
1421.2
1453.44
1456.23
1453.74
1469.71
1546.04
1691.74
1848.95
1893.53
1907.22
1928.03
1964.68
1995.79
2018.61
2039.52
2077.65
2137
2201.73
2263.56
2332.52
2411.96
2502.71
2576.98
2607.46
2614.49
2314.11
2106.62
1829.71
274
274
274
274
274
274
274
274
274
274
274
274
274
274
274
274
274
274
274
274
274
274
274
274
274
274
274
274
274
274
274
274
274
274
274
274
274
274
274
274
274
274
274
274
274
274
274
274
274
274
274
274
274
274
274
274
274
274
274
274
274
274
274
274
274
274
274
274
274
274
274
274
274
274
274
274
274
274
274
274
274
274
274
274
274
274
274
274
274
274
274.001
274.07
277.763
428.717
1023.34
1336.61
1380.95
1407.29
1440.98
1450.47
1452.18
1471.4
1548.24
1694.98
1849.25
1891.81
1904.7
1927.75
1965.37
1989.53
2009.89
2036.31
2075.97
2133.63
2203.28
2275.62
2348.96
2408.54
2456.43
2476.87
2481.89
2382.61
2260.15
2043.21
1991.79
274
274
274
274
274
274
274
274
274
274
274
274
274
274
274
274
274
274
274
274
274
274
274
274
274
274
274
274
274
274
274
274
274
274
274
274
274
274
274
274
274
274
274
274
274
274
274
274
274
274
274
274
274
274
274
274
274
274
274
274
274
274
274
274
274
274
274
274
274
274
274
274
274
274
274
274
274
274
274
274
274
274
274
274
274
274
274
274
274
274
274.001
274.045
276.53
392.5
962.395
1328.2
1378.36
1400.6
1430.03
1449.11
1457.02
1478.57
1554.13
1703.75
1848.89
1887.11
1897.1
1926.27
1964.73
1974.03
1987.32
2023.88
2063.75
2116.07
2184.84
2266.16
2349.14
2372.79
2404.34
2420.87
2370.43
2191.6
2112.86
2073.83
2050.4
274
274
274
274
274
274
274
274
274
274
274
274
274
274
274
274
274
274
274
274
274
274
274
274
274
274
274
274
274
274
274
274
274
274
274
274
274
274
274
274
274
274
274
274
274
274
274
274
274
274
274
274
274
274
274
274
274
274
274
274
274
274
274
274
274
274
274
274
274
274
274
274
274
274
274
274
274
274
274
274
274
274
274
274
274
274
274
274
274
274
274.001
274.026
275.542
354.617
882.506
1314.66
1374.35
1394.3
1419.19
1439.8
1462.52
1493.22
1565.02
1708.91
1849.87
1885.82
1891.42
1921.33
1956.86
1963.99
1957.82
1996.82
2037.51
2077.95
2139.11
2241.58
2299.89
2326.01
2342.23
2326.46
2174.21
2083.95
2021.1
2050.23
2057.94
274
274
274
274
274
274
274
274
274
274
274
274
274
274
274
274
274
274
274
274
274
274
274
274
274
274
274
274
274
274
274
274
274
274
274
274
274
274
274
274
274
274
274
274
274
274
274
274
274
274
274
274
274
274
274
274
274
274
274
274
274
274
274
274
274
274
274
274
274
274
274
274
274
274
274
274
274
274
274
274
274
274
274
274
274
274
274
274
274
274
274
274.012
274.797
316.997
767.265
1280.92
1364.48
1388.16
1414.33
1432.83
1459.79
1495.23
1568.84
1713.16
1846.17
1883.49
1888.18
1911.02
1943.09
1949.92
1937.13
1945.56
1990.39
2029.05
2095.97
2174.4
2208.78
2215.27
2204.28
2078.13
2019.75
1956.4
1984.39
2007.89
2023.03
274
274
274
274
274
274
274
274
274
274
274
274
274
274
274
274
274
274
274
274
274
274
274
274
274
274
274
274
274
274
274
274
274
274
274
274
274
274
274
274
274
274
274
274
274
274
274
274
274
274
274
274
274
274
274
274
274
274
274
274
274
274
274
274
274
274
274
274
274
274
274
274
274
274
274
274
274
274
274
274
274
274
274
274
274
274
274
274
274
274
274
274.006
274.366
292.668
642.628
1223.84
1345.2
1370.09
1396.81
1415.15
1445.47
1484.72
1566.04
1711.61
1841.32
1883.5
1887.65
1898.86
1920.92
1924.93
1914.1
1901.36
1921.57
1962.49
2016.47
2060.05
2073.96
2075.23
1955.78
1894.39
1890.08
1888.17
1903.44
1928.08
1965.13
274
274
274
274
274
274
274
274
274
274
274
274
274
274
274
274
274
274
274
274
274
274
274
274
274
274
274
274
274
274
274
274
274
274
274
274
274
274
274
274
274
274
274
274
274
274
274
274
274
274
274
274
274
274
274
274
274
274
274
274
274
274
274
274
274
274
274
274
274
274
274
274
274
274
274
274
274
274
274
274
274
274
274
274
274
274
274
274
274
274
274
274.002
274.139
281.292
514.542
1126.25
1318.6
1342.1
1364.16
1387.96
1415.44
1463.93
1557.96
1708.36
1841.7
1883.88
1881.88
1884.16
1896.96
1900.07
1892.58
1875.6
1866.85
1892.37
1907.85
1915.44
1921.84
1853.33
1759.81
1807.47
1767.9
1814.29
1820.46
1854.63
1869.41
274
274
274
274
274
274
274
274
274
274
274
274
274
274
274
274
274
274
274
274
274
274
274
274
274
274
274
274
274
274
274
274
274
274
274
274
274
274
274
274
274
274
274
274
274
274
274
274
274
274
274
274
274
274
274
274
274
274
274
274
274
274
274
274
274
274
274
274
274
274
274
274
274
274
274
274
274
274
274
274
274
274
274
274
274
274
274
274
274
274
274
274.001
274.044
276.588
399.803
985.488
1295.92
1324.86
1342.23
1366.94
1397.88
1446.96
1536.34
1682.87
1829.43
1880.95
1887.73
1883.17
1889.98
1895.04
1887.54
1873.08
1852.28
1827.22
1817.3
1803.83
1730.85
1712.53
1696.45
1651.15
1709.78
1728.61
1773.2
1790.35
1838.75
274
274
274
274
274
274
274
274
274
274
274
274
274
274
274
274
274
274
274
274
274
274
274
274
274
274
274
274
274
274
274
274
274
274
274
274
274
274
274
274
274
274
274
274
274
274
274
274
274
274
274
274
274
274
274
274
274
274
274
274
274
274
274
274
274
274
274
274
274
274
274
274
274
274
274
274
274
274
274
274
274
274
274
274
274
274
274
274
274
274
274
274
274.012
274.81
320.19
789.42
1255.67
1304.59
1317.46
1343.72
1383.55
1440.72
1522.75
1649.45
1800.49
1867.24
1882.38
1868.05
1861.26
1860.31
1846.69
1816.39
1785.17
1775.32
1737.39
1671.42
1637.45
1622.44
1538.06
1582.33
1635.28
1688.2
1726.2
1746.34
1814.47
274
274
274
274
274
274
274
274
274
274
274
274
274
274
274
274
274
274
274
274
274
274
274
274
274
274
274
274
274
274
274
274
274
274
274
274
274
274
274
274
274
274
274
274
274
274
274
274
274
274
274
274
274
274
274
274
274
274
274
274
274
274
274
274
274
274
274
274
274
274
274
274
274
274
274
274
274
274
274
274
274
274
274
274
274
274
274
274
274
274
274
274
274.003
274.233
286.393
593.531
1171.45
1281.51
1293.59
1318.82
1363.16
1428.54
1510.44
1619.3
1763.59
1866.16
1889.69
1878.35
1853.63
1837.28
1831.42
1805.05
1767.06
1726.7
1631.17
1571.02
1567.84
1527.48
1483.91
1561.76
1614.45
1667.74
1720.36
1822.45
1892.03
274
274
274
274
274
274
274
274
274
274
274
274
274
274
274
274
274
274
274
274
274
274
274
274
274
274
274
274
274
274
274
274
274
274
274
274
274
274
274
274
274
274
274
274
274
274
274
274
274
274
274
274
274
274
274
274
274
274
274
274
274
274
274
274
274
274
274
274
274
274
274
274
274
274
274
274
274
274
274
274
274
274
274
274
274
274
274
274
274
274
274
274
274.001
274.051
277.06
419.66
1011.53
1252.98
1261.75
1274.01
1317.17
1393.04
1482.64
1583.09
1715.17
1851.6
1892.93
1886.76
1862.32
1836.69
1803.44
1770.47
1727.21
1610.68
1530.35
1489.96
1464.28
1422.58
1411.87
1512.61
1553.4
1626.2
1734.58
1849.84
2025.72
274
274
274
274
274
274
274
274
274
274
274
274
274
274
274
274
274
274
274
274
274
274
274
274
274
274
274
274
274
274
274
274
274
274
274
274
274
274
274
274
274
274
274
274
274
274
274
274
274
274
274
274
274
274
274
274
274
274
274
274
274
274
274
274
274
274
274
274
274
274
274
274
274
274
274
274
274
274
274
274
274
274
274
274
274
274
274
274
274
274
274
274
274
274.01
274.693
314.843
772.693
1215.53
1242.67
1242.11
1274.24
1349.33
1448.35
1557.9
1679.52
1825.36
1892.95
1896.16
1860.86
1841.94
1813.85
1761.67
1671.64
1525.54
1447.02
1433.85
1402.34
1381.28
1443.07
1514.66
1550.66
1639.41
1746.52
1872.65
2136.9
274
274
274
274
274
274
274
274
274
274
274
274
274
274
274
274
274
274
274
274
274
274
274
274
274
274
274
274
274
274
274
274
274
274
274
274
274
274
274
274
274
274
274
274
274
274
274
274
274
274
274
274
274
274
274
274
274
274
274
274
274
274
274
274
274
274
274
274
274
274
274
274
274
274
274
274
274
274
274
274
274
274
274
274
274
274
274
274
274
274
274
274
274
274.003
274.207
285.213
579.521
1127.22
1220.92
1225.76
1256.92
1325.75
1421.35
1529.61
1649.11
1797.21
1891.83
1904.18
1863.85
1839.27
1810.67
1748.27
1574.37
1435.53
1389.29
1355.18
1342.52
1376.08
1433.83
1494.44
1526.61
1633.12
1795.75
1946.01
2088.35
274
274
274
274
274
274
274
274
274
274
274
274
274
274
274
274
274
274
274
274
274
274
274
274
274
274
274
274
274
274
274
274
274
274
274
274
274
274
274
274
274
274
274
274
274
274
274
274
274
274
274
274
274
274
274
274
274
274
274
274
274
274
274
274
274
274
274
274
274
274
274
274
274
274
274
274
274
274
274
274
274
274
274
274
274
274
274
274
274
274
274
274
274
274.002
274.088
278.918
473.855
1047.38
1200.06
1205.88
1245.65
1318.71
1406.45
1508.47
1627.05
1779.32
1890.08
1906.18
1869.28
1835.23
1806.33
1738.37
1536.36
1409.19
1368.91
1311.15
1315.33
1360.89
1404.63
1464.4
1493.47
1606.52
1729.55
1811.25
2021.19
274
274
274
274
274
274
274
274
274
274
274
274
274
274
274
274
274
274
274
274
274
274
274
274
274
274
274
274
274
274
274
274
274
274
274
274
274
274
274
274
274
274
274
274
274
274
274
274
274
274
274
274
274
274
274
274
274
274
274
274
274
274
274
274
274
274
274
274
274
274
274
274
274
274
274
274
274
274
274
274
274
274
274
274
274
274
274
274
274
274
274
274
274
274
274.007
274.544
307.531
737.397
1159.02
1174.71
1179.62
1243.33
1349.45
1458.87
1563.38
1674.4
1830.98
1893.56
1873.42
1797.7
1727.9
1632.77
1362.95
1258.15
1204.6
1149.44
1169.74
1178.4
1243.3
1270.7
1305.31
1403.16
1573.52
1720.02
1639.07
274
274
274
274
274
274
274
274
274
274
274
274
274
274
274
274
274
274
274
274
274
274
274
274
274
274
274
274
274
274
274
274
274
274
274
274
274
274
274
274
274
274
274
274
274
274
274
274
274
274
274
274
274
274
274
274
274
274
274
274
274
274
274
274
274
274
274
274
274
274
274
274
274
274
274
274
274
274
274
274
274
274
274
274
274
274
274
274
274
274
274
274
274
274
274
274.009
274.951
331.328
790.997
1120.34
1139.83
1166.93
1242.22
1348.26
1480.1
1600.34
1693.39
1801.94
1852.31
1820.08
1766.52
1692.62
1514.8
1442.39
1299.9
1264.65
1274.71
1277.76
1340.05
1357.51
1403.03
1530.42
1600.05
1436.99
1362.66
274
274
274
274
274
274
274
274
274
274
274
274
274
274
274
274
274
274
274
274
274
274
274
274
274
274
274
274
274
274
274
274
274
274
274
274
274
274
274
274
274
274
274
274
274
274
274
274
274
274
274
274
274
274
274
274
274
274
274
274
274
274
274
274
274
274
274
274
274
274
274
274
274
274
274
274
274
274
274
274
274
274
274
274
274
274
274
274
274
274
274
274
274
274
274
274
274.02
275.517
348.591
810.394
1077.97
1091.76
1120.39
1183.82
1291.42
1439.47
1571.93
1656.79
1740.85
1778.32
1757.03
1705.03
1577.19
1541.38
1344.29
1302.14
1303.36
1292.83
1339.18
1365.65
1407.36
1478.18
1483.4
1347.37
1355.93
274
274
274
274
274
274
274
274
274
274
274
274
274
274
274
274
274
274
274
274
274
274
274
274
274
274
274
274
274
274
274
274
274
274
274
274
274
274
274
274
274
274
274
274
274
274
274
274
274
274
274
274
274
274
274
274
274
274
274
274
274
274
274
274
274
274
274
274
274
274
274
274
274
274
274
274
274
274
274
274
274
274
274
274
274
274
274
274
274
274
274
274
274
274
274
274
274
274.028
275.786
351.404
789.288
1029.99
1044.31
1072.59
1133.33
1248.65
1409.61
1546.47
1592.26
1626.79
1632.46
1635.49
1613.76
1680.71
1621.27
1536.54
1533.36
1516.82
1499.36
1579.65
1655.43
1712.97
1700.63
1518.43
1489.23
274
274
274
274
274
274
274
274
274
274
274
274
274
274
274
274
274
274
274
274
274
274
274
274
274
274
274
274
274
274
274
274
274
274
274
274
274
274
274
274
274
274
274
274
274
274
274
274
274
274
274
274
274
274
274
274
274
274
274
274
274
274
274
274
274
274
274
274
274
274
274
274
274
274
274
274
274
274
274
274
274
274
274
274
274
274
274
274
274
274
274
274
274
274
274
274
274
274
274.033
275.685
339.071
736.586
982.756
996.326
1021.32
1087.41
1203.11
1363.67
1498.78
1528.39
1506.78
1501.07
1516.01
1594.16
1662.24
1672.69
1727.4
1854.07
1914.6
1975.14
1935.88
1829.32
1716.55
1596.96
1359
274
274
274
274
274
274
274
274
274
274
274
274
274
274
274
274
274
274
274
274
274
274
274
274
274
274
274
274
274
274
274
274
274
274
274
274
274
274
274
274
274
274
274
274
274
274
274
274
274
274
274
274
274
274
274
274
274
274
274
274
274
274
274
274
274
274
274
274
274
274
274
274
274
274
274
274
274
274
274
274
274
274
274
274
274
274
274
274
274
274
274
274
274
274
274
274
274
274
274
274.031
275.282
316.706
648.56
924.981
948.286
970.768
1036.68
1138.95
1282.24
1409.48
1428.9
1431.58
1437.46
1443.52
1463.34
1448.82
1477.76
1581.38
1661.31
1752.76
1763.42
1683.15
1511.84
1184.66
977.043
274
274
274
274
274
274
274
274
274
274
274
274
274
274
274
274
274
274
274
274
274
274
274
274
274
274
274
274
274
274
274
274
274
274
274
274
274
274
274
274
274
274
274
274
274
274
274
274
274
274
274
274
274
274
274
274
274
274
274
274
274
274
274
274
274
274
274
274
274
274
274
274
274
274
274
274
274
274
274
274
274
274
274
274
274
274
274
274
274
274
274
274
274
274
274
274
274
274
274
274
274.026
274.806
296.044
532.534
838.697
898.227
920.775
975.257
1056.21
1148.56
1232.74
1299.66
1321.81
1324.21
1318.79
1299.88
1294.79
1294.5
1287.43
1287.23
1227.15
1138.33
949.312
755.399
652.07
274
274
274
274
274
274
274
274
274
274
274
274
274
274
274
274
274
274
274
274
274
274
274
274
274
274
274
274
274
274
274
274
274
274
274
274
274
274
274
274
274
274
274
274
274
274
274
274
274
274
274
274
274
274
274
274
274
274
274
274
274
274
274
274
274
274
274
274
274
274
274
274
274
274
274
274
274
274
274
274
274
274
274
274
274
274
274
274
274
274
274
274
274
274
274
274
274
274
274
274
274
274.019
274.435
283.391
411.937
714.333
843.907
870.764
907.678
952.524
995.704
1042.27
1066.69
1067.31
1051.85
1030.38
1008.36
979.175
941.519
898.783
838.953
760.468
674.853
564.43
502.11
274
274
274
274
274
274
274
274
274
274
274
274
274
274
274
274
274
274
274
274
274
274
274
274
274
274
274
274
274
274
274
274
274
274
274
274
274
274
274
274
274
274
274
274
274
274
274
274
274
274
274
274
274
274
274
274
274
274
274
274
274
274
274
274
274
274
274
274
274
274
274
274
274
274
274
274
274
274
274
274
274
274
274
274
274
274
274
274
274
274
274
274
274
274
274
274
274
274
274
274
274
274
274.011
274.208
277.283
320.112
536.7
748.682
805.496
830.712
851.126
862.344
864.699
852.477
830.389
808.064
783.354
753.869
717.488
678.434
637.002
588.37
538.73
478.434
437.502
274
274
274
274
274
274
274
274
274
274
274
274
274
274
274
274
274
274
274
274
274
274
274
274
274
274
274
274
274
274
274
274
274
274
274
274
274
274
274
274
274
274
274
274
274
274
274
274
274
274
274
274
274
274
274
274
274
274
274
274
274
274
274
274
274
274
274
274
274
274
274
274
274
274
274
274
274
274
274
274
274
274
274
274
274
274
274
274
274
274
274
274
274
274
274
274
274
274
274
274
274
274
274
274.005
274.088
275.035
285.596
370.503
559.608
700.096
740.464
750.737
747.073
727.783
699.625
679.101
657.8
630.087
602.268
570.124
540.191
504.841
470.914
434.11
406.964
274
274
274
274
274
274
274
274
274
274
274
274
274
274
274
274
274
274
274
274
274
274
274
274
274
274
274
274
274
274
274
274
274
274
274
274
274
274
274
274
274
274
274
274
274
274
274
274
274
274
274
274
274
274
274
274
274
274
274
274
274
274
274
274
274
274
274
274
274
274
274
274
274
274
274
274
274
274
274
274
274
274
274
274
274
274
274
274
274
274
274
274
274
274
274
274
274
274
274
274
274
274
274
274
274.002
274.033
274.325
276.647
292.002
360.658
495.065
600.153
645.018
646.801
628.784
608.888
587.241
561.068
536.804
510.197
486.242
459.057
435.105
412.028
392.048
274
274
274
274
274
274
274
274
274
274
274
274
274
274
274
274
274
274
274
274
274
274
274
274
274
274
274
274
274
274
274
274
274
274
274
274
274
274
274
274
274
274
274
274
274
274
274
274
274
274
274
274
274
274
274
274
274
274
274
274
274
274
274
274
274
274
274
274
274
274
274
274
274
274
274
274
274
274
274
274
274
274
274
274
274
274
274
274
274
274
274
274
274
274
274
274
274
274
274
274
274
274
274
274
274
274.001
274.011
274.092
274.592
277.086
287.653
316.225
383.997
470.999
518.843
529.16
523.277
506.061
487.121
463.701
442.479
413.956
386.922
353.867
315.868
274
274
274
274
274
274
274
274
274
274
274
274
274
274
274
274
274
274
274
274
274
274
274
274
274
274
274
274
274
274
274
274
274
274
274
274
274
274
274
274
274
274
274
274
274
274
274
274
274
274
274
274
274
274
274
274
274
274
274
274
274
274
274
274
274
274
274
274
274
274
274
274
274
274
274
274
274
274
274
274
274
274
274
274
274
274
274
274
274
274
274
274
274
274
274
274
274
274
274
274
274
274
274
274
274
274
274
274.003
274.024
274.127
274.553
275.95
279.717
288.443
300.988
312.455
324.303
332.14
330.164
318.128
306.216
295.31
288.68
282.498
278.217
274
274
274
274
274
274
274
274
274
274
274
274
274
274
274
274
274
274
274
274
274
274
274
274
274
274
274
274
274
274
274
274
274
274
274
274
274
274
274
274
274
274
274
274
274
274
274
274
274
274
274
274
274
274
274
274
274
274
274
274
274
274
274
274
274
274
274
274
274
274
274
274
274
274
274
274
274
274
274
274
274
274
274
274
274
274
274
274
274
274
274
274
274
274
274
274
274
274
274
274
274
274
274
274
274
274
274
274
274.001
274.005
274.028
274.1
274.291
274.741
275.56
276.582
277.523
278.161
278.251
277.808
277.194
276.302
275.587
274.904
274.46
274
274
274
274
274
274
274
274
274
274
274
274
274
274
274
274
274
274
274
274
274
274
274
274
274
274
274
274
274
274
274
274
274
274
274
274
274
274
274
274
274
274
274
274
274
274
274
274
274
274
274
274
274
274
274
274
274
274
274
274
274
274
274
274
274
274
274
274
274
274
274
274
274
274
274
274
274
274
274
274
274
274
274
274
274
274
274
274
274
274
274
274
274
274
274
274
274
274
274
274
274
274
274
274
274
274
274
274
274
274
274.001
274.004
274.017
274.046
274.097
274.167
274.242
274.308
274.336
274.326
274.293
274.226
274.165
274.1
274.054
274
274
274
274
274
274
274
274
274
274
274
274
274
274
274
274
274
274
274
274
274
274
274
274
274
274
274
274
274
274
274
274
274
274
274
274
274
274
274
274
274
274
274
274
274
274
274
274
274
274
274
274
274
274
274
274
274
274
274
274
274
274
274
274
274
274
274
274
274
274
274
274
274
274
274
274
274
274
274
274
274
274
274
274
274
274
274
274
274
274
274
274
274
274
274
274
274
274
274
274
274
274
274
274
274
274
274
274
274
274
274
274
274
274.002
274.005
274.011
274.018
274.025
274.029
274.03
274.028
274.022
274.016
274.009
274.005
274
274
274
274
274
274
274
274
274
274
274
274
274
274
274
274
274
274
274
274
274
274
274
274
274
274
274
274
274
274
274
274
274
274
274
274
274
274
274
274
274
274
274
274
274
274
274
274
274
274
274
274
274
274
274
274
274
274
274
274
274
274
274
274
274
274
274
274
274
274
274
274
274
274
274
274
274
274
274
274
274
274
274
274
274
274
274
274
274
274
274
274
274
274
274
274
274
274
274
274
274
274
274
274
274
274
274
274
274
274
274
274
274
274
274
274
274.001
274.001
274.002
274.002
274.002
274.001
274.001
274.001
274
274
274
274
274
274
274
274
274
274
274
274
274
274
274
274
274
274
274
274
274
274
274
274
274
274
274
274
274
274
274
274
274
274
274
274
274
274
274
274
274
274
274
274
274
274
274
274
274
274
274
274
274
274
274
274
274
274
274
274
274
274
274
274
274
274
274
274
274
274
274
274
274
274
274
274
274
274
274
274
274
274
274
274
274
274
274
274
274
274
274
274
274
274
274
274
274
274
274
274
274
274
274
274
274
274
274
274
274
274
274
274
274
274
274
274
274
274
274
274
274
274
274
274
274
274
274
274
274
274
274
274
274
274
274
274
274
274
274
274
274
274
274
274
274
274
274
274
274
274
274
274
274
274
274
274
274
274
274
274
274
274
274
274
274
274
274
274
274
274
274
274
274
274
274
274
274
274
274
274
274
274
274
274
274
274
274
274
274
274
274
274
274
274
274
274
274
274
274
274
274
274
274
274
274
274
274
274
274
274
274
274
274
274
274
274
274
274
274
274
274
274
274
274
274
274
274
274
274
274
274
274
274
274
274
274
274
274
274
274
274
274
274
274
274
274
274
274
274
274
274
274
274
274
274
274
274
274
274
274
274
274
274
274
274
274
274
274
274
274
274
274
274
274
274
274
274
274
274
274
274
274
274
274
274
274
274
274
274
274
274
274
274
274
274
274
274
274
274
274
274
274
274
274
274
274
274
274
274
274
274
274
274
274
274
274
274
274
274
274
274
274
274
274
274
274
274
274
274
274
274
274
274
274
274
274
274
274
274
274
274
274
274
274
274
274
274
274
274
274
274
274
274
274
274
274
274
274
274
274
274
274
274
274
274
274
274
274
274
274
274
274
274
274
274
274
274
274
274
274
274
274
274
274
274
274
274
274
274
274
274
274
274
274
274
274
274
274
274
274
274
274
274
274
274
274
274
274
274
274
274
274
274
274
274
274
274
274
274
274
274
274
274
274
274
274
274
274
274
274
274
274
274
274
274
274
274
274
274
274
274
274
274
274
274
274
274
274
274
274
274
274
274
274
274
274
274
274
274
274
274
274
274
274
274
274
274
274
274
274
274
274
274
274
274
274
274
274
274
274
274
274
274
274
274
274
274
274
274
274
274
274
274
274
274
274
274
274
274
274
274
274
274
274
274
274
274
274
274
274
274
274
274
274
274
274
274
274
274
274
274
274
274
274
274
274
274
274
274
274
274
274
274
274
274
274
274
274
274
274
274
274
274
274
274
274
274
274
274
274
274
274
274
274
274
274
274
274
274
274
274
274
274
274
274
274
274
274
274
274
274
274
274
274
274
274
274
274
274
274
274
274
274
274
274
274
274
274
274
274
274
274
274
274
274
274
274
274
274
274
274
274
274
274
274
274
274
274
274
274
274
274
274
274
274
274
274
274
274
274
274
274
274
274
274
274
274
274
274
274
274
274
274
274
274
274
274
274
274
274
274
274
274
274
274
274
274
274
274
274
274
274
274
274
274
274
274
274
274
274
274
274
274
274
274
274
274
274
274
274
274
274
274
274
274
274
274
274
274
274
274
274
274
274
274
274
274
274
274
274
274
274
274
274
274
274
274
274
274
274
274
274
274
274
274
274
274
274
274
274
274
274
274
274
274
274
274
274
274
274
274
274
274
274
274
274
274
274
274
274
274
274
274
274
274
274
274
274
274
274
274
274
274
274
274
274
274
274
274
274
274
274
274
274
274
274
274
274
274
274
274
274
274
274
274
274
274
274
274
274
274
274
274
274
274
274
274
274
274
274
274
274
274
274
274
274
274
274
274
274
274
274
274
274
274
274
274
274
274
274
274
274
274
274
274
274
274
274
274
274
274
274
274
274
274
274
274
274
274
274
274
274
274
274
274
274
274
274
274
274
274
274
274
274
274
274
274
274
274
274
274
274
274
274
274
274
274
274
274
274
274
274
274
274
274
274
274
274
274
274
274
274
274
274
274
274
274
274
274
274
274
274
274
274
274
274
274
274
274
274
274
274
274
274
274
274
274
274
274
274
274
274
274
274
274
274
274
274
274
274
274
274
274
274
274
274
274
274
274
274
274
274
274
274
274
274
274
274
274
274
274
274
274
274
274
274
274
274
274
274
274
274
274
274
274
274
274
274
274
274
274
274
274
274
274
274
274
274
274
274
274
274
274
274
274
274
274
274
274
274
274
274
274
274
274
274
274
274
274
274
274
274
274
274
274
274
274
274
274
274
274
274
274
274
274
274
274
274
274
274
274
274
274
274
274
274
274
274
274
274
274
274
274
274
274
274
274
274
274
274
274
274
274
274
274
274
274
274
274
274
274
274
274
274
274
274
274
274
274
274
274
274
274
274
274
274
274
274
274
274
274
274
274
274
274
274
274
274
274
274
274
274
274
274
274
274
274
274
274
274
274
274
274
274
274
274
274
274
274
274
274
274
274
274
274
274
274
274
274
274
274
274
274
274
274
274
274
274
274
274
274
274
274
274
274
274
274
274
274
274
274
274
274
274
274
274
274
274
274
274
274
274
274
274
274
274
274
274
274
274
274
274
274
274
274
274
274
274
274
274
274
274
274
274
274
274
274
274
274
274
274
274
274
274
274
274
274
274
274
274
274
274
274
274
274
274
274
274
274
274
274
274
274
274
274
274
274
274
274
274
274
274
274
274
274
274
274
274
274
274
274
274
274
274
274
274
274
274
274
274
274
274
274
274
274
274
274
274
274
274
274
274
274
274
274
274
274
274
274
274
274
274
274
274
274
274
274
274
274
274
274
274
274
274
274
274
274
274
274
274
274
274
274
274
274
274
274
274
274
274
274
274
274
274
274
274
274
274
274
274
274
274
274
274
274
274
274
274
274
274
274
274
274
274
274
274
274
274
274
274
274
274
274
274
274
274
274
274
274
274
274
274
274
274
274
274
274
274
274
274
274
274
274
274
274
274
274
274
274
274
274
274
274
274
274
274
274
274
274
274
274
274
274
274
274
274
274
274
274
274
274
274
274
274
274
274
274
274
274
274
274
274
274
274
274
274
274
274
274
274
274
274
274
274
274
274
274
274
274
274
274
274
274
274
274
274
274
274
274
274
274
274
274
274
274
274
274
274
274
274
274
274
274
274
274
274
274
274
274
274
274
274
274
274
274
274
274
274
274
274
274
274
274
274
274
274
274
274
274
274
274
274
274
274
274
274
274
274
274
274
274
274
274
274
274
274
274
274
274
274
274
274
274
274
274
274
274
274
274
274
274
274
274
274
274
274
274
274
274
274
274
274
274
274
274
274
274
274
274
274
274
274
274
274
274
274
274
274
274
274
274
274
274
274
274
274
274
274
274
274
274
274
274
274
274
274
274
274
274
274
274
274
274
274
274
274
274
274
274
274
274
274
274
274
274
274
274
274
274
274
274
274.002
274.002
274.002
274.002
274.002
274.002
274.001
274.001
274.001
274.001
274.001
274.001
274.001
274.001
274.001
274.001
274.001
274.001
274.001
274.001
274.001
274.001
274.001
274.001
274.001
274.001
274.001
274.001
274.001
274.001
274.001
274.001
274.001
274.001
274.001
274.001
274.001
274.001
274.001
274.001
274.001
274.001
274.001
274.001
274.001
274.001
274.001
274.001
274.001
274.001
274.001
274.001
274.001
274.001
274.001
274.001
274.001
274.001
274.001
274.001
274.001
274.001
274.001
274.001
274.001
274.001
274.001
274.001
274.001
274.001
274.001
274.001
274.001
274.001
274.001
274.001
274.001
274.001
274.001
274.001
274.001
274.001
274.001
274.001
274.001
274.001
274.001
274.001
274.001
274.001
274.001
274.001
274.001
274.001
274.001
274.001
274.001
274.001
274.001
274.001
274.001
274.001
274.001
274.001
274.001
274.001
274.001
274.001
274.001
274.001
274.001
274.001
274.001
274.001
274.001
274.001
274.001
274.001
274.001
274.001
274.001
274.001
274.001
274.001
274.001
)
;

boundaryField
{
    wall
    {
        type            zeroGradient;
    }
    inlet
    {
        type            fixedValue;
        value           uniform 3673;
    }
    outlet-1
    {
        type            inletOutlet;
        inletValue      uniform 274;
        value           uniform 274;
    }
    outlet-2
    {
        type            inletOutlet;
        inletValue      uniform 274;
        value           nonuniform List<scalar> 
89
(
274.002
274
274
274
274
274
274
274
274
274
274
274
274
274
274
274
274
274
274
274
274
274
274
274
274
274
274
274
274
274
274
274
274
274
274
274
274
274
274
274
274
274
274
274
274
274
274
274
274
274
274
274
274
274
274
274
274
274
274
274
274
274
274
274
274
274
274
274
274
274
274
274
274
274
274
274
274
274
274
274
274
274
274
274
274
274
274
274
274.002
)
;
    }
    frontAndBackPlanes
    {
        type            empty;
    }
}


// ************************************************************************* //
