/*--------------------------------*- C++ -*----------------------------------*\
| =========                 |                                                 |
| \\      /  F ield         | OpenFOAM: The Open Source CFD Toolbox           |
|  \\    /   O peration     | Version:  2112                                  |
|   \\  /    A nd           | Website:  www.openfoam.com                      |
|    \\/     M anipulation  |                                                 |
\*---------------------------------------------------------------------------*/
FoamFile
{
    version     2.0;
    format      ascii;
    arch        "LSB;label=32;scalar=64";
    class       volScalarField;
    location    "0.00228";
    object      T;
}
// * * * * * * * * * * * * * * * * * * * * * * * * * * * * * * * * * * * * * //

dimensions      [0 0 0 1 0 0 0];

internalField   nonuniform List<scalar> 
13875
(
1411.84
1535.12
1482.68
1486.72
1481.05
1483.45
1483.45
1483.03
1484.11
1484.28
1484.57
1484.74
1484.52
1484.65
1484.67
1483.32
1483.85
1483.07
1483.33
1483.55
1480.91
1487.57
1480.74
1532.79
1397.82
1307
1356.08
1319.15
1322.06
1316.56
1317.07
1316.98
1317.75
1322.86
1323.61
1323.86
1324.17
1323.71
1323.8
1324
1322.6
1321.93
1317.95
1317.2
1317.26
1316.25
1322.02
1319.71
1356.38
1304.42
1307.13
1339.75
1314.61
1311.03
1303.87
1304.21
1303.61
1303.68
1305.44
1304.62
1305.54
1306.34
1305.28
1306.61
1306.55
1304.44
1303.92
1303.28
1303.41
1304.24
1303.54
1310.89
1311.56
1336.57
1297.52
1317.26
1344.93
1315.07
1308.69
1305.03
1304.68
1303.79
1303.8
1303.89
1303.38
1304.24
1305.07
1304.69
1304.97
1305.03
1303.48
1303.33
1303.43
1303.55
1304.59
1304.34
1307.64
1314.07
1343.73
1311.28
1329.43
1341.85
1316.08
1311.65
1303.42
1304.04
1303.91
1303.88
1303.78
1303.46
1304.42
1305.09
1304.72
1305.06
1305.13
1303.58
1303.31
1303.31
1303.61
1304.11
1303.2
1311.55
1312.23
1338.44
1315.65
1332.21
1351.38
1319.31
1309.94
1306.98
1306.13
1304.82
1304.5
1304.04
1303.71
1304.58
1305.29
1304.98
1305.14
1305.12
1304.17
1303.8
1303.96
1304.44
1305.94
1306.17
1308.41
1319.11
1349.14
1326.41
1339.11
1360.47
1329.46
1316.91
1306.99
1306.32
1305.42
1304.98
1304.55
1304.41
1305.29
1305.88
1305.48
1305.48
1305.64
1304.82
1304.7
1304.45
1304.97
1306.21
1306.66
1317.29
1326.04
1358.38
1321.95
1361.09
1385.65
1345.41
1321.76
1316.53
1312.17
1309.05
1307.38
1306.38
1306
1306.83
1307.21
1306.69
1306.5
1307.15
1306.24
1306.42
1306.9
1308.37
1311.41
1314.98
1320.75
1341.63
1381.27
1351.12
1534.93
1508.91
1388.61
1351.76
1323.67
1316.63
1312.88
1310.34
1309.38
1308.95
1309.81
1309.97
1309.49
1309.2
1309.85
1308.98
1309.6
1310.27
1311.85
1315.68
1322.02
1348.37
1384.35
1508.07
1523.39
1851.86
1583.79
1435.89
1367.07
1345.38
1328.7
1321.74
1318
1316.27
1315.4
1316.3
1316.05
1315.73
1315.24
1315.87
1315.31
1316.33
1317.75
1320.53
1327.12
1340.47
1363.57
1427.78
1568.37
1830.88
2515.85
1806.28
1534.57
1446.91
1365.41
1347.21
1337.69
1333.3
1330.79
1329.48
1330.27
1329.71
1329.54
1328.86
1329.41
1329.1
1330.31
1332.49
1336.96
1345.81
1361.16
1427.92
1515.35
1809.84
2446.68
2891.09
2277.54
1953.35
1519.93
1442.47
1406.52
1380.26
1372.5
1366.05
1363.69
1363.76
1362.78
1362.91
1362.08
1362.58
1362.87
1364.9
1370.48
1378.55
1405.81
1430.7
1490.01
1760.86
2307.57
2849.14
2850.57
2712.18
2603.81
2364.54
1632.26
1537.51
1510.29
1489.37
1477.35
1473.57
1473.56
1471.21
1473.91
1470.87
1471.8
1472.89
1476.55
1485.98
1504.95
1535.88
1647.02
2360.96
2426.23
2716.26
2788.23
2758.59
2696.08
2867.3
2852.09
2190.76
2162.51
2012.92
1915.04
1849.83
1821.33
1828.5
1803.76
1825.76
1810.58
1816.33
1822.51
1843.01
1902.14
2013.42
2175.58
2152.26
2856.57
2866.68
2731.98
2710.48
2666.24
2715.06
2853.36
2845.8
2858.34
3162.65
3414.03
3365.74
3585.7
3476.16
3625.56
3501.48
3618.32
3539.23
3591.14
3532.97
3566.67
3424.94
3419.1
3137.22
2882.8
2859.4
2854.89
2706.89
2673.04
2544.54
2627.71
2859.62
2979.9
2993.36
3328.51
3603.71
3690.35
3689.75
3679.63
3628.1
3648.71
3611.58
3645.84
3633.48
3666.56
3686.78
3723.87
3641.71
3417.85
3039.87
2971.35
2879.55
2665.77
2582.23
2479.24
2589.64
2722.19
2925.4
3014.6
3343.91
3575.51
3670.43
3670.09
3661.15
3614.91
3627.4
3600.05
3625.79
3613.87
3647.64
3672.5
3709.15
3636.45
3430.84
3069.58
2981.25
2782.12
2609.45
2499.25
2285.63
2537.92
2818.99
2942.83
2937.27
3194.75
3371.97
3466.31
3500.88
3506.72
3502.61
3500.14
3497.5
3503.7
3499.87
3509.82
3503.66
3488.28
3404.69
3228.62
3004.71
2999.06
2840.93
2544.21
2303.07
2193.41
2279.12
2586.85
2757.34
2734.66
2875.67
3118.03
3296.65
3382.45
3403.79
3406.59
3405.14
3405.64
3410.42
3403.3
3404.42
3402.3
3363.66
3182.67
2924.92
2769.76
2803.24
2645.92
2317.72
2232.46
2285.08
2229.15
2354.24
2514.39
2544.57
2628.12
2848.15
3086.86
3243.83
3306.85
3313.32
3316.27
3315.49
3318.51
3311.39
3314.27
3282.06
3146.15
2882.26
2660.9
2578.77
2557.59
2342.02
2238.49
2333.68
2924
2281.78
2175.43
2316.89
2386.47
2468.71
2670.71
2907.51
3090.11
3187.59
3214.41
3217.52
3218.12
3219.23
3214.18
3198.17
3123.23
2942.14
2685.31
2490.27
2413.48
2336.21
2160.8
2232.2
2866.28
2909.85
2054.32
1974.73
2165.76
2258.94
2358.13
2534.6
2761.1
2956.67
3072.32
3102.93
3113.18
3111.64
3113.32
3100.29
3077.62
2978.82
2778.29
2540.53
2381.93
2279.02
2170.54
1978.39
2037.6
2871.04
2907.85
2061.98
1883.12
2048.02
2158.16
2270.36
2419.92
2626.61
2820.94
2951.82
2996.06
3003.22
3004.46
3002.29
2993.09
2957.55
2842.76
2641.94
2430.68
2294.37
2178.36
2058.31
1864.66
2049.95
2979.03
2834.11
2038.97
1870.54
1994.2
2082.59
2185.66
2328.57
2528.76
2715.58
2841.37
2883.16
2898.05
2896.03
2896.17
2878.45
2844.91
2734.55
2541.12
2330.92
2202.99
2101.11
2002.93
1867.06
2015.66
2800.48
2757.23
2033.53
1899.33
1957.57
2019.8
2106.44
2241
2434.53
2611.89
2736.93
2782.34
2790.55
2792.97
2789.2
2778.43
2738.15
2622.55
2435.9
2241.71
2120.02
2045.61
1975.73
1887.09
2031.87
2774.3
2737.2
2058.82
1918.67
1943.57
1971.57
2038.62
2173.47
2358.6
2525.1
2638.27
2677.41
2692.34
2691.67
2691.07
2671.73
2638.57
2537.79
2364.36
2170.76
2048.61
1992.12
1964.78
1907.25
2032.05
2708.42
2706.65
2087.01
1942.71
1934.34
1929.47
1984.34
2111.08
2285.02
2440.11
2546.72
2588.21
2593.54
2596.58
2591.6
2582.38
2544.96
2448.66
2286.67
2110.45
1992.11
1951.2
1960.66
1935.63
2072.19
2697.89
2707.41
2152.91
1986.59
1934.82
1903.2
1942.56
2069.22
2231.36
2372.45
2460.94
2493.47
2505.84
2505.45
2504.73
2485.77
2458.06
2377.84
2230.58
2059.69
1946.76
1919.36
1956.92
1972.29
2132.82
2699.89
2736.15
2159.72
1983.01
1925.28
1884.88
1912.99
2020.96
2167.43
2295.25
2378.47
2415.58
2417.25
2421.71
2414.76
2410.26
2377.39
2306.17
2174.57
2023.56
1919.33
1904.96
1943.83
1990.97
2120.36
2694.09
2780.21
2172.94
2000.79
1928.98
1874.68
1892.64
1998.7
2129.57
2241.38
2306.51
2331.59
2342.02
2341.08
2339.57
2323.01
2303.03
2247.37
2134.33
1991.56
1896.29
1887.85
1946.04
2000.2
2151.57
2737.1
2747.14
2176.14
1987.02
1924.39
1852.67
1883
1971.02
2082.93
2177.98
2233.02
2266.84
2261.82
2268.65
2260.92
2260.04
2232.04
2184.33
2088.04
1968.28
1882.49
1870.58
1937.94
2002.45
2153.85
2731.06
2743.46
2183.66
2019.64
1933.07
1847.36
1866.67
1951.4
2052.62
2132.31
2174.4
2191.95
2198.81
2198.66
2197.24
2183.54
2172.14
2140.19
2064.46
1950.83
1868.39
1864.2
1939.61
2014.04
2160.99
2701.27
2716.1
2183.69
2036.77
1920.46
1837.63
1859.54
1931.62
2013.62
2079.55
2110.28
2139.27
2128.64
2136.56
2128.15
2131.82
2109.35
2084.02
2023.83
1932.74
1856.77
1852.14
1936.13
2035.52
2159.99
2695.54
2688.35
2176.43
2083.33
1943.69
1845.33
1847.04
1920.72
1991.61
2043.43
2064.09
2074.89
2075.87
2076.38
2075.68
2065.74
2062.52
2048.51
2003.72
1920.64
1842.8
1854.61
1946.21
2068.44
2160.98
2670.79
2681.68
2186.21
2111.72
1938.12
1854.35
1840.88
1897.77
1956.77
1994.08
2008.46
2031.58
2015.45
2023.79
2015.34
2024.88
2007.31
1999.05
1971.54
1908.94
1836.6
1867.21
1951.62
2124.09
2158.73
2650.21
2655.9
2177.15
2106.35
1962.39
1869.96
1836.01
1889.79
1937.45
1966.02
1972.91
1977.41
1973.2
1973
1973.03
1968.28
1972.08
1969.32
1949.57
1898.15
1832.99
1876.36
1972.44
2125.18
2163.33
2626.31
2626.87
2165.14
2101.79
1988.69
1886.3
1845.98
1873.12
1905.36
1921.05
1923.8
1943.18
1920.24
1929.69
1921.21
1937.03
1923.52
1924.14
1916.01
1889.95
1834.75
1888.85
2004.44
2117.98
2150.45
2601.24
2607.04
2148.25
2099.68
2045.38
1907.29
1855.99
1870.91
1888.67
1896.74
1895.42
1896.66
1888.14
1887.21
1888.66
1888.07
1895.65
1900.33
1897.92
1889.06
1858.19
1903.09
2052.38
2113.33
2134.04
2570.79
2589.55
2138.46
2083.16
2042.95
1932.56
1875.31
1866.37
1860.82
1857.28
1850.52
1868.62
1842.1
1852.01
1843.66
1862.18
1851.47
1860.89
1869.03
1887.11
1874.4
1934.69
2058.13
2093.75
2118.76
2556.93
2561.79
2117.54
2057.57
2036.1
1966.66
1890.34
1888.19
1853.3
1841.55
1830.84
1828.84
1816.75
1816.39
1818.55
1820.23
1831.58
1844.5
1860.35
1906.43
1894.75
1963.93
2047.07
2063.17
2110.49
2534.23
2550.57
2113.37
2022.74
2028.84
2040.17
1930.77
1894.08
1837.19
1809.6
1791.18
1806.25
1777.05
1787.21
1778.62
1799.73
1791.5
1815.26
1846.36
1915.09
1925.07
2043.33
2041.82
2025.88
2093.67
2514.85
2525.07
2100.96
2003.14
2011.28
2024.46
1952.25
1906.57
1854.08
1806.6
1782.43
1772.43
1758.02
1757.29
1758.99
1764.56
1784.31
1810.11
1857.42
1933.35
1963.36
2022.59
2019.82
2008.91
2089.42
2495.07
2505.46
2092.87
1976.85
1978.72
2030.36
2029.84
1924.48
1855.66
1791.55
1747.91
1755.59
1722.89
1733.24
1724.9
1749.62
1748.84
1797.48
1860.89
1953.62
2034.88
2022
1987.37
1983.11
2083.69
2480.9
2473.68
2085.6
1970.57
1949.38
1996.89
2038.93
1950.79
1876.96
1805.04
1760.54
1731.24
1709.75
1708.34
1711.62
1723.77
1764.84
1805.39
1874.49
1993.78
2039.97
1989.57
1959.54
1977.06
2066.33
2452.88
2459.3
2081.81
1953.32
1919.09
1973.74
2031.76
2002.95
1892.05
1800.6
1730.68
1725.62
1682.33
1690.27
1684.94
1720.37
1734.51
1810.35
1893.53
2064.97
2035.11
1961.1
1931.3
1960.74
2065.4
2438.31
2427.66
2059.82
1950.33
1901.8
1928.26
2009.04
2083.55
1952.79
1822.39
1767.07
1721.56
1685.14
1676.17
1685.89
1712.16
1769.22
1824.22
1937.76
2080.51
2003.98
1917.74
1913.76
1959.65
2049.28
2408.43
2414.68
2058.39
1936.79
1880.86
1906.07
1983.65
2062.68
2034.11
1839.92
1737.91
1726.83
1669.17
1672.1
1671.79
1720.66
1739.62
1845.87
2011.91
2063.1
1976.73
1902.29
1894.55
1943.68
2040.77
2398.77
2378.9
2035.84
1933.17
1878.82
1875.86
1943.46
2047.73
2068.68
1894.55
1786.48
1725.41
1686.32
1673.4
1688.94
1716.97
1788.82
1906.24
2057.53
2047.37
1930.51
1870.8
1892.59
1941.22
2023.74
2353.52
2349.41
2024.47
1914.61
1860.03
1867.91
1913.8
2016.56
2049.39
1994.01
1769.27
1740.69
1671.3
1676.63
1674.51
1735.31
1770.69
2000.8
2041.88
2016.8
1902.53
1865.35
1873.31
1921.1
2012.24
2328.37
2212.39
1975.86
1900.68
1860.57
1849.02
1881.32
1979.8
2038.14
2017.43
1872.3
1758.37
1699.7
1684.68
1701.6
1749.98
1865.87
2012
2031.93
1980.5
1873.4
1848.05
1874.77
1907.18
1962.61
2190.45
274.141
274.447
274.665
274.866
275.143
275.415
275.598
275.596
275.409
275.067
274.736
274.483
274.325
274.233
274.179
274.128
274.082
274.047
274.024
274.011
274.005
274.001
274
274
273.998
274
273.995
274.002
273.994
274.003
274.712
275.579
276.245
276.941
277.736
278.526
279.127
279.258
278.874
277.854
276.585
275.509
274.848
274.495
274.303
274.193
274.12
274.068
274.035
274.016
274.007
274.002
274
273.999
273.997
274
273.993
274.003
273.988
274.013
276.092
277.903
279.229
280.632
282.063
283.819
285.567
286.27
285.735
283.774
281.021
278.198
276.154
275.035
274.52
274.273
274.149
274.082
274.042
274.02
274.008
274.003
274
273.999
273.997
274
273.994
274.002
273.992
274.01
278.926
282.231
285.242
288.339
290.853
292.916
294.769
296.518
298.058
298.243
293.999
285.654
280.227
276.778
275.14
274.493
274.222
274.103
274.049
274.023
274.009
274.003
274
273.999
273.997
274
273.995
274.002
273.995
274.007
284.91
290.68
292.213
293.274
293.708
294.364
295.695
297.487
299.765
302.549
305.254
305.206
293.642
282.454
277.269
275.147
274.425
274.163
274.065
274.027
274.011
274.004
274.001
273.999
273.998
274
273.996
274.001
273.997
274.004
290.446
292.565
292.673
293.276
293.628
294.296
295.564
297.344
299.713
302.575
305.829
309.276
311.486
302.211
284.283
277.454
275.051
274.337
274.11
274.038
274.013
274.004
274.001
273.999
273.999
274
273.997
274.001
273.998
274.003
290.567
292.271
292.16
292.77
293.099
293.62
294.487
296.147
298.898
302.301
305.916
309.463
313.232
315.882
308.497
285.215
277.286
274.885
274.25
274.07
274.02
274.006
274.001
274
273.999
274
273.998
274
273.999
274.003
290.356
291.01
290.599
291.254
291.495
291.913
292.451
293.777
296.543
300.487
305.134
309.562
313.424
317.239
319.907
312.069
284.998
276.828
274.691
274.174
274.042
274.01
274.002
274
273.999
274
273.999
274
273.999
274.002
289.367
289.03
288.619
289.199
289.49
289.942
290.264
291.255
293.774
297.612
302.668
308.304
313.401
317.506
321.329
323.771
312.651
283.702
276.215
274.504
274.114
274.024
274.004
274
274
274
273.999
274
273.999
274.002
287.854
286.729
286.453
286.816
287.275
287.813
288.108
288.749
290.899
294.722
299.692
305.543
311.91
317.437
321.674
325.51
327.481
309.49
281.687
275.592
274.342
274.07
274.013
274.002
274
274
273.999
274
274
274.002
285.886
284.463
284.214
284.494
285.139
285.726
286.133
286.586
288.124
291.774
296.868
302.601
309.156
315.995
321.71
325.942
329.782
330.829
301.912
279.49
275.073
274.217
274.041
274.006
274.001
274
274
274
274
274.002
284.247
282.542
282.326
282.576
283.322
283.927
284.425
284.786
285.795
288.809
294.127
299.881
306.317
313.414
320.531
326.163
330.383
333.917
332.659
292.923
277.562
274.671
274.129
274.022
274.003
274
274
274
274
274.002
282.775
281.081
280.945
281.232
281.946
282.552
283.002
283.317
283.868
286.199
291.243
297.284
303.731
310.661
318.259
325.413
330.793
335.027
337.577
326.706
285.476
276.127
274.391
274.072
274.011
274.001
274
274
274
274.002
282.11
280.622
280.459
280.724
281.206
281.682
281.908
282.133
282.268
283.937
288.351
294.738
301.333
308.203
315.688
323.627
330.64
335.635
339.868
341.032
312.988
280.851
275.2
274.213
274.037
274.005
274.001
274
274
274.002
282.13
280.923
280.829
281.03
281.307
281.251
281.126
280.904
280.9
281.722
285.834
292.079
299.101
306.056
313.437
321.42
329.481
336.009
340.798
345.129
342.336
296.184
277.737
274.635
274.109
274.018
274.002
274
274
274.002
281.896
281.165
281.652
282.173
282.163
281.692
280.975
280.691
280.682
280.896
283.891
289.518
297.104
304.172
311.572
319.4
327.695
335.495
341.324
346.811
347.563
331.936
285.226
275.899
274.315
274.052
274.008
274.001
274.001
274.002
282.056
281.716
282.8
283.807
283.839
283.26
282.374
281.989
281.818
281.952
283.335
288.101
295.733
302.906
310.35
317.951
325.907
334.317
341.664
347.71
351.87
350.27
310.843
279.693
274.91
274.146
274.024
274.003
274.001
274.002
281.755
281.793
283.556
285.855
287.064
286.655
285.601
284.885
284.603
284.474
284.486
288.422
295.501
302.698
310.124
317.63
325.223
333.356
341.586
348.467
354.815
355.521
346.721
290.108
276.62
274.409
274.064
274.01
274.002
274.002
282.069
282.364
285.008
289.302
292.582
292.636
291.629
290.587
289.727
288.719
287.634
290.347
296.634
303.706
310.725
317.988
325.481
333.269
341.553
349.285
356.212
358.746
358.425
323.015
281.456
275.135
274.173
274.026
274.005
274.003
281.604
282.816
287.19
295.911
303.454
304.439
302.532
300.394
298.324
295.493
293.154
293.426
298.615
305.398
312.051
318.981
326.423
333.81
341.97
350.204
357.416
363.515
363.313
356.957
294.532
277.138
274.462
274.068
274.011
274.003
282.282
284.748
294.396
313.083
326.981
329.153
325.34
320.947
314.694
307.419
302.332
300.227
302.786
309.224
314.76
321.023
328.024
335.323
343.047
351.201
358.901
366.131
367.284
367.433
332.414
282.604
275.239
274.178
274.026
274.006
280.606
289.673
313.851
361.888
387.951
388.958
371.451
357.608
342.586
329.684
320.11
313.999
312.789
317.143
320.552
324.875
330.416
337.247
344.629
352.476
360.507
368.165
372.105
372.085
366.278
297.252
277.302
274.456
274.065
274.013
289.478
303.768
373.074
477.428
516.287
486.567
442.508
413.529
386.855
364.595
347.217
335.407
328.901
328.254
327.704
329.615
333.71
339.538
346.524
354.358
362.393
370.351
377.778
377.38
377.158
337.795
282.728
275.171
274.157
274.024
273.507
357.043
571.65
666.323
686.882
607.469
545.56
491.241
449.855
414.688
385.058
363.097
347.982
343.387
340.107
338.873
339.676
343.491
349.554
356.929
364.779
372.214
380.811
382.471
382.666
374.121
296.306
277.009
274.387
274.057
298.637
495.777
832.671
892.215
849.337
777.952
675.008
596.253
528.133
472.203
426.59
394.07
372.537
362.937
355.988
351.58
349.636
350.259
354.063
360.399
367.73
375.257
383.859
389.371
388.195
387.879
337.444
281.719
274.958
274.136
274.003
273.994
274.002
273.995
274
273.998
274
274
274.001
274.005
274.011
274.024
274.047
274.082
274.128
274.179
274.232
274.323
274.48
274.731
275.06
275.402
275.59
275.593
275.41
275.141
274.864
274.663
274.446
274.14
274.013
273.988
274.003
273.993
274
273.997
273.999
274
274.002
274.007
274.016
274.035
274.068
274.12
274.193
274.302
274.492
274.843
275.498
276.566
277.829
278.847
279.235
279.107
278.511
277.725
276.933
276.239
275.575
274.71
274.01
273.992
274.002
273.994
274
273.997
273.999
274
274.003
274.008
274.02
274.042
274.081
274.149
274.272
274.517
275.027
276.134
278.161
280.965
283.706
285.654
286.197
285.508
283.777
282.037
280.612
279.214
277.894
276.087
274.007
273.995
274.002
273.995
274
273.997
273.999
274
274.003
274.009
274.023
274.049
274.103
274.221
274.49
275.13
276.749
280.162
285.534
293.82
298.116
297.977
296.454
294.713
292.861
290.794
288.286
285.201
282.206
278.914
274.004
273.997
274.001
273.996
274
273.998
273.999
274.001
274.004
274.011
274.027
274.065
274.162
274.422
275.136
277.231
282.357
293.386
305.036
305.181
302.494
299.715
297.44
295.651
294.321
293.666
293.233
292.174
290.636
284.873
274.003
273.998
274.001
273.997
274
273.999
273.999
274.001
274.004
274.013
274.038
274.109
274.334
275.039
277.409
284.154
301.891
311.382
309.209
305.772
302.521
299.663
297.297
295.52
294.253
293.587
293.238
292.64
292.534
290.419
274.003
273.999
274
273.998
274
273.999
274
274.001
274.006
274.02
274.069
274.247
274.874
277.239
285.06
308.129
315.785
313.166
309.402
305.86
302.253
298.855
296.105
294.444
293.575
293.056
292.73
292.125
292.239
290.542
274.002
273.999
274
273.999
274
273.999
274
274.002
274.01
274.042
274.172
274.683
276.786
284.84
311.679
319.805
317.161
313.35
309.5
305.083
300.445
296.503
293.735
292.407
291.868
291.451
291.212
290.564
290.976
290.329
274.002
273.999
274
273.999
274
274
274
274.004
274.024
274.113
274.497
276.18
283.549
312.187
323.658
321.247
317.429
313.337
308.257
302.631
297.576
293.739
291.215
290.22
289.895
289.444
289.155
288.576
288.989
289.327
274.002
274
274
273.999
274
274
274.002
274.013
274.07
274.338
275.567
281.56
308.956
327.349
325.411
321.586
317.367
311.857
305.498
299.65
294.678
290.858
288.7
288.055
287.76
287.222
286.763
286.402
286.677
287.808
274.002
274
274
274
274
274.001
274.006
274.04
274.214
275.056
279.396
301.388
330.659
329.665
325.842
321.628
315.933
309.107
302.555
296.824
291.729
288.08
286.531
286.072
285.666
285.078
284.433
284.152
284.399
285.827
274.002
274
274
274
274
274.003
274.022
274.127
274.661
277.499
292.502
332.347
333.769
330.272
326.067
320.459
313.355
306.26
299.823
294.074
288.751
285.739
284.722
284.357
283.858
283.252
282.506
282.251
282.466
284.171
274.002
274
274
274
274.001
274.011
274.07
274.385
276.09
285.268
326.117
337.396
334.891
330.678
325.32
318.182
310.589
303.658
297.21
291.177
286.123
283.794
283.241
282.925
282.476
281.863
281.151
280.861
280.988
282.672
274.002
274
274
274.001
274.005
274.036
274.21
275.179
280.722
312.207
340.765
339.712
335.5
330.527
323.536
315.605
308.121
301.251
294.656
288.282
283.847
282.182
282.057
281.837
281.603
281.137
280.647
280.384
280.523
281.991
274.002
274
274
274.002
274.017
274.107
274.624
277.664
295.606
341.985
344.963
340.654
335.872
329.368
321.319
313.338
305.957
299.006
291.99
285.768
281.609
280.811
280.826
281.073
281.221
281.273
280.977
280.778
280.856
282.028
274.002
274.001
274.001
274.008
274.052
274.31
275.863
284.996
331.161
347.33
346.665
341.175
335.361
327.573
319.289
311.458
304.058
296.999
289.431
283.854
280.92
280.709
280.724
281.013
281.723
282.197
282.201
281.659
281.144
281.84
274.002
274.001
274.003
274.023
274.144
274.892
279.574
310.075
349.966
351.55
347.58
341.517
334.177
325.779
317.844
310.256
302.815
295.67
288.05
283.335
282.033
281.886
282.061
282.436
283.344
283.937
283.876
282.86
281.773
282.062
274.002
274.002
274.01
274.063
274.402
276.565
289.716
345.894
355.248
354.679
348.332
341.447
333.235
325.119
317.54
310.06
302.644
295.517
288.443
284.532
284.511
284.654
284.931
285.673
286.774
287.193
285.995
283.724
281.891
281.851
274.003
274.005
274.026
274.17
275.111
281.289
322.036
358.145
358.505
356.101
349.159
341.431
333.186
325.421
317.929
310.708
303.711
296.708
290.434
287.663
288.746
289.783
290.663
291.725
292.812
292.836
289.577
285.247
282.542
282.229
274.003
274.01
274.067
274.453
277.07
293.968
356.269
363.035
363.261
357.311
350.098
341.892
333.796
326.465
318.99
312.079
305.505
298.748
293.51
293.064
295.49
298.316
300.464
302.701
304.574
303.908
296.371
287.562
283.092
281.859
274.006
274.026
274.175
275.212
282.409
331.371
367.198
367.093
366.06
358.803
351.136
343.013
335.321
328.037
321.049
314.766
309.125
302.695
300.2
302.176
307.25
314.497
320.904
325.652
329.675
327.968
314.586
295.108
285.183
282.738
274.013
274.064
274.447
277.225
296.529
365.642
371.897
371.863
368.095
360.423
352.453
344.588
337.132
330.331
324.779
320.463
316.961
312.327
313.83
319.778
329.487
342.321
357.945
372.471
390.057
389.82
363.783
314.966
290.307
281.171
274.024
274.154
275.143
282.522
336.65
376.952
377.241
377.708
370.304
362.354
354.351
346.46
339.476
333.527
329.398
327.447
327.99
328.026
335.111
346.66
364.395
386.452
414.198
444.025
489.178
519.505
481.131
375.671
304.77
290.269
274.056
274.378
276.938
295.688
373.395
382.557
382.372
380.792
372.216
364.773
356.911
349.478
343.378
339.466
338.542
339.66
343.047
347.192
362.813
384.276
414.752
449.337
491.664
547.353
611.426
693.293
672.44
579.621
360.253
274.745
274.133
274.936
281.538
336.233
387.748
388.124
389.257
383.838
375.222
367.714
360.341
353.962
350.043
349.322
351.172
355.401
362.431
371.774
394.003
425.966
472.938
529.047
594.194
677.742
781.722
860.439
898.143
843.647
502.383
300.956
274.002
274.002
274.002
274.002
274.002
274.002
274.002
274.002
274.002
274.002
274.002
274.002
274.002
274.002
274.002
274.002
274.002
274.002
274.002
274.002
274.002
274.002
274.002
274.002
274.002
274.002
274.002
274.002
274.002
274.002
274.002
274.002
274.002
274.002
274.002
274.002
274.002
274.002
274.002
274.002
274.002
274.002
274.002
274.002
274.002
274.002
274.002
274.002
274.002
274.002
274.002
274.002
274.002
274.002
274.002
274.002
274.002
274.002
274.002
274.002
274.002
274.002
274.002
274.002
274.002
274.002
274.002
274.002
274.002
274.002
274.002
274.002
274.002
274.002
274.002
274.002
274.002
274.002
274.002
274.004
274.012
274.048
274.207
274.846
277.127
284.975
307.715
368.205
466.82
556.717
618.493
657.25
681.297
698.501
709.668
716.704
720.042
720.396
718.441
713.761
707.507
699.586
689.548
678.086
665.203
650.936
635.473
618.928
601.475
583.01
563.638
543.154
521.51
497.992
473.1
444.729
409.658
367.41
321.037
293.982
283.272
277.999
275.721
274.712
274.305
274.001
274.001
274.001
274.001
274.001
274.001
274.001
274.001
274.001
274.001
274.001
274.001
274.001
274.001
274.001
274.001
274.001
274.001
274.001
274.001
274.001
274.001
274.001
274.001
274.001
274.001
274.001
274.001
274.001
274.001
274.001
274.001
274.001
274.001
274.001
274.001
274.001
274.001
274.001
274.001
274.001
274.001
274.001
274.001
274.001
274.001
274.001
274.001
274.001
274.001
274.001
274.001
274.001
274.001
274.001
274.001
274.001
274.001
274.001
274.001
274
274
274
274
274
274
274
274
274
274
274
274
274
274
274
274
274.001
274.001
274.007
274.039
274.217
275.092
279.1
295.685
358.031
479.648
595.221
660.227
681.897
684.023
680.598
677.234
676.348
675.869
675.53
674.249
671.321
666.996
661.277
653.919
645.177
635.439
624.581
612.881
600.63
587.709
574.281
560.387
546.266
532.055
518.148
504.009
490.453
477.849
464.984
454.156
445.392
436.821
425.452
399.797
358.524
310.667
288.119
279.819
276.349
274
274
274
274
274
274
274
274
274
274
274
274
274
274
274
274
274
274
274
274
274
274
274
274
274
274
274
274
274
274
274
274
274
274
274
274
274
274
274
274
274
274
274
274
274
274
274
274
274
274
274
274
274
274
274
274
274
274
274
274
274
274
274
274
274
274
274
274
274
274
274
274
274
274
274
274
274.003
274.023
274.158
274.998
279.917
305.753
409.219
570.412
676.883
714.625
717.904
712.887
706.729
698.855
691.936
686.973
682.793
677.245
671.291
665.036
658.581
650.914
641.65
631.342
620.539
609.541
598.217
586.769
575.536
564.082
552.489
540.74
528.911
516.948
505.599
495.171
485.485
475.862
466.108
456.22
447.122
439.269
432.085
425.059
418.197
406.915
376.463
329.254
292.824
274
274
274
274
274
274
274
274
274
274
274
274
274
274
274
274
274
274
274
274
274
274
274
274
274
274
274
274
274
274
274
274
274
274
274
274
274
274
274
274
274
274
274
274
274
274
274
274
274
274
274
274
274
274
274
274
274
274
274
274
274
274
274
274
274
274
274
274
274
274
274
274
274
274
274.001
274.009
274.075
274.6
278.491
305.257
433.195
622.702
727.465
748.047
746.474
740.858
733.856
726.502
720.382
715.223
710.723
705.789
699.24
690.864
682.293
673.45
664.282
654.777
644.731
634.334
623.464
612.101
600.674
589.041
578.203
567.04
555.681
544.399
533.369
522.422
511.752
500.8
490.272
480.103
470.699
461.416
452.335
443.292
434.401
426.36
419.347
412.797
406.613
398.912
378.478
274
274
274
274
274
274
274
274
274
274
274
274
274
274
274
274
274
274
274
274
274
274
274
274
274
274
274
274
274
274
274
274
274
274
274
274
274
274
274
274
274
274
274
274
274
274
274
274
274
274
274
274
274
274
274
274
274
274
274
274
274
274
274
274
274
274
274
274
274
274
274
274
274
274.002
274.025
274.24
276.164
293.448
411.507
632.142
754.682
772.998
771.07
766.288
759.913
753.518
748.317
743.937
739.534
733.651
725.44
716.093
706.463
696.687
687.094
677.7
668.669
660.156
651.818
643.36
634.519
625.145
614.869
603.518
592.091
580.634
568.309
555.427
542.322
529.259
516.522
503.641
491.638
479.982
469.752
460.413
452.317
444.774
437.057
429.267
421.275
413.391
406.278
400.296
394.13
274
274
274
274
274
274
274
274
274
274
274
274
274
274
274
274
274
274
274
274
274
274
274
274
274
274
274
274
274
274
274
274
274
274
274
274
274
274
274
274
274
274
274
274
274
274
274
274
274
274
274
274
274
274
274
274
274
274
274
274
274
274
274
274
274
274
274
274
274
274
274
274
274.005
274.063
274.702
281.747
355.048
587.045
761.26
793.014
792.923
788.725
783.524
778.449
773.807
770.386
766.173
760.418
752.644
742.77
733.292
723.877
715.13
706.628
697.184
687.97
679.494
671.757
664.616
657.316
649.409
640.274
630.259
619.445
607.417
595.763
583.009
569.248
554.591
539.619
524.72
509.696
495.754
482.08
469.664
458.093
447.73
438.944
431.64
426.046
420.489
415.022
407.839
400.721
394.296
274
274
274
274
274
274
274
274
274
274
274
274
274
274
274
274
274
274
274
274
274
274
274
274
274
274
274
274
274
274
274
274
274
274
274
274
274
274
274
274
274
274
274
274
274
274
274
274
274
274
274
274
274
274
274
274
274
274
274
274
274
274
274
274
274
274
274
274
274
274
274
274.011
274.147
275.936
299.21
478.476
730.476
806.148
811.771
809.482
805.293
800.73
797.593
795.421
792.582
787.884
781.374
774.602
765.605
755.903
747.744
740.007
732.658
724.163
714.262
704.839
696.776
689.397
682.909
676.236
668.738
660.074
650.462
639.467
627.032
614.598
600.957
586.015
569.953
553.384
536.403
519.218
503.292
487.749
473.036
459.048
447.125
435.986
426.208
418.235
411.961
406.722
403.063
399.004
394.974
274
274
274
274
274
274
274
274
274
274
274
274
274
274
274
274
274
274
274
274
274
274
274
274
274
274
274
274
274
274
274
274
274
274
274
274
274
274
274
274
274
274
274
274
274
274
274
274
274
274
274
274
274
274
274
274
274
274
274
274
274
274
274
274
274
274
274
274
274
274.001
274.02
274.312
279.041
350.442
625.024
804.86
825.307
826.774
825.971
821.746
818.063
816.562
813.999
813.025
808.117
806.672
801.818
796.952
791.51
782.905
774.394
767.238
760.646
752.646
743.994
735.874
728.853
722.573
717.06
711.2
704.411
696.099
686.135
674.386
660.758
646.004
630.162
612.2
592.996
573.588
553.638
533.695
515.186
497.236
480.145
463.237
449.07
436.086
424.832
414.908
406.184
399.624
394.556
390.061
386.717
274
274
274
274
274
274
274
274
274
274
274
274
274
274
274
274
274
274
274
274
274
274
274
274
274
274
274
274
274
274
274
274
274
274
274
274
274
274
274
274
274
274
274
274
274
274
274
274
274
274
274
274
274
274
274
274
274
274
274
274
274
274
274
274
274
274
274
274
274.001
274.031
274.596
285.561
434.438
738.478
833.096
840.243
840.814
841.246
838.708
836.665
836.341
836.296
837.435
837.142
836.727
834.429
833.813
830.468
826.404
825.003
818.255
813.412
808.48
802.864
798.095
793.967
789.504
785.46
781.703
777.677
772.633
765.475
755.514
741.998
725.581
706.153
684.099
659.866
634.333
608.939
583.193
558.335
535.246
513.178
492.386
472.038
455.101
439.155
425.877
414.492
404.15
395.012
388.267
383.367
379.089
274
274
274
274
274
274
274
274
274
274
274
274
274
274
274
274
274
274
274
274
274
274
274
274
274
274
274
274
274
274
274
274
274
274
274
274
274
274
274
274
274
274
274
274
274
274
274
274
274
274
274
274
274
274
274
274
274
274
274
274
274
274
274
274
274
274
274
274.002
274.044
275.006
296.513
526.502
805.377
849.181
852.936
854.667
855.08
854.681
855.844
858.849
863.349
867.434
871.95
875.387
880.704
884.674
887.994
890.004
890.501
891.698
890.46
890.101
888.142
888.719
889.608
891.163
891.12
890.947
889.894
888.745
886.487
881.686
872.662
858.066
837.809
811.559
779.632
744.55
708.372
672.264
635.989
602.174
571.109
541.681
514.101
488.248
467.388
447.423
431.02
416.605
404.268
393.805
384.198
376.849
371.696
274
274
274
274
274
274
274
274
274
274
274
274
274
274
274
274
274
274
274
274
274
274
274
274
274
274
274
274
274
274
274
274
274
274
274
274
274
274
274
274
274
274
274
274
274
274
274
274
274
274
274
274
274
274
274
274
274
274
274
274
274
274
274
274
274
274
274.002
274.054
275.472
311.306
608.531
840.114
861.207
863.48
865.843
868.306
869.944
873.384
880.575
890.234
901.095
912.676
925.246
940.025
956.739
973.869
986.987
1002.34
1011.57
1019.34
1025.14
1028.94
1029.46
1033.88
1038.19
1042.97
1046.48
1049.55
1051.35
1051.98
1051.66
1049.2
1041.92
1026.5
1002.37
968.936
926.777
878.325
827.056
776.19
724.122
675.875
632.139
590.971
552.317
517.049
489.169
463.265
442.557
423.704
407.465
394.521
383.357
372.914
365.243
274
274
274
274
274
274
274
274
274
274
274
274
274
274
274
274
274
274
274
274
274
274
274
274
274
274
274
274
274
274
274
274
274
274
274
274
274
274
274
274
274
274
274
274
274
274
274
274
274
274
274
274
274
274
274
274
274
274
274
274
274
274
274
274
274
274.002
274.059
275.836
326.045
665.242
856.672
870.081
871.745
874.801
879
884.029
890.85
901.221
915.868
935.167
957.405
986.547
1020.73
1060.94
1104.02
1141.83
1171.15
1197.62
1217.37
1230.61
1237.87
1247.3
1249.85
1251.53
1250.42
1252.59
1252.64
1252.87
1252.82
1252.16
1250.19
1246.38
1238.95
1224.22
1199.26
1163.11
1113.81
1056.36
991.953
926.064
856.08
788.474
727.006
668.971
614.063
564.443
525.26
489.846
462.576
437.596
416.026
398.807
384.504
372.162
361.225
274
274
274
274
274
274
274
274
274
274
274
274
274
274
274
274
274
274
274
274
274
274
274
274
274
274
274
274
274
274
274
274
274
274
274
274
274
274
274
274
274
274
274
274
274
274
274
274
274
274
274
274
274
274
274
274
274
274
274
274
274
274
274
274
274.001
274.056
275.924
333.47
693.556
866.052
876.59
878.036
881.592
888.129
895.984
906.715
921.943
942.495
970.798
1008.75
1057.09
1125.23
1203.6
1286.73
1373.67
1442.84
1480.15
1498
1505.51
1506.94
1506.4
1502.16
1495.18
1483.1
1474.22
1466.5
1456.84
1445.91
1435.06
1421.74
1406.66
1390.22
1374.79
1357.73
1338.82
1317.12
1286.71
1237.78
1175.45
1105.88
1024.57
940.252
859.602
780.563
703.837
634.092
579.131
530.462
493.408
460.114
431.96
408.771
388.834
373.547
360.527
274
274
274
274
274
274
274
274
274
274
274
274
274
274
274
274
274
274
274
274
274
274
274
274
274
274
274
274
274
274
274
274
274
274
274
274
274
274
274
274
274
274
274
274
274
274
274
274
274
274
274
274
274
274
274
274
274
274
274
274
274
274
274
274.001
274.045
275.685
329.596
695.3
871.512
881.545
882.872
887.051
895.335
905.978
920.797
941.598
970.364
1008.88
1063.48
1141.99
1244.49
1383.94
1527.23
1632.46
1681.81
1691.87
1698.96
1702.94
1689.5
1679.92
1672.98
1659.69
1642.46
1623.53
1606.47
1587.01
1564.38
1542.09
1521.65
1497.55
1473.91
1450.27
1430.9
1413.03
1396.81
1382.46
1370.52
1351.2
1312.67
1261.92
1191.77
1105.84
1017.04
923.001
824.199
729.316
652.745
585.806
536.342
492.221
455.562
425.748
399.055
377.847
362.179
274
274
274
274
274
274
274
274
274
274
274
274
274
274
274
274
274
274
274
274
274
274
274
274
274
274
274
274
274
274
274
274
274
274
274
274
274
274
274
274
274
274
274
274
274
274
274
274
274
274
274
274
274
274
274
274
274
274
274
274
274
274
274.001
274.031
275.238
316.576
669.934
873.219
885.194
886.513
891.12
900.952
914.648
933.29
959.881
997.008
1047.46
1117.09
1219.7
1367.35
1568.72
1745.08
1797.94
1793.58
1770.17
1752.35
1759.74
1781.84
1772.08
1766.76
1759.3
1744.25
1728.7
1711.68
1688.3
1660.09
1631.65
1603.87
1579.48
1551.47
1525.02
1499.06
1477.76
1457.75
1440.26
1425.7
1416.36
1407.09
1391.36
1363.89
1313.78
1240.14
1158.97
1068.21
960.741
845.711
747.105
658.846
594.158
536.35
489.629
450.596
415.738
387.618
366.944
274
274
274
274
274
274
274
274
274
274
274
274
274
274
274
274
274
274
274
274
274
274
274
274
274
274
274
274
274
274
274
274
274
274
274
274
274
274
274
274
274
274
274
274
274
274
274
274
274
274
274
274
274
274
274
274
274
274
274
274
274
274
274.017
274.77
300.928
616.271
869.812
887.203
889.002
893.962
905.004
922.148
944.341
975.726
1019.92
1080.63
1164.46
1284.66
1458.35
1694.98
1835.43
1865.14
1847.77
1814.29
1787.89
1784.74
1823.46
1878.12
1921.74
1942
1944.55
1928.25
1900
1864.67
1825.14
1793.99
1765.22
1736.01
1712.97
1688.62
1665.53
1640.39
1618.85
1595.68
1570.6
1544.34
1512.69
1483.39
1457
1433.53
1391.89
1328.83
1261.82
1182.85
1085.62
965.408
853.487
746.211
665.232
591.731
532.736
483.043
439.53
403.58
375.874
274
274
274
274
274
274
274
274
274
274
274
274
274
274
274
274
274
274
274
274
274
274
274
274
274
274
274
274
274
274
274
274
274
274
274
274
274
274
274
274
274
274
274
274
274
274
274
274
274
274
274
274
274
274
274
274
274
274
274
274
274
274.008
274.407
288.569
537.795
856.699
887.222
890.332
895.494
907.443
926.921
952.855
987.234
1035.29
1102.49
1196.53
1329.23
1515.4
1744.95
1850.62
1872.75
1877.8
1851.37
1824.19
1822.83
1861.3
1938.25
1981.84
2044.73
2107.99
2129.37
2109.85
2068.29
2044.25
2022.24
2001.68
1974.25
1948.06
1935.65
1918.7
1904.35
1888.65
1876.37
1857.06
1830.03
1798.63
1753.51
1693.19
1627.49
1553.9
1480.41
1403.46
1331.39
1255.31
1165.26
1055.98
948.835
831.79
737.947
649.466
579.163
518.688
466.555
424.434
389.136
274
274
274
274
274
274
274
274
274
274
274
274
274
274
274
274
274
274
274
274
274
274
274
274
274
274
274
274
274
274
274
274
274
274
274
274
274
274
274
274
274
274
274
274
274
274
274
274
274
274
274
274
274
274
274
274
274
274
274
274
274.003
274.179
280.692
449.224
820.458
884.049
890.422
896.211
908.2
928.585
956.871
992.852
1041.18
1109.07
1205.98
1346.09
1539.38
1756.75
1844.6
1859.49
1854.64
1848.74
1858.93
1847.25
1833.41
1924.18
1980.68
1998.23
2066.91
2132.11
2138.74
2110.84
2079.09
2070.23
2063.81
2059.53
2043.69
2040.19
2040.51
2043
2043.18
2039.13
2031.69
2014.91
1988.88
1954.86
1912.46
1864.55
1814.49
1755.44
1675.13
1562.27
1457.25
1349.71
1252.46
1141.41
1039.06
929.717
835.556
732.522
645.209
568.662
501.525
449.244
405.894
274
274
274
274
274
274
274
274
274
274
274
274
274
274
274
274
274
274
274
274
274
274
274
274
274
274
274
274
274
274
274
274
274
274
274
274
274
274
274
274
274
274
274
274
274
274
274
274
274
274
274
274
274
274
274
274
274
274
274
274.001
274.064
276.589
362.798
750.01
877.129
888.58
896.138
908.16
928.072
956.382
992.263
1038.32
1102.05
1194.44
1331.9
1530.08
1757.24
1841.86
1845.07
1826.53
1813.9
1815.51
1847.05
1847.9
1832.55
1889.09
1896.5
1906.33
1997.98
2041.25
2048.54
2014.23
2018.58
2045.09
2025.41
2016.67
2007.75
2004.48
2007.02
2020.65
2022.49
2022.87
2017.53
1998.75
1971.09
1937.46
1897.01
1869.98
1848.88
1824.7
1780.89
1719.99
1653.82
1577.31
1471.68
1338.55
1219.91
1065.94
949.719
831.739
734.237
639.565
553.978
487.993
436.552
274
274
274
274
274
274
274
274
274
274
274
274
274
274
274
274
274
274
274
274
274
274
274
274
274
274
274
274
274
274
274
274
274
274
274
274
274
274
274
274
274
274
274
274
274
274
274
274
274
274
274
274
274
274
274
274
274
274
274.001
274.02
274.892
304.492
631.107
864.277
884.816
894.59
907.494
926.525
952.903
986.881
1029.27
1085.96
1168.03
1293.6
1483.11
1732.96
1854.15
1862.12
1853.78
1860.03
1876.29
1882.12
1866.04
1791.96
1724.06
1674.77
1628.89
1681.65
1802.34
1949.92
1999.9
1973.3
1982.45
1978.66
1886.88
1826.67
1826.27
1792.37
1795.89
1829.55
1837.58
1849.7
1849.2
1817.19
1785.83
1756.73
1727.82
1713.69
1705.2
1723.67
1705.74
1693.47
1675.25
1678.4
1644
1560.9
1468.46
1326.45
1184.58
1011.43
864.207
739.262
634.615
548.929
482.051
274
274
274
274
274
274
274
274
274
274
274
274
274
274
274
274
274
274
274
274
274
274
274
274
274
274
274
274
274
274
274
274
274
274
274
274
274
274
274
274
274
274
274
274
274
274
274
274
274
274
274
274
274
274
274
274
274
274
274.005
274.273
283.463
480.426
827.588
878.262
891.446
905.458
923.982
948.027
978.388
1015.94
1064.83
1134.6
1242.11
1408.8
1651.08
1853.89
1897.87
1901.78
1909.5
1929.96
1941.19
1942.01
1932.69
1822.58
1615.04
1503.93
1481.03
1509.95
1623.56
1781
1811.26
1814.65
1774.31
1566.52
1347.35
1247.93
1207.36
1201.66
1254.02
1278.51
1284.68
1344.86
1412.43
1468.59
1511.02
1550.57
1569.34
1572.56
1530.5
1509.18
1525.17
1571.84
1592.66
1626.93
1641.39
1627.35
1587.17
1517.67
1416.94
1260.73
1076.01
895.008
729.897
625.996
543.141
274
274
274
274
274
274
274
274
274
274
274
274
274
274
274
274
274
274
274
274
274
274
274
274
274
274
274
274
274
274
274
274
274
274
274
274
274
274
274
274
274
274
274
274
274
274
274
274
274
274
274
274
274
274
274
274
274
274.002
274.067
276.593
359.019
735.815
867.847
887.436
902.148
920.006
942.521
969.341
1001.78
1043.11
1101.2
1189.39
1325.74
1527.69
1783.37
1905.15
1924.44
1929.28
1939.11
1950.93
1966.58
1972.64
1962.53
1866.78
1654.14
1499.27
1449.74
1364.73
1398.23
1443.7
1432.15
1428.53
1324.97
1285.41
1201.42
1154.92
1100.83
1072.84
1065.85
1082.97
1065.01
1089.44
1112.37
1155.12
1223.98
1300.78
1410.36
1496.02
1533.65
1534.86
1485.83
1457.38
1452.68
1481.46
1507.29
1531.41
1538.12
1562.07
1535.04
1456.47
1321.09
1135.21
924.134
759.016
630.373
274
274
274
274
274
274
274
274
274
274
274
274
274
274
274
274
274
274
274
274
274
274
274
274
274
274
274
274
274
274
274
274
274
274
274
274
274
274
274
274
274
274
274
274
274
274
274
274
274
274
274
274
274
274
274
274
274
274.015
274.679
296.027
582.658
849.44
883.335
899.259
915.202
935.57
960.307
988.329
1023.69
1073.22
1146.25
1255.22
1415.57
1639.54
1852.73
1920.1
1932.16
1937.59
1950.01
1958.18
1961.55
1970.53
1973.45
1845.03
1631.48
1412.63
1311.68
1303.8
1314.98
1274.62
1261.96
1228.67
1148.73
1057.79
982.721
998.424
934.982
904.322
881.87
873.957
858.626
858.655
856.742
857.813
876.943
900.402
949.794
1026.7
1136.54
1279.12
1376.13
1423.2
1433.26
1419.29
1426.24
1454.71
1463.44
1469.8
1495.54
1507.44
1474.87
1352.09
1176.18
938.855
739.743
274
274
274
274
274
274
274
274
274
274
274
274
274
274
274
274
274
274
274
274
274
274
274
274
274
274
274
274
274
274
274
274
274
274
274
274
274
274
274
274
274
274
274
274
274
274
274
274
274
274
274
274
274
274
274
274
274.003
274.156
279.516
422.463
790.762
877.165
896.209
911.329
928.757
950.03
974.628
1005.47
1048.54
1111.47
1202.11
1330.01
1503.9
1722.58
1878.98
1922.26
1931.16
1934.16
1952.14
1958.64
1958.64
1950.76
1826.54
1646.65
1336.58
1253.06
1232.13
1191.24
1189.69
1200.66
1192.14
1139.47
1105.85
1069.3
1018.58
990.164
935.043
888.494
883.044
872.538
863.938
863.752
861.077
861.663
863.231
862.983
883.745
908.417
949.635
1027.95
1137.12
1261.45
1332.56
1392.49
1413.62
1432.35
1440.82
1442.46
1438
1444.15
1494.41
1454.66
1334.28
1126.33
860.557
274
274
274
274
274
274
274
274
274
274
274
274
274
274
274
274
274
274
274
274
274
274
274
274
274
274
274
274
274
274
274
274
274
274
274
274
274
274
274
274
274
274
274
274
274
274
274
274
274
274
274
274
274
274
274
274.001
274.029
275.189
312.725
652.046
866
892.884
906.666
921.814
939.977
961.26
988.224
1027.06
1084.29
1165.29
1273.8
1413.56
1586.74
1780.65
1897.52
1928.83
1940.8
1956.94
1964.55
1960.45
1960.04
1908.56
1643.59
1339.2
1148.38
1089.11
1071.62
1078.39
1055.71
1045.51
1039.51
1041.45
1066.35
1062.11
1060.04
1051.4
1006.51
926.763
890.241
883.167
881.467
886.012
891.645
888.866
889.189
882.05
879.668
877.69
881.564
902.295
952.419
1042.94
1197.09
1321.64
1381.85
1422.27
1438.56
1441.07
1432.92
1426.12
1436.91
1478.89
1428.3
1285.38
1015.91
274
274
274
274
274
274
274
274
274
274
274
274
274
274
274
274
274
274
274
274
274
274
274
274
274
274
274
274
274
274
274
274
274
274
274
274
274
274
274
274
274
274
274
274
274
274
274
274
274
274
274
274
274
274
274
274.005
274.223
281.568
453.641
815.91
888.121
901.309
913.586
929.402
948.032
973.09
1008.77
1062.48
1137.33
1235.66
1355.76
1496.28
1658.12
1827.43
1914.02
1938.57
1956.53
1975.2
1984.29
1980.47
1981.09
1806.69
1578.68
1212.71
1114.13
1072.62
1062.33
1060.6
1076.47
1078.61
1074.57
1063.72
1040.7
1058.22
1066.54
1070.32
1044.79
1013.39
891.163
866.597
863.032
851.151
855.693
861.323
862.329
872.972
883.095
888.47
898.587
901.382
907.776
926.279
964.328
1065.35
1244.21
1370.7
1433.89
1440.99
1462.61
1468.65
1428.5
1434.78
1413.05
1277.85
1090.84
274
274
274
274
274
274
274
274
274
274
274
274
274
274
274
274
274
274
274
274
274
274
274
274
274
274
274
274
274
274
274
274
274
274
274
274
274
274
274
274
274
274
274
274
274
274
274
274
274
274
274
274
274
274
274.001
274.029
275.188
312.287
651.445
873.942
895.963
905.247
917.81
934.952
958.496
992.819
1042.48
1112.69
1204.52
1315.51
1442.33
1582.79
1738.84
1879.54
1939.24
1959.79
1977.96
1998.55
2004.61
2001.77
1970.91
1729.86
1456.97
1253.05
1191.99
1167.08
1143.78
1129.65
1118.65
1089.33
1071.96
1064.12
1079.55
1078.82
1071.93
1099.01
1102.67
1070.04
1061.81
941.048
930.75
899.045
882.875
875.337
893.922
875.236
883.172
889.508
898.045
911.892
918.365
932.416
946.7
962.182
1002.78
1089.46
1230.05
1398.62
1466.78
1496.76
1483.97
1425.11
1447.73
1195.34
1081.48
274
274
274
274
274
274
274
274
274
274
274
274
274
274
274
274
274
274
274
274
274
274
274
274
274
274
274
274
274
274
274
274
274
274
274
274
274
274
274
274
274
274
274
274
274
274
274
274
274
274
274
274
274
274
274.004
274.163
279.645
424.418
800.467
887.003
897.428
907.663
923.424
945.496
977.298
1022.7
1085.84
1166.66
1267.49
1388.26
1527.18
1680.96
1838.18
1930.77
1963.26
1977.05
1997.7
2005.22
2002.43
1992.42
1795.36
1546.33
1249
1151.68
1108.51
1084.24
1073.27
1072.15
1071.64
1077.99
1081.24
1070.39
1063.56
1083.43
1082.48
1079.86
1076.81
1083.94
1087.06
1078.63
989.109
929.721
932.112
919.111
899.836
917.033
906.967
918.808
910.987
919.98
934.931
942.803
958.477
979.339
1006.11
1054.27
1141.03
1270.41
1425.5
1530.86
1565.42
1512.37
1448.79
1349.24
970.584
274
274
274
274
274
274
274
274
274
274
274
274
274
274
274
274
274
274
274
274
274
274
274
274
274
274
274
274
274
274
274
274
274
274
274
274
274
274
274
274
274
274
274
274
274
274
274
274
274
274
274
274
274
274.001
274.018
274.778
298.355
595.413
867.088
890.858
898.829
912.631
933.325
961.184
998.479
1047.29
1111.32
1195.23
1301.73
1435.29
1596.41
1771.69
1904.9
1952.54
1968.25
1989.76
2016.28
2024.41
2028.15
2013.49
1717.44
1454.43
1273.82
1215.57
1190.4
1173.48
1165.02
1157.47
1151.23
1139.17
1130.69
1125.31
1137.8
1124.21
1126.08
1140.59
1132.55
1132.14
1134.83
1137.63
1098.27
1079.35
969.824
990.838
958.916
952.237
954.487
955.222
964.245
967.065
969.318
977.012
982.406
992.864
1000.1
1014.81
1024.79
1046.01
1113.76
1237.64
1440.48
1559.55
1578.22
1394.97
1336.46
274
274
274
274
274
274
274
274
274
274
274
274
274
274
274
274
274
274
274
274
274
274
274
274
274
274
274
274
274
274
274
274
274
274
274
274
274
274
274
274
274
274
274
274
274
274
274
274
274
274
274
274
274
274.002
274.09
277.188
371.473
752.37
878.585
891.634
904.246
924.152
949.72
983.093
1025.3
1080.97
1155.45
1251.58
1369.11
1508.48
1664.43
1820.81
1920.7
1953.52
1967.5
1990.63
2027.38
2049.3
2060.68
2034.02
1774.38
1533.02
1329.44
1261.02
1227.08
1195.54
1181.55
1173.63
1159.06
1157.78
1160.66
1159.81
1159.44
1164.17
1178.01
1178.62
1170.91
1167.66
1165.11
1163.37
1163.39
1141.93
1129.09
1033.1
1038.09
996.889
1002.21
1000.53
996.391
993.734
992.108
989.767
994.239
1002.29
1023.89
1044.66
1077.81
1118.76
1143.91
1183.97
1241.7
1320.01
1492.23
1666.59
1741.85
274
274
274
274
274
274
274
274
274
274
274
274
274
274
274
274
274
274
274
274
274
274
274
274
274
274
274
274
274
274
274
274
274
274
274
274
274
274
274
274
274
274
274
274
274
274
274
274
274
274
274
274
274
274.006
274.266
282.521
461.992
817.374
880.535
895.818
914.053
936.393
963.1
999.284
1046.97
1110.69
1193.29
1295.47
1414.72
1548.16
1691.2
1833.79
1925.62
1957.59
1972.88
2000.83
2034.76
2045.1
2045.98
1964.6
1717.67
1433.81
1302.23
1259.47
1240.83
1233.69
1232.11
1221.76
1206.62
1197.26
1193.31
1193.04
1192.67
1191.78
1219.52
1233.6
1234.36
1232.06
1247.27
1239.65
1225.55
1223.07
1224.44
1162.47
1120.16
1094.62
1051.44
1070.69
1069.04
1078.14
1087.36
1086.37
1095.19
1096.73
1100.17
1112.06
1134.44
1181.09
1241.81
1323.92
1445.55
1561.64
1631.31
1731.58
1968.89
274
274
274
274
274
274
274
274
274
274
274
274
274
274
274
274
274
274
274
274
274
274
274
274
274
274
274
274
274
274
274
274
274
274
274
274
274
274
274
274
274
274
274
274
274
274
274
274
274
274
274
274
274
274.011
274.463
288.23
518.744
843.762
887.723
902.898
919.252
939.203
966.75
1006.86
1060.69
1130.98
1216.08
1318.05
1433.51
1561.32
1698.2
1834.86
1925.77
1958.64
1974.67
2004.36
2040.84
2052.89
2054.92
1953.32
1715.42
1476.18
1346.45
1299.25
1269.87
1250.12
1243.03
1240.06
1238.73
1231.9
1231.87
1229.02
1227.89
1220.53
1228.41
1255.41
1245.57
1245.66
1277.09
1283.64
1260.79
1253.92
1255.37
1221.51
1151.59
1151.09
1097.08
1093.82
1105.51
1093.81
1116.98
1116.72
1140.15
1148.89
1158.9
1164.35
1170.31
1202.92
1251.4
1330.37
1457.52
1601.71
1739.12
1885.79
2013.9
274
274
274
274
274
274
274
274
274
274
274
274
274
274
274
274
274
274
274
274
274
274
274
274
274
274
274
274
274
274
274
274
274
274
274
274
274
274
274
274
274
274
274
274
274
274
274
274
274
274
274
274
274.001
274.023
274.896
300.906
602.729
864.986
892.903
904.385
919.842
942.801
976.588
1023.01
1083.56
1158.44
1245.17
1344.99
1456.98
1578.79
1707.99
1835.35
1926.04
1963.51
1981.11
2012.45
2043.87
2051.75
2047.82
1898.86
1667.32
1432.06
1341.17
1307.26
1288.34
1273.13
1261.99
1252.4
1248.91
1246.1
1241.82
1250.42
1253.4
1239.54
1255.95
1279.59
1272.98
1260.23
1302.24
1334.2
1318.87
1315.53
1300.21
1293.39
1221.6
1171.11
1174.09
1135.27
1160.54
1136.26
1156.29
1148.55
1172.3
1187.97
1206.64
1234.29
1251.81
1264.66
1297.93
1325.76
1398.41
1496.76
1654.27
1813.13
2037.67
274
274
274
274
274
274
274
274
274
274
274
274
274
274
274
274
274
274
274
274
274
274
274
274
274
274
274
274
274
274
274
274
274
274
274
274
274
274
274
274
274
274
274
274
274
274
274
274
274
274
274
274
274.001
274.046
275.665
324.875
677.636
874.813
896.623
909.286
926.8
951.324
987.211
1036.25
1100.56
1181.56
1274.03
1378.15
1488.87
1601.5
1717.93
1831.06
1927.12
1974.92
1996.86
2021.97
2049.96
2055.88
2049.29
1863.96
1659.71
1459.71
1384.42
1354.97
1344.48
1333.68
1322.63
1313.92
1305.44
1302.3
1290.94
1295.95
1300.82
1280.22
1282.81
1296.25
1289.19
1274.96
1309.54
1343.58
1324.81
1342.74
1359.88
1350.77
1345.65
1277.23
1225.84
1222.13
1198.36
1204.06
1192.7
1205.89
1201.93
1232.72
1249.77
1283.58
1324.11
1356.47
1407.46
1456.06
1519.98
1594.57
1684.88
1803.33
1911.78
274
274
274
274
274
274
274
274
274
274
274
274
274
274
274
274
274
274
274
274
274
274
274
274
274
274
274
274
274
274
274
274
274
274
274
274
274
274
274
274
274
274
274
274
274
274
274
274
274
274
274
274
274.002
274.095
277.2
367.95
746.169
884.147
898.612
908.867
925.618
951.417
989.893
1042.14
1111.82
1201.97
1305.78
1416.82
1525.69
1629.51
1730.8
1830.93
1924.27
1979.33
2003.72
2023.12
2051.51
2060.78
2064.68
1882.72
1677.74
1435.46
1357.49
1329.78
1320.51
1319.05
1319.1
1318.24
1305.19
1323.21
1331.61
1343.73
1344.88
1332.93
1347.65
1365.1
1353.28
1348.11
1377.53
1380.92
1352.98
1374.67
1409.06
1403.9
1403.51
1396.08
1334.64
1263.04
1278.54
1247.02
1252.6
1238.68
1257.76
1252.17
1286.51
1302.56
1351.68
1386.93
1440.89
1500.71
1569.58
1651.92
1724.44
1800.75
1847.54
274
274
274
274
274
274
274
274
274
274
274
274
274
274
274
274
274
274
274
274
274
274
274
274
274
274
274
274
274
274
274
274
274
274
274
274
274
274
274
274
274
274
274
274
274
274
274
274
274
274
274
274
274.004
274.172
279.525
414.89
787.821
886.149
901.127
914.419
934.277
963.214
1003.88
1056.28
1125.67
1217.18
1324.15
1439.02
1550.25
1651.38
1746.47
1839.36
1926.45
1979.25
2001.53
2013.46
2031.95
2043.15
2048.43
1817.7
1663.04
1468.66
1403.09
1375.77
1361.71
1351.23
1338.73
1329.97
1322.17
1314.94
1318.65
1340.81
1344.31
1342.56
1367.23
1383.21
1377.18
1392.13
1418.6
1410.85
1397.62
1427.54
1458.29
1459.28
1466.24
1467.83
1454.18
1418.37
1329.3
1362.6
1307.08
1340.53
1303.26
1330.39
1327.41
1369.25
1393.73
1450.7
1496.96
1560.17
1617.81
1671.61
1730.88
1779.45
1828.83
274
274
274
274
274
274
274
274
274
274
274
274
274
274
274
274
274
274
274
274
274
274
274
274
274
274
274
274
274
274
274
274
274
274
274
274
274
274
274
274
274
274
274
274
274
274
274
274
274
274
274
274
274.007
274.305
283.374
468.058
824.492
890.895
901.923
913.833
933.685
964.069
1005.73
1058.65
1129.89
1223.79
1333.75
1452.4
1567.8
1671.46
1764.71
1852.26
1930.34
1978.35
1999.8
2014.48
2038.36
2056.81
2060.46
1820.28
1669.59
1474.63
1413.86
1388.7
1379.72
1378.28
1379.65
1379.85
1378.43
1382.68
1388.27
1399.63
1398.4
1395.61
1420.61
1435.8
1430.55
1440.28
1463.48
1462.43
1465.32
1482.64
1505.1
1507.65
1520.72
1533.11
1528.29
1514.85
1498.5
1414.96
1442.84
1390.09
1422.93
1392.71
1417.82
1436.71
1487.75
1520.7
1575.45
1609.43
1675.73
1717.63
1770.79
1803.52
1845.68
274
274
274
274
274
274
274
274
274
274
274
274
274
274
274
274
274
274
274
274
274
274
274
274
274
274
274
274
274
274
274
274
274
274
274
274
274
274
274
274
274
274
274
274
274
274
274
274
274
274
274
274
274.012
274.48
288.229
513.218
843.354
891.42
903.811
918.555
941.663
974.654
1016.26
1067.42
1138.44
1234.05
1346.27
1465.89
1581.33
1685.91
1780.22
1865.1
1935.59
1979.63
2000.44
2015.9
2034.48
2041.28
2023.35
1764.02
1586.01
1444.8
1403.19
1383.15
1373.69
1367.98
1366.24
1366.95
1365.13
1371.32
1394.01
1417.64
1420.59
1421.94
1450.71
1473.33
1473.36
1480.22
1506.76
1516.45
1525.69
1536.56
1548.42
1570.39
1588.87
1600.27
1621.1
1626.64
1616.61
1587.89
1536.29
1523.6
1494.95
1499.16
1491.83
1507.31
1535.54
1577.51
1615.85
1666.82
1708.69
1758.48
1800.34
1831.99
1855.01
274
274
274
274
274
274
274
274
274
274
274
274
274
274
274
274
274
274
274
274
274
274
274
274
274
274
274
274
274
274
274
274
274
274
274
274
274
274
274
274
274
274
274
274
274
274
274
274
274
274
274
274.001
274.019
274.737
295.416
566.956
860.373
893.884
903.872
918.616
942.398
975.65
1016.36
1067.61
1140.49
1238.74
1354.07
1476.41
1593.69
1700.06
1794.76
1875.54
1936.8
1969.96
1985.64
2001.19
2025.88
2039.7
2025.03
1792.94
1612.93
1444.64
1400.56
1382.97
1377.47
1376.77
1379.86
1379.69
1381.71
1398.98
1408.32
1432.89
1438.57
1442.32
1463.39
1495.94
1503.79
1520.48
1547.59
1557.31
1578.03
1601.26
1613.52
1629.07
1652.14
1668.32
1695.91
1722.99
1738.19
1753.69
1714.62
1677.96
1630.63
1634.68
1617.27
1629.65
1629.32
1663.83
1696.29
1748.76
1782.77
1830.85
1859.93
1895.46
1930.69
274
274
274
274
274
274
274
274
274
274
274
274
274
274
274
274
274
274
274
274
274
274
274
274
274
274
274
274
274
274
274
274
274
274
274
274
274
274
274
274
274
274
274
274
274
274
274
274
274
274
274
274.001
274.028
275.03
303.834
610.831
867.574
893.959
904.031
920.809
947.274
982.569
1023.62
1074.73
1148.03
1247.04
1363.18
1484.98
1600.86
1706.84
1801.08
1878.83
1934.05
1965.9
1982.34
2000.85
2033.62
2051.26
2034.85
1812.86
1633.57
1463.22
1417.73
1397.53
1388.9
1386.53
1386.66
1389.1
1395.25
1410.98
1419.68
1443.97
1453.45
1460.4
1480.91
1512.46
1523.14
1540.76
1569.13
1591.18
1613.35
1640.34
1665.7
1690.17
1715.88
1739.81
1770.97
1802.52
1831.94
1862.57
1878.51
1880.09
1847.96
1794.79
1776.22
1765.36
1771.07
1777.91
1803.76
1834.84
1869.51
1896.77
1927.32
1963.26
2001.51
274
274
274
274
274
274
274
274
274
274
274
274
274
274
274
274
274
274
274
274
274
274
274
274
274
274
274
274
274
274
274
274
274
274
274
274
274
274
274
274
274
274
274
274
274
274
274
274
274
274
274
274.001
274.04
275.405
315.352
651.134
875.505
895.72
904.896
923.104
951.478
987.639
1028.7
1080.96
1156.87
1258.53
1375.66
1494.29
1605.63
1708.07
1800.48
1876.95
1930.69
1962.42
1981.1
2002.85
2036.16
2049.65
2027.94
1809.6
1627.16
1459.5
1417.79
1400.91
1394.94
1393.58
1393.98
1394.65
1395.55
1414.54
1427.28
1450.26
1462.81
1470.42
1489.33
1520.53
1533.53
1551.99
1581.86
1604.99
1629.02
1659.54
1689.25
1719.53
1749.88
1775.76
1808.22
1842.79
1874.69
1912.19
1954.34
1991.73
2016.35
2018.23
1994.88
1933.6
1913.73
1896.68
1908.95
1912.12
1930.91
1941.93
1971.45
1987.97
2012.8
274
274
274
274
274
274
274
274
274
274
274
274
274
274
274
274
274
274
274
274
274
274
274
274
274
274
274
274
274
274
274
274
274
274
274
274
274
274
274
274
274
274
274
274
274
274
274
274
274
274
274
274.001
274.051
275.767
326.508
679.065
880.715
896.21
904.252
923.569
954.231
993.114
1037.49
1094.59
1175.15
1278.95
1393.48
1503.86
1606.31
1702.88
1794.54
1873.7
1926.39
1950.59
1963.93
1986.18
2017.56
2033.04
2012.47
1801.39
1625.28
1465.43
1424.95
1407.11
1399.99
1397.61
1397.31
1398.75
1406.04
1419.73
1434.94
1455.83
1474.5
1485.82
1505.21
1533.7
1551.6
1571.52
1599.8
1623.65
1651.45
1682.67
1710.59
1740.92
1773.07
1802.63
1831.29
1863.65
1894.28
1925.99
1966.86
2014.89
2062.51
2106.22
2121.18
2138.49
2039.85
2028.42
1980.37
1972.67
1965.76
1968.08
1977.73
2001.66
1969.05
274
274
274
274
274
274
274
274
274
274
274
274
274
274
274
274
274
274
274
274
274
274
274
274
274
274
274
274
274
274
274
274
274
274
274
274
274
274
274
274
274
274
274
274
274
274
274
274
274
274
274
274.002
274.063
276.136
337.483
702.347
887.177
898.641
905.819
926.662
961.076
1005.22
1055.63
1119.63
1205.2
1308.51
1414.95
1511.58
1600.88
1688.93
1780.44
1864.94
1911.22
1935.14
1953.79
1977.85
2020.22
2038.97
2023.34
1817.3
1641.69
1472.84
1432.42
1415.34
1409.17
1406.7
1405.6
1405.79
1405.93
1423.14
1445.18
1456.63
1475.43
1500.95
1517.19
1544.22
1563.5
1585.88
1613.2
1637.01
1668.4
1697.42
1727.83
1760.47
1794.49
1829.23
1863.38
1897.06
1929.79
1964.38
2002.8
2043.94
2090.27
2142.89
2178.14
2205.85
2212.75
2220.45
2126.37
2079.37
2041.54
2020.09
1993.41
1966.71
1832.46
274
274
274
274
274
274
274
274
274
274
274
274
274
274
274
274
274
274
274
274
274
274
274
274
274
274
274
274
274
274
274
274
274
274
274
274
274
274
274
274
274
274
274
274
274
274
274
274
274
274
274
274.002
274.07
276.365
343.924
713.75
889.352
899.727
907.195
928.796
965.01
1012.62
1068.08
1137.74
1227.11
1329.97
1429.92
1516.74
1594.42
1676.13
1768.55
1858.06
1903.41
1927.61
1945.64
1972.58
2020.34
2042.07
2028.75
1815
1638.46
1477.81
1435.47
1416.86
1409.31
1406.02
1404.54
1406.83
1407.59
1422.75
1438.68
1452.46
1470.51
1489.7
1506.06
1533.53
1559.17
1582.01
1609.67
1634.36
1661.41
1690.94
1722.39
1755.69
1789.71
1824.21
1859.23
1898.1
1937.72
1975.64
2015.16
2049.42
2081.26
2117.31
2156.79
2200.01
2219.76
2244.64
2235.17
2229.44
2122.95
2101.94
1901.87
1794.41
1701.65
274
274
274
274
274
274
274
274
274
274
274
274
274
274
274
274
274
274
274
274
274
274
274
274
274
274
274
274
274
274
274
274
274
274
274
274
274
274
274
274
274
274
274
274
274
274
274
274
274
274
274
274.002
274.074
276.475
346.981
718.926
890.293
900.282
908.155
930.252
967.009
1015.63
1072.88
1144.83
1235.51
1337.77
1435.52
1517.56
1591.02
1670.03
1762.32
1852.89
1895.93
1919.4
1938.15
1966.48
2018.49
2049.54
2046.31
1835.45
1667.15
1493.5
1451.99
1433.17
1425.42
1422.2
1420.96
1422.02
1425.02
1443.49
1462.07
1482.99
1500.83
1518.61
1535
1553.63
1579.28
1602.9
1627.69
1659.17
1685.69
1714.5
1743.34
1774.68
1808.65
1842.93
1880.58
1921.49
1962.69
2003.93
2044.8
2079.37
2105.89
2128.19
2149.55
2178.85
2226.62
2285.42
2311.96
2322.49
2341.26
2104.72
1863.28
1763.76
1705.92
274
274
274
274
274
274
274
274
274
274
274
274
274
274
274
274
274
274
274
274
274
274
274
274
274
274
274
274
274
274
274
274
274
274
274
274
274
274
274
274
274
274
274
274
274
274
274
274
274
274
274
274.002
274.07
276.371
344.104
714.045
889.233
899.964
907.786
929.209
964.846
1012.4
1068.4
1138.78
1227.8
1329.95
1430.94
1516.79
1592.4
1672.85
1763.7
1852.86
1899.31
1923.02
1941.37
1970.32
2022
2045.44
2031.04
1813.93
1641.92
1477.92
1435.13
1416.51
1408.61
1405.03
1402.91
1401.76
1406.14
1421.86
1436.52
1455.03
1472.37
1489.51
1510.21
1534.84
1560.41
1583.89
1608.93
1634.11
1662.39
1690.25
1721.61
1755.56
1790.71
1824.96
1860.71
1898.93
1938.06
1977.05
2014.27
2046.74
2076.03
2110.72
2153.87
2203.71
2226.85
2240.74
2251.52
2211.05
2121.21
2085.46
1903.29
1783.87
1704.22
274
274
274
274
274
274
274
274
274
274
274
274
274
274
274
274
274
274
274
274
274
274
274
274
274
274
274
274
274
274
274
274
274
274
274
274
274
274
274
274
274
274
274
274
274
274
274
274
274
274
274
274.002
274.063
276.144
337.774
702.9
886.893
899.543
907.387
927.265
960.167
1004.45
1056.14
1120.97
1205.48
1306.69
1413.07
1510.12
1596.31
1682.19
1771.61
1856.99
1905.58
1926.36
1946.4
1973.08
2020.2
2041.86
2026.82
1814.52
1643.29
1470.64
1428.22
1410.63
1403.72
1400.92
1399.4
1397.96
1401.91
1420.98
1437.95
1450.17
1474.48
1494.63
1509.86
1542.6
1563.99
1583.22
1610.63
1635.04
1663.39
1693.84
1723.84
1757
1792.21
1827.76
1862.61
1898.95
1933.21
1967.41
2004.71
2044.01
2088.33
2144.86
2181.76
2205.67
2223.68
2226.63
2129.1
2064.49
2038.75
2002.86
1980.02
1949.44
1821.79
274
274
274
274
274
274
274
274
274
274
274
274
274
274
274
274
274
274
274
274
274
274
274
274
274
274
274
274
274
274
274
274
274
274
274
274
274
274
274
274
274
274
274
274
274
274
274
274
274
274
274
274.001
274.052
275.781
327.034
680.377
880.706
897.643
906.32
924.151
952.944
991.905
1037.41
1095.34
1175.47
1276.85
1390.04
1500.66
1600.59
1694.19
1783.7
1862.92
1917.93
1945.36
1960.56
1983.83
2020.72
2036.76
2018.96
1805.66
1640.6
1468.74
1424.54
1405.65
1397.76
1395.02
1394.48
1394.38
1403.1
1419.06
1432.67
1450.4
1476.22
1487.44
1504.19
1538.1
1558.24
1576.37
1604.55
1629.78
1655.79
1686.53
1715.71
1747.88
1781.24
1811.27
1841
1873.25
1904.75
1937.22
1977.7
2025.91
2074.26
2123.64
2137.13
2159.83
2054.35
2037.96
1986.31
1971.29
1970.1
1969.7
1974.3
1996.27
1962.64
274
274
274
274
274
274
274
274
274
274
274
274
274
274
274
274
274
274
274
274
274
274
274
274
274
274
274
274
274
274
274
274
274
274
274
274
274
274
274
274
274
274
274
274
274
274
274
274
274
274
274
274.001
274.04
275.428
316.096
653.343
875.986
897.388
906.965
923.722
950.498
986.886
1029.04
1082.26
1158.15
1257.53
1372.54
1490.25
1599.28
1698.73
1789.41
1866.76
1922.44
1955.72
1976.57
2001.19
2039.24
2056.94
2040.71
1813.86
1633.59
1464.32
1419.85
1401.15
1393.81
1391.68
1391.61
1392.52
1397.04
1415.38
1427.34
1448.5
1467.65
1475.01
1491.48
1526.8
1542.18
1558.16
1587.06
1611.73
1635
1665.26
1693.54
1722.11
1753.23
1778.52
1809.55
1842.92
1874.95
1911.4
1953.91
1996.26
2028.47
2028.71
2014.75
1941.53
1922.53
1895.12
1919.47
1913.16
1932.75
1941.74
1969.01
1985.83
2010.49
274
274
274
274
274
274
274
274
274
274
274
274
274
274
274
274
274
274
274
274
274
274
274
274
274
274
274
274
274
274
274
274
274
274
274
274
274
274
274
274
274
274
274
274
274
274
274
274
274
274
274
274.001
274.029
275.063
304.795
614.723
868.73
895.739
906.02
921.742
946.8
981.89
1023.7
1075.68
1149.25
1246.42
1360.26
1480.36
1594.33
1697.97
1790.45
1868.87
1926.35
1960.15
1978.23
1999.09
2033.31
2052.06
2040.19
1812.18
1641.59
1467.93
1419.11
1397.79
1389.39
1387.51
1387.83
1391.29
1395.3
1411.46
1420.1
1446.17
1459.09
1465.9
1484.55
1519.19
1531.08
1546.7
1574.9
1597.35
1619.21
1645.71
1670.37
1693.71
1719.46
1743.42
1774.26
1806.52
1838.69
1868.49
1889.39
1901.09
1868.48
1808.36
1788.7
1774.9
1783.4
1784.3
1813.87
1838.78
1875.48
1897.09
1926.64
1962.08
1997.99
274
274
274
274
274
274
274
274
274
274
274
274
274
274
274
274
274
274
274
274
274
274
274
274
274
274
274
274
274
274
274
274
274
274
274
274
274
274
274
274
274
274
274
274
274
274
274
274
274
274
274
274.001
274.02
274.775
296.484
573.379
862.457
895.467
905.463
919.589
942.337
975.229
1016.35
1068.31
1141.59
1238.08
1350.91
1471.01
1586.88
1692.13
1785.1
1865.62
1928.82
1965.87
1983.43
2000.75
2027.87
2041.55
2030.91
1795.95
1624.96
1449.3
1402.37
1384.49
1378.69
1377.7
1380.82
1381.92
1386.94
1403.38
1413.67
1436.51
1442.37
1445.06
1466.72
1502.6
1510.36
1522.55
1543.46
1561.85
1582.34
1603.13
1618.07
1637.56
1660.33
1679.37
1707.93
1738.27
1757.73
1773.03
1733.23
1695.64
1645.96
1646.94
1627.11
1645.13
1638.57
1674.71
1703.98
1757.86
1791.11
1835.21
1864.74
1897.16
1933.09
274
274
274
274
274
274
274
274
274
274
274
274
274
274
274
274
274
274
274
274
274
274
274
274
274
274
274
274
274
274
274
274
274
274
274
274
274
274
274
274
274
274
274
274
274
274
274
274
274
274
274
274
274.013
274.514
289.198
521.55
847.119
892.741
904.769
919.305
941.792
974.109
1015.7
1067.48
1139.34
1233.61
1343.27
1460.68
1574.95
1679.43
1772.33
1855.95
1927.27
1975.01
1997.87
2014.25
2034.14
2042.12
2029.89
1775.77
1600.25
1445.57
1398.63
1377.3
1368.25
1365.25
1364.89
1368.75
1371.97
1375.53
1400.55
1418.31
1420.66
1422.03
1453.47
1476.28
1477.29
1488.66
1515.23
1527.96
1536.57
1549.11
1563.41
1584.16
1603.53
1616.75
1636.89
1643.01
1637.49
1602.88
1559.14
1533.93
1515.89
1507.09
1504.25
1516.34
1543.24
1581.41
1622.08
1666.4
1715.22
1757.74
1803.09
1831.24
1853.57
274
274
274
274
274
274
274
274
274
274
274
274
274
274
274
274
274
274
274
274
274
274
274
274
274
274
274
274
274
274
274
274
274
274
274
274
274
274
274
274
274
274
274
274
274
274
274
274
274
274
274
274
274.008
274.332
284.167
476.992
830.23
892.047
902.554
914.521
934.137
963.793
1004.82
1058.14
1130.66
1223.92
1331.33
1447.64
1561.91
1666.25
1758.51
1843.85
1921.44
1973.92
1997.62
2013.74
2040.21
2062.16
2067.27
1831.21
1675.42
1470.37
1408.47
1385.5
1378.96
1378.94
1382.17
1382.92
1383.87
1384.31
1389.81
1401.58
1400.02
1397.39
1425.62
1444.89
1441.22
1447.49
1470.34
1469.64
1472.68
1488.72
1513.86
1518.83
1535.74
1551.14
1541.22
1525.35
1510.06
1449.83
1448.11
1412.7
1425.52
1408.77
1426.46
1443.36
1496.53
1528.67
1584.02
1618.29
1677.65
1721.11
1772.61
1808.44
1843.63
274
274
274
274
274
274
274
274
274
274
274
274
274
274
274
274
274
274
274
274
274
274
274
274
274
274
274
274
274
274
274
274
274
274
274
274
274
274
274
274
274
274
274
274
274
274
274
274
274
274
274
274
274.005
274.19
280.079
424.466
796.035
887.542
901.656
915.079
934.789
962.91
1002.61
1055.23
1126.16
1217.39
1321.89
1434.87
1545.21
1647.64
1742
1832.09
1917.31
1974.63
1999.09
2011.9
2032.06
2045.92
2050.76
1817.99
1659.82
1464.39
1399.27
1373.22
1359.62
1348.62
1337.28
1330.7
1321.29
1319.18
1319.4
1340.75
1345.61
1345.29
1367.97
1388.51
1383.41
1390.7
1413.58
1412.6
1402.64
1434.03
1471.25
1464.24
1473.66
1473.87
1458.62
1437.03
1373.44
1375.13
1343.61
1345.96
1335.5
1343.64
1347.45
1381.42
1408.36
1461.66
1512.39
1570.77
1631.04
1681.37
1744.27
1792.42
1840.68
274
274
274
274
274
274
274
274
274
274
274
274
274
274
274
274
274
274
274
274
274
274
274
274
274
274
274
274
274
274
274
274
274
274
274
274
274
274
274
274
274
274
274
274
274
274
274
274
274
274
274
274
274.003
274.106
277.564
377.214
757.569
885.784
899.054
909.462
926.223
951.232
988.683
1040.69
1111.86
1201.91
1303.8
1413.48
1521.69
1626.98
1728.43
1825.63
1915.98
1975.06
2001.59
2020.78
2051.39
2063.81
2070.06
1882.76
1672.41
1430.59
1355.49
1328.15
1318.32
1317.17
1319.31
1319.15
1308.48
1320.71
1330.26
1344.71
1344.94
1336.46
1350.95
1365.81
1357.85
1358.4
1385.18
1383.89
1362.04
1387.09
1421.45
1414.17
1416.65
1411.56
1353.4
1297.69
1292.53
1263.11
1268.54
1254.77
1269.11
1263.62
1293.74
1311.56
1355.92
1395.45
1445.89
1507.1
1573.54
1656.31
1726.2
1805.11
1851.63
274
274
274
274
274
274
274
274
274
274
274
274
274
274
274
274
274
274
274
274
274
274
274
274
274
274
274
274
274
274
274
274
274
274
274
274
274
274
274
274
274
274
274
274
274
274
274
274
274
274
274
274
274.001
274.052
275.869
331.588
692.776
877.405
897.35
910.078
927.708
951.521
986.278
1034.8
1100.09
1180.24
1271.85
1375.39
1485.18
1598.87
1716.41
1827.64
1920.6
1971.27
1994.77
2019.27
2048.74
2056.15
2052.38
1859.22
1653.35
1455.86
1383.98
1356.22
1346.7
1336.42
1326.58
1317.48
1308.41
1299.64
1287.64
1302.6
1302.79
1280.76
1286.44
1296.33
1288.67
1287.06
1326.89
1351.41
1334.28
1356.62
1374.38
1368.95
1364.1
1284.23
1246.01
1228.77
1212.63
1221.93
1200.54
1223.31
1209.69
1240.85
1254.59
1288.49
1324.66
1359.85
1405.56
1454.63
1514.4
1588.42
1676.09
1793.2
1900.12
274
274
274
274
274
274
274
274
274
274
274
274
274
274
274
274
274
274
274
274
274
274
274
274
274
274
274
274
274
274
274
274
274
274
274
274
274
274
274
274
274
274
274
274
274
274
274
274
274
274
274
274
274.001
274.026
275.012
304.642
620.091
868.694
894.064
905.369
920.924
943.267
975.993
1021.93
1082.73
1158.47
1245.45
1344.01
1454.02
1576.56
1706.74
1833.09
1922.05
1960.15
1978.91
2010.82
2047.58
2057.97
2057.5
1892.31
1656.95
1427.25
1340.8
1308.12
1290.45
1276.27
1265.48
1257.46
1251.98
1245.55
1236.13
1252.83
1254.15
1238.69
1260.59
1281.76
1271.63
1261.61
1312.04
1340.68
1322.53
1325.76
1316.05
1310.56
1233.38
1190.48
1189.51
1142.56
1172.62
1143.14
1162.66
1154.5
1175.77
1191.9
1208.12
1231.84
1243.49
1260.47
1286.81
1318.59
1388.15
1488.21
1639.88
1802.29
2020.7
274
274
274
274
274
274
274
274
274
274
274
274
274
274
274
274
274
274
274
274
274
274
274
274
274
274
274
274
274
274
274
274
274
274
274
274
274
274
274
274
274
274
274
274
274
274
274
274
274
274
274
274
274
274.013
274.527
290.09
534.563
849.953
889.801
904.335
920.492
939.987
966.232
1005.21
1058.62
1129.76
1217.74
1318.39
1432.43
1559.34
1697.31
1833.85
1923.26
1956.74
1971.94
1999.79
2041.46
2057.74
2060.61
1947.58
1715.22
1468.02
1350.45
1305.63
1273.22
1253.22
1246.92
1241.81
1236.5
1228.31
1224.04
1229.07
1229.84
1223.32
1237.24
1257.21
1241.9
1248.11
1284.42
1291.07
1268.81
1263.5
1266.25
1234.95
1158.21
1167.67
1104.86
1108.47
1114.06
1098.64
1123.81
1121.2
1138.82
1145.1
1150.08
1152.76
1163.85
1193.19
1242.82
1320.22
1446.76
1592.78
1729.81
1876.33
2000.83
274
274
274
274
274
274
274
274
274
274
274
274
274
274
274
274
274
274
274
274
274
274
274
274
274
274
274
274
274
274
274
274
274
274
274
274
274
274
274
274
274
274
274
274
274
274
274
274
274
274
274
274
274
274.007
274.304
283.67
475.65
826.318
883.126
897.486
915.276
937.284
963.019
998.263
1045.69
1111.12
1195.4
1296.7
1414.02
1546.14
1690.19
1833.09
1924.93
1957.17
1971.99
1999.23
2036.31
2048.19
2049.71
1962.52
1707.75
1421.71
1303.63
1261.71
1243.3
1236.9
1235.5
1222.25
1207
1196.95
1187.84
1195.79
1197.64
1197.6
1226.56
1237.65
1232.59
1237.58
1256.82
1251.06
1233.08
1229.28
1231.89
1182.61
1139.26
1114.5
1064.1
1086.21
1075.43
1080.02
1091.16
1085.74
1090.05
1090.19
1091.6
1106.94
1128.43
1172.95
1234.01
1314.68
1435.7
1553.2
1620.38
1720.64
1957.07
274
274
274
274
274
274
274
274
274
274
274
274
274
274
274
274
274
274
274
274
274
274
274
274
274
274
274
274
274
274
274
274
274
274
274
274
274
274
274
274
274
274
274
274
274
274
274
274
274
274
274
274
274
274.002
274.104
277.643
383.108
765.12
880.668
893.735
906.441
925.736
950.906
983.995
1026.41
1084.53
1160.07
1254.42
1369.38
1506.34
1661.71
1819.22
1921.4
1954.85
1968.39
1989.34
2026.71
2055.13
2068.93
2031.71
1781.33
1519.76
1332.87
1267.68
1234.39
1199.53
1184.57
1172.88
1158.78
1159.48
1162.79
1159.1
1165.07
1167.57
1183.62
1183.27
1179.07
1178.63
1174.61
1174.5
1174.76
1164.3
1148.3
1046.46
1054.8
1006.13
1012.06
1007.22
1001.28
1001.12
999.938
999.328
1002.64
1001.41
1010.25
1031.21
1064.69
1101.16
1128.94
1167.95
1224.52
1298.35
1479.94
1659.98
1739.05
274
274
274
274
274
274
274
274
274
274
274
274
274
274
274
274
274
274
274
274
274
274
274
274
274
274
274
274
274
274
274
274
274
274
274
274
274
274
274
274
274
274
274
274
274
274
274
274
274
274
274
274
274
274.001
274.021
274.886
302.128
615.14
870.16
893.469
901.499
915.218
934.782
962.536
999.792
1050.91
1116.91
1200.5
1304.99
1436.2
1594.5
1768.35
1904.99
1955.09
1972.23
1991.31
2016.1
2026.18
2030.67
2009.88
1701.57
1423.16
1260.93
1203.86
1183.36
1173.43
1163.38
1158.49
1154
1140.67
1130.78
1126.39
1141.18
1139.91
1133.6
1141.21
1142.65
1144.86
1143.28
1149.83
1114.72
1098.46
977.487
992.559
955.934
944.514
941.45
937.72
939.416
944.679
955
966.117
978.958
995.956
1004.6
1018.85
1039.4
1074.18
1144.51
1251.13
1442.23
1575.59
1586
1390.58
1324.47
274
274
274
274
274
274
274
274
274
274
274
274
274
274
274
274
274
274
274
274
274
274
274
274
274
274
274
274
274
274
274
274
274
274
274
274
274
274
274
274
274
274
274
274
274
274
274
274
274
274
274
274
274
274
274.004
274.191
280.658
443.576
816.703
889.568
898.784
909.111
924.699
946.101
977.171
1023.24
1086.51
1168.22
1269.16
1387.97
1523.81
1677.46
1835.64
1931.56
1967.13
1982.48
2002.48
2012.29
2013.79
1999.59
1762.72
1521.39
1239.29
1154.43
1114.26
1089.53
1079.33
1076.72
1075.51
1084.97
1088.22
1077.49
1077.04
1091.63
1091.03
1089.68
1088.09
1092.07
1094.8
1091.37
1017.57
933.324
930.577
919.121
895.985
908.935
899.774
912.858
904.566
918.085
923.384
925.862
928.334
938.08
955.319
998.205
1061.52
1182.86
1386.68
1513.32
1547.75
1477.07
1442
1336.53
957.849
274
274
274
274
274
274
274
274
274
274
274
274
274
274
274
274
274
274
274
274
274
274
274
274
274
274
274
274
274
274
274
274
274
274
274
274
274
274
274
274
274
274
274
274
274
274
274
274
274
274
274
274
274
274
274.001
274.035
275.424
322.574
685.857
879.916
896.854
906.49
919.718
936.256
959.053
993.083
1044.2
1116.97
1211.85
1326.07
1452.52
1589.09
1736.18
1880.12
1952.24
1974.67
1993.47
2014.44
2014.41
2009.61
1966.09
1722.48
1429.22
1251.73
1194.53
1171.74
1154.45
1147.95
1135.19
1100.9
1085.29
1078.69
1091.68
1088.13
1080.55
1105.87
1111.01
1082.13
1064.25
944.481
932.203
895.312
882.152
869.44
884.754
872.918
886.748
894.47
911.128
920.981
927.909
943.666
965.3
1003.21
1084.42
1208.97
1352.66
1460.29
1492.6
1492.62
1485
1421.45
1430.52
1186.19
1068.99
274
274
274
274
274
274
274
274
274
274
274
274
274
274
274
274
274
274
274
274
274
274
274
274
274
274
274
274
274
274
274
274
274
274
274
274
274
274
274
274
274
274
274
274
274
274
274
274
274
274
274
274
274
274
274
274.006
274.278
283.518
482.25
837.646
891.485
902.937
915.897
931.648
949.775
974.355
1011.99
1068.74
1149.82
1252.84
1374.17
1508.26
1668.16
1835.56
1925.25
1954.3
1970.43
1992.67
1998.67
1992.76
1994.74
1771.44
1531.55
1192.54
1108.11
1071.74
1063.68
1062.03
1067.89
1072.69
1081.21
1074.12
1045.79
1066.61
1072.71
1077.33
1049.57
1020.39
894.18
868.953
863.673
851.272
862.77
867.728
860.082
875.422
885.629
895.107
910.777
916.406
923.866
942.107
976.599
1047.5
1188.46
1345.99
1420.08
1457.53
1471.65
1455.02
1428.99
1428.57
1404.11
1271.11
1081.65
274
274
274
274
274
274
274
274
274
274
274
274
274
274
274
274
274
274
274
274
274
274
274
274
274
274
274
274
274
274
274
274
274
274
274
274
274
274
274
274
274
274
274
274
274
274
274
274
274
274
274
274
274
274
274
274.001
274.037
275.535
326.111
690.176
874.782
895.716
909.311
925.032
943.105
964.078
991.668
1032.37
1091.69
1175.69
1287.24
1424.34
1596.72
1793.07
1904.57
1934.96
1954.52
1973.45
1980.11
1971.46
1967.59
1892.45
1618.17
1307.39
1140.28
1093.62
1090.44
1086.52
1065.47
1056.18
1040.93
1049.51
1062.78
1062.52
1065.17
1034.35
1013.87
925.406
889.461
881.561
875.564
886.167
892.25
885.429
884.717
882.366
881.232
877.889
878.548
893.227
938.094
1007.32
1134.16
1294.56
1367.26
1395.22
1416.66
1425.26
1425.07
1423.82
1439.97
1480.55
1422.1
1278.38
1006.88
274
274
274
274
274
274
274
274
274
274
274
274
274
274
274
274
274
274
274
274
274
274
274
274
274
274
274
274
274
274
274
274
274
274
274
274
274
274
274
274
274
274
274
274
274
274
274
274
274
274
274
274
274
274
274
274
274.004
274.212
281.459
455.08
815.928
882.789
899.088
914.562
932.736
953.685
978.023
1009.52
1053.8
1119.54
1214.03
1345.73
1521.99
1740.98
1888.63
1922.84
1930.63
1945.55
1962.43
1964.3
1962.52
1953.89
1786.42
1613.99
1329.93
1270.45
1236.22
1196.45
1185.35
1206.72
1203.32
1163.82
1121.25
1062.57
1017.35
970.898
940.511
891.221
884.023
878.312
868.945
878.23
864.668
864.581
868.644
866.541
884.162
903.511
942.791
1015.17
1109.98
1235.16
1326.3
1380.06
1403.41
1411.68
1419.67
1421.48
1413.13
1433.62
1478.99
1440.48
1329.58
1128.83
862.481
274
274
274
274
274
274
274
274
274
274
274
274
274
274
274
274
274
274
274
274
274
274
274
274
274
274
274
274
274
274
274
274
274
274
274
274
274
274
274
274
274
274
274
274
274
274
274
274
274
274
274
274
274
274
274
274
274.001
274.021
274.924
304.944
630.342
861.903
887.381
902.047
918.792
939.115
963.391
991.73
1027.84
1078.19
1154.41
1268.94
1436.5
1663.54
1861.31
1914.74
1925
1933.22
1944.92
1954.46
1959
1971.98
1978.97
1764.59
1593.25
1382.7
1308.4
1306.44
1315.68
1285.24
1280.71
1253.01
1178.46
1074.28
992.445
997.247
939.942
909.075
884.779
878.274
862.678
866.137
857.569
857.445
876.004
896.839
943.72
1017.09
1125.78
1272.59
1372.36
1420.07
1432.3
1412.26
1414.35
1434.14
1441.25
1451.92
1471.84
1483.01
1458.51
1336.92
1172.48
940.482
742.541
274
274
274
274
274
274
274
274
274
274
274
274
274
274
274
274
274
274
274
274
274
274
274
274
274
274
274
274
274
274
274
274
274
274
274
274
274
274
274
274
274
274
274
274
274
274
274
274
274
274
274
274
274
274
274
274
274
274.002
274.095
277.655
389.79
773.338
875.873
890.984
904.827
922.548
945.378
973.462
1007
1048.78
1108.51
1200.91
1343.85
1555.37
1803.19
1898.6
1911.15
1914.76
1924.69
1943.56
1963.13
1973.52
1971.1
1828.72
1618.48
1480.08
1436.48
1372.24
1421.09
1462.94
1472.3
1467.23
1365.98
1288.35
1227.44
1166.34
1116.43
1079.3
1067.03
1086.54
1070.29
1090.59
1108.4
1144.33
1202.54
1286.95
1393.67
1495.65
1537.71
1539.99
1479.73
1455.12
1447.59
1464.64
1486.86
1505.11
1511.98
1541.49
1515.3
1443.76
1307.54
1130.49
925.572
758.379
628.387
274
274
274
274
274
274
274
274
274
274
274
274
274
274
274
274
274
274
274
274
274
274
274
274
274
274
274
274
274
274
274
274
274
274
274
274
274
274
274
274
274
274
274
274
274
274
274
274
274
274
274
274
274
274
274
274
274
274
274.007
274.376
287.086
523.149
849.081
884.718
895.218
908.209
926.802
952.422
984.756
1024.52
1074.67
1146.63
1258.96
1435.58
1687.99
1856.5
1882.02
1882.46
1892.29
1914
1929.9
1934.41
1928.64
1780.74
1585.15
1488.63
1479.47
1522.74
1643.11
1782.36
1827.7
1848.22
1834.93
1635.84
1413.25
1277.16
1224.92
1210.53
1260.53
1286.35
1292.56
1349.73
1407.39
1470.26
1512.38
1545.82
1567.78
1574.66
1538.15
1508.22
1518.11
1563.37
1582.36
1605.01
1622.83
1611.03
1568.35
1506.14
1410.11
1259.71
1083.49
901.138
731.865
624.947
542.667
274
274
274
274
274
274
274
274
274
274
274
274
274
274
274
274
274
274
274
274
274
274
274
274
274
274
274
274
274
274
274
274
274
274
274
274
274
274
274
274
274
274
274
274
274
274
274
274
274
274
274
274
274
274
274
274
274
274
274.001
274.027
275.218
317.129
675.168
875.003
890.408
898.133
910.354
930.242
958.314
994.243
1039.52
1099.47
1185.52
1317.97
1521.39
1761.21
1845.33
1843.92
1835.5
1843.43
1866.16
1873.15
1858.47
1776.7
1740.2
1669.68
1643.12
1713.43
1834.12
1972.16
2000.4
1977.67
1987.95
1992.02
1939.32
1849.11
1841.01
1828.16
1809.95
1840.72
1848.5
1857.15
1855.52
1828.9
1801.67
1764.6
1735.44
1712.45
1702.39
1722.78
1708.13
1689.73
1668.65
1665.37
1634.26
1556.31
1468.69
1335.48
1197.41
1021.78
870.001
740.843
636.017
549.589
482.517
274
274
274
274
274
274
274
274
274
274
274
274
274
274
274
274
274
274
274
274
274
274
274
274
274
274
274
274
274
274
274
274
274
274
274
274
274
274
274
274
274
274
274
274
274
274
274
274
274
274
274
274
274
274
274
274
274
274
274
274.002
274.091
277.612
391.386
783.42
885.439
893.496
899.727
911.919
932.62
961.875
1000.03
1049.17
1117.04
1214.36
1360.4
1573.38
1778.08
1832.88
1827.49
1809.2
1803.51
1817.35
1848.4
1839.09
1844.06
1881.11
1884.27
1927.76
2038.46
2077.21
2077.98
2030.2
2029.64
2057.26
2042.41
2033.16
2023.2
2019.51
2018.92
2028.2
2028.59
2024.22
2015.94
1997.6
1970.57
1937.54
1896.82
1863.08
1840.61
1816
1774.03
1716.13
1649.69
1577.19
1480.63
1348.75
1229.81
1075.38
955.316
836.743
738.475
642.569
555.756
488.9
436.811
274
274
274
274
274
274
274
274
274
274
274
274
274
274
274
274
274
274
274
274
274
274
274
274
274
274
274
274
274
274
274
274
274
274
274
274
274
274
274
274
274
274
274
274
274
274
274
274
274
274
274
274
274
274
274
274
274
274
274
274
274.005
274.253
283.341
486.398
844.35
890.735
894.927
900.498
912.804
933.385
962.431
1000.92
1052.6
1124.6
1227.58
1378.03
1586.01
1781.7
1841.71
1850.31
1842.52
1845.39
1856.8
1853.54
1837.18
1934.74
1974.32
2006.27
2085.17
2156
2160.34
2130.4
2086.4
2072.88
2067.84
2064.55
2054.71
2045.67
2044.48
2045.41
2045.37
2040.92
2031.16
2013.99
1987.76
1953.85
1910.62
1858.23
1806.75
1752.26
1676.88
1573.02
1462.53
1351.18
1254.14
1142.74
1040.48
929.331
836.408
733.441
646.567
570.085
503.088
450.424
406.989
274
274
274
274
274
274
274
274
274
274
274
274
274
274
274
274
274
274
274
274
274
274
274
274
274
274
274
274
274
274
274
274
274
274
274
274
274
274
274
274
274
274
274
274
274
274
274
274
274
274
274
274
274
274
274
274
274
274
274
274
274
274.012
274.568
294.324
583.448
870.886
892.633
894.861
900.248
912.307
931.796
958.672
995.47
1047.03
1118.17
1218.81
1362.92
1566.38
1776.52
1850.73
1867.44
1871.04
1842.18
1817.51
1816.02
1871.76
1942.45
1985.47
2047.4
2115.33
2130.4
2112.07
2067.21
2039.45
2018.27
1995.3
1966.23
1937.95
1924.34
1910.53
1900.79
1887.8
1872.04
1854.03
1828.63
1797.17
1756.27
1698.52
1634.51
1562.87
1483.81
1405.49
1332.57
1253.37
1162.94
1054.52
949.058
833.189
739.666
651.173
580.811
519.851
467.501
425.339
389.885
274
274
274
274
274
274
274
274
274
274
274
274
274
274
274
274
274
274
274
274
274
274
274
274
274
274
274
274
274
274
274
274
274
274
274
274
274
274
274
274
274
274
274
274
274
274
274
274
274
274
274
274
274
274
274
274
274
274
274
274
274
274.001
274.025
275.079
312.336
662.328
879.391
891.956
893.475
898.639
909.794
926.927
950.395
984.239
1031.35
1096.01
1186.27
1317.44
1507.89
1734.48
1840.66
1857.92
1835.06
1801.02
1776.66
1787.66
1834.29
1874.43
1889.63
1906.18
1902.21
1902.77
1883.91
1846.53
1809.01
1775.41
1745.24
1717.87
1696.44
1672.56
1652.44
1633.9
1612.71
1589.83
1566.57
1541.32
1512.58
1484.64
1458.28
1432.47
1391.23
1326.34
1258.83
1179.9
1083.61
964.93
854.272
748.151
667.409
593.773
534.423
484.45
440.707
404.591
376.664
274
274
274
274
274
274
274
274
274
274
274
274
274
274
274
274
274
274
274
274
274
274
274
274
274
274
274
274
274
274
274
274
274
274
274
274
274
274
274
274
274
274
274
274
274
274
274
274
274
274
274
274
274
274
274
274
274
274
274
274
274
274
274.001
274.044
275.753
334.862
712.998
880.91
889.435
890.574
895.508
905.515
919.296
939.279
967.509
1007.11
1061.01
1137.12
1248.97
1403.7
1605.61
1752.31
1786.62
1779.4
1755.3
1740.37
1755.23
1757.13
1748.54
1740.98
1734.93
1730.29
1718.7
1706.83
1681.28
1649.85
1624.89
1597.45
1571.38
1542.3
1515.67
1493.93
1473.68
1454.31
1437.76
1423.7
1415.21
1406.17
1387.52
1358.42
1309.65
1235.75
1155.79
1065.89
959.35
845.572
747.816
660.272
595.592
537.654
490.643
451.464
416.451
388.231
367.443
274
274
274
274
274
274
274
274
274
274
274
274
274
274
274
274
274
274
274
274
274
274
274
274
274
274
274
274
274
274
274
274
274
274
274
274
274
274
274
274
274
274
274
274
274
274
274
274
274
274
274
274
274
274
274
274
274
274
274
274
274
274
274
274.001
274.065
276.414
353.291
735.672
878.405
885.382
886.494
890.73
899.138
910.186
925.571
947.536
977.843
1020.29
1080.93
1160.49
1269.04
1403.13
1532.87
1624.5
1664.31
1674.19
1677.07
1673.39
1664.57
1656.46
1647.23
1636.68
1624.83
1611.55
1593.93
1574.17
1556.08
1534.9
1512.24
1486.74
1462.97
1443.57
1425.95
1409.12
1393.74
1379.84
1366.95
1344.76
1304.52
1254.65
1187.17
1102.12
1014.49
921.463
823.279
729.292
653.279
586.816
537.391
493.162
456.351
426.38
399.584
378.258
362.525
274
274
274
274
274
274
274
274
274
274
274
274
274
274
274
274
274
274
274
274
274
274
274
274
274
274
274
274
274
274
274
274
274
274
274
274
274
274
274
274
274
274
274
274
274
274
274
274
274
274
274
274
274
274
274
274
274
274
274
274
274
274
274
274
274.002
274.08
276.775
358.963
733.77
873.04
880.237
881.184
884.935
891.321
899.292
910.24
925.701
948.437
980.582
1019.79
1071.46
1137.19
1209.95
1286.32
1360.53
1411.73
1440.02
1455.05
1463.27
1467.14
1463.27
1461.25
1459.02
1453.77
1447.79
1438.54
1431.37
1425.19
1416.96
1406.74
1393.67
1380.68
1366.83
1350.54
1331.79
1309.25
1274.92
1225.19
1165.91
1098.98
1020.6
937.372
858.035
779.722
703.371
634.153
579.52
531.116
494.062
460.695
432.477
409.2
389.175
373.815
360.79
274
274
274
274
274
274
274
274
274
274
274
274
274
274
274
274
274
274
274
274
274
274
274
274
274
274
274
274
274
274
274
274
274
274
274
274
274
274
274
274
274
274
274
274
274
274
274
274
274
274
274
274
274
274
274
274
274
274
274
274
274
274
274
274
274
274.002
274.084
276.646
348.999
708.217
864.892
873.786
874.368
877.424
881.549
886.37
892.77
903.976
920.61
940.726
964.802
993.217
1024.24
1061.69
1098.18
1128.21
1154.98
1173.98
1190.14
1200.92
1205.67
1213.32
1219.35
1223.4
1226.12
1226.75
1228.84
1231.8
1233.38
1234.34
1234.29
1231.37
1224.45
1209.95
1185.11
1149.13
1101.04
1045.87
984.385
921.007
853.378
786.844
726.301
668.594
613.879
564.588
525.596
490.321
463.023
437.992
416.383
399.103
384.722
372.368
361.405
274
274
274
274
274
274
274
274
274
274
274
274
274
274
274
274
274
274
274
274
274
274
274
274
274
274
274
274
274
274
274
274
274
274
274
274
274
274
274
274
274
274
274
274
274
274
274
274
274
274
274
274
274
274
274
274
274
274
274
274
274
274
274
274
274
274
274.002
274.076
276.103
328
655.177
851.473
865.296
866.043
868.358
870.448
870.975
875.094
882.115
891.947
903.33
914.983
926.391
940.214
954.424
967.462
981.446
989.691
997.193
1003.81
1006.31
1007.85
1010.6
1014.58
1020.65
1024.72
1029.19
1033.08
1035.65
1037.75
1038.22
1035.49
1028.08
1013.12
989.943
957.635
916.85
870.905
821.825
772.876
722.474
674.994
631.979
590.953
552.415
517.308
489.48
463.605
442.876
423.984
407.719
394.729
383.548
373.072
365.314
274
274
274
274
274
274
274
274
274
274
274
274
274
274
274
274
274
274
274
274
274
274
274
274
274
274
274
274
274
274
274
274
274
274
274
274
274
274
274
274
274
274
274
274
274
274
274
274
274
274
274
274
274
274
274
274
274
274
274
274
274
274
274
274
274
274
274
274.002
274.06
275.416
305.863
571.331
824.529
854.138
856.389
857.82
857.293
856.219
856.142
858.549
862.934
867.25
871.478
873.302
878.196
881.148
884.323
885.3
885.375
883.856
879.62
877.431
877.502
878.368
878.97
879.315
879.524
879.716
879.17
878.917
876.759
871.341
862.261
848.246
828.826
803.714
773.137
739.94
705.24
670.383
635.234
601.951
571.33
541.897
514.34
488.546
467.691
447.704
431.268
416.811
404.445
393.981
384.344
376.923
371.738
274
274
274
274
274
274
274
274
274
274
274
274
274
274
274
274
274
274
274
274
274
274
274
274
274
274
274
274
274
274
274
274
274
274
274
274
274
274
274
274
274
274
274
274
274
274
274
274
274
274
274
274
274
274
274
274
274
274
274
274
274
274
274
274
274
274
274
274
274.002
274.042
274.827
290.127
470.119
765.316
839.934
845.334
845.71
844.709
840.173
836.749
835.363
834.796
835.699
834.131
834.385
834.331
832.456
828.957
823.685
820.675
812.497
807.678
803.094
796.921
791.799
786.716
782.574
779.115
775.465
771.617
766.249
758.965
749.18
736.065
720.069
701.471
680.326
657.363
632.725
608.093
583.069
558.522
535.646
513.477
492.642
472.308
455.337
439.358
426.053
414.653
404.3
395.144
388.339
383.4
379.117
274
274
274
274
274
274
274
274
274
274
274
274
274
274
274
274
274
274
274
274
274
274
274
274
274
274
274
274
274
274
274
274
274
274
274
274
274
274
274
274
274
274
274
274
274
274
274
274
274
274
274
274
274
274
274
274
274
274
274
274
274
274
274
274
274
274
274
274
274
274.001
274.027
274.426
280.972
374.717
661.448
816.776
832.206
832.659
830.142
823.891
818.574
815.94
812.642
812.501
808.358
805.986
800.09
794.808
789.528
780.814
772.999
766.555
758.195
749.58
740.497
732.33
725.539
719.797
714.164
707.913
700.812
692.624
682.827
671.284
657.809
643.45
628.222
611.004
592.377
573.389
553.847
534.029
515.574
497.489
480.348
463.395
449.196
436.195
424.963
415.032
406.286
399.689
394.603
390.102
386.709
274
274
274
274
274
274
274
274
274
274
274
274
274
274
274
274
274
274
274
274
274
274
274
274
274
274
274
274
274
274
274
274
274
274
274
274
274
274
274
274
274
274
274
274
274
274
274
274
274
274
274
274
274
274
274
274
274
274
274
274
274
274
274
274
274
274
274
274
274
274
274.001
274.015
274.197
276.614
307.948
512.443
750.353
813.034
817.041
813.595
807.704
801.84
797.587
794.727
791.811
786.848
780.008
772.697
762.86
753.732
746.301
739.744
731.862
722.511
712.772
703.753
695.672
688.497
681.94
674.739
667.002
658.431
648.911
638.001
625.624
613.384
600.092
585.565
569.801
553.408
536.626
519.476
503.552
487.902
473.124
459.077
447.152
436.037
426.266
418.281
411.991
406.715
403.055
399.004
394.978
274
274
274
274
274
274
274
274
274
274
274
274
274
274
274
274
274
274
274
274
274
274
274
274
274
274
274
274
274
274
274
274
274
274
274
274
274
274
274
274
274
274
274
274
274
274
274
274
274
274
274
274
274
274
274
274
274
274
274
274
274
274
274
274
274
274
274
274
274
274
274
274
274.007
274.082
274.914
284.105
373.525
610.821
771.217
797.081
795.937
791.17
785.116
779.133
773.846
769.753
765.284
759.54
750.864
740.912
731.475
723.109
714.428
705.414
696.5
687.474
679.08
671.331
664.158
656.504
648.434
639.361
629.447
618.748
606.816
595.25
582.641
569.051
554.527
539.602
524.794
509.78
495.835
482.1
469.577
458.011
447.669
438.869
431.564
425.963
420.43
414.977
407.845
400.745
394.328
274
274
274
274
274
274
274
274
274
274
274
274
274
274
274
274
274
274
274
274
274
274
274
274
274
274
274
274
274
274
274
274
274
274
274
274
274
274
274
274
274
274
274
274
274
274
274
274
274
274
274
274
274
274
274
274
274
274
274
274
274
274
274
274
274
274
274
274
274
274
274
274
274
274.003
274.032
274.307
276.748
297.928
428.577
647.141
760.068
775.736
773.244
767.979
760.86
753.622
747.809
743.276
738.782
732.548
723.939
715.098
705.003
695.543
686.596
677.373
668.364
659.609
651.164
642.698
633.892
624.613
614.353
603.03
591.679
580.249
567.963
555.121
542.061
529.049
516.371
503.49
491.486
479.805
469.527
460.181
452.095
444.579
436.901
429.157
421.212
413.358
406.256
400.272
394.155
274
274
274
274
274
274
274
274
274
274
274
274
274
274
274
274
274
274
274
274
274
274
274
274
274
274
274
274
274
274
274
274
274
274
274
274
274
274
274
274
274
274
274
274
274
274
274
274
274
274
274
274
274
274
274
274
274
274
274
274
274
274
274
274
274
274
274
274
274
274
274
274
274
274
274.001
274.012
274.094
274.735
279.396
310.824
447.622
633.103
731.502
749.487
747.211
741.207
733.409
725.532
719.506
714.599
709.604
704.726
697.641
689.87
681.549
672.941
663.737
654.073
643.792
633.526
622.729
611.449
600.051
588.491
577.716
566.582
555.233
543.935
532.906
521.917
511.212
500.347
489.839
479.676
470.316
461.084
452.059
443.063
434.218
426.213
419.227
412.709
406.543
398.995
379.248
274
274
274
274
274
274
274
274
274
274
274
274
274
274
274
274
274
274
274
274
274
274
274
274
274
274
274
274
274
274
274
274
274
274
274
274
274
274
274
274
274
274
274
274
274
274
274
274
274
274
274
274
274
274
274
274
274
274
274
274
274
274
274
274
274
274
274
274
274
274
274
274
274
274
274
274
274.004
274.028
274.189
275.161
280.767
309.621
417.329
576.116
678.647
714.516
717.416
711.921
705.485
697.899
690.942
686.028
681.138
676.109
669.985
663.923
657.325
649.674
640.208
630.064
619.354
608.439
597.165
585.799
574.629
563.212
551.651
539.919
528.128
516.195
504.905
494.465
484.805
475.245
465.624
455.833
446.811
439.01
431.869
424.872
418.063
406.985
377.144
330.352
293.235
274.001
274.001
274.001
274.001
274.001
274.001
274.001
274.001
274.001
274.001
274.001
274.001
274.001
274.001
274.001
274.001
274.001
274.001
274.001
274.001
274.001
274.001
274.001
274.001
274.001
274.001
274.001
274.001
274.001
274.001
274.001
274.001
274.001
274.001
274.001
274.001
274.001
274.001
274.001
274.001
274.001
274.001
274.001
274.001
274.001
274.001
274.001
274.001
274.001
274.001
274.001
274.001
274.001
274.001
274.001
274.001
274.001
274.001
274.001
274.001
274
274
274
274
274
274
274
274
274
274
274
274
274
274
274
274
274.001
274.002
274.009
274.046
274.248
275.214
279.552
296.977
360.83
482.593
596.363
659.991
680.653
682.459
679.083
675.881
674.744
674.07
673.8
672.561
669.536
665.205
659.386
652.077
643.387
633.731
622.928
611.321
599.164
586.312
572.959
559.137
545.12
531.002
517.197
503.13
489.701
477.218
464.473
453.769
445.07
436.549
425.275
399.939
359.045
311.384
288.358
279.942
276.402
274.002
274.002
274.002
274.002
274.002
274.002
274.002
274.002
274.002
274.002
274.002
274.002
274.002
274.002
274.002
274.002
274.002
274.002
274.002
274.002
274.002
274.002
274.002
274.002
274.002
274.002
274.002
274.002
274.002
274.002
274.002
274.002
274.002
274.002
274.002
274.002
274.002
274.002
274.002
274.002
274.002
274.002
274.002
274.002
274.002
274.002
274.002
274.002
274.002
274.002
274.002
274.002
274.002
274.002
274.002
274.002
274.002
274.002
274.002
274.002
274.002
274.002
274.002
274.002
274.002
274.002
274.002
274.002
274.002
274.002
274.002
274.002
274.002
274.002
274.002
274.002
274.002
274.002
274.002
274.004
274.013
274.053
274.226
274.9
277.271
285.349
308.487
369.238
467.515
555.939
616.952
655.508
679.856
696.711
707.795
714.679
717.95
718.247
716.344
711.621
705.356
697.429
687.386
675.963
663.145
648.947
633.585
617.128
599.801
581.468
562.248
541.921
520.425
497.087
472.393
444.168
409.299
367.332
321.254
294.123
283.378
278.059
275.752
274.726
274.311
)
;

boundaryField
{
    wall
    {
        type            zeroGradient;
    }
    inlet
    {
        type            fixedValue;
        value           uniform 3673;
    }
    outlet-1
    {
        type            inletOutlet;
        inletValue      uniform 274;
        value           uniform 274;
    }
    outlet-2
    {
        type            inletOutlet;
        inletValue      uniform 274;
        value           nonuniform List<scalar> 
89
(
274.002
274.001
274
274
274
274
274
274
274
274
274
274
274
274
274
274
274
274
274
274
274
274
274
274
274
274
274
274
274
274
274
274
274
274
274
274
274
274
274
274
274
274
274
274
274
274
274
274
274
274
274
274
274
274
274
274
274
274
274
274
274
274
274
274
274
274
274
274
274
274
274
274
274
274
274
274
274
274
274
274
274
274
274
274
274
274
274
274.001
274.002
)
;
    }
    frontAndBackPlanes
    {
        type            empty;
    }
}


// ************************************************************************* //
