/*--------------------------------*- C++ -*----------------------------------*\
| =========                 |                                                 |
| \\      /  F ield         | OpenFOAM: The Open Source CFD Toolbox           |
|  \\    /   O peration     | Version:  2112                                  |
|   \\  /    A nd           | Website:  www.openfoam.com                      |
|    \\/     M anipulation  |                                                 |
\*---------------------------------------------------------------------------*/
FoamFile
{
    version     2.0;
    format      ascii;
    arch        "LSB;label=32;scalar=64";
    class       volScalarField;
    location    "0.00286";
    object      T;
}
// * * * * * * * * * * * * * * * * * * * * * * * * * * * * * * * * * * * * * //

dimensions      [0 0 0 1 0 0 0];

internalField   nonuniform List<scalar> 
13875
(
1411.94
1535.36
1482.67
1486.78
1481.06
1483.48
1483.46
1483.18
1484.08
1483.95
1484.35
1484.08
1484.18
1484.24
1484.33
1483.64
1484.22
1482.51
1483.24
1483.43
1480.87
1487.54
1480.74
1532.8
1396.71
1307.02
1356.13
1319.18
1322.08
1316.54
1317.14
1317.08
1317.82
1322.47
1323.02
1323.41
1322.7
1319.01
1318.76
1322.75
1322.86
1322.87
1318.67
1317.07
1317.03
1316.18
1321.99
1319.7
1355.87
1302.55
1307.2
1339.89
1314.53
1311.03
1303.82
1304.23
1303.62
1303.56
1305.05
1306.22
1306.84
1306.28
1306.02
1305.97
1306.25
1306.07
1305.91
1303.23
1303.49
1304.1
1303.49
1310.89
1311.62
1336.19
1298.36
1317.33
1344.83
1314.98
1308.58
1304.97
1304.68
1303.8
1303.66
1303.97
1304.64
1305.61
1305.86
1306.14
1305.71
1305.66
1304.27
1304.24
1303.25
1303.63
1304.48
1304.31
1307.63
1314.07
1344.02
1312.63
1329.49
1341.97
1315.98
1311.64
1303.36
1304.02
1303.88
1303.73
1303.69
1304.49
1305.91
1305.65
1306.36
1306.05
1306.02
1304.48
1304.15
1303.36
1303.78
1304.01
1303.14
1311.52
1312.27
1338.6
1316.43
1332.21
1351.19
1319.16
1309.79
1306.86
1306.05
1304.77
1304.32
1304.25
1304.78
1305.76
1306.06
1306.86
1306.39
1305.94
1304.58
1304.53
1303.92
1304.66
1305.9
1306.14
1308.35
1319.11
1349.02
1325.85
1339.03
1360.41
1329.22
1316.77
1306.82
1306.22
1305.36
1304.82
1304.78
1305.03
1306.43
1306.75
1307.32
1307.06
1306.61
1305.13
1305.06
1304.42
1305.27
1306.19
1306.6
1317.28
1326.12
1358.38
1321.27
1360.19
1384.99
1344.8
1321.36
1316.18
1311.92
1308.9
1307.23
1306.56
1306.47
1307.28
1307.86
1308.54
1308.3
1307.54
1306.3
1306.66
1306.67
1308.5
1311.45
1314.99
1320.71
1341.67
1381.16
1350.53
1536.42
1507.87
1387.46
1350.8
1323.06
1316.31
1312.61
1310.39
1309.27
1309.07
1309.8
1310.43
1311.26
1311.22
1310.21
1309.05
1309.37
1309.62
1312.1
1315.68
1321.91
1348.31
1384.46
1508.04
1523.97
1840.09
1578.03
1431.93
1364.83
1344.22
1328.05
1321.33
1317.76
1315.7
1315.1
1315.47
1316.18
1317.06
1317.2
1316.2
1315.14
1315.74
1316.77
1320.39
1327.59
1340.36
1363.56
1427.67
1568.21
1831.76
2508.04
1803.38
1526.56
1441.13
1363.05
1345.92
1336.64
1331.65
1329.18
1328.28
1328.33
1328.93
1329.86
1330.1
1329.36
1328.53
1329.46
1330.98
1335.33
1344.88
1360.79
1428.25
1515.37
1809.88
2446.71
2869.15
2277.36
1838.07
1504.03
1438.83
1400.72
1376.13
1367.47
1362.06
1360.09
1359.61
1359.88
1360.84
1361.06
1360.86
1360.76
1362.73
1367.66
1374.86
1402.59
1429.35
1489.24
1759.42
2307.54
2848.79
2829.6
2680.6
2516.21
2343.44
1605.19
1517.54
1494.51
1474.45
1464.98
1461.86
1461.17
1461.37
1462.94
1462.65
1463.04
1463.46
1467.07
1477.1
1495.7
1526.96
1633.8
2344.08
2418.63
2715.28
2787.62
2728.84
2674.16
2854.24
2830.06
2138.22
2143.72
1950.46
1858.52
1799.1
1784.5
1779.77
1777.11
1781.63
1781.01
1783.47
1789.08
1809.46
1874.99
1987.97
2167.08
2160.45
2846.27
2859.87
2728.72
2710.01
2660.89
2699.02
2827.31
2812.82
2817.89
2980.95
3341.92
3279.47
3446.71
3429.28
3494.65
3467.08
3512.88
3479.11
3499.06
3449.66
3469.47
3327.31
3370.65
3078.79
2859.15
2845.67
2843.14
2705.15
2671.86
2529.12
2607.98
2833.48
2957.65
2995.98
3329.07
3600.45
3702.09
3685.96
3674.08
3643.03
3645.15
3629.21
3646.97
3641.75
3668.34
3689.57
3719.81
3630.68
3379.55
3029.83
2954.2
2858.08
2653.99
2577.14
2462.81
2570.46
2704.12
2884.44
2992.51
3303.97
3575.8
3678.19
3666.25
3654.66
3620
3623.23
3609.54
3625.1
3619.78
3650.81
3675.26
3700.59
3618.45
3406.77
3019.98
2940.96
2755.7
2600.42
2488.12
2262.66
2512.98
2831.18
2959.16
2963.23
3196.41
3386.11
3479.25
3492.28
3506.61
3498.22
3501.68
3497.84
3504.82
3502.88
3510.29
3501.39
3481.26
3387.87
3197.57
2973.4
2965.44
2816.07
2501.92
2275.95
2182.79
2266.26
2584.64
2760.02
2741.33
2879.35
3114.84
3306.7
3378.22
3401.14
3404.24
3409.05
3408.45
3413.42
3406.64
3404.35
3395.9
3343.09
3152.38
2900.16
2757.92
2776.46
2612.56
2281.45
2198.92
2280.14
2226.99
2363.98
2505.86
2539.91
2626.15
2842.78
3091.27
3241.82
3302.18
3310.44
3319.08
3319.28
3321.78
3313.16
3311.59
3269.35
3123.19
2859.49
2643.12
2561.46
2532.32
2323.81
2215.95
2295.14
2911.82
2272.07
2173.38
2307.89
2379.95
2464.41
2665.73
2910.85
3089.96
3182.62
3210.74
3219.12
3221.58
3222.46
3215.24
3194.19
3111.03
2923.31
2666.97
2475.96
2397.08
2313.91
2149.76
2255.38
2940.21
2907.4
2051.69
1971.02
2154.46
2249.78
2351.76
2529.4
2762.56
2956.14
3066.04
3098.62
3113.76
3114.98
3116.42
3101.19
3073.13
2967.04
2762.92
2527.97
2365.77
2261.15
2154.38
1962.17
2039.1
2892.12
2905.26
2061.75
1881.95
2038.5
2149.65
2265.37
2412.96
2627.51
2820.75
2945.75
2991.43
3003.2
3007.61
3005.7
2994.25
2954.01
2833.33
2631.26
2416.99
2281.36
2161.45
2039.83
1852.56
2049.45
2971.57
2825.93
2038.45
1870.48
1982.56
2075.26
2181.4
2322.48
2527.44
2713.87
2834
2878.13
2897.53
2899.48
2899.8
2879.89
2841.65
2726.53
2530.12
2322.05
2190.73
2083.5
1985.23
1855.47
2017.39
2832.89
2756.65
2034.88
1897.37
1948.79
2013.78
2102.1
2233.25
2433.12
2608.51
2729.52
2777.76
2790.35
2796.02
2793
2780.41
2735.44
2615.98
2429.8
2230.1
2107.28
2030.52
1954.99
1876.87
2032.07
2804.62
2733.03
2054.46
1916.49
1933.76
1968.18
2034.81
2165.86
2354.85
2521.16
2630.29
2672.2
2692.07
2694.38
2694.66
2673.97
2636.72
2531.9
2355.96
2164.21
2037.3
1975.86
1945.88
1896.72
2040.83
2745.91
2704.48
2082.3
1940.58
1927.09
1926.36
1978.23
2101.05
2282.05
2434.31
2539.21
2583.66
2593.27
2599.28
2595.07
2584.84
2544.05
2443.18
2281.08
2100.01
1980.21
1936.49
1938.64
1934.75
2084.39
2729.76
2705.48
2150.65
1979.4
1928.66
1899.63
1936.59
2060.43
2227.75
2366.97
2453.36
2488.45
2505.62
2507.77
2507.98
2488.25
2457.27
2372.21
2222.65
2054.16
1935.77
1903.78
1939.03
1964.34
2138.74
2731.34
2733.55
2160.12
1976.48
1920.7
1882.17
1904.18
2011.46
2164.85
2287.62
2371.88
2411.71
2417.25
2423.76
2417.74
2412.46
2377.17
2300.96
2168.04
2012.85
1908.49
1891.99
1931.71
1984.59
2124.04
2724.97
2775.45
2173.74
1996.71
1926.67
1867.9
1884.32
1992.39
2126.99
2235.07
2300.96
2327.54
2341.97
2342.59
2341.9
2324.91
2302.48
2242.11
2125.83
1986.36
1885.5
1873.61
1933.61
1989.82
2159.02
2769.19
2746.09
2171.27
1981.92
1920.09
1848.42
1875.44
1963.82
2080.56
2170.89
2229.12
2264.01
2262.13
2269.66
2262.73
2261.43
2231.46
2179.56
2080.65
1956.87
1872.85
1858.41
1926.22
1994.05
2156.97
2762.02
2737.92
2178.17
2015.95
1931.04
1841.29
1859.27
1946.95
2050.92
2128.59
2171.82
2188.24
2198.52
2199
2198.49
2184.23
2171.21
2135.42
2055.88
1944.27
1858.58
1850.22
1927.3
2000.7
2168.81
2731.79
2715.65
2176.85
2029.1
1914.84
1833.11
1853.66
1926.94
2012.59
2075.63
2107.77
2136.87
2128.51
2136.51
2128.74
2132.11
2107.83
2079.54
2015.08
1923.12
1848.62
1840.18
1922.98
2024.49
2162.45
2723.36
2688.63
2170.84
2077.59
1941.94
1840.15
1841.22
1917.04
1993.27
2042.58
2063.2
2070.74
2075.22
2075.61
2075.72
2065.09
2060.58
2043.79
1994.7
1913.02
1833.94
1842.07
1934.53
2056.29
2167.28
2695.77
2685.37
2179.84
2103.86
1930.32
1847.69
1835.42
1897.88
1957.59
1991.01
2005.06
2029.31
2014.93
2022.83
2014.84
2024.15
2004.75
1994.17
1962.49
1900.8
1828.56
1852.98
1937.42
2116.42
2160.72
2671.93
2662.11
2171.71
2099.13
1962.8
1864.83
1831.83
1884.5
1939
1964.45
1972.44
1972.27
1972.38
1971.54
1972.12
1966.67
1969.16
1964.66
1940.83
1889.07
1822.07
1865.41
1963.2
2114.65
2168.45
2643.61
2632.64
2159.92
2096.76
1978.84
1877.18
1838.54
1876.98
1904.78
1917.2
1919.12
1939.53
1919.71
1927.94
1920.11
1935.6
1920.18
1918.97
1909.17
1882.39
1825.13
1875.17
1990.21
2112.1
2154.9
2617.51
2610.34
2144.57
2089.19
2042.74
1903.35
1851.42
1864.29
1885.04
1893.32
1894.88
1890.39
1886.85
1885.14
1887.25
1886.33
1892.46
1895.78
1888.69
1879.56
1847.65
1896.58
2046.85
2102.63
2138.79
2587.61
2590.93
2135.04
2077.62
2030.92
1917.16
1865.35
1863.68
1857.49
1853.01
1845.31
1863.96
1840.9
1849.57
1842.12
1860.77
1847.8
1855.64
1863.83
1879.72
1865
1923.15
2046.68
2089.63
2121.26
2577.45
2560.91
2114.31
2048.59
2032.91
1964.44
1886.32
1872.7
1845.76
1835.89
1830.85
1822.55
1815.26
1813.85
1816.79
1818.54
1828.04
1839.46
1849.74
1894.03
1888.34
1965.83
2041.26
2053.6
2113.37
2556.85
2551.63
2108.65
2019.18
2017.28
2019.02
1913.05
1889.58
1831.74
1806.8
1785.12
1800.91
1775.68
1784.29
1776.72
1798.29
1787.57
1810.06
1840.29
1914.13
1915.98
2033.8
2034.05
2022.13
2094.78
2537.53
2526.58
2097.6
1992.95
2007.94
2023.54
1941.37
1890.24
1846.3
1799.77
1782.63
1766.61
1756.45
1754.5
1756.99
1762.85
1781.02
1804.48
1847.48
1925.58
1962.56
2033.43
2019.27
1996.61
2091.56
2515.74
2510.1
2088.08
1973.94
1971.33
2006.41
2003.39
1917.64
1852
1788.61
1741.59
1750.18
1721.54
1730.09
1722.84
1747.97
1744.83
1791.03
1853.63
1951.96
2026.1
2013.48
1985.35
1979.13
2085.14
2500.51
2481.74
2082.14
1957.7
1945.45
1998.41
2037.72
1937.57
1871.15
1797.02
1761.08
1725.82
1708.29
1705.47
1709.41
1721.78
1760.76
1798.96
1865.41
1988.67
2050.96
2001.92
1957.2
1962.08
2068.89
2469.51
2469.39
2078.94
1950.88
1913.25
1960.21
2021.72
1997.54
1887.51
1797.98
1722.54
1719.8
1680.77
1687.07
1682.4
1718.11
1730.22
1806.15
1887.95
2064.59
2037.18
1954.69
1926.82
1956.27
2068.72
2454.7
2440.35
2057.78
1937.54
1896.23
1930.67
2009.75
2077.38
1941.46
1811.74
1766.92
1716.3
1682.73
1672.97
1683.13
1710
1765.51
1818.97
1928.44
2087.86
2011.36
1927
1906.13
1944.39
2053.74
2424.82
2427.41
2056.21
1935.33
1876.63
1893.39
1982.42
2059.37
2023.18
1836.28
1732.19
1721.19
1666.99
1668.17
1668.6
1717.35
1736.25
1844.67
2013.24
2072.76
1979.24
1892.14
1890.99
1941.11
2045.17
2413.99
2390.07
2035.1
1920.89
1870.71
1877.93
1942.33
2044.37
2067.49
1881.54
1784.61
1721.24
1683.94
1669.4
1686.01
1715.05
1785.14
1900.48
2058.43
2052.63
1932.67
1877.6
1880.63
1928.08
2029.78
2369.89
2358.98
2023.98
1913.15
1857.27
1855.85
1913.84
2016.16
2051.2
1987.83
1764.92
1734.98
1668.62
1672.48
1670.68
1731.87
1768.67
2009.51
2047.49
2025.05
1903.32
1856.11
1871.29
1920.81
2017.74
2343.73
2217.92
1975.86
1887.33
1851.81
1852.33
1879.21
1976
2036.43
2013.74
1867.01
1753.16
1696.57
1680.33
1697.98
1748.26
1863.54
2010.89
2030.94
1984.17
1872.25
1850.64
1860.98
1896.02
1968.55
2201.89
283.215
285.449
285.168
285.706
286.007
286.442
286.982
287.6
288.289
289.18
290.539
292.422
294.802
297.551
300.582
303.836
306.75
308.455
303.525
284.507
277.271
274.889
274.244
274.063
274.013
274.004
273.997
274.001
273.996
274
282.037
283.46
283.08
283.531
283.698
284.14
284.737
285.402
286.054
286.818
288.039
289.89
292.434
295.51
298.966
302.604
306.29
309.553
312.327
311.018
286.927
277.616
274.905
274.235
274.052
274.013
273.995
274.002
273.99
274.01
281.828
282.584
282.089
282.471
282.503
282.962
283.612
284.348
285.042
285.772
286.901
288.711
291.377
294.852
298.875
302.999
307.22
311.238
314.819
317.18
311.639
285.242
276.94
274.713
274.169
274.041
274
274.002
273.992
274.009
281.464
281.399
281.117
281.195
281.006
281.556
282.228
283.052
283.814
284.545
285.612
287.457
290.187
293.617
297.79
302.584
307.312
311.569
315.338
318.39
320.07
310.1
283.477
276.273
274.524
274.125
274.018
274.007
273.995
274.006
281.338
280.833
280.756
280.497
280.358
280.731
281.325
282.191
283.063
283.876
284.805
286.541
289.317
292.783
296.799
301.257
306.301
311.417
315.521
318.697
321.623
322.867
306.335
281.556
275.665
274.378
274.077
274.018
273.999
274.004
281.286
280.79
280.745
280.405
280.292
280.563
281.002
281.804
282.737
283.613
284.431
285.822
288.433
291.83
295.735
300.018
304.723
309.883
314.921
318.908
322.11
325.064
325.492
299.915
279.632
275.185
274.25
274.056
274.006
274.004
281.318
281.057
281.082
280.721
280.638
280.797
281.127
281.778
282.525
283.247
283.885
284.938
287.179
290.546
294.445
298.654
303.164
308.118
313.569
318.597
322.446
325.837
328.516
327.34
292.956
277.952
274.798
274.167
274.03
274.009
281.509
281.415
281.588
281.319
281.247
281.343
281.564
282.113
282.755
283.326
283.705
284.128
285.985
289.028
293.079
297.333
301.854
306.649
311.968
317.595
322.463
326.235
329.81
331.809
325.383
286.891
276.622
274.521
274.1
274.024
281.733
281.78
282.121
282.021
281.964
282.072
282.285
282.719
283.271
283.692
283.97
284.186
285.107
287.664
291.802
296.172
300.776
305.536
310.618
316.245
321.851
326.504
330.338
333.898
335.146
317.64
282.797
275.666
274.321
274.069
281.929
282.157
282.606
282.787
282.916
283.139
283.421
283.734
284.031
284.277
284.407
284.569
284.939
286.832
290.63
295.218
299.915
304.713
309.66
315.022
320.815
326.287
330.74
334.711
338.105
338.334
305.559
279.662
275.024
274.212
282.193
282.515
283.051
283.613
284.323
284.878
285.319
285.43
285.287
285.078
284.933
285.005
285.106
286.529
289.71
294.386
299.186
304.056
308.989
314.126
319.76
325.616
330.868
335.171
339.285
342.126
339.758
293.515
277.412
274.665
282.505
282.834
283.406
284.29
285.239
286.03
286.553
286.72
286.287
285.683
285.417
285.397
285.455
286.468
289.066
293.468
298.428
303.371
308.386
313.465
318.9
324.709
330.495
335.539
339.806
343.938
345.648
331.751
285.318
276.135
282.918
283.226
283.78
284.651
285.652
286.518
287.09
287.381
286.972
286.27
285.728
285.603
285.762
286.275
288.441
292.403
297.539
302.517
307.643
312.804
318.163
323.777
329.698
335.404
340.304
344.693
348.372
348.682
313.964
281.118
283.296
283.63
284.116
284.977
285.959
286.859
287.436
287.96
287.66
287.043
286.473
286.118
285.898
285.933
287.913
291.451
296.551
301.582
306.767
312.019
317.375
322.874
328.744
334.789
340.442
345.258
349.631
352.775
348.946
296.859
283.878
284.135
284.498
285.35
286.171
287.175
288.074
288.736
288.649
288.151
287.48
286.909
286.608
286.655
287.806
291.018
295.808
300.897
305.995
311.238
316.571
322.081
327.87
333.946
340.112
345.716
350.309
355.305
359.741
341.444
284.165
284.571
284.862
285.82
286.818
288.104
289.265
290.069
290.26
289.655
288.902
288.294
287.976
288.009
288.427
291.199
295.639
300.777
305.763
310.93
316.113
321.627
327.259
333.217
339.502
345.761
350.556
356.802
368.393
384.656
284.702
285.118
285.526
286.883
288.28
290.061
291.626
292.612
293.013
292.193
291.289
290.5
290.105
290.025
289.937
292.027
296.059
301.257
306.03
311.052
316.113
321.528
326.956
332.691
338.808
345.444
350.512
358.731
378.045
427.035
284.834
285.594
286.665
288.904
291.49
293.948
296.315
297.615
298.022
296.725
295.324
294.225
293.449
292.869
292.326
293.58
297.376
302.44
306.894
311.675
316.573
321.659
326.919
332.564
338.414
344.603
351.147
364.245
393.959
481.094
285.181
286.563
288.908
293.39
298.337
302.069
305.617
307.422
307.151
304.357
302.178
300.402
298.742
297.359
296.259
296.257
299.584
304.325
308.509
312.939
317.539
322.205
327.172
332.772
338.476
343.415
352.338
370.859
411.884
500.997
285.164
287.951
293.528
302.955
313.281
319.668
324.307
326.025
323.243
318.146
314.18
310.836
307.547
303.461
300.842
299.395
302.119
306.625
311.126
315.135
319.339
323.706
328.235
333.491
339.148
344.542
355.556
379.703
427.028
505.435
286.012
290.842
303.775
327.43
347.129
356.927
360.732
360.48
353.02
342.659
334.932
327.412
319.56
313.415
308.857
305.576
306.723
310.511
314.507
318.212
321.943
325.983
330.235
334.957
340.345
346.727
360.958
392.786
445.025
506.454
285.15
297.821
331.774
391.591
420.864
426.992
423.873
416.282
399.234
379.405
364.202
350.45
338.282
328.856
321.211
315.584
314.336
316.524
319.186
321.97
325.242
328.7
332.699
336.962
341.682
349.826
368.4
411.531
476.369
502.172
295.161
316.732
415.555
516.445
539.3
522.318
510.578
490.581
459.515
425.277
402.013
382.043
364.388
350.142
338.572
329.734
325.653
325.276
325.805
326.818
329.174
332.048
335.591
339.455
343.436
353.667
377.606
433.941
494.509
495.919
278.888
380.205
602.58
668.442
675.531
635.271
623.353
578.538
525.945
483.346
450.241
421.387
396.867
376.4
360.106
347.323
337.26
333.899
333.202
333.31
334.084
336.088
338.997
342.448
346.995
358.563
388.734
461.299
496.328
491.21
313.303
556.988
813.202
820.764
829.159
777.945
738.421
680.866
599.717
554.028
509.544
468.789
436.887
408.188
384.224
365.177
349.195
344.886
342.453
341.728
341.155
341.607
343.22
345.992
351.203
365.204
403.134
488.843
497.35
489.688
274
273.996
274.001
273.997
274.004
274.013
274.062
274.24
274.873
277.202
284.3
303.204
308.353
306.686
303.788
300.54
297.513
294.767
292.388
290.507
289.146
288.254
287.566
286.949
286.41
285.976
285.676
285.141
285.421
283.192
274.01
273.99
274.002
273.995
274.013
274.051
274.23
274.887
277.537
286.63
310.673
312.247
309.488
306.235
302.558
298.926
295.475
292.401
289.857
288.004
286.781
286.016
285.365
284.701
284.103
283.661
283.492
283.043
283.424
282.009
274.009
273.992
274.002
274
274.04
274.166
274.698
276.871
284.995
311.141
317.058
314.743
311.177
307.17
302.955
298.838
294.821
291.345
288.676
286.862
285.731
285
284.307
283.572
282.921
282.461
282.427
282.046
282.542
281.792
274.006
273.995
274.007
274.018
274.122
274.512
276.216
283.251
309.462
319.931
318.292
315.258
311.507
307.263
302.546
297.756
293.582
290.15
287.417
285.569
284.498
283.767
283.007
282.185
281.508
280.957
281.145
281.064
281.35
281.423
274.004
273.999
274.018
274.075
274.37
275.622
281.359
305.565
322.706
321.509
318.596
315.438
311.355
306.252
301.212
296.754
292.738
289.272
286.49
284.751
283.818
283.007
282.135
281.267
280.678
280.304
280.44
280.694
280.769
281.28
274.004
274.006
274.054
274.244
275.154
279.471
299.111
325.281
324.94
322.002
318.811
314.846
309.824
304.669
299.967
295.685
291.781
288.384
285.757
284.359
283.541
282.661
281.74
280.951
280.513
280.238
280.345
280.68
280.722
281.215
274.009
274.029
274.163
274.776
277.833
292.289
326.963
328.367
325.731
322.338
318.511
313.503
308.056
303.102
298.595
294.39
290.491
287.123
284.817
283.786
283.189
282.485
281.743
281.087
280.755
280.59
280.665
281.014
280.99
281.262
274.023
274.097
274.507
276.54
286.482
324.59
331.646
329.704
326.127
322.366
317.525
311.908
306.589
301.794
297.275
293.026
288.974
285.925
284.096
283.699
283.321
282.749
282.1
281.543
281.316
281.217
281.277
281.534
281.364
281.473
274.067
274.312
275.615
282.517
316.534
334.994
333.802
330.247
326.407
321.782
316.198
310.572
305.491
300.735
296.134
291.774
287.631
285.099
284.221
284.005
283.712
283.287
282.74
282.293
282.081
281.963
282.01
282.106
281.765
281.712
274.206
274.993
279.474
304.482
338.154
338.015
334.636
330.647
326.219
320.776
314.994
309.632
304.691
299.902
295.207
290.635
286.837
284.969
284.624
284.488
284.31
284.07
283.785
283.488
283.204
282.978
282.838
282.657
282.198
281.936
274.645
277.299
292.695
339.275
342.023
339.226
335.093
330.803
325.591
319.76
314.131
309
304.076
299.217
294.42
289.761
286.576
285.133
285.05
284.955
285.116
285.257
285.416
285.499
285.061
284.493
283.759
283.185
282.634
282.274
276.067
284.954
330.695
345.56
343.894
339.753
335.476
330.47
324.724
318.93
313.497
308.423
303.416
298.485
293.533
289.135
286.515
285.352
285.24
285.352
285.819
286.487
286.913
286.893
286.373
285.562
284.581
283.64
283.043
282.663
280.894
312.896
348.579
348.347
344.672
340.251
335.376
329.711
323.816
318.213
312.855
307.694
302.568
297.602
292.476
288.488
286.13
285.733
285.718
285.91
286.532
287.361
287.859
287.461
286.887
286.008
284.998
284.115
283.531
283.168
296.08
348.354
352.727
349.633
345.233
340.423
334.811
328.79
322.928
317.43
312.073
306.821
301.627
296.603
291.503
287.83
286.129
286.081
286.388
286.72
287.392
288.234
288.544
287.906
287.277
286.353
285.35
284.519
284.028
283.631
340.271
359.643
355.299
350.31
345.708
340.132
333.992
327.92
322.131
316.616
311.271
306.027
300.926
295.832
291.053
287.729
286.935
286.96
287.314
287.848
288.657
289.329
289.352
288.629
287.572
286.591
285.765
284.922
284.602
284.324
383.786
368.271
356.825
350.584
345.781
339.542
333.264
327.295
321.652
316.135
310.945
305.781
300.794
295.647
291.26
288.614
288.369
288.329
288.733
289.377
290.316
290.938
290.676
289.833
288.502
287.181
286.213
285.306
285.081
284.698
426.502
377.87
358.709
350.542
345.483
338.841
332.722
326.975
321.543
316.123
311.055
306.037
301.266
296.071
292.158
290.265
290.38
290.557
291.006
291.886
292.987
293.721
293.171
292.148
290.437
288.631
287.246
285.954
285.702
285.233
481.221
393.803
364.221
351.187
344.674
338.441
332.585
326.934
321.674
316.576
311.672
306.891
302.448
297.395
293.816
292.737
293.295
293.987
294.914
296.077
297.612
298.806
298.089
296.786
294.36
291.873
289.292
287.103
286.172
285.337
501.295
411.844
370.841
352.379
343.469
338.516
332.781
327.179
322.207
317.535
312.917
308.474
304.321
299.643
296.412
296.585
297.843
299.306
301.237
303.157
305.412
308.094
307.998
306.327
302.672
299.07
294.073
289.477
287.065
285.534
505.731
427.079
379.702
355.563
344.575
339.2
333.486
328.212
323.681
319.301
315.08
311.043
306.664
302.251
299.791
301.434
304.076
308.051
311.801
315.284
319.463
324.433
327.08
325.687
321
314.655
304.159
294.479
288.421
285.511
506.763
445.175
392.801
360.958
346.748
340.361
334.921
330.184
325.91
321.835
318.088
314.367
310.575
306.857
306.108
309.678
314.357
320.606
328.708
336.044
344.472
354.634
362.093
363.328
359.466
349.832
329.758
305.166
291.426
286.351
502.48
476.923
411.635
368.399
349.782
341.659
336.902
332.597
328.548
325.03
321.778
319.02
316.579
314.647
316.208
322.218
330.109
339.735
352.367
365.607
382.105
401.594
418.752
427.761
431.187
425.842
396.856
334.473
298.767
285.489
496.235
494.83
434.138
377.628
353.657
343.323
339.318
335.399
331.801
328.887
326.539
325.568
325.18
325.984
330.424
339.784
351.735
366.08
384.852
403.541
428.809
463.378
494.059
516.233
526.398
547.152
524.811
423.07
318.868
295.894
491.678
496.544
461.659
388.777
358.411
346.772
342.218
338.691
335.749
333.782
333.067
333.265
333.816
337.624
348.212
361.376
378.347
398.963
425.026
451.958
486.099
532.449
584.533
629.135
641.957
684.71
678.236
614.922
385.934
279.882
490.088
497.481
489.323
403.197
365.007
350.919
345.644
342.793
341.194
340.854
341.666
342.621
345.638
350.107
366.412
386.081
410.785
439.633
473.278
512.421
555.974
605.96
689.586
741.564
781.96
842.01
834.343
826.678
565.573
315.217
274.002
274.002
274.002
274.002
274.002
274.002
274.002
274.002
274.002
274.002
274.002
274.002
274.002
274.002
274.002
274.002
274.002
274.002
274.002
274.002
274.002
274.002
274.002
274.002
274.002
274.002
274.002
274.002
274.002
274.002
274.002
274.002
274.002
274.002
274.002
274.002
274.002
274.002
274.002
274.002
274.002
274.002
274.002
274.002
274.002
274.002
274.002
274.002
274.002
274.002
274.002
274.002
274.004
274.029
274.45
280.758
353.535
602.393
815.606
966.162
1133.57
1183.53
1193.3
1194
1193.98
1186.67
1165.13
1134.17
1104.66
1078.78
1055.6
1034.32
1014.31
995.929
978.913
963.212
948.247
933.347
918.256
902.795
887.481
872.482
857.609
842.42
827.145
812.427
798.39
784.367
770.465
756.976
744.181
732.046
720.368
708.984
697.575
685.783
674.322
663.384
652.894
642.695
632.537
622.43
612.579
603.011
593.827
585.042
576.682
568.911
561.689
554.616
547.926
541.595
535.636
530.241
525.156
520.239
515.538
511.125
507.11
503.43
499.901
496.528
493.42
490.937
489.655
274.001
274.001
274.001
274.001
274.001
274.001
274.001
274.001
274.001
274.001
274.001
274.001
274.001
274.001
274.001
274.001
274.001
274.001
274.001
274.001
274.001
274.001
274.001
274.001
274.001
274.001
274.001
274.001
274.001
274.001
274.001
274.001
274.001
274.001
274.001
274.001
274.001
274.001
274.001
274.001
274.001
274.001
274.001
274.001
274.001
274.001
274.001
274.001
274.001
274.001
274.001
274.002
274.037
274.737
287.785
432.992
675.511
773.735
815.498
856.33
918.341
985.239
1043.91
1091.71
1131.28
1188.07
1241.28
1241.91
1232.91
1222.03
1205.55
1183.88
1157.45
1126.03
1091.05
1056
1025.46
998.538
974.152
951.775
931.4
912.501
894.674
877.419
861.463
846.125
831.565
817.578
803.948
790.736
777.819
765.2
752.611
740.301
727.978
715.511
702.941
690.807
679.153
667.998
657.118
646.575
636.544
627.098
618.227
609.797
601.738
593.81
586.081
578.329
571.086
564.089
557.353
550.854
544.616
538.856
533.365
528.13
523.051
518.194
513.809
510.209
507.678
504.597
501.114
274
274
274
274
274
274
274
274
274
274
274
274
274
274
274
274
274
274
274
274
274
274
274
274
274
274
274
274
274
274
274
274
274
274
274
274
274
274
274
274
274
274
274
274
274
274
274
274
274
274
274.002
274.044
275.047
297.22
522.261
746.964
782.237
790.958
798.928
816.765
841.441
869.637
898.009
925.501
957.475
993.737
1038.6
1085.6
1136.29
1188.59
1239.55
1294.13
1303.95
1297.17
1285.03
1260.92
1213.27
1158.6
1108.1
1062.89
1021.92
986.561
957.425
933.261
911.929
892.281
873.807
856.172
839.656
824.318
809.901
796.131
782.692
769.925
757.403
745.407
733.745
722.233
711.476
701.099
690.776
680.496
670.4
660.621
651.34
642.52
634.087
625.768
617.51
608.822
600.51
592.147
584.475
577.576
571.904
566.362
560.649
554.411
547.723
541.115
535.45
531.09
526.872
521.505
511.245
274
274
274
274
274
274
274
274
274
274
274
274
274
274
274
274
274
274
274
274
274
274
274
274
274
274
274
274
274
274
274
274
274
274
274
274
274
274
274
274
274
274
274
274
274
274
274
274
274
274.002
274.046
275.235
304.643
581.837
778.46
793.658
793.291
794.691
800.498
814.412
830.19
847.7
866.453
886.758
907.858
931.454
960.934
997.955
1043.16
1094.56
1147.93
1208.38
1264.65
1306.08
1338.22
1364.11
1397.64
1397.24
1358.73
1313.76
1248.22
1180.85
1124.67
1076.76
1034.33
996.806
964.325
935.844
911.534
890.363
871.442
854.088
837.644
822.268
807.804
794.414
782.052
770.418
759.86
749.979
740.229
730.483
721.114
712.082
703.498
695.476
688.166
681.281
674.167
666.826
659.87
651.443
642
631.113
620.39
609.747
599.512
589.951
580.812
570.42
550.902
522.558
490.689
455.605
422.809
274
274
274
274
274
274
274
274
274
274
274
274
274
274
274
274
274
274
274
274
274
274
274
274
274
274
274
274
274
274
274
274
274
274
274
274
274
274
274
274
274
274
274
274
274
274
274
274
274.001
274.041
275.21
306.307
598.457
789.514
801.632
798.703
798.291
803.139
813.206
828.781
843.052
857.337
870.764
884.916
900.977
922.758
952.12
990.777
1039.01
1089.85
1142.83
1195.6
1247.38
1288.36
1326.45
1362.27
1394.27
1428.17
1450.89
1464.44
1483.63
1481.59
1441.19
1372.87
1294.7
1225.11
1166.52
1117.32
1076.13
1040.17
1008.5
980.073
954.126
931.226
911.222
893.602
878.207
864.53
852.153
840.776
830.205
821.001
812.36
804.243
796.594
788.764
780.456
771.321
761.022
749.648
737.981
724.928
710.807
694.779
677.79
650.832
615.104
574.976
529.869
482.53
445.641
420.31
400.205
384.779
373.424
274
274
274
274
274
274
274
274
274
274
274
274
274
274
274
274
274
274
274
274
274
274
274
274
274
274
274
274
274
274
274
274
274
274
274
274
274
274
274
274
274
274
274
274
274
274
274
274.001
274.032
275.006
302.41
589.739
793.096
806.878
805.023
804.203
807.337
817.39
831.561
846.427
860.667
874.674
891.116
913.228
942.736
986.553
1046.86
1126.39
1227.94
1331.34
1435.02
1532.89
1602.22
1624.31
1629.76
1627.14
1612.46
1602.43
1574.67
1542.09
1524.31
1515.18
1508.86
1525.47
1537.38
1522.25
1488.42
1436.38
1370.21
1307.27
1251.9
1204.35
1162.28
1126.27
1096.04
1070.19
1047.63
1028.11
1010.7
995.418
981.658
969.81
959.294
949.324
939.634
929.351
917.832
903.818
885.217
859.52
819.096
768.402
712.054
650.327
585.893
531.852
492.867
460.948
434.812
413.965
397.537
383.916
372.159
362.973
356.105
274
274
274
274
274
274
274
274
274
274
274
274
274
274
274
274
274
274
274
274
274
274
274
274
274
274
274
274
274
274
274
274
274
274
274
274
274
274
274
274
274
274
274
274
274
274
274.001
274.021
274.716
295.176
559.41
794.052
811.055
810.076
810.17
812.916
822.496
836.378
851.194
865.679
880.536
899.226
927.314
968.739
1031.95
1118.56
1234.74
1381.32
1548.64
1672.63
1727.81
1744.73
1744.85
1734
1723.44
1708.58
1693.72
1670.7
1650.76
1626.59
1603.84
1576.51
1549.67
1526.14
1503.03
1485.82
1473.32
1468.51
1484
1485.61
1472.53
1453.54
1428.5
1401.86
1375.43
1350.42
1325.11
1300.77
1276.69
1253.02
1229.55
1205.7
1180.11
1150.4
1114.09
1069.09
1013.73
946.204
866.67
783.104
715.954
656.901
604.538
559.174
522.09
488.811
460.808
436.787
416.224
399.607
385.901
374.458
364.52
356.353
350.139
274
274
274
274
274
274
274
274
274
274
274
274
274
274
274
274
274
274
274
274
274
274
274
274
274
274
274
274
274
274
274
274
274
274
274
274
274
274
274
274
274
274
274
274
274
274
274.012
274.437
287.529
508.488
789.462
814.373
813.791
813.973
818.101
828.421
841.697
856.624
871.454
886.046
905.978
939.933
991.894
1071.66
1189.7
1351.4
1559.26
1736.79
1803.51
1816.28
1807.4
1792.83
1779.2
1765.19
1753.3
1738.68
1723.83
1691
1665.7
1647.19
1631.73
1616.11
1605.82
1589.25
1565.82
1540.23
1512.29
1483.07
1453.56
1428.55
1407.33
1389.14
1369.55
1349.91
1330.8
1314.97
1300.8
1285.27
1266.31
1244.62
1217.86
1186.06
1151.51
1114.49
1074.58
1030.01
978.627
920.591
858.127
795.837
735.585
678.523
626.722
580.176
540.736
503.557
471.986
445.079
422.369
403.792
388.383
375.607
365.239
356.361
348.741
274
274
274
274
274
274
274
274
274
274
274
274
274
274
274
274
274
274
274
274
274
274
274
274
274
274
274
274
274
274
274
274
274
274
274
274
274
274
274
274
274
274
274
274
274
274.006
274.231
281.476
445.574
772.377
816.42
817.264
817.747
821.076
831.589
845.238
860.221
875.299
891.416
912.75
949.413
1007.88
1100.13
1238
1436.39
1695.38
1840.08
1863.61
1852.69
1836.1
1823.11
1813.22
1813
1825.21
1835.49
1826.47
1788.44
1761.9
1732.65
1707.96
1679.85
1647.98
1634.97
1621
1609.52
1595.01
1579.47
1556.28
1530.06
1504.62
1475.98
1451.96
1426.82
1398.87
1369.76
1344.18
1321.54
1297.69
1272.97
1248.26
1223.9
1198.57
1171.91
1145
1116.57
1085.11
1049.64
1008.07
956.538
897.457
833.788
767.507
703.738
645.119
594.492
546.301
505.587
470.22
440.96
417.398
397.495
380.937
368.019
357.28
348.944
274
274
274
274
274
274
274
274
274
274
274
274
274
274
274
274
274
274
274
274
274
274
274
274
274
274
274
274
274
274
274
274
274
274
274
274
274
274
274
274
274
274
274
274
274.002
274.105
277.59
380.53
735.754
816.686
819.667
820.725
824.102
831.704
846.624
863.058
878.018
893.589
917.147
955.826
1018.13
1116.33
1265.63
1479.85
1751.8
1874.92
1888.55
1884.51
1873.81
1857.24
1866.66
1886.57
1927.68
1955.88
1969.51
1957.33
1930.56
1906.59
1871.17
1833.64
1797.58
1758.45
1730.67
1705.46
1683.4
1662.45
1648.17
1630.35
1611.8
1594.05
1571.8
1548.89
1525.55
1495.64
1462.73
1432.17
1404.83
1376.65
1348.65
1321
1294.6
1268.47
1241.55
1214.45
1188.22
1163.62
1137.87
1110.68
1072.69
1020.75
957.754
885.248
809.259
735.685
671.428
608.871
554.518
506.979
468.163
437.58
411.74
390.322
373.575
360.161
350.169
274
274
274
274
274
274
274
274
274
274
274
274
274
274
274
274
274
274
274
274
274
274
274
274
274
274
274
274
274
274
274
274
274
274
274
274
274
274
274
274
274
274
274
274.001
274.041
275.522
323.073
668.901
814.614
820.87
822.282
825.481
832.902
845.872
861.801
878.2
895.291
917.892
956.213
1018.84
1118.69
1269.22
1483.28
1750.43
1878.34
1895.22
1895.68
1900.58
1902.33
1906.46
1921.45
1944.69
2004.15
2027.99
2029.32
1991.43
1971.93
1958.81
1955.21
1950.95
1941
1913.1
1875.33
1842.2
1811.08
1774.05
1743.88
1715.98
1692.17
1672.5
1649.78
1625.34
1595.81
1564.88
1532.97
1503.08
1475.23
1446.01
1416.45
1387.73
1361.1
1334.48
1307.58
1279.47
1251.16
1224.93
1196.33
1170.42
1146.13
1112.18
1062.34
998.115
923.857
843.628
768.401
691.909
622.127
558.486
505.89
464.99
431.855
404.215
382.035
365.183
352.219
274
274
274
274
274
274
274
274
274
274
274
274
274
274
274
274
274
274
274
274
274
274
274
274
274
274
274
274
274
274
274
274
274
274
274
274
274
274
274
274
274
274
274
274.014
274.582
292.61
560.009
806.277
821.669
822.772
825.834
832.386
843.333
858.144
875.881
894.372
916.963
953.009
1013.72
1108.9
1252.29
1455.25
1710.07
1860.96
1891.92
1897.51
1896.3
1913.71
1919.43
1922.03
1933.67
1951.21
2021.19
2042.23
2039.66
1994.23
1976.17
1969.7
1975.11
1981.87
1985.23
1979.8
1969.17
1959.14
1944.16
1914.85
1872.77
1836.65
1805.08
1771.15
1740.61
1715.29
1685.06
1650.92
1618.56
1588.34
1549.62
1508.52
1469.75
1432.48
1400.55
1368.35
1337.87
1307.56
1278.05
1252
1224.08
1195.71
1174.15
1151.54
1122.65
1084.43
1023.97
943.934
860.661
773.967
691.918
614.9
550.944
500.529
457.463
422.464
394.867
373.376
356.238
274
274
274
274
274
274
274
274
274
274
274
274
274
274
274
274
274
274
274
274
274
274
274
274
274
274
274
274
274
274
274
274
274
274
274
274
274
274
274
274
274
274
274.004
274.188
280.297
432.528
771.492
820.756
822.642
825.48
830.999
840.128
853.614
871.361
890.851
913.548
946.445
1000.86
1086.25
1214.46
1400.1
1646.88
1837.08
1878.54
1880.48
1880.63
1895
1905.15
1900.15
1888.13
1905.5
1940.92
2011.92
2050.25
1970.85
1937.34
1926.63
1926.64
1961.72
1966.98
1971.77
1977.74
1978.6
1977.98
1977.72
1972.39
1960.77
1948.34
1933.49
1911.94
1891.05
1869.32
1837.4
1803.3
1764.2
1724.11
1683.13
1641.48
1592.72
1544.96
1487.4
1432.98
1384.3
1341.64
1303.86
1270.32
1240.04
1212.76
1192.22
1176.11
1160.53
1134.53
1105.21
1046.63
974.708
886.784
793.6
696.711
610.776
541.89
486.11
442.432
409.77
383.876
362
274
274
274
274
274
274
274
274
274
274
274
274
274
274
274
274
274
274
274
274
274
274
274
274
274
274
274
274
274
274
274
274
274
274
274
274
274
274
274
274
274
274.001
274.049
275.825
332.846
683.34
816.534
822.691
825.439
829.886
837.371
848.976
865.309
884.73
907.68
938.227
985.169
1058.08
1167.61
1326.66
1547.79
1796.01
1884.57
1894.72
1897.21
1897.16
1876.24
1820.78
1804.3
1810.82
1866.43
1942.87
1949.46
1901.58
1815.68
1777.97
1769.61
1778.37
1805.73
1828.6
1870.86
1924.08
1949.84
1968.76
1984.97
1993.28
1982.91
1981.95
1972.52
1965.28
1957.96
1951.23
1939.59
1929.35
1906.16
1878.44
1842.24
1807.6
1764.08
1723.77
1670.98
1607.78
1541.27
1470.82
1407.1
1352.72
1305.99
1262.34
1229.92
1205.2
1187.68
1174.85
1153.69
1116.73
1067.88
995.14
907.406
801.968
696.754
607.666
533.284
476.482
433.132
398.131
369.977
274
274
274
274
274
274
274
274
274
274
274
274
274
274
274
274
274
274
274
274
274
274
274
274
274
274
274
274
274
274
274
274
274
274
274
274
274
274
274
274
274
274.011
274.488
289.166
530.698
801.411
822.898
825.609
829.198
835.15
844.907
858.963
877.141
899.232
928.331
968.759
1027.19
1118.87
1251.4
1436.98
1685.17
1874.26
1920.36
1928.71
1932.31
1937.81
1935.98
1898.8
1889.63
1881.88
1898.57
1902.72
1800.13
1774.64
1545.17
1527.94
1533.37
1556.37
1598.07
1631.19
1690.55
1779.27
1851.19
1903.43
1952.62
2005.76
1975.5
1947.09
1942.67
1939.13
1937.87
1937.66
1936.75
1935.51
1922.8
1904.44
1876.88
1852.16
1818.69
1787.24
1752.22
1713.95
1681.27
1645.13
1597.29
1532.79
1460.73
1388.62
1323.91
1270.14
1233
1208.78
1193.27
1163.07
1127.85
1078.24
1006.04
907.29
795.936
691.098
600.018
526.911
472.378
428.358
392.672
274
274
274
274
274
274
274
274
274
274
274
274
274
274
274
274
274
274
274
274
274
274
274
274
274
274
274
274
274
274
274
274
274
274
274
274
274
274
274
274
274.003
274.107
277.663
381.352
733.885
820.246
825.665
829.169
833.801
841.291
852.94
868.943
889.483
916.469
952.652
1002.08
1072.74
1176.54
1329.82
1540.66
1793.68
1910.83
1933.58
1937.2
1939.77
1960.55
1962.3
1949.9
1949.04
1942.26
1936.02
1933.82
1695.61
1566.48
1405.21
1376.63
1364.37
1372.91
1408.85
1422.29
1474.66
1554.68
1630.15
1668.67
1749.48
1843.53
1797.61
1764.31
1763.45
1763.51
1767.72
1786.91
1798.8
1823.73
1838.26
1842.09
1834.23
1821.05
1796.98
1774.23
1742.18
1727.55
1713.51
1699.13
1679.43
1659.75
1625.49
1577.58
1512.23
1429.41
1352.01
1291.85
1255.23
1214.51
1175.53
1126.25
1081.1
1007.01
895.593
775.344
668.967
582.895
516.928
464.414
420.101
274
274
274
274
274
274
274
274
274
274
274
274
274
274
274
274
274
274
274
274
274
274
274
274
274
274
274
274
274
274
274
274
274
274
274
274
274
274
274
274.001
274.021
274.814
298.281
584.868
807.633
825.056
828.85
832.29
837.451
846.74
861.14
880.722
905.529
937.143
979.019
1036.41
1115.32
1233.64
1407.34
1647.17
1863.27
1924
1932.3
1929.2
1941.84
1967.95
1970.7
1968.4
2002.19
2043.7
2064.34
2057.28
1726.19
1489.4
1324.44
1249.9
1239.33
1251.29
1253.74
1257.09
1278.63
1294.5
1333.6
1359.03
1403.54
1442.19
1388.78
1302.53
1330.3
1359.17
1383.81
1420.33
1497.54
1530.82
1569.07
1598.48
1615.64
1632.95
1642.61
1653.37
1658
1680.4
1696.34
1702.24
1696.68
1687.47
1667.17
1657.14
1639.82
1594.76
1530.89
1454.62
1380.35
1301.09
1243.36
1185.85
1134.6
1078.59
992.138
884.194
767.993
661.72
576.117
508.416
453.79
274
274
274
274
274
274
274
274
274
274
274
274
274
274
274
274
274
274
274
274
274
274
274
274
274
274
274
274
274
274
274
274
274
274
274
274
274
274
274
274.004
274.164
279.303
410.316
751.668
822.025
827.353
830.421
834.366
841.148
853.374
872.252
896.249
924.733
959.531
1005.98
1069.93
1162.5
1298.45
1499.59
1760.62
1901.46
1928.15
1925.74
1929.08
1939.39
1961.36
1970.14
1984.08
2056.67
2117.33
2144.02
2153.33
1826.91
1548.84
1297.12
1192.56
1188.96
1207.45
1182.57
1199.11
1206.68
1207.62
1192.91
1169.91
1151.58
1102.13
1088.9
1113.42
1120.83
1081.23
1066.78
1060.98
1093.32
1135.31
1197.43
1255.61
1330.18
1390.18
1455.85
1496.55
1545.28
1569.21
1636.88
1665.9
1681.78
1680.57
1672.65
1677.43
1671.73
1639.86
1616.81
1584.36
1528.01
1451.91
1375.31
1286.46
1209.62
1134.51
1060.81
959.756
847.231
743.97
645.734
563.273
493.759
274
274
274
274
274
274
274
274
274
274
274
274
274
274
274
274
274
274
274
274
274
274
274
274
274
274
274
274
274
274
274
274
274
274
274
274
274
274
274.001
274.028
275.075
305.601
613.586
809.877
824.732
827.914
830.926
836.446
846.5
863.594
887
913.843
943.775
980.41
1032.72
1107.83
1217.65
1378.39
1605.47
1838.83
1911.34
1922.67
1926.26
1946.76
1954.01
1965.09
1969.43
1992.95
2067.73
2130.79
2152.6
2159.47
1874.31
1394.64
1191.74
1103.39
1091.17
1072.04
1059.57
1063
1058.31
1065.34
1054.67
1071.77
1076.54
1065.4
1059.73
1047.11
1081.69
1037.85
1016.77
1007.66
997.573
1018.25
1061.11
1087.16
1124.63
1160.73
1217.51
1275.91
1331.01
1377.11
1394.8
1472.81
1552.93
1587.13
1619.01
1644.05
1650.53
1632.39
1615.64
1600.83
1580.78
1549.9
1496.32
1421.27
1333.25
1232.58
1128.41
1026.91
930.603
814.718
711.391
613.839
534.705
274
274
274
274
274
274
274
274
274
274
274
274
274
274
274
274
274
274
274
274
274
274
274
274
274
274
274
274
274
274
274
274
274
274
274
274
274
274
274.005
274.195
280.208
425.127
762.057
822.604
824.616
826.722
831.05
839.826
855.258
878.298
905.18
933.492
962.848
1000.64
1058.62
1147.88
1280.14
1469.11
1716.58
1883.31
1916.55
1926.8
1943.81
1958.27
1960.6
1977.24
1985.86
2030.24
2106.32
2145.22
2155.75
1961.46
1544.56
1085.91
983.453
960.028
954.898
938.593
963.043
947.505
974.815
998.154
974.704
996.098
1000.53
992.33
985.685
977.607
964.109
944.996
910.992
892.894
894.122
881.372
895.841
938.374
991.772
1064.44
1124.2
1170.42
1193.56
1215.89
1283.15
1325.59
1372.7
1447
1491.03
1558.22
1586.35
1590.41
1592.2
1591.05
1577.75
1570.91
1564.23
1531.22
1475.03
1393.88
1276.31
1155.93
1028.5
903.626
777.963
671.445
585.724
274
274
274
274
274
274
274
274
274
274
274
274
274
274
274
274
274
274
274
274
274
274
274
274
274
274
274
274
274
274
274
274
274
274
274
274
274
274.001
274.028
275.04
304.34
610.217
812.844
823.506
823.086
825.307
832.35
846.344
867.69
893.756
919.954
946.159
979.099
1025.52
1093.56
1195.41
1342.19
1541.45
1781
1909.1
1936.19
1945.86
1964.78
1975.45
1988.33
1997.8
2025.61
2106.51
2168.91
2174.69
2162
1781.23
1303.43
1017.15
929.444
923.113
912.349
896.354
905.745
902.905
903.357
919.822
949.617
965.23
985.491
992.369
996.085
1009.49
1001.01
990.087
979.008
912.847
878.297
854.755
845.421
822.58
821.124
839.635
882.801
950.012
1043.16
1121.46
1212.76
1275.78
1301.52
1331.46
1354.52
1373.48
1444.39
1473.19
1487.03
1501.41
1519.58
1527.52
1528.34
1533.11
1529.43
1498.07
1437.84
1334.17
1205.12
1037.91
880.638
754.066
646.077
274
274
274
274
274
274
274
274
274
274
274
274
274
274
274
274
274
274
274
274
274
274
274
274
274
274
274
274
274
274
274
274
274
274
274
274
274
274.004
274.153
278.876
401.843
747.23
820.983
820.971
820.985
826.033
838.909
859.066
883.111
904.296
925.414
952.617
993.713
1055.36
1141.47
1257.94
1413.72
1614.37
1835.74
1937.51
1961.83
1973.34
1992.03
2009.08
2022.74
2030.64
2067.96
2141.13
2201.47
2227.7
2148.64
1751.06
1189.39
1050.38
975.049
965.601
970.182
964.301
970.28
974.297
949.471
938.443
932.218
927.208
934.941
941.903
939.052
966.827
990.011
996.739
996.341
970.165
950.167
899.153
881.338
879.732
866.706
855.616
838.493
832.112
849.385
874.572
922.07
1002.06
1117.07
1208.98
1279.69
1308.96
1325.68
1393.4
1421.6
1444.42
1467.89
1487.46
1494.17
1497.95
1498.24
1513.67
1505.11
1457.25
1352.94
1199.19
1019.28
854.528
711.147
274
274
274
274
274
274
274
274
274
274
274
274
274
274
274
274
274
274
274
274
274
274
274
274
274
274
274
274
274
274
274
274
274
274
274
274
274.001
274.019
274.725
294.641
559.071
804.104
820.585
819.04
821.776
832.656
851.98
871.981
890.373
908.1
931.359
964.432
1017
1093.23
1196.29
1328.55
1490.18
1681.93
1873.78
1958.46
1978.79
1990.59
2013.45
2035.12
2052.28
2059.01
2089.19
2150.11
2197
2222.18
1907.03
1433.02
1074.73
999.64
974.224
965.173
959.735
956.948
942.35
945.956
962.238
959.845
960.88
969.745
962.018
949.505
950.372
938.184
952.332
961.936
957.332
962.473
979.513
932.001
878.339
879.976
878.54
877.493
893.094
875.007
869.106
861.979
856.401
875.974
897.377
951.666
1031.4
1163.38
1258.76
1306.76
1368.76
1403.69
1437.18
1468.98
1482.4
1486.5
1483.39
1475.43
1493.13
1501.32
1441.19
1336.87
1170.89
977.319
808.766
274
274
274
274
274
274
274
274
274
274
274
274
274
274
274
274
274
274
274
274
274
274
274
274
274
274
274
274
274
274
274
274
274
274
274
274
274.002
274.093
277.019
360.125
708.327
814.997
818.337
819.441
827.334
842.806
861.335
877.315
893.701
914.683
944.542
987.751
1052.01
1139.39
1252.69
1391.86
1558.37
1745.84
1903.43
1966.95
1983.92
1997.25
2020.23
2047.86
2065.46
2073.29
2114.27
2160.93
2171.43
2034.08
1654.25
1142.18
988.653
937.192
921.238
912.644
924.151
941.388
948.749
944.491
934.629
948.961
962.213
970.772
969.742
959.14
972.259
986.217
984.841
982.694
970.646
972.019
980.402
972.705
940.248
870.445
865.948
856.539
859.273
881.673
875.869
886.8
878.161
884.659
879.893
886.837
909.569
944.846
1029.96
1158.29
1272.58
1339.13
1377.39
1426.26
1465.36
1481.8
1486.56
1480.02
1470.99
1486.78
1471.63
1382.57
1251.7
1053.94
881.904
274
274
274
274
274
274
274
274
274
274
274
274
274
274
274
274
274
274
274
274
274
274
274
274
274
274
274
274
274
274
274
274
274
274
274
274
274.01
274.414
285.865
486.509
785.156
817.018
818.631
823.015
833.811
850.111
867.137
883.217
901.823
927.43
962.726
1014.84
1091.62
1194.85
1324.31
1476.14
1644.38
1807
1926.34
1972.97
1987.5
2002.19
2036.94
2081
2107.68
2108.87
2145.02
2203.87
2216.32
1875.27
1505.71
1125.83
1044.84
996.927
974.804
955.514
937.653
924.314
925.436
915.685
905.998
920.55
933.714
953.216
959.117
959.606
983.23
998.573
991.768
991.504
991.189
1007.78
1011.53
1002.12
994.518
977.275
872.964
876.589
853.24
855.146
857.877
870.198
880.948
885.177
891.766
894.513
894.754
898.076
911.595
954.163
1030.19
1163.41
1305.9
1375.48
1408.2
1448.76
1491.35
1499.95
1499.84
1488.82
1488.39
1422.59
1311.97
1165.65
957.013
274
274
274
274
274
274
274
274
274
274
274
274
274
274
274
274
274
274
274
274
274
274
274
274
274
274
274
274
274
274
274
274
274
274
274
274.001
274.042
275.448
314.715
637.176
807.259
817.307
820.483
827.866
841.296
857.836
874.19
891.544
912.33
943.176
989.406
1055.73
1145.44
1259.8
1396.42
1550.92
1714.15
1859.8
1949.71
1980.82
1992.4
2011.64
2057.51
2107.11
2149.59
2164.23
2195.96
2226.83
2194.53
1850.26
1281.3
1088.2
1017.22
994.981
981.064
982.721
986.258
988.971
995.936
992.44
970.62
955.176
958.313
966.738
953.869
961.994
986.415
1001.71
1012.34
995.439
1004.82
1040.52
1041.29
1020.61
1026.43
1028.74
1004.56
913.367
915.493
880.444
877.297
862.523
881.317
886.907
891.798
903.981
909.951
918.212
920.108
920.153
935.41
971.646
1040.33
1173.55
1336.7
1417.45
1442.82
1479.54
1515.68
1520.17
1492.97
1465.47
1321.31
1172.36
1025.95
274
274
274
274
274
274
274
274
274
274
274
274
274
274
274
274
274
274
274
274
274
274
274
274
274
274
274
274
274
274
274
274
274
274
274
274.004
274.155
278.804
398.193
739.893
813.242
816.318
821.111
831.423
846.094
862.279
879.296
899.427
927.545
969.033
1027.72
1104.64
1202.66
1325.1
1471.27
1634.9
1800.01
1925.01
1974.21
1990.52
2003.19
2032.66
2076.27
2123.39
2165.36
2186.94
2214.59
2234.61
2033.31
1646.69
1190.66
1081.24
1029.72
1011.71
998.073
979.915
971.326
986.759
991.454
988.985
982.989
984.608
1004.14
1003.27
993.843
997.882
1008.75
1022.44
1020.42
1022.51
1045.4
1065.76
1068.96
1044.19
1053.04
1072.37
1068.88
1030.13
975.4
929.978
896.902
890.926
872.221
886.067
892.549
905.375
912.019
924.384
935.576
944.66
952.82
960.796
968.4
999.059
1056.33
1183.55
1364.74
1473.88
1502.64
1509.7
1539.18
1484.45
1473.78
1142.61
1005.02
274
274
274
274
274
274
274
274
274
274
274
274
274
274
274
274
274
274
274
274
274
274
274
274
274
274
274
274
274
274
274
274
274
274
274
274.013
274.5
288.22
511.512
792.02
814.35
816.305
824.491
837.084
851.311
867.752
887.565
913.125
948.195
996.454
1060.26
1141.1
1242.24
1368.62
1520.41
1693.69
1866.41
1956.71
1984.16
1996.16
2013.68
2044.71
2082.15
2129.78
2163.74
2185.82
2206.66
2202.05
1852.6
1408.77
1104.46
1039.64
1014.05
1003.52
999.407
999.083
997.208
999.432
1014.3
1011.47
987.651
992.563
1023.81
1025.43
1005.69
1011.46
1028.46
1027.98
1021.48
1027.75
1047.3
1082.45
1066.99
1048.47
1077.96
1093.65
1088.53
1088.79
1071.12
1062.44
948.766
933.569
904.961
895.482
886.082
897.483
902.003
915.23
928.984
949.339
958.571
972.195
986.546
1001.05
1014.67
1037.45
1091.63
1200.3
1414.54
1526.07
1551.49
1505.77
1486.77
1444.41
968.605
274
274
274
274
274
274
274
274
274
274
274
274
274
274
274
274
274
274
274
274
274
274
274
274
274
274
274
274
274
274
274
274
274
274
274.001
274.04
275.366
312.202
632.185
806.944
815.112
818.788
828.088
841.874
856.343
875.176
899.333
930.113
969.967
1023.14
1092.39
1179.82
1288.45
1420.52
1577.85
1754.06
1908.76
1973.33
1992.84
2003.83
2024.9
2049.37
2088.2
2130.23
2169.97
2201.36
2219.19
2175.62
1835.11
1320.93
1162.72
1101.95
1079.57
1065.67
1053.97
1029.4
1023.48
1043.3
1049.48
1039.09
1020.84
1041.44
1066.09
1059.9
1048.57
1053.04
1068.63
1070.97
1058.76
1054.51
1081.79
1102.59
1071.25
1074.84
1111.47
1130.9
1113.41
1109.85
1123.6
1125.3
1094.05
1049.15
987.117
956.536
941.955
932.87
929.679
928.731
931.577
937.161
957.446
971.971
989.74
1007.47
1029.35
1051.44
1076.57
1099.71
1155.32
1265.28
1445.55
1569.27
1586.03
1430.66
1383.13
274
274
274
274
274
274
274
274
274
274
274
274
274
274
274
274
274
274
274
274
274
274
274
274
274
274
274
274
274
274
274
274
274
274
274.003
274.112
277.45
367.938
712.771
809.995
816.101
821.873
831.928
846.483
863.417
884.871
911.545
945.749
991.483
1052.83
1132.57
1232.87
1353.37
1490.32
1641.99
1792.45
1919.45
1985.61
2012.65
2026.35
2046.19
2074.39
2117.35
2157.66
2197.79
2235.41
2259.53
2125.59
1776.37
1262.44
1139.81
1097.06
1077.91
1071.21
1067.5
1059.9
1052.38
1062.15
1065.22
1060.93
1049.37
1066.43
1087.55
1085.71
1072.81
1086.89
1107.7
1106.1
1091.75
1106.33
1134.52
1124.98
1104.37
1116.01
1146.69
1171.28
1149.07
1139.45
1160.19
1158.54
1157.79
1136.29
1111.36
1045.74
1021.3
995.453
994.37
992.972
985.019
981.275
979.001
976.51
979.125
990.705
1011.44
1037.42
1074.4
1113.68
1150.28
1201.51
1246.41
1334.38
1497.11
1678.67
1758.99
274
274
274
274
274
274
274
274
274
274
274
274
274
274
274
274
274
274
274
274
274
274
274
274
274
274
274
274
274
274
274
274
274
274
274.006
274.241
280.968
427.75
751.606
809.005
817.732
827.014
839.277
853.935
871.242
889.41
919.168
958.733
1011
1080.68
1170.54
1280.31
1404.37
1535.81
1672.16
1799.31
1910.89
1996.98
2035.31
2048.62
2068.08
2092.22
2113.28
2156.64
2197.72
2238.96
2267.08
1944.01
1625.23
1235.13
1153.06
1115.48
1100.8
1094.07
1088.9
1076.29
1075.19
1087.52
1097.85
1087.18
1076.35
1093.67
1117.59
1112.47
1099.43
1112.4
1139.2
1140.34
1125.2
1138.95
1167.36
1166.72
1152.44
1166.36
1205.11
1213.6
1198.47
1206.76
1224.84
1220.42
1216.93
1216.38
1211.05
1148.1
1110.69
1078.14
1041.48
1061.42
1067.13
1068.69
1084.8
1085.04
1090.74
1091.2
1099.17
1106.82
1136.04
1187.11
1243.02
1339.4
1450.37
1567.09
1622.71
1733.37
1979.65
274
274
274
274
274
274
274
274
274
274
274
274
274
274
274
274
274
274
274
274
274
274
274
274
274
274
274
274
274
274
274
274
274
274
274.01
274.39
284.844
469.928
769.364
809.872
821.032
831.713
843.403
857.217
874.565
891.751
922.194
964.588
1022.26
1098.69
1194.5
1307.8
1431.61
1558.22
1686.15
1804.3
1907.89
1993.6
2040.1
2057.36
2073.45
2092.15
2109.67
2150.67
2197.17
2232.82
2236.18
1918.92
1545.59
1224.42
1153.69
1124.18
1109.92
1106.24
1104
1097.92
1099.33
1109.52
1119.83
1113.49
1102.9
1121.46
1150.06
1145.61
1132.75
1141.21
1164.43
1162.93
1146.08
1159.17
1193.18
1192.29
1175.14
1189.43
1230.4
1241.18
1215.81
1220.96
1252.98
1254.16
1251.62
1252.92
1253.23
1216.82
1140.71
1133.56
1088.91
1073.65
1092.23
1084.01
1107.36
1113.16
1132.11
1140.87
1155.71
1162.56
1165.84
1207.21
1251.47
1344.67
1463.74
1612.42
1731.43
1871.82
2023.1
274
274
274
274
274
274
274
274
274
274
274
274
274
274
274
274
274
274
274
274
274
274
274
274
274
274
274
274
274
274
274
274
274
274.001
274.019
274.682
292.248
531.093
785.321
812.5
822.187
832.138
844.032
858.837
878.077
898.681
929.752
976.419
1038.26
1119.11
1219.37
1336.05
1460.92
1585.22
1706.67
1817.6
1912.95
1991.31
2044.29
2067.4
2081.29
2094.93
2129.08
2177.74
2219.89
2235.4
2201.43
1883.54
1428.69
1201.55
1149.23
1126.54
1117.18
1116.75
1112.71
1109.16
1109.5
1130.61
1140.91
1138.7
1134.25
1151.85
1177.5
1172.47
1159.61
1168.46
1195.18
1196.2
1182.55
1192.45
1221.16
1219.01
1199.8
1210.5
1251.59
1263.44
1242.74
1251.58
1287.76
1299.62
1286.27
1289.44
1289.8
1283.25
1221.34
1162.37
1170.59
1129.29
1147.77
1130.83
1144.35
1144.5
1159.92
1177.76
1199.06
1226.68
1240.15
1263.12
1289.93
1331.02
1401.9
1511.67
1665.39
1815.01
2043.25
274
274
274
274
274
274
274
274
274
274
274
274
274
274
274
274
274
274
274
274
274
274
274
274
274
274
274
274
274
274
274
274
274
274.001
274.033
275.095
302.694
586.814
791.578
813.48
824.14
835.21
847.529
861.986
881.249
905.974
935.273
983.066
1047.41
1132.46
1239.38
1364.05
1494.89
1620.05
1735.12
1837.54
1925.29
1994.71
2043.25
2072.97
2085.16
2099.51
2137.01
2184.62
2223.97
2236.88
2181.46
1868.94
1392.11
1209.37
1160.04
1139.66
1130.81
1126.73
1125.99
1119.63
1134.55
1145.5
1152.92
1163.02
1159.37
1175.45
1203.88
1201.52
1196.81
1207.9
1231.96
1240.14
1223.69
1230.86
1258.36
1253.86
1241.96
1247.06
1268.1
1282.44
1269.25
1278.47
1310.29
1329.54
1331.73
1338.7
1341.15
1332.91
1329.57
1274.65
1220.55
1222.39
1186.61
1204.69
1182.62
1202.14
1194.45
1225.77
1240.82
1279.9
1312.71
1352.01
1397.99
1448.13
1512.36
1585.39
1682.52
1795.19
1913.33
274
274
274
274
274
274
274
274
274
274
274
274
274
274
274
274
274
274
274
274
274
274
274
274
274
274
274
274
274
274
274
274
274
274.002
274.057
275.787
321.177
642.675
798.146
814.227
823.686
834.329
846.568
861.441
881.775
909.466
945.092
993.596
1059.84
1147.98
1261.86
1393.98
1531.68
1660.07
1770.71
1863.42
1938.24
1996.6
2043.1
2068.74
2077.41
2104.21
2143.36
2190.02
2229.03
2243.92
2168.37
1843.69
1366.98
1214.57
1166.74
1147.67
1138.8
1136.29
1131.58
1125.22
1143.73
1153.41
1157.45
1169.43
1169.4
1179.5
1208.82
1210.31
1210.2
1221.91
1247.69
1265.17
1258.1
1268.58
1298.61
1302.19
1295.38
1305.26
1326.74
1334.12
1321.16
1325.62
1348.47
1355.42
1360.28
1377.19
1394.08
1393.33
1387.77
1383.22
1321.6
1257.44
1271.21
1236.16
1254.97
1229.35
1250.76
1247.1
1278.54
1295.3
1344.54
1378.5
1436.1
1489.78
1562.76
1636.41
1719.45
1781.58
1852.01
274
274
274
274
274
274
274
274
274
274
274
274
274
274
274
274
274
274
274
274
274
274
274
274
274
274
274
274
274
274
274
274
274
274.002
274.09
276.699
345.882
679.929
799.195
814.179
825.255
837.639
851.214
866.99
887.873
915.75
952.125
1002.2
1069.64
1159
1274.63
1409.04
1550.55
1683.22
1793.87
1874.38
1943.19
2000.12
2044.39
2069.51
2080.88
2103.27
2134.16
2174.63
2206.79
2221.62
2081.35
1796.42
1349.04
1226.43
1185.13
1169.14
1160.91
1156.91
1153.38
1151.35
1166.24
1171.45
1178.26
1195.17
1193.48
1203.07
1228.06
1234.85
1233.06
1242.28
1265.15
1281.97
1278.44
1287.36
1306.79
1321.22
1328.51
1332.9
1347.43
1375.3
1371.97
1376.47
1398.97
1403.69
1406.97
1426.5
1442.03
1458.11
1462.23
1460.13
1445.23
1409.55
1335.99
1348.74
1309.25
1330.48
1299.73
1326.65
1322.19
1365.51
1387.01
1446.68
1489.85
1562.27
1604.86
1674.52
1717.13
1780.96
1819.31
274
274
274
274
274
274
274
274
274
274
274
274
274
274
274
274
274
274
274
274
274
274
274
274
274
274
274
274
274
274
274
274
274
274.004
274.141
278.115
378.33
712.802
802.596
814.889
825.094
836.971
850.238
866.053
887.377
915.788
953.292
1005.08
1074.5
1166.37
1284.59
1422.06
1567.36
1703.74
1815.8
1892.9
1950.93
1998.37
2037.39
2063.11
2082.05
2105.73
2136.85
2177.29
2201
2219.81
2005.95
1715.19
1303.33
1205.25
1171.86
1158.43
1154.94
1154.47
1151.97
1159.64
1171.75
1177
1189.63
1202.84
1207.16
1224.28
1239.69
1253.31
1262.75
1270.93
1288.41
1311.42
1312.18
1320.39
1339.41
1350.33
1366.53
1371.91
1382.05
1408.96
1410.5
1420.07
1438.34
1444.64
1454.27
1470.03
1483.94
1504.27
1524.59
1531.49
1529.15
1510.6
1489.28
1425.89
1430.87
1391.87
1410.78
1386.04
1414.75
1428.85
1484.92
1515.68
1569.67
1607.31
1660.33
1709.1
1753.34
1807.13
1829.38
274
274
274
274
274
274
274
274
274
274
274
274
274
274
274
274
274
274
274
274
274
274
274
274
274
274
274
274
274
274
274
274
274
274.006
274.203
279.795
407.618
733.101
802.781
814.78
825.98
839.184
853.719
870.562
892.449
920.855
958.473
1010.83
1080.96
1173.96
1293.16
1431.92
1580.55
1721.16
1834.53
1910.24
1954.94
1995.29
2031.3
2059.45
2087.74
2121.42
2156.76
2194.07
2215.8
2240.06
1950.56
1657.12
1286.78
1203.17
1172.24
1160.15
1155.91
1154.6
1150.24
1162.4
1175.57
1182.07
1195.83
1209.28
1212.76
1223.47
1247.61
1256.26
1267.2
1282.45
1297.24
1326.67
1331.67
1344.83
1367.09
1378.39
1400.55
1412.23
1420.48
1450.74
1458.39
1468.74
1492.51
1508.04
1516.87
1531.4
1547.65
1564.75
1582.55
1602.28
1621.89
1628.26
1617.66
1587.29
1540.37
1517.62
1501.07
1496.11
1496.37
1504.86
1541.02
1572.42
1622.09
1658.81
1714.93
1748.67
1803.03
1826.98
1856.09
274
274
274
274
274
274
274
274
274
274
274
274
274
274
274
274
274
274
274
274
274
274
274
274
274
274
274
274
274
274
274
274
274
274.008
274.287
282.008
437.664
751.512
805.198
815.696
826.012
838.779
853.395
870.484
892.456
921.005
959.69
1013.84
1086.46
1182.49
1303.49
1442.68
1591.55
1732.1
1844.2
1919.11
1962.51
1990.64
2025.81
2062.32
2096.21
2127.23
2153.87
2185.74
2211.28
2233.44
1920.64
1629.28
1280.4
1204.28
1173.56
1160.97
1156.13
1154.06
1151.74
1153.95
1172.6
1180.29
1185.13
1205.53
1210.72
1219.01
1242.81
1256.97
1271.12
1283.43
1294.16
1323.94
1335.29
1349.96
1372.59
1387.73
1409.89
1433.54
1450.26
1472.13
1493.97
1512.98
1529.73
1548.89
1570.9
1591.67
1608.02
1623.6
1646.5
1668.35
1695.08
1718.42
1737.03
1752.99
1713.98
1679.19
1623.74
1633.77
1612.01
1630.23
1625.35
1661.8
1691.96
1742.99
1780.24
1822.36
1857.37
1888.64
1929.62
274
274
274
274
274
274
274
274
274
274
274
274
274
274
274
274
274
274
274
274
274
274
274
274
274
274
274
274
274
274
274
274
274
274.01
274.374
284.206
460.868
762.277
805.773
815.989
826.701
840.368
856.214
874.522
897.461
926.861
966.879
1022.82
1097.32
1194.68
1314.7
1451.2
1597.39
1735.51
1845.01
1916.98
1958.8
1987.75
2022.97
2063.18
2091.26
2114.18
2138.3
2173.48
2199.78
2208.36
1894.69
1585.76
1273.59
1207.29
1180.29
1169.91
1166.22
1164.44
1161.63
1161.72
1179.16
1189.03
1193.85
1211.33
1220.86
1227.92
1248.42
1259.27
1275.64
1293.86
1303.69
1323.04
1341.71
1355.44
1374.81
1391.96
1411.51
1433.3
1456.3
1476.2
1501.43
1526.86
1548.8
1580.47
1603.26
1629.16
1658.21
1682.8
1708.59
1736.94
1765.27
1797.54
1831.66
1860.7
1875.29
1880.01
1851.05
1793.28
1774.92
1764.17
1772.75
1776.68
1800.31
1828.18
1869.52
1894.93
1925.93
1960.81
2004.16
274
274
274
274
274
274
274
274
274
274
274
274
274
274
274
274
274
274
274
274
274
274
274
274
274
274
274
274
274
274
274
274
274
274.013
274.474
286.711
484.124
772.296
807.796
817.275
827.886
841.742
858.115
877.454
901.695
932.672
975.506
1035.43
1114.22
1214.33
1333
1464.41
1603.3
1733.68
1836.94
1904.19
1941.91
1985.47
2028.05
2060.91
2087.99
2110.58
2142.61
2182.38
2208.56
2208.44
1896.17
1567.93
1269.15
1206.68
1180.5
1171.2
1168.47
1167.61
1167.07
1166.96
1181.33
1189.07
1202.12
1213.67
1225.76
1238.69
1253.66
1265.67
1280.44
1298.7
1312.38
1329.18
1348.83
1365.47
1383.3
1403.06
1424.69
1443.38
1464.75
1487.8
1512.5
1536.86
1562.11
1590.55
1618.76
1648.14
1678.8
1709.24
1739.57
1772.19
1802.98
1835.96
1872.92
1911.53
1952.22
1989.62
2018.89
2016.32
1992.58
1931.06
1914.05
1890.14
1906.07
1905.9
1928.12
1938.75
1969.04
1985.53
2014.09
274
274
274
274
274
274
274
274
274
274
274
274
274
274
274
274
274
274
274
274
274
274
274
274
274
274
274
274
274
274
274
274
274.001
274.016
274.559
288.784
501.596
777.442
808.849
818.175
828.891
842.866
859.621
879.981
905.803
939.395
986.937
1053.36
1138.69
1242.2
1358.06
1480.62
1607.03
1724.03
1818.91
1880.44
1930.18
1980.6
2027.23
2058.08
2083.77
2107.5
2143.98
2181.42
2198.06
2190.14
1881.76
1551.16
1273.78
1213.71
1187.8
1177.69
1174.14
1172.55
1171.46
1172.6
1186.8
1193.14
1206.14
1216.72
1229.26
1242.71
1257.31
1270.45
1288.04
1303.49
1319.74
1337.96
1355.62
1374.7
1394.18
1413.44
1433.29
1456.6
1479.49
1502.77
1526.88
1552.89
1580.21
1607.73
1636.3
1666.69
1699.14
1730.32
1762.8
1796.51
1826.52
1857.86
1890.48
1926.18
1965.13
2014.26
2065.21
2109.48
2120.99
2139.84
2038.63
2025.49
1975.77
1965.72
1964.54
1966.16
1976.24
2002.41
1967.38
274
274
274
274
274
274
274
274
274
274
274
274
274
274
274
274
274
274
274
274
274
274
274
274
274
274
274
274
274
274
274
274
274.001
274.018
274.637
290.713
516.845
782.961
811.028
819.371
829.655
843.927
862.139
885.183
914.396
952.202
1005.65
1079.11
1170.59
1275.69
1385.79
1496.33
1604.99
1704.93
1788.81
1851.64
1903.36
1960.37
2012.15
2045.2
2071.06
2100.28
2149.89
2188.04
2204.43
2197.78
1891.54
1558.97
1278.14
1219.7
1195.15
1185.68
1181.87
1180.21
1179.59
1179.98
1195.38
1202.9
1215.24
1226.35
1238.19
1252.02
1265.98
1280.18
1296.65
1313.62
1330.43
1347.66
1365.77
1383.95
1403.51
1425.01
1445.66
1468.03
1491.94
1514.81
1539.55
1565.52
1592.59
1621.46
1652.24
1682.81
1714.67
1749.66
1781.86
1818.6
1856.39
1890.22
1927.02
1961.84
1999.27
2042.04
2090.93
2145.9
2180.7
2208.82
2214.87
2222.6
2124.83
2081.48
2041.74
2016.09
1990.32
1961.8
1824.14
274
274
274
274
274
274
274
274
274
274
274
274
274
274
274
274
274
274
274
274
274
274
274
274
274
274
274
274
274
274
274
274
274.001
274.02
274.682
291.812
524.913
785.588
812.06
819.707
829.747
844.116
862.96
887.377
918.744
959.727
1017.75
1096.69
1193.27
1300.41
1407.51
1508.5
1602.07
1688.46
1765.12
1829.03
1883.25
1946.1
2002.78
2039.24
2059.3
2092.05
2143.82
2179.59
2194.09
2177.21
1868.19
1526.94
1264.86
1207.73
1182.75
1173.63
1170.66
1169.57
1168.97
1171.07
1184.66
1190.75
1205.15
1216.08
1228.97
1242.08
1256.97
1271.38
1288.14
1305.26
1321.67
1339.38
1358.55
1377.69
1397.56
1418.31
1440.46
1463.46
1486.35
1510.61
1536.93
1562.9
1589.85
1619.54
1648.84
1679.26
1712.32
1745.08
1779.25
1816.72
1854.38
1893.42
1934.63
1974.13
2011.55
2047.92
2082.93
2119.6
2159.4
2204.27
2224.56
2249.73
2240.69
2232.49
2117.88
2095.17
1889.62
1789.77
1697.53
274
274
274
274
274
274
274
274
274
274
274
274
274
274
274
274
274
274
274
274
274
274
274
274
274
274
274
274
274
274
274
274
274.001
274.02
274.703
292.347
528.691
786.916
812.672
820.165
830.249
844.73
863.763
888.584
920.724
963.006
1022.85
1103.68
1201.69
1309.12
1414.55
1511.19
1598.81
1678.79
1750.46
1812.85
1867.06
1929.62
1984.09
2019.99
2039.85
2078.27
2133.67
2190.31
2214.69
2216.9
1912.64
1588.91
1292.16
1230.44
1203.6
1193.84
1190.64
1189.74
1189.69
1192.07
1204.82
1212.67
1223.74
1234.82
1249.88
1261.4
1275.91
1292.31
1308.07
1324.26
1340.5
1359.21
1378.6
1397.28
1417.62
1439.61
1460.53
1482.94
1507.51
1530.93
1556.48
1583.54
1610.34
1639.31
1668.81
1699.16
1731.73
1764.74
1798.9
1835.7
1874.17
1913.12
1956.06
1999.8
2040.9
2077.92
2106.75
2127.86
2148.68
2179.8
2228.83
2286.74
2312.48
2322.62
2339.67
2101.29
1858.55
1758.63
1701.42
274
274
274
274
274
274
274
274
274
274
274
274
274
274
274
274
274
274
274
274
274
274
274
274
274
274
274
274
274
274
274
274
274.001
274.02
274.683
291.843
525.051
785.32
811.883
819.761
830.007
844.459
863.105
887.13
918.446
959.884
1018.37
1097.1
1193.05
1299.86
1406.68
1506.38
1597.49
1681.05
1755.28
1817.86
1871.63
1933.99
1991.91
2034.06
2060.53
2094.32
2144.42
2180.68
2196.27
2183.74
1871.14
1536.54
1268.95
1211.29
1186.25
1177.05
1173.7
1172.26
1171.48
1173.21
1185.81
1193.05
1206.39
1217.59
1230.54
1243.65
1258.64
1272.98
1289.73
1306.06
1322.26
1340.68
1359.09
1377.51
1398.05
1418.63
1440.42
1463.39
1485.61
1509.61
1535.52
1561.51
1588.56
1618.45
1647.52
1676.84
1709.7
1742.14
1776.71
1814.61
1852.31
1891.34
1931.48
1970.69
2008.39
2043.69
2078.41
2113.89
2153.74
2202.74
2225.6
2248.44
2247.16
2213.57
2117.04
2085.18
1899.79
1780.72
1699.85
274
274
274
274
274
274
274
274
274
274
274
274
274
274
274
274
274
274
274
274
274
274
274
274
274
274
274
274
274
274
274
274
274.001
274.018
274.639
290.765
517.103
782.414
810.609
819.35
830.02
844.454
862.325
884.668
913.751
952.264
1006.34
1079.24
1169.42
1273.9
1383.51
1492.69
1596.89
1690.63
1771.72
1836.89
1888.52
1940.62
1994.94
2036.99
2062.99
2094.54
2138.54
2178.1
2195.81
2187.88
1881.02
1549.67
1272.55
1213.53
1187.57
1177.27
1173.37
1171.67
1170.77
1171.42
1186.15
1193.36
1206.82
1218.34
1230.64
1243.02
1257.03
1270.75
1289.04
1304.51
1320.95
1340.35
1357.51
1374.77
1396.99
1417.23
1437.35
1463.05
1484.83
1506.98
1534.59
1559.76
1587.31
1617.59
1647.37
1677.92
1710.53
1744.18
1778.84
1816.08
1853.03
1889.27
1925.27
1960.1
1998.35
2040.36
2088.76
2145.85
2181.36
2206.53
2224.46
2226.75
2128.41
2067.49
2038.83
2003.13
1980.44
1952.14
1818.23
274
274
274
274
274
274
274
274
274
274
274
274
274
274
274
274
274
274
274
274
274
274
274
274
274
274
274
274
274
274
274
274
274.001
274.016
274.562
288.871
502.192
776.836
808.19
817.988
829.196
843.347
859.671
879.228
904.909
939.234
987.301
1052.89
1136.34
1238.83
1354.2
1474.97
1595.88
1707
1798.17
1866.64
1918.19
1963.96
2007.23
2044.74
2078.14
2104.97
2137.77
2174.64
2190.6
2184.14
1872.1
1550.58
1270.9
1210.53
1184.99
1174.74
1171.28
1169.92
1169.19
1170.04
1184.49
1190.73
1204.35
1214.15
1226.44
1241.02
1255.74
1270.14
1287.78
1303.16
1319.88
1338.14
1356.29
1374.27
1394.58
1415
1435.46
1458.98
1481.33
1503.75
1529.62
1555.58
1582.18
1611.78
1641.13
1671.31
1703.22
1735.29
1767.85
1800.76
1832.11
1862.7
1895.93
1931.71
1972.26
2020.56
2072.64
2122.11
2135.67
2158.39
2051.95
2035.17
1983.85
1969.87
1969.65
1971.22
1976.24
1999.43
1967.51
274
274
274
274
274
274
274
274
274
274
274
274
274
274
274
274
274
274
274
274
274
274
274
274
274
274
274
274
274
274
274
274
274
274.013
274.479
286.827
485.033
771.745
807.114
817.209
828.425
842.376
858.222
876.882
901.041
932.575
975.865
1035.13
1111.98
1210.45
1328.12
1457.52
1591.42
1715.33
1815.57
1886.61
1934.73
1974.98
2013.4
2049.01
2082.5
2108.54
2136.69
2177.47
2203.84
2208.3
1891.03
1576.67
1273.35
1209.32
1183.14
1173.55
1170.41
1169.2
1167.47
1168.34
1184.4
1191.78
1203.76
1217.31
1228.49
1241.79
1257.81
1268.9
1284.48
1302.97
1315.97
1332.22
1352.07
1369.4
1387.01
1408.95
1426.93
1448.3
1472.34
1490.92
1517.2
1542.2
1567.14
1595.35
1622.86
1652.35
1681.87
1711.02
1741.9
1772.76
1802.51
1835.34
1873.27
1910.14
1951.4
1994.79
2029.57
2027.86
2010.3
1940.47
1923.29
1894.07
1917.43
1909.24
1932.83
1940.11
1970.32
1983.5
2021.39
274
274
274
274
274
274
274
274
274
274
274
274
274
274
274
274
274
274
274
274
274
274
274
274
274
274
274
274
274
274
274
274
274
274.01
274.38
284.348
462.062
762.04
805.146
815.918
827.17
840.86
856.206
874.055
897.072
926.877
967.181
1022.55
1095.06
1190.37
1309.17
1443.63
1584.87
1716.89
1823.76
1898.05
1945.51
1982.18
2019.45
2052
2085.75
2109.34
2129.29
2162.67
2193.22
2206.55
1893.93
1598.63
1283.04
1214.4
1186.52
1175.74
1171.51
1169.61
1168.95
1168.36
1182.05
1187.6
1199.94
1215.95
1223.69
1231.4
1255.15
1265.45
1281.8
1299.08
1308.98
1333.34
1344.99
1364.08
1385.81
1398.45
1419.95
1443.71
1462.57
1481.83
1507.33
1529.58
1553.53
1581.55
1606.05
1632.91
1658.96
1685.22
1710.42
1735.54
1767.26
1802.19
1837.25
1870.11
1888.6
1899.87
1868.67
1806.95
1789.31
1772.25
1785.91
1783.65
1811.46
1833.79
1875.59
1895.29
1927.94
1956.56
2001.58
274
274
274
274
274
274
274
274
274
274
274
274
274
274
274
274
274
274
274
274
274
274
274
274
274
274
274
274
274
274
274
274
274
274.008
274.293
282.145
439.001
751.375
804.637
815.731
826.431
839.134
853.39
870.256
892.345
921.087
959.781
1013.18
1083.84
1177.82
1297.42
1434.41
1578.52
1713.63
1823.87
1901.49
1951.19
1987.67
2024.05
2059.2
2089.31
2121.26
2150.93
2174.94
2201.31
2228.97
1942.2
1657.26
1292.01
1211.02
1179.85
1167.86
1163.66
1162.04
1159.98
1160.41
1180.1
1187.76
1192.5
1211.22
1215.7
1223.51
1250.93
1261.49
1275.97
1288.18
1301.58
1325.14
1333.62
1353.76
1368.36
1376.32
1413.56
1426.69
1438.47
1464.19
1486.7
1505.51
1526.94
1548.97
1568.94
1593.59
1615.96
1633.45
1656
1683.07
1709.84
1734.09
1758.54
1774.84
1731.96
1699.96
1639.65
1648.07
1625.07
1641.72
1637.9
1672.11
1702.48
1751.78
1789.47
1830.97
1868.31
1894.76
1940.46
274
274
274
274
274
274
274
274
274
274
274
274
274
274
274
274
274
274
274
274
274
274
274
274
274
274
274
274
274
274
274
274
274
274.006
274.208
279.922
409.221
733.2
802.228
814.822
826.204
839.211
853.626
870.599
892.615
920.903
958.195
1009.73
1078.07
1169.08
1286.8
1423.54
1567.97
1703.9
1816.07
1897.34
1951.72
1991.3
2026.13
2055.7
2081.5
2114.34
2153.81
2188.65
2213.3
2234.7
1980.71
1683.69
1298.18
1208.87
1176.9
1163.91
1159.92
1158.47
1154.55
1161.08
1174.85
1180.65
1194.37
1210.19
1211.76
1221
1249.74
1254.66
1262.78
1277.99
1296.75
1317.26
1322.19
1343.97
1358.02
1369.63
1405.29
1410.88
1419.94
1456.76
1466.95
1479.81
1503.84
1519.71
1533.77
1548.95
1562.66
1580.59
1600.73
1618.85
1635.64
1641.2
1638.47
1601.17
1559.7
1523.52
1512.04
1501.43
1502.29
1510.7
1543.01
1574.08
1623.59
1658.99
1714.01
1749.22
1801.82
1826.33
1851.54
274
274
274
274
274
274
274
274
274
274
274
274
274
274
274
274
274
274
274
274
274
274
274
274
274
274
274
274
274
274
274
274
274
274.004
274.146
278.233
380.256
713.358
801.992
814.929
825.3
836.982
850.258
866.395
887.914
915.983
952.801
1003.65
1071.62
1162.1
1279.11
1414.64
1556.33
1688.74
1799.52
1884.44
1946.11
1992.3
2029.04
2057.98
2079.23
2103.45
2136.47
2172.74
2199.82
2216.94
2033.13
1741.71
1318.24
1214.65
1180.16
1165.9
1160.67
1158.26
1155.14
1156.56
1173.97
1180.29
1194.03
1204.62
1204.11
1216.23
1247.04
1248.56
1251.18
1269.35
1296.12
1306.15
1308.43
1331.12
1341.67
1351.92
1379.52
1380.44
1392.66
1422.6
1422.93
1432.86
1455.06
1458.53
1468.19
1482.5
1497.53
1512.71
1531.1
1539.28
1538.11
1520.45
1506.39
1447.6
1437.29
1406.49
1416.18
1401.51
1420.87
1439.48
1490.05
1526.17
1576.31
1616.27
1667.2
1713.77
1758.45
1809.35
1831.25
274
274
274
274
274
274
274
274
274
274
274
274
274
274
274
274
274
274
274
274
274
274
274
274
274
274
274
274
274
274
274
274
274
274.003
274.094
276.794
347.856
681.259
798.591
814.261
825.486
837.633
851.23
867.421
888.594
916.029
951.584
1000.98
1067.89
1156.53
1270.95
1403.27
1540.92
1669.45
1778.83
1866.82
1935.61
1987.11
2031.61
2064.54
2082.01
2102.37
2136.39
2171.92
2205.46
2219.58
2089.51
1795.96
1348.18
1224.93
1183.59
1166.98
1159.71
1156.55
1154.94
1148.97
1161.54
1172.39
1182.21
1187.53
1183.96
1208.66
1231.88
1229.84
1225.97
1247.56
1273.28
1277.77
1280.14
1298.75
1317.75
1330.07
1350.56
1351.57
1360.47
1390.25
1388.37
1389.85
1408.56
1407.36
1415.5
1435.43
1446.23
1468.44
1468.54
1468.54
1454.41
1430.12
1373.07
1360.88
1337.78
1339.12
1328.34
1331.66
1339.23
1371.22
1403.3
1454.97
1505.72
1569.44
1623.18
1681.57
1735.01
1789.52
1836.21
274
274
274
274
274
274
274
274
274
274
274
274
274
274
274
274
274
274
274
274
274
274
274
274
274
274
274
274
274
274
274
274
274
274.002
274.06
275.864
323.061
645.697
797.572
814.205
823.924
834.434
846.682
861.858
882.425
909.746
945.07
993.779
1059.88
1147.1
1258.72
1387.52
1521.19
1646.26
1755.29
1846.65
1922.46
1981.17
2033.94
2067.69
2082.73
2103.63
2142.21
2185.97
2229.09
2244.96
2170.46
1841.88
1369.27
1215.68
1167.74
1149.86
1142.6
1140.14
1135.85
1127.46
1139.1
1154.55
1165.22
1165.89
1166.38
1192.19
1212.67
1210.24
1214.66
1238.83
1266.84
1270.47
1273.89
1294.57
1307.83
1312.21
1321.67
1318.4
1322.12
1346.8
1335.15
1334.53
1350.59
1352.62
1369.53
1389.04
1398.85
1407.46
1403.13
1399.78
1338.8
1293.94
1278.89
1258.53
1262.61
1247.88
1259.45
1256.05
1286.33
1306.29
1353.72
1387.17
1446.73
1496.68
1572.8
1643.19
1726.39
1789.04
1856.15
274
274
274
274
274
274
274
274
274
274
274
274
274
274
274
274
274
274
274
274
274
274
274
274
274
274
274
274
274
274
274
274
274
274.001
274.035
275.153
304.145
592.177
791.191
813.158
824.219
835.507
847.898
862.472
881.895
907.904
940.895
986.176
1049.21
1132.78
1239.14
1361.75
1489.19
1612
1724.4
1824.1
1911.89
1984.18
2035.96
2071.68
2091.49
2101.98
2137
2181.12
2220.69
2236.4
2180.28
1870.94
1395.57
1213.68
1163.32
1141.98
1132.88
1129.42
1128.53
1122.52
1129.06
1147.53
1161.86
1161.73
1162.97
1190.68
1214.19
1209.96
1206.02
1220.34
1246.78
1248.61
1240.28
1247.27
1252.43
1259.9
1257.99
1250.94
1266.35
1293.6
1283.1
1280.93
1306.96
1327.05
1346.6
1355.61
1357.97
1355.51
1353.16
1279.36
1242.79
1228.14
1201.73
1215.43
1195.27
1216.61
1199.5
1233.86
1248.16
1287.97
1317.37
1356.29
1400.81
1447.39
1510.43
1579.98
1676.41
1788.6
1904.99
274
274
274
274
274
274
274
274
274
274
274
274
274
274
274
274
274
274
274
274
274
274
274
274
274
274
274
274
274
274
274
274
274
274.001
274.021
274.725
293.312
537.662
785.24
811.957
822.182
832.635
844.697
859.358
878.76
904.033
935.884
979.818
1041.11
1120.4
1219.55
1334.16
1455.52
1578.23
1697.2
1806.45
1902.41
1982.45
2039.33
2067.1
2084.54
2098.04
2130.89
2178.74
2222.1
2241.52
2207.99
1892.2
1428.97
1202.37
1151.42
1130.03
1121.49
1120.45
1116.9
1111.85
1107.84
1133.78
1147
1141.49
1139.76
1160.68
1185.14
1176.83
1165.96
1178.55
1206.16
1207.89
1199.47
1207.9
1219.32
1227
1222.67
1213.82
1239.75
1274.64
1260.85
1263.37
1295.42
1318.9
1314.01
1310.48
1299.69
1298.19
1232.84
1180.16
1185.35
1133.43
1164.22
1135.86
1158.02
1149.48
1171
1182.58
1205.59
1225.9
1235.86
1260.57
1282.23
1325.01
1395.76
1503.72
1657.44
1804.74
2031.57
274
274
274
274
274
274
274
274
274
274
274
274
274
274
274
274
274
274
274
274
274
274
274
274
274
274
274
274
274
274
274
274
274
274
274.011
274.419
285.537
475.831
769.95
809.068
820.831
832.219
844.329
857.937
875.497
898.435
927.798
968.647
1025.75
1101
1196.12
1307.35
1427
1552.34
1679.48
1798
1900.85
1984.59
2036.12
2059.58
2073.8
2093.98
2114
2155.22
2199.35
2238.95
2241.81
1927.54
1539.3
1224.45
1156.07
1128.86
1112.93
1105.76
1103.17
1099.31
1101.14
1113.56
1122.77
1120.28
1117.94
1134.85
1163.23
1156.66
1143.02
1155.13
1179.95
1176.04
1159.71
1168.6
1185.6
1200.06
1191.33
1186.61
1220.19
1257.06
1244.38
1244.11
1273.62
1273.86
1260.69
1255.99
1259.48
1228.58
1142.37
1158.68
1097.93
1094.95
1105.86
1092.17
1118.26
1119.33
1135.84
1140.2
1148.98
1149.77
1161.22
1202.39
1244.77
1339.83
1457.75
1604.17
1723.18
1859.11
2015.21
274
274
274
274
274
274
274
274
274
274
274
274
274
274
274
274
274
274
274
274
274
274
274
274
274
274
274
274
274
274
274
274
274
274
274.007
274.259
281.411
432.689
752.224
807.796
817.613
827.757
840.536
854.927
872.415
894.737
923.698
961.718
1013.78
1083.33
1172.5
1280.7
1401.5
1532.26
1668.81
1797.33
1907.38
1987.52
2031.23
2050.99
2067.86
2090.84
2116.36
2159.22
2199.34
2243.57
2271.52
1937.7
1606.55
1227.38
1152.85
1120.21
1104.1
1098.79
1094.95
1090.91
1087.37
1096.86
1110.63
1107.2
1100.77
1113.37
1136.73
1130.83
1113.72
1123.64
1149.57
1151.72
1133.06
1140.92
1165.44
1173.92
1167.4
1169.36
1199.77
1236.46
1226.93
1225.6
1239.55
1232.3
1220.92
1220.82
1220.49
1163.99
1125.9
1104.32
1053.76
1073.79
1069.48
1078.27
1091.28
1087.63
1089.1
1087.57
1089.9
1102.42
1135.07
1182.58
1236.66
1334.81
1443.91
1558.46
1613.47
1721.77
1973.03
274
274
274
274
274
274
274
274
274
274
274
274
274
274
274
274
274
274
274
274
274
274
274
274
274
274
274
274
274
274
274
274
274
274
274.003
274.12
277.652
371.613
713.464
807.937
816.3
823.478
833.749
847.834
864.419
886.035
913.645
948.088
992.863
1052.56
1130.04
1228.24
1346.41
1481.14
1630.88
1780.74
1910.3
1980.43
2008.55
2023.06
2045.42
2073.92
2119.01
2159
2197.94
2238.28
2266.6
2119.64
1773.57
1270.52
1153.27
1105.48
1082.14
1074.4
1075.39
1073.12
1067.05
1065.79
1077.15
1080.65
1065.82
1074.19
1095.08
1092.49
1074.01
1086.9
1112.88
1116
1100.12
1107.5
1134.48
1139.87
1122.72
1118.95
1147.4
1186.95
1170.18
1150
1164.9
1165.64
1166.2
1153.93
1127.44
1057.77
1041.53
1005.05
1004.25
995.708
987.471
984.189
977.586
974.633
974.482
984.723
1003.12
1029.58
1064.06
1101.88
1141.04
1194.24
1236.3
1322.54
1486.8
1671.32
1753.91
274
274
274
274
274
274
274
274
274
274
274
274
274
274
274
274
274
274
274
274
274
274
274
274
274
274
274
274
274
274
274
274
274
274
274.001
274.042
275.425
313.571
634.026
803.131
814.651
820.96
830.648
843.741
857.57
876.05
900.347
931.465
971.588
1024.17
1091.59
1177.19
1284.96
1416.88
1572.12
1742.01
1896.84
1967.77
1990.74
2002.71
2024.33
2050.54
2092
2134.28
2173.29
2208.56
2228.79
2184.95
1848.44
1327.51
1171.68
1111.78
1089.67
1078.71
1070.27
1047.65
1034.28
1040.68
1050.18
1052.51
1034.7
1040.9
1065.34
1074.5
1058.72
1054.1
1075.39
1080.52
1070.15
1067.18
1097.76
1113.53
1087.92
1085.57
1110.34
1138.93
1128.44
1113.3
1129.34
1132.8
1109.76
1079.96
1000.75
972.597
946.169
935.232
929.841
926.988
930.307
938.921
952.149
968.487
980.417
1002.25
1023.4
1049.71
1077.68
1112.86
1164.66
1273.13
1447.96
1568.09
1584.19
1428.26
1377.27
274
274
274
274
274
274
274
274
274
274
274
274
274
274
274
274
274
274
274
274
274
274
274
274
274
274
274
274
274
274
274
274
274
274
274
274.014
274.52
288.749
515.047
787.633
812.007
818.326
828.555
840.606
853.281
868.491
888.012
914.423
949.32
995.915
1057.22
1135.56
1235.47
1361.6
1513.43
1684.02
1854.59
1951.86
1981.39
1994.17
2013.61
2045.02
2088.17
2137.99
2173.13
2196.39
2217.37
2213.86
1877.34
1419.27
1112.83
1044.03
1015.96
1002.54
998.727
999.803
996.516
989.765
1010.56
1019.22
1003.31
1000.99
1027.42
1041.98
1025.36
1015.81
1040.66
1049.01
1033.96
1036.37
1053.18
1092.17
1079.45
1057.43
1078.5
1098.67
1098.83
1097
1091.64
1069.11
968.993
957.314
911.097
900.443
889.591
894.86
904.233
922.156
930.512
943.843
951.297
963.682
976.547
993.536
1006.4
1028.14
1089.36
1195.77
1403.8
1519.57
1542.64
1504.48
1498.2
1432.72
956.54
274
274
274
274
274
274
274
274
274
274
274
274
274
274
274
274
274
274
274
274
274
274
274
274
274
274
274
274
274
274
274
274
274
274
274
274.004
274.162
279.009
401.831
738.984
808.705
815.775
825.142
837.179
850.048
863.656
879.898
900.912
929.662
970.765
1027.89
1103.34
1200.94
1324.2
1469.46
1628.31
1789.06
1917.8
1971.67
1989.36
2004.59
2034.71
2079.72
2130.96
2173.84
2197.29
2225.19
2244.39
2036.62
1652.22
1191.31
1084.93
1035.52
1019.95
1009.03
992.309
978.866
988.354
1000.92
1006.32
998.803
994.641
1011.84
1020.44
1017.15
1002.58
1009.51
1027.74
1012.74
1009.96
1034.22
1061.92
1063.72
1036.61
1049.21
1074.63
1074.52
1061.45
1004.99
917.279
905.535
886.524
878.276
880.587
893.763
899.871
912.236
917.996
927.792
936.045
938.826
948.17
957.156
994.657
1058.63
1194.52
1370.07
1466.67
1491.51
1493.21
1517.46
1518.18
1448.57
1125.3
988.924
274
274
274
274
274
274
274
274
274
274
274
274
274
274
274
274
274
274
274
274
274
274
274
274
274
274
274
274
274
274
274
274
274
274
274
274.001
274.044
275.502
316.552
641.29
801.965
814.389
822.639
833.984
847.381
861.431
875.577
891.716
913.176
945.156
993.489
1061.23
1152.18
1268.97
1408.14
1563.09
1725.93
1867.02
1953.08
1983.92
1996.36
2017.04
2064.55
2117.21
2156.12
2167.64
2196.75
2230.23
2194.81
1850.94
1276.72
1093.27
1024.68
1003.51
993.065
996.26
995.265
994.668
1006.67
1008.04
990.056
972.697
972.644
982.742
970.249
962.764
983.488
1013.35
1012.15
995.225
1016
1051.01
1048.8
1031.41
1047.65
1058.71
1001.97
977.667
899.597
888.441
874.335
868.229
879.938
885.495
891.255
897.309
907.845
905.218
909.534
906.555
929.677
966.509
1049.39
1191.06
1341.08
1410.64
1429.87
1472.53
1502.36
1505.1
1475.8
1446.25
1307.22
1157.75
1010.16
274
274
274
274
274
274
274
274
274
274
274
274
274
274
274
274
274
274
274
274
274
274
274
274
274
274
274
274
274
274
274
274
274
274
274
274
274.011
274.428
286.349
492.152
782.93
812.368
818.214
827.708
840.987
855.935
870.849
885.323
902.778
928.5
966.412
1020.92
1096.96
1199.31
1328.33
1479.12
1647.6
1809.58
1928.06
1978.12
1994.79
2010.76
2043.49
2085.83
2106.86
2107.33
2145.63
2204.2
2213.89
1879.61
1487.46
1127.89
1047.82
1004.48
985.29
969.713
953.753
940.641
939.443
932.206
920.509
928.355
938.662
960.473
966.219
965.269
992.715
1017.04
1017.12
1009.93
1014.25
1032.24
1035.36
1024.78
1023.13
967.174
914.272
873.852
861.761
853.13
855.295
871.677
876.071
882.411
880.642
885.128
881.156
883.642
907.646
950.179
1039.35
1182.37
1312.39
1370.8
1394.61
1444.75
1486.19
1495.93
1491.95
1476.12
1476.64
1404.81
1310.98
1163.03
953.004
274
274
274
274
274
274
274
274
274
274
274
274
274
274
274
274
274
274
274
274
274
274
274
274
274
274
274
274
274
274
274
274
274
274
274
274
274.003
274.098
277.196
365.378
712.154
809.617
815.762
822.65
835.313
851.133
866.961
881.841
895.174
915.303
946.914
991.703
1053.86
1140.09
1252.82
1392.49
1559.85
1747.12
1906.58
1972.59
1990.83
2003.16
2022.24
2047.05
2068.68
2078.59
2116.42
2167.32
2180.53
2018.67
1645.23
1129.86
989.777
940.069
929.473
926.776
926.671
937.632
948.83
946.053
938.323
950.519
964.564
980.145
980.125
970.193
985.075
1013.92
1011.76
998.324
987.573
991.979
1002.7
989.951
954.565
902.823
870.543
867.783
872.65
876.031
879.286
883.628
879.538
874.186
870.742
874.891
897.762
943.899
1038.31
1170.01
1278.86
1333.58
1380.76
1411.87
1459.27
1475.88
1480.46
1480.36
1469.6
1482.87
1469.74
1379.19
1247.59
1047.02
875.907
274
274
274
274
274
274
274
274
274
274
274
274
274
274
274
274
274
274
274
274
274
274
274
274
274
274
274
274
274
274
274
274
274
274
274
274
274.001
274.02
274.781
296.398
570.13
802.459
816.915
819.145
826.706
840.857
859.604
877.02
891.856
910.074
934.658
971.26
1022.53
1093.95
1193.73
1324.74
1488.19
1686.21
1880.34
1966.89
1987.61
1997.99
2016.52
2039.76
2060.09
2068.23
2093.83
2151.8
2207.22
2232.32
1891.87
1392.84
1072.07
1000.43
980.196
972.882
962.102
956.013
943.355
952.377
964.054
958.323
960.742
976.35
968.163
956.497
954.536
948.971
972.859
963.777
957.199
971.128
978.806
959.96
907.863
885.383
876.329
875.672
874.051
879.033
856.495
848.713
840
851.891
884.686
941.328
1032.31
1174.24
1254.66
1299.84
1363.59
1396.15
1431.95
1459.28
1472.32
1477.03
1476.65
1474.84
1486
1493.36
1432.99
1327.86
1161.31
968.371
795.651
274
274
274
274
274
274
274
274
274
274
274
274
274
274
274
274
274
274
274
274
274
274
274
274
274
274
274
274
274
274
274
274
274
274
274
274
274
274.004
274.171
279.443
412.631
753.751
818.437
819.309
822.781
832.599
848.406
867.031
885.338
904.897
926.693
955.659
997.375
1057.71
1143.75
1263.85
1422.84
1623.62
1842.51
1948.66
1973.17
1983.38
2002.2
2022.24
2039
2044.9
2073.3
2140.79
2205.49
2233.31
2133.21
1745.32
1184.8
1054.86
985.818
977.85
977.337
968.861
977.498
975.683
954.127
946.227
940.913
934.955
934.035
931.666
927.788
953.368
976.172
983.692
987.926
979.528
961.906
912.468
882.529
872.716
858.425
834.939
825.363
820.996
825.047
864.64
910.186
1002.37
1129.26
1215.19
1285.57
1309.56
1326.88
1394.4
1422.55
1441.74
1464.55
1482.3
1487.43
1489.79
1492.92
1509.8
1498.54
1448.97
1343.68
1192.78
1019.13
852.017
708.113
274
274
274
274
274
274
274
274
274
274
274
274
274
274
274
274
274
274
274
274
274
274
274
274
274
274
274
274
274
274
274
274
274
274
274
274
274
274.001
274.032
275.191
309.119
628.213
815.913
822.04
821.516
827.242
839.858
856.356
875.162
896.749
921.449
950.274
986.392
1035.55
1107.47
1214.71
1366.56
1568.23
1805.96
1925.18
1949.23
1958.09
1977.51
1991.14
2000.44
2012.91
2034.05
2102.86
2165.26
2173.33
2148.33
1786.16
1266.18
1020.53
939.168
936.693
921.399
905.817
912.892
911.123
905.683
923.637
947.542
961.578
982.581
989.047
997.956
1012.88
1008.28
1000.63
973.499
934.486
881.59
852.278
830.558
819.497
806.387
825.797
863.934
936.736
1031.24
1123.58
1205.65
1268.43
1291.66
1328.5
1350.87
1381.45
1444.88
1469.65
1480.5
1493.97
1515.17
1525.29
1525.82
1527.36
1524.31
1496.37
1435.03
1329.7
1201.53
1031.51
878.677
752.333
642.046
274
274
274
274
274
274
274
274
274
274
274
274
274
274
274
274
274
274
274
274
274
274
274
274
274
274
274
274
274
274
274
274
274
274
274
274
274
274
274.006
274.242
281.631
447.392
779.856
825.712
822.807
824.298
832.943
847.262
863.662
883.134
907.493
935.559
967.954
1011.9
1073.83
1164.16
1297.71
1487.39
1735.69
1896.29
1928.27
1937.26
1954.88
1970.89
1971.82
1983.87
1990.13
2035.57
2112.47
2156.33
2171.13
1926.87
1492.34
1080.73
987.933
969.587
962.362
949.267
972.482
958.097
991.357
1000.73
978.189
997.447
999.577
999.64
996.873
985.514
971.523
953.506
909.936
888.938
888.22
873.675
867.808
921.415
966.467
1063.31
1114.85
1174.01
1196.29
1225.41
1280.35
1327.57
1374.77
1455.55
1494.78
1556.04
1578.04
1581.31
1583.35
1579.86
1565.98
1559.96
1554.67
1520.49
1467.14
1387.95
1272.67
1151.34
1023.49
899.33
774.992
669.108
582.589
274
274
274
274
274
274
274
274
274
274
274
274
274
274
274
274
274
274
274
274
274
274
274
274
274
274
274
274
274
274
274
274
274
274
274
274
274
274
274.001
274.039
275.436
317.819
654.445
821.374
825.473
824.943
829.657
840.074
853.715
870.048
891.089
916.788
948.059
988.385
1043.16
1119.34
1237.68
1413.01
1657.56
1871.12
1923.87
1932.54
1938.66
1952.56
1958.22
1966.01
1977.99
2006.85
2082.09
2141.82
2159.61
2146.96
1861.64
1365.52
1185
1103.85
1094.89
1077.66
1070.09
1076.41
1061.09
1065.29
1055.45
1076.35
1077.01
1070.89
1061.81
1051.7
1065.87
1062.54
1019.42
1004.98
983.169
991.032
1035.83
1078.41
1118.78
1157.71
1214.61
1280.04
1326.26
1375.28
1392.33
1473.92
1543.61
1571.96
1609.45
1630.71
1634.97
1619.6
1608.76
1588.02
1573.63
1540.9
1488.7
1412.94
1329.25
1229.74
1122.21
1022.73
922.627
807.16
705.91
608.21
529.341
274
274
274
274
274
274
274
274
274
274
274
274
274
274
274
274
274
274
274
274
274
274
274
274
274
274
274
274
274
274
274
274
274
274
274
274
274
274
274
274.006
274.244
281.775
450.258
781.968
827.131
826.322
828.434
835.497
847.086
860.375
876.716
898.984
927.031
965.323
1014.38
1081.63
1185.64
1339.66
1558.97
1816.4
1920.15
1934.58
1932.09
1937.58
1947.69
1958.46
1974.07
1998.78
2069.77
2135.71
2139.99
2132.68
1797.6
1459.22
1270.82
1194.44
1204.03
1204.18
1188.98
1216.66
1212.24
1216.31
1198.92
1171.04
1151.15
1115.46
1114.22
1121.52
1122.8
1088.84
1078.49
1052.11
1078.87
1114.97
1176.17
1240.46
1309.19
1391.57
1451.55
1504.15
1539.02
1569.37
1629.95
1655.24
1669.02
1662.41
1662.1
1665.88
1654.54
1627.35
1609.2
1573.28
1519.41
1444.49
1369.81
1279.61
1202.53
1125.73
1051.26
949.146
836.796
734.223
639.746
558.915
490.161
274
274
274
274
274
274
274
274
274
274
274
274
274
274
274
274
274
274
274
274
274
274
274
274
274
274
274
274
274
274
274
274
274
274
274
274
274
274
274
274.001
274.031
275.188
310.149
633.641
817.604
826.472
827.985
832.45
841.128
853.976
867.003
884.685
909.155
942.405
985.898
1045.43
1135.51
1265.41
1451.91
1701.17
1890.33
1931.54
1935.95
1939.65
1951.25
1961.17
1952.2
1969.88
2013.66
2061.18
2060.72
2029.65
1656.28
1455.35
1298.85
1249.18
1239.6
1243.72
1244.35
1267.67
1282.23
1291.37
1330.95
1345.28
1415.88
1452.89
1463.56
1402.19
1333.33
1392.08
1403
1422.56
1487.63
1520.36
1548.42
1581.11
1598.4
1617.61
1629.41
1640.05
1648.46
1678.12
1691.2
1695.81
1692.25
1673.81
1655.77
1646.46
1625.93
1582.08
1522.46
1447.08
1374.13
1296.05
1236.45
1178.76
1127.08
1069.48
982.415
875.783
760.35
655.204
570.475
503.494
449.697
274
274
274
274
274
274
274
274
274
274
274
274
274
274
274
274
274
274
274
274
274
274
274
274
274
274
274
274
274
274
274
274
274
274
274
274
274
274
274
274
274.004
274.16
279.277
412.504
757.096
823.768
827.226
830.092
835.801
846.584
860.219
875.162
894.07
921.006
959.106
1011.06
1088.7
1202.4
1365.16
1587.67
1827.54
1918.67
1935.34
1941.15
1946.7
1953.51
1941.98
1943.64
1944.47
1940.07
1928.08
1908.7
1675
1524.24
1386.28
1369.33
1352.53
1366.88
1393.77
1410.42
1469.4
1541.4
1612.24
1653.55
1739.86
1855
1833.9
1796
1785.24
1788.9
1783.11
1789.17
1813.47
1830.48
1843.68
1849.39
1842.33
1823.25
1792.14
1766.33
1741.32
1725.96
1712.01
1698.83
1680.37
1654.65
1618.85
1572.19
1505.41
1424.24
1347.64
1287.01
1249.68
1207.62
1168.89
1116.44
1069.84
993.659
881.6
762.849
658.882
575.041
511.786
460.535
417.334
274
274
274
274
274
274
274
274
274
274
274
274
274
274
274
274
274
274
274
274
274
274
274
274
274
274
274
274
274
274
274
274
274
274
274
274
274
274
274
274
274.001
274.017
274.683
294.714
566.459
806.263
824.931
828.18
831.815
839.53
852.123
866.24
882.88
903.199
933.036
976.576
1039.74
1138.55
1280.02
1476.96
1728.03
1883.77
1920.61
1931.8
1938.62
1939.37
1904.92
1883.07
1877.12
1880.75
1894.09
1881.37
1787.1
1702.13
1523.12
1517.52
1516.26
1547.02
1592.92
1623.98
1685.74
1764.39
1831.7
1891.37
1946.25
1998.35
2002.13
1972.46
1962.78
1950.76
1946.69
1940.44
1941.76
1941.21
1928.58
1912.35
1888.35
1856.33
1817.83
1788.5
1750.26
1711.41
1678.48
1641.78
1596.56
1532.13
1458.1
1386.23
1321.54
1269.07
1230.52
1203.63
1186.63
1153.83
1117.17
1067.21
994.079
895.66
786.141
682.745
593.501
521.922
468.331
425.475
390.56
274
274
274
274
274
274
274
274
274
274
274
274
274
274
274
274
274
274
274
274
274
274
274
274
274
274
274
274
274
274
274
274
274
274
274
274
274
274
274
274
274
274.002
274.072
276.525
351.771
704.002
816.79
824.404
827.94
833.369
843.307
856.889
872.597
889.645
911.527
944.612
995.724
1074.07
1194.87
1367.65
1599.88
1821.63
1884.43
1896.51
1906.42
1909.21
1874.67
1817.12
1806.32
1820.18
1880.66
1948.3
1930.31
1859.51
1794.36
1762.21
1754.99
1768.41
1800.03
1824.87
1870.47
1922.52
1946.24
1964.65
1987.6
1997.34
1994.36
1983
1977.97
1969.95
1958.62
1946.53
1937.95
1928.26
1905.71
1878.93
1847.09
1808.78
1765.59
1717.17
1663.99
1602.44
1537.69
1469.71
1407.76
1353.91
1305.93
1261.27
1229.96
1205.68
1185.3
1169.89
1145.3
1105.96
1055.4
981.272
893.472
789.196
686.783
600.356
528.598
473.266
430.765
396.276
368.58
274
274
274
274
274
274
274
274
274
274
274
274
274
274
274
274
274
274
274
274
274
274
274
274
274
274
274
274
274
274
274
274
274
274
274
274
274
274
274
274
274
274
274.006
274.275
282.736
461.333
779.974
820.092
824.407
828.011
834.909
846.725
861.747
877.682
894.72
918.382
954.997
1014.62
1107.53
1248.25
1448.06
1700.12
1850.24
1876.67
1881.08
1889.86
1914.72
1917.87
1910.83
1903.87
1915.3
1943.59
2016.22
2044.88
1951.93
1928.24
1917.1
1922.53
1963.1
1968.16
1976.31
1985.67
1988.08
1986.93
1984.38
1979.41
1963.74
1943.94
1929.79
1910.86
1885.06
1858.71
1828
1794.22
1753.76
1713.32
1677.73
1636.93
1594.35
1539
1479.69
1425.65
1378.67
1337.49
1299.95
1267.07
1237.1
1210.74
1190.71
1173.14
1154.11
1124.76
1093.59
1034.24
962.67
875.647
782.906
687.848
603.994
536.835
482.582
439.903
407.594
382.784
361.113
274
274
274
274
274
274
274
274
274
274
274
274
274
274
274
274
274
274
274
274
274
274
274
274
274
274
274
274
274
274
274
274
274
274
274
274
274
274
274
274
274
274
274.001
274.021
274.858
300.597
599.206
807.323
821.309
824.335
828.554
837.281
850.446
865.758
881.282
898.493
923.444
963.527
1029.91
1134.22
1289.08
1507.66
1759.54
1869.46
1892.59
1899.23
1905.71
1928.56
1928.6
1929.48
1942.02
1980.34
2045.29
2050.92
2031.05
1988.76
1970.27
1966.43
1977.03
1986.39
1991.82
1985.64
1978.33
1964.92
1941.9
1911.3
1870.12
1831.93
1802.78
1773.95
1744.22
1717.5
1682.83
1647.93
1614.41
1582.27
1545.33
1504.01
1465.66
1428.64
1394.85
1360.17
1328.58
1298.33
1270.2
1245.49
1219.67
1192.24
1170.58
1145.18
1112.16
1071.34
1010.71
932.073
850.349
764.943
684.306
608.926
545.758
497.245
455.544
421.6
394.518
373.272
356.052
274
274
274
274
274
274
274
274
274
274
274
274
274
274
274
274
274
274
274
274
274
274
274
274
274
274
274
274
274
274
274
274
274
274
274
274
274
274
274
274
274
274
274
274.002
274.066
276.359
349.075
704.417
814.852
820.743
823.313
828.977
839.443
853.668
868.28
882.788
899.776
925.907
968.349
1037.21
1146.04
1310.81
1545.21
1796.9
1884.59
1898.16
1901.22
1907.78
1913.14
1919.19
1935.41
1976.57
2034.86
2045.1
2037.15
1990.16
1966.2
1954.08
1952.29
1947.41
1935.08
1904.74
1869.63
1841.72
1806.57
1776.4
1748.04
1720.46
1698.28
1674.43
1646.93
1622.45
1589.25
1557.44
1527.19
1497.19
1468.91
1438.69
1408.21
1379.72
1352.6
1324.71
1297.14
1269.83
1243.39
1218.52
1191.32
1165.76
1140.06
1101.7
1049.81
986.122
912.999
834.459
760.396
685.293
617.106
554.875
503.313
463.258
431.02
403.89
382.026
365.407
352.285
274
274
274
274
274
274
274
274
274
274
274
274
274
274
274
274
274
274
274
274
274
274
274
274
274
274
274
274
274
274
274
274
274
274
274
274
274
274
274
274
274
274
274
274
274.004
274.174
279.854
424.565
763.744
816.422
819.121
821.598
828.61
840.38
853.925
868.277
882.141
899.545
925.601
967.947
1038.45
1149.67
1317.18
1558.03
1806.94
1884.46
1888.69
1882.72
1876.84
1870.15
1887.84
1923.47
1972.11
1994.97
1996
1962.03
1930.93
1901.8
1860.32
1824.38
1789.8
1755.28
1739.77
1723.79
1704.87
1686.57
1660.78
1630.63
1605.7
1583.55
1556.88
1534.29
1507.48
1475.57
1446.58
1419.02
1391.25
1362.29
1334.82
1308.97
1283.77
1257.73
1230.94
1205.13
1179.86
1155.7
1130.34
1101.17
1060.79
1007.53
945.139
874.308
800.323
728.775
666.034
604.705
551.353
504.705
466.978
436.964
411.665
390.497
373.787
360.515
350.452
274
274
274
274
274
274
274
274
274
274
274
274
274
274
274
274
274
274
274
274
274
274
274
274
274
274
274
274
274
274
274
274
274
274
274
274
274
274
274
274
274
274
274
274
274
274.009
274.384
286.371
504.655
790.713
814.652
815.762
819.248
827.211
839.026
851.822
865.546
880.025
896.874
922.391
964.026
1031.39
1136.26
1294.46
1519.53
1764.96
1855.68
1865.76
1856.97
1836.88
1830.68
1830.41
1838.97
1857.3
1862.18
1835.08
1796
1768.52
1737.66
1715.11
1687.49
1664.8
1654.15
1641.15
1617.16
1592.95
1565.15
1533.54
1502.58
1476.84
1449.62
1426.19
1398.74
1370.31
1346.7
1325.12
1302.28
1278.8
1256.03
1233.34
1210.15
1185.61
1159.8
1133.94
1106.19
1075.13
1039.4
996.854
945.05
886.638
824.482
759.893
697.809
640.812
591.325
543.998
503.963
469.181
440.489
417.451
397.746
381.375
368.425
357.517
349.381
274
274
274
274
274
274
274
274
274
274
274
274
274
274
274
274
274
274
274
274
274
274
274
274
274
274
274
274
274
274
274
274
274
274
274
274
274
274
274
274
274
274
274
274
274
274.001
274.019
274.717
296.294
574.5
797.071
810.985
811.867
815.63
823.65
834.495
847.791
861.191
876.081
892.347
916.206
954.37
1014.46
1105.79
1241.83
1422.64
1634.44
1774.98
1818.71
1818.43
1811.77
1801.34
1789.6
1782.2
1769.99
1752.86
1737.49
1714.11
1682.21
1661.7
1641.92
1621.12
1598.19
1571.16
1539.35
1505.44
1470.27
1438.22
1410.38
1386.8
1367.38
1350
1332.22
1314.12
1300.14
1286.62
1272.87
1258.32
1240.93
1220.52
1195.7
1166.6
1134.57
1099.54
1060.91
1016.63
965.398
908.208
847.369
786.832
728.626
673.27
622.906
577.615
539.034
502.335
471.339
444.886
422.455
404.133
388.925
376.089
365.569
356.751
349.231
274
274
274
274
274
274
274
274
274
274
274
274
274
274
274
274
274
274
274
274
274
274
274
274
274
274
274
274
274
274
274
274
274
274
274
274
274
274
274
274
274
274
274
274
274
274
274.001
274.034
275.15
308.606
623.436
799.351
808.128
808.06
810.803
817.581
828.514
841.709
856.901
871.495
886.747
907.921
940.081
987.853
1060.18
1158.54
1286.29
1439.09
1595.23
1706.95
1746.67
1755.3
1750.86
1742.57
1733.18
1715.16
1694.39
1665.63
1639.46
1609.47
1574.86
1541.81
1510.55
1482.08
1456.39
1437.96
1423.96
1415.26
1426.66
1437.84
1433.13
1420.68
1402.01
1380.67
1359.74
1337.55
1315.05
1292.79
1269.96
1247.12
1223.05
1198.65
1172.03
1140.89
1103.13
1057.05
1000.57
932.569
853.334
773.54
709.651
652.415
601.473
557.291
520.946
488.169
460.606
436.762
416.429
399.987
386.314
374.841
364.94
356.853
350.594
274
274
274
274
274
274
274
274
274
274
274
274
274
274
274
274
274
274
274
274
274
274
274
274
274
274
274
274
274
274
274
274
274
274
274
274
274
274
274
274
274
274
274
274
274
274
274
274.001
274.05
275.602
321.148
655.791
800.096
804.483
803.745
806.469
813.27
822.218
836.592
852.116
866.612
880.602
899.623
923.735
957.702
1008.17
1075.8
1160.96
1262.55
1381.74
1484.88
1567.67
1614.64
1629.11
1630.32
1619.43
1596.88
1577.27
1537.96
1497.76
1483.3
1472.3
1466.63
1481.11
1497.92
1487.78
1460.04
1418.38
1363.37
1304.44
1251.34
1204.32
1162.8
1127.91
1098.31
1072.88
1050.89
1031.62
1014.09
998.723
984.769
972.828
961.921
951.557
941.419
930.654
918.574
904.024
884.681
857.026
815.786
764.767
708.368
646.25
581.96
530.256
492.09
460.52
434.752
414.186
397.823
384.216
372.584
363.385
356.471
274
274
274
274
274
274
274
274
274
274
274
274
274
274
274
274
274
274
274
274
274
274
274
274
274
274
274
274
274
274
274
274
274
274
274
274
274
274
274
274
274
274
274
274
274
274
274
274
274.002
274.064
275.934
329.066
666.813
795.917
798.987
799.069
802.097
807.978
818.711
833.653
848.094
862.11
876.999
892.028
907.951
932.283
965.367
1004.86
1054.48
1111.04
1164.08
1213.11
1257.34
1293.28
1325.32
1357.17
1385.02
1412.87
1433.51
1445.31
1463.72
1461.87
1424.66
1363.28
1289.65
1223.23
1165.62
1118.04
1078.38
1043.1
1011.83
982.829
956.802
934.249
914.353
897.152
881.824
868.109
855.492
843.855
833.119
823.765
814.783
806.347
798.332
790.199
781.543
772.193
761.754
750.434
739.09
726.269
712.187
696.097
678.633
650.15
613.835
573.231
527.799
480.615
445.198
420.248
400.208
384.938
373.617
274
274
274
274
274
274
274
274
274
274
274
274
274
274
274
274
274
274
274
274
274
274
274
274
274
274
274
274
274
274
274
274
274
274
274
274
274
274
274
274
274
274
274
274
274
274
274
274
274
274.003
274.071
275.987
326.648
649.726
784.808
792.525
794.66
798.553
806.086
820.334
835.436
852.373
872.769
894.485
915.365
940.422
972.078
1010.33
1057.06
1107.61
1162.68
1221.81
1272.09
1308.64
1335.73
1357.97
1388.69
1384.08
1346.35
1302.75
1239.47
1175.12
1120.92
1074.56
1033.07
996.47
964.438
937.104
913.324
892.272
873.592
856.018
839.666
824.402
810.122
796.84
784.407
772.668
761.983
751.892
741.946
732.021
722.471
713.328
704.672
696.617
689.314
682.394
675.3
667.939
660.957
652.487
643.017
632.134
621.356
610.688
600.413
590.813
581.56
570.894
550.247
521.864
489.746
454.733
422.496
274
274
274
274
274
274
274
274
274
274
274
274
274
274
274
274
274
274
274
274
274
274
274
274
274
274
274
274
274
274
274
274
274
274
274
274
274
274
274
274
274
274
274
274
274
274
274
274
274
274
274.003
274.068
275.682
313.036
590.533
760.448
783.817
793.53
805.095
825.112
849.557
877.253
905.654
934.447
967.374
1004.63
1049.74
1096.02
1145.81
1197.28
1249.73
1299.11
1303.41
1294.45
1279.95
1253.31
1203.26
1149.42
1100.75
1056.55
1017.55
983.593
955.575
931.9
910.899
891.574
873.395
856.28
840.173
825.141
811.034
797.377
784.135
771.361
758.935
746.833
734.985
723.288
712.431
701.982
691.594
681.256
671.129
661.342
652.124
643.333
634.876
626.441
618.071
609.288
600.929
592.652
585.125
578.346
572.6
567.027
561.258
554.978
548.236
541.57
535.881
531.515
527.278
521.617
510.483
274.001
274.001
274.001
274.001
274.001
274.001
274.001
274.001
274.001
274.001
274.001
274.001
274.001
274.001
274.001
274.001
274.001
274.001
274.001
274.001
274.001
274.001
274.001
274.001
274.001
274.001
274.001
274.001
274.001
274.001
274.001
274.001
274.001
274.001
274.001
274.001
274.001
274.001
274.001
274.001
274.001
274.001
274.001
274.001
274.001
274.001
274.001
274.001
274.001
274.001
274.001
274.003
274.057
275.172
296.576
489.495
704.306
781.625
823.508
870.384
935.055
1000.1
1056.01
1102.45
1143.46
1205.01
1250.49
1249.16
1239.67
1228.06
1209.72
1185.73
1157.19
1124.56
1088.97
1053.65
1023.47
996.525
971.667
949.576
929.344
910.799
893.183
876.336
860.722
845.683
831.255
817.327
803.739
790.801
778.22
765.879
753.547
741.303
728.94
716.41
703.776
691.417
679.632
668.477
657.529
646.948
636.875
627.422
618.581
610.15
602.078
594.086
586.32
578.539
571.276
564.254
557.494
550.936
544.692
538.966
533.498
528.263
523.203
518.372
513.943
510.273
507.683
504.414
500.869
274.002
274.002
274.002
274.002
274.002
274.002
274.002
274.002
274.002
274.002
274.002
274.002
274.002
274.002
274.002
274.002
274.002
274.002
274.002
274.002
274.002
274.002
274.002
274.002
274.002
274.002
274.002
274.002
274.002
274.002
274.002
274.002
274.002
274.002
274.002
274.002
274.002
274.002
274.002
274.002
274.002
274.002
274.002
274.002
274.002
274.002
274.002
274.002
274.002
274.002
274.002
274.002
274.005
274.043
274.703
284.892
390.328
654.336
846.812
996.777
1152.92
1191.06
1197.86
1197.02
1195.61
1185.81
1163.92
1134.9
1106.25
1080.33
1056.43
1034.43
1014.33
995.831
978.73
962.67
947.275
931.966
916.335
900.775
885.385
870.19
854.845
839.898
825.277
811.18
797.249
783.303
769.71
756.575
744.179
732.289
720.715
709.246
697.767
685.883
674.357
663.364
652.837
642.592
632.389
622.306
612.544
603.095
594.023
585.289
576.943
569.138
561.894
554.804
548.097
541.755
535.785
530.365
525.268
520.37
515.688
511.249
507.217
503.53
500.008
496.637
493.512
491.01
489.655
)
;

boundaryField
{
    wall
    {
        type            zeroGradient;
    }
    inlet
    {
        type            fixedValue;
        value           uniform 3673;
    }
    outlet-1
    {
        type            inletOutlet;
        inletValue      uniform 274;
        value           nonuniform List<scalar> 
60
(
283.215
285.449
285.168
285.706
286.007
286.442
286.982
287.6
288.289
289.18
290.539
292.421
294.802
297.551
300.582
303.836
306.751
308.457
303.528
284.499
277.269
274
274
274
274
274
274
274
274
274
274
274
274
274
274
274
274
274
274
277.201
284.293
303.207
308.355
306.686
303.788
300.539
297.513
294.767
292.388
290.507
289.146
288.254
287.566
286.949
286.41
285.976
285.676
285.141
285.421
283.192
)
;
    }
    outlet-2
    {
        type            inletOutlet;
        inletValue      uniform 274;
        value           nonuniform List<scalar> 
89
(
274.002
274.001
274
274
274
274
274
274
274
274
274
274
274
274
274
274
274
274
274
274
274
274
274
274
274
274
274
274
274
274
274
274
274
274
274
274
274
274
274
274
274
274
274
274
274
274
274
274
274
274
274
274
274
274
274
274
274
274
274
274
274
274
274
274
274
274
274
274
274
274
274
274
274
274
274
274
274
274
274
274
274
274
274
274
274
274
274
274.001
274.002
)
;
    }
    frontAndBackPlanes
    {
        type            empty;
    }
}


// ************************************************************************* //
