/*--------------------------------*- C++ -*----------------------------------*\
| =========                 |                                                 |
| \\      /  F ield         | OpenFOAM: The Open Source CFD Toolbox           |
|  \\    /   O peration     | Version:  2112                                  |
|   \\  /    A nd           | Website:  www.openfoam.com                      |
|    \\/     M anipulation  |                                                 |
\*---------------------------------------------------------------------------*/
FoamFile
{
    version     2.0;
    format      ascii;
    arch        "LSB;label=32;scalar=64";
    class       volScalarField;
    location    "0.00093";
    object      T;
}
// * * * * * * * * * * * * * * * * * * * * * * * * * * * * * * * * * * * * * //

dimensions      [0 0 0 1 0 0 0];

internalField   nonuniform List<scalar> 
13875
(
1411.76
1534.94
1482.62
1486.99
1481.16
1483.15
1482.4
1482.82
1482.87
1484.65
1484.28
1483.84
1483.79
1484.61
1483.41
1483.76
1483.19
1482.74
1481.92
1482.85
1480.93
1488.04
1481.25
1532.86
1399.63
1306.94
1356.08
1319.11
1322.33
1316.97
1317.07
1316.29
1316.89
1317.68
1321.73
1320.61
1322
1323.18
1324.32
1323.08
1322.17
1318.1
1316.78
1315.88
1316.91
1316.81
1322
1319.8
1356.24
1302.91
1306.92
1339.74
1314.76
1311.2
1304.03
1303.86
1302.38
1302.31
1302.46
1303.45
1303.72
1303.29
1303.95
1305.33
1304.18
1304.2
1303.5
1302.98
1302.44
1304.1
1303.9
1312.25
1312.67
1337.09
1297.91
1317.07
1344.95
1315.13
1308.8
1305.29
1304.39
1302.74
1302.48
1302.5
1302.91
1303.76
1303.36
1303.33
1303.63
1302.81
1303.21
1303.62
1303.13
1302.72
1304.65
1304.88
1308.46
1314.51
1344.28
1313.54
1329.39
1341.7
1316.18
1311.99
1303.58
1303.46
1302.3
1302.47
1302.58
1303.02
1303.85
1303.5
1303.49
1303.71
1302.91
1303.04
1303.46
1303.3
1302.61
1303.88
1303.39
1313.08
1313.38
1340.05
1318.52
1332.28
1351.6
1319.47
1310.29
1307.14
1305.75
1303.69
1303.18
1303.08
1303.31
1303.92
1303.82
1303.83
1303.95
1303.24
1303.5
1303.96
1303.95
1303.78
1306.14
1306.64
1309.34
1320.03
1351
1329.85
1339.31
1360.55
1329.82
1316.84
1307.14
1305.73
1304.06
1303.87
1303.91
1304.27
1304.65
1304.64
1304.56
1304.65
1304
1304.25
1304.64
1304.64
1304.34
1306.13
1307.22
1319.24
1327.45
1360.89
1325.81
1361.85
1386.32
1345.97
1321.6
1316.68
1311.88
1308
1306.53
1305.93
1306.02
1306.15
1306.21
1306.08
1305.96
1305.54
1305.9
1306.74
1307.29
1308.13
1312.04
1315.69
1322.78
1343.91
1385.54
1356.68
1535.26
1509.3
1389.96
1351.64
1323.94
1316.3
1311.97
1310.25
1309.51
1309.37
1309.34
1309.56
1309.31
1309.05
1308.81
1309.3
1310.15
1310.89
1312.15
1316.45
1324.28
1352.36
1388.5
1512.95
1532.14
1862.37
1590.66
1439.29
1367.89
1345.1
1328.94
1321.45
1318.53
1317.03
1316.44
1316.33
1316.58
1316.23
1315.93
1316.02
1316.61
1317.78
1319.54
1321.82
1330.31
1342.13
1369.86
1439.53
1588.17
1855.1
2519.88
1803.04
1542.81
1436.83
1368.89
1349.47
1339.41
1335.31
1333
1331.84
1331.72
1331.94
1331.66
1331.42
1331.71
1332.37
1333.63
1336.35
1339.67
1350.46
1370.11
1428.11
1538.47
1799.34
2466.95
2885.51
2317.12
2170.54
1540.06
1449.71
1414.05
1385.49
1377.74
1372
1369.83
1369.34
1369.29
1369.54
1369.51
1370.06
1371.01
1373.11
1379.43
1386.58
1418.09
1449
1532.62
2211.88
2365.63
2867.43
2845.2
2790.35
2668.06
2386.85
1657.11
1552.67
1525.49
1507.13
1497.42
1495.09
1495.35
1495.65
1497.17
1497.2
1498.28
1499.66
1502.7
1513.33
1530.61
1566.31
1709.73
2313.66
2636.2
2829.44
2818.84
2769.36
2760.97
2859.93
2854.87
2232.99
2247.21
2053
1968.26
1912.25
1895.19
1901.91
1900.22
1907.65
1905.89
1915.57
1916.65
1934.29
1985.78
2105.35
2219.59
2361.29
2810.57
2851.85
2821.87
2734.96
2639.59
2756.23
2862.68
2847.5
2879.25
3178.29
3427.09
3494.59
3664.96
3658.89
3690.89
3685.85
3693.6
3679.69
3687.68
3660.19
3653.17
3509.15
3409.91
3243.16
2901.79
2832.44
2847.87
2782.99
2670.94
2525.64
2679.96
2888.91
2992.63
2998.26
3347.63
3605.65
3702.72
3706.88
3682.81
3660.74
3654.89
3647.44
3655.36
3659.08
3677.65
3698.47
3704
3600.4
3402.55
3035.85
2955.21
2884.81
2756.13
2546.95
2475.76
2619.89
2748.4
2950.45
3052.3
3355.31
3578.7
3684.82
3686.37
3660.7
3638.01
3638.68
3635.3
3644.69
3647.63
3664.33
3685.99
3702.62
3597.17
3382.25
3034.08
2899.84
2785.2
2643.83
2441
2297.29
2603.66
2862.87
2952.49
2966.37
3223.98
3369.02
3472.2
3498.32
3511.81
3503.43
3511.09
3514.55
3526.14
3534.89
3543.06
3526.36
3477.4
3357.36
3168.44
2952.39
2883.37
2829.95
2597.46
2241.44
2235.9
2331.47
2627.11
2779.76
2757.55
2904.17
3119.1
3292.55
3377.15
3403.09
3401.21
3401.21
3399.57
3404.05
3410.58
3417.98
3408.63
3323.09
3114.04
2854.15
2698.1
2679.89
2636.92
2325.83
2241.39
2328.09
2272.87
2399.39
2538.27
2563.98
2648.45
2858.01
3079.96
3231.68
3295.76
3302.59
3300.1
3292.98
3295.05
3303.48
3305.95
3257.69
3085.06
2813.95
2583.22
2491.2
2469.54
2428.08
2279.69
2345.29
2918.34
2261.43
2201.32
2344.16
2407.95
2491.8
2679.32
2910.74
3077.91
3171.22
3196.37
3195.32
3184.03
3184.61
3189.17
3175.59
3091.85
2886.51
2610.88
2412.9
2339.75
2300.53
2205.38
2176.11
2923.67
2829.9
2050.6
2008.2
2187.34
2275.74
2376.1
2550.54
2751.65
2934.91
3049.63
3083.01
3082.87
3070.95
3072.17
3075.12
3051.82
2940.06
2714.87
2474.08
2301.71
2224.8
2151.85
2041.37
2058.42
2837.97
2863.88
2054.6
1897.53
2074.41
2179.38
2291.33
2431.77
2629.08
2808.13
2933.84
2971.99
2971.04
2959.69
2959.85
2963.31
2936.48
2821.39
2606.07
2363.24
2217.6
2125.19
2054.8
1920.57
2082.01
2835.72
2817.1
2044.23
1898.29
2020.46
2099.35
2203.95
2337.44
2522.98
2697.21
2821.29
2860.44
2860.21
2851.21
2850.46
2851.41
2824.53
2712.48
2508.03
2278.95
2123.77
2046.68
1989.02
1943.32
2068.33
2767.3
2792.79
2058.69
1925.69
1981.15
2035.91
2118.39
2254.09
2431.88
2602.65
2710.39
2749.13
2751.57
2747
2742.52
2739.82
2710.12
2612.48
2417.52
2204.2
2044.4
1976.62
1964.74
1958.61
2091.49
2771.77
2738.43
2071.63
1942.33
1960.8
1984.07
2054.66
2181.14
2358.35
2500.5
2613.75
2649.28
2653.42
2650.81
2644.76
2638.26
2610.58
2512.15
2351.09
2145.55
1982.9
1923.42
1924.61
1978.46
2120.49
2735.04
2723.99
2115.49
1967.08
1961.38
1947.48
2001.38
2124.82
2279.59
2427.86
2518.73
2554.55
2562.21
2560.68
2553.61
2541.25
2511.3
2431.17
2272.47
2094.21
1935.68
1888.61
1914.11
2003.67
2170.14
2779.01
2730.06
2171.45
2008.71
1946.75
1918.72
1958.45
2075.59
2215.44
2339.87
2428.89
2464.35
2472.34
2474.91
2464.71
2451.51
2418.81
2336.59
2200.42
2051.2
1896.7
1851.71
1899.87
2013.77
2228.75
2794.59
2786.19
2212.89
2005.65
1950.6
1904.87
1924.32
2023.52
2156.27
2262.15
2351.39
2383.9
2396.53
2398.41
2389.68
2370.37
2341.55
2263.64
2145.02
2011.55
1885.15
1829.47
1887.44
2007.09
2217.92
2849.02
2863.07
2237.01
2051.04
1954.67
1875.58
1902.07
2005.19
2091.22
2210.42
2274.3
2314.18
2323.69
2327.17
2317.85
2301.94
2265.04
2206.93
2078.96
1988.47
1858.09
1819.55
1890.14
2020.11
2225.91
2850.23
2859.57
2227.89
2019.77
1944.53
1867.55
1892.81
1962.79
2067.55
2140.75
2221.44
2242.72
2256.21
2260.73
2252.05
2231.94
2211.14
2144.01
2044.93
1956.7
1860.36
1810.41
1879.26
1988.37
2235.69
2859.72
2901.89
2234.81
2069.36
1968.77
1868.94
1886.5
1946.49
2017.92
2099.9
2148.2
2183.16
2196.45
2200.79
2193.52
2177.12
2144.7
2105.93
2009.69
1933.88
1860.2
1817.59
1902.73
2026.04
2241.39
2878.83
2904.53
2251.68
2110.72
1964.84
1879.54
1872.06
1942.74
1984.73
2059.84
2108.69
2129.94
2138.92
2143.79
2137.16
2126.11
2105.91
2066.47
1979.99
1930.9
1845.49
1841.93
1923.6
2102.75
2254.96
2922
2888.65
2278.54
2165.08
1979.83
1918.46
1888.09
1904.68
1973.36
2007.98
2057.61
2073.26
2091.08
2093.37
2090.82
2073.62
2060.52
2018.43
1973.46
1899.87
1856.07
1879.06
1939.52
2130.66
2277.32
2912.12
2886.23
2271.93
2153.83
2065.54
1949.27
1877.45
1917.41
1922.18
1991.17
2004.15
2035.63
2039.02
2044.08
2039.31
2038.63
2011.28
2002.45
1930.4
1908.86
1861.32
1912.88
2003.85
2117.47
2263.98
2897.89
2861.4
2269.99
2143.91
2104.25
1952.7
1900.36
1881.47
1922.9
1935.5
1982.14
1979.61
1997.77
1997.61
1998.88
1984.32
1990.19
1952.35
1928.55
1885.76
1870.58
1931.58
2046.59
2113.67
2271.41
2866.04
2802.87
2259.99
2134.02
2104.34
1988.22
1908.72
1878.83
1897.86
1922.86
1928.08
1954.95
1953.49
1957.03
1956.56
1959.1
1938.63
1934.59
1913.75
1860.6
1884.08
1962.42
2051.19
2113.71
2288.7
2822.74
2797.6
2284.54
2105.55
2102.78
2046.03
1918.2
1897.62
1854.68
1898.33
1905.61
1904.81
1917.5
1914.17
1918.07
1910.56
1917.46
1916.85
1870.93
1899.3
1885.13
2009.27
2064.72
2087.72
2286.9
2789.89
2791.16
2293.82
2070.93
2100.31
2060.66
1924.25
1868.7
1895.47
1847.28
1885.06
1879.85
1875.17
1880.02
1879.17
1883.64
1896.58
1857.25
1903.08
1857.22
1905.88
2038.44
2050.49
2053.26
2308.91
2776.44
2772.2
2315.74
2073.62
2074.57
2039.39
1957.03
1894.91
1845.06
1883.3
1833.16
1861.17
1856.82
1851.41
1857.43
1863.87
1839.51
1882.25
1857.06
1886.33
1939.96
2017.98
2023.33
2040.94
2318.27
2747.99
2736.38
2329.43
2086.57
2041.47
2030.83
2012.53
1906.02
1875.61
1841.76
1856.85
1807.7
1819.42
1814.99
1825.52
1813.86
1856.1
1846.92
1872.28
1895.98
1992.05
2017.79
2019.65
2054.68
2315.78
2712.12
2699.98
2337.79
2096.21
2010.37
2013.02
2008.9
1927.74
1886.25
1850.1
1830.05
1829.69
1799.23
1803.53
1794.28
1830.71
1836.13
1852.9
1890.31
1910.22
1991.49
2014.74
2014.41
2081.16
2327.66
2652.56
2615.76
2333.23
2097.01
2024.74
1995.62
1998.22
1988.33
1877.63
1866.78
1831.33
1801.47
1805.4
1793.35
1806.77
1801.43
1828.03
1868.11
1840.94
1978.98
1987.23
1997.97
2024.66
2089.66
2337.92
2601.79
2571.06
2360.54
2117.15
2035.23
1997.09
1977.28
2003.69
1963.04
1831.14
1846.99
1811.36
1780.7
1783.78
1781.34
1812.86
1849.85
1835.03
1949.2
2003.19
1979.1
1993.93
2036.41
2111.47
2338.57
2539.97
2552.03
2361.13
2136.8
2053.01
2001.86
1978.87
2003.6
2019.79
1936.9
1825.7
1821.52
1794.01
1785.17
1793.13
1817.46
1834.52
1931.37
2025.03
2000.68
1980.41
2000.34
2031.98
2130.13
2353.59
2534.08
2527.17
2362.76
2142.17
2058.48
2006.76
1985.04
1997.78
2017.95
2017.64
1920.9
1808.46
1780.76
1795.42
1777.84
1804.79
1918.63
2018.37
2022.85
1990.12
1984.45
2004.46
2056.18
2141.99
2354.22
2524.89
2532.56
2383.31
2154.3
2067.93
2015.8
1991.63
1993.86
2013.24
2036.53
2022.42
1922.74
1833.13
1831.63
1834.88
1923.79
2021.1
2037.6
2016.39
1987.86
1988.9
2009.94
2066.38
2150.09
2372.53
2524.93
2516.1
2404.9
2179.86
2074.74
2029.47
1999.59
1987.26
1993.3
2017.5
2035.98
2013.03
1891.86
1914.8
1896.63
2011.13
2035.23
2019.26
1993.67
1982.31
1993.44
2022.84
2072.28
2178.08
2401.93
2508.81
2445.73
2403.46
2250.86
2100.05
2059.98
2019.19
2006.05
2001.8
2021.35
2049.77
2026.48
2005.1
2191.69
2013.95
2027.15
2048.29
2021.79
1999.88
2002.03
2015.4
2051.61
2098
2246.49
2397.27
2434.15
2142.31
2374.18
2283.6
2181.06
2107.15
2061.56
2021.19
2023.89
2033.27
2062.89
2145.28
2239.01
2360.02
2236.68
2144.34
2061.75
2033.71
2019.27
2018.15
2054.42
2103.27
2174.69
2275.6
2368.15
2133.55
273.997
274.142
274.272
274.397
274.493
274.375
274.232
274.118
274.054
274.022
274.008
274.003
274.001
274
274
274
274
274
274
274
274
274
274
273.999
273.999
273.999
273.996
274.004
273.987
274.015
274.395
274.425
274.516
274.617
274.682
274.492
274.302
274.152
274.069
274.028
274.01
274.003
274.001
274
274
274
274
274
274
274
274
274
274
273.999
273.999
273.999
273.996
274.005
273.988
274.016
274.49
274.449
274.532
274.665
274.748
274.532
274.329
274.164
274.073
274.029
274.01
274.003
274.001
274
274
274
274
274
274
274
274
274
274
273.999
273.999
273.999
273.997
274.004
273.995
274.009
274.493
274.419
274.519
274.718
274.802
274.559
274.348
274.172
274.076
274.03
274.01
274.003
274.001
274
274
274
274
274
274
274
274
274
274
273.999
273.999
273.999
273.998
274.003
273.998
274.006
274.477
274.395
274.51
274.771
274.841
274.573
274.358
274.175
274.076
274.03
274.01
274.003
274.001
274
274
274
274
274
274
274
274
274
274
273.999
273.999
273.999
273.999
274.003
273.999
274.004
274.459
274.389
274.523
274.822
274.861
274.57
274.357
274.173
274.075
274.029
274.01
274.003
274.001
274
274
274
274
274
274
274
274
274
274
273.999
273.999
273.999
274
274.002
274
274.003
274.461
274.421
274.557
274.849
274.861
274.56
274.352
274.17
274.073
274.028
274.009
274.002
274
274
274
274
274
274
274
274
274
274
274
273.999
273.999
273.999
274
274.001
274
274.003
274.468
274.519
274.58
274.864
274.854
274.54
274.342
274.165
274.07
274.026
274.008
274.002
274
274
274
274
274
274
274
274
274
274
274
274
273.999
273.999
274
274.001
274.001
274.003
274.473
274.601
274.592
274.869
274.838
274.508
274.328
274.156
274.065
274.023
274.007
274.002
274
274
274
274
274
274
274
274
274
274
274
274
274
273.999
274
274
274.001
274.003
274.473
274.662
274.602
274.864
274.806
274.47
274.304
274.141
274.058
274.021
274.006
274.002
274
274
274
274
274
274
274
274
274
274
274
274
274
274
274
274
274
274.002
274.448
274.699
274.61
274.808
274.76
274.427
274.279
274.129
274.054
274.019
274.006
274.001
274
274
274
274
274
274
274
274
274
274
274
274
274
274
273.999
274
274
274.001
274.48
274.719
274.615
274.728
274.704
274.388
274.257
274.119
274.049
274.017
274.005
274.001
274
274
274
274
274
274
274
274
274
274
274
274
274
274
274
274
274
274.001
274.491
274.714
274.619
274.651
274.644
274.355
274.236
274.11
274.045
274.016
274.005
274.001
274
274
274
274
274
274
274
274
274
274
274
274
274
274
274
274
274
274.001
274.479
274.609
274.556
274.586
274.585
274.323
274.216
274.1
274.042
274.014
274.004
274.001
274
274
274
274
274
274
274
274
274
274
274
274
274
274
274
274
274
274.001
274.465
274.527
274.492
274.528
274.527
274.293
274.195
274.091
274.038
274.013
274.004
274.001
274
274
274
274
274
274
274
274
274
274
274
274
274
274
274
274
274
274.001
274.462
274.46
274.434
274.471
274.469
274.262
274.175
274.082
274.034
274.012
274.003
274.001
274
274
274
274
274
274
274
274
274
274
274
274
274
274
274
274
274
274.001
274.408
274.432
274.387
274.412
274.411
274.231
274.155
274.073
274.03
274.01
274.003
274.001
274
274
274
274
274
274
274
274
274
274
274
274
274
274
274
274
274
274.001
274.489
274.599
274.463
274.383
274.358
274.199
274.134
274.063
274.026
274.009
274.002
274.001
274
274
274
274
274
274
274
274
274
274
274
274
274
274
274
274
274
274.001
274.813
275.352
274.982
274.558
274.352
274.171
274.114
274.053
274.022
274.007
274.002
274
274
274
274
274
274
274
274
274
274
274
274
274
274
274
274
274
274
274.001
276.092
278.753
277.9
275.695
274.604
274.195
274.099
274.043
274.018
274.006
274.002
274
274
274
274
274
274
274
274
274
274
274
274
274
274
274
274
274
274
274.001
279.275
291.86
291.93
282.424
276.219
274.459
274.129
274.038
274.014
274.004
274.001
274
274
274
274
274
274
274
274
274
274
274
274
274
274
274
274
274
274
274.001
288.2
305.027
329.044
322.979
285.715
276.027
274.342
274.06
274.012
274.003
274.001
274
274
274
274
274
274
274
274
274
274
274
274
274
274
274
274
274
274
274.001
289.759
309.13
349.802
362.638
337.818
284.849
275.438
274.19
274.025
274.003
274
274
274
274
274
274
274
274
274
274
274
274
274
274
274
274
274
274
274
274.001
277.349
341.181
406.894
411.485
383.185
331.502
280.767
274.776
274.085
274.008
274
274
274
274
274
274
274
274
274
274
274
274
274
274
274
274
274
274
274
274.001
395.405
563.545
749.368
602.071
451.427
394.34
308.664
277.023
274.293
274.028
274.002
274
274
274
274
274
274
274
274
274
274
274
274
274
274
274
274
274
274
274.001
274.015
273.987
274.004
273.996
273.999
273.999
273.999
274
274
274
274
274
274
274
274
274
274
274.001
274.003
274.008
274.022
274.054
274.118
274.232
274.375
274.493
274.397
274.272
274.142
273.996
274.016
273.988
274.005
273.996
273.999
273.999
273.999
274
274
274
274
274
274
274
274
274
274
274.001
274.003
274.01
274.028
274.069
274.152
274.302
274.492
274.682
274.617
274.516
274.425
274.395
274.009
273.995
274.004
273.997
273.999
273.999
273.999
274
274
274
274
274
274
274
274
274
274
274.001
274.003
274.01
274.029
274.073
274.164
274.329
274.531
274.748
274.665
274.532
274.449
274.49
274.006
273.998
274.003
273.998
273.999
273.999
273.999
274
274
274
274
274
274
274
274
274
274
274.001
274.003
274.01
274.03
274.076
274.172
274.348
274.559
274.802
274.718
274.518
274.418
274.493
274.004
273.999
274.003
273.999
273.999
273.999
273.999
274
274
274
274
274
274
274
274
274
274
274.001
274.003
274.01
274.03
274.076
274.175
274.358
274.573
274.841
274.771
274.51
274.396
274.477
274.003
274
274.002
274
273.999
273.999
273.999
274
274
274
274
274
274
274
274
274
274
274.001
274.003
274.01
274.029
274.075
274.173
274.357
274.57
274.861
274.822
274.523
274.389
274.459
274.003
274
274.001
274
273.999
273.999
273.999
274
274
274
274
274
274
274
274
274
274
274
274.002
274.009
274.028
274.073
274.17
274.352
274.56
274.861
274.849
274.557
274.421
274.461
274.003
274.001
274.001
274
273.999
273.999
274
274
274
274
274
274
274
274
274
274
274
274
274.002
274.008
274.026
274.07
274.165
274.342
274.54
274.854
274.864
274.58
274.519
274.468
274.003
274.001
274
274
273.999
274
274
274
274
274
274
274
274
274
274
274
274
274
274.002
274.007
274.023
274.065
274.156
274.328
274.508
274.838
274.869
274.592
274.601
274.473
274.002
274
274
274
274
274
274
274
274
274
274
274
274
274
274
274
274
274
274.002
274.006
274.021
274.058
274.141
274.304
274.471
274.806
274.864
274.602
274.662
274.472
274.001
274
274
273.999
274
274
274
274
274
274
274
274
274
274
274
274
274
274
274.001
274.006
274.019
274.054
274.129
274.279
274.428
274.76
274.808
274.61
274.699
274.448
274.001
274
274
274
274
274
274
274
274
274
274
274
274
274
274
274
274
274
274.001
274.005
274.017
274.049
274.119
274.257
274.388
274.704
274.728
274.616
274.719
274.48
274.001
274
274
274
274
274
274
274
274
274
274
274
274
274
274
274
274
274
274.001
274.005
274.016
274.045
274.11
274.236
274.355
274.644
274.651
274.619
274.714
274.49
274.001
274
274
274
274
274
274
274
274
274
274
274
274
274
274
274
274
274
274.001
274.004
274.014
274.042
274.1
274.216
274.324
274.585
274.586
274.556
274.609
274.479
274.001
274
274
274
274
274
274
274
274
274
274
274
274
274
274
274
274
274
274.001
274.004
274.013
274.038
274.091
274.195
274.293
274.527
274.528
274.492
274.527
274.465
274.001
274
274
274
274
274
274
274
274
274
274
274
274
274
274
274
274
274
274.001
274.003
274.012
274.034
274.082
274.175
274.262
274.469
274.471
274.434
274.46
274.462
274.001
274
274
274
274
274
274
274
274
274
274
274
274
274
274
274
274
274
274.001
274.003
274.01
274.03
274.073
274.155
274.231
274.411
274.412
274.387
274.432
274.407
274.001
274
274
274
274
274
274
274
274
274
274
274
274
274
274
274
274
274
274.001
274.002
274.009
274.026
274.063
274.134
274.199
274.358
274.383
274.463
274.6
274.489
274.001
274
274
274
274
274
274
274
274
274
274
274
274
274
274
274
274
274
274
274.002
274.007
274.022
274.053
274.114
274.171
274.352
274.559
274.984
275.355
274.814
274.001
274
274
274
274
274
274
274
274
274
274
274
274
274
274
274
274
274
274
274.002
274.006
274.018
274.043
274.099
274.195
274.605
275.7
277.907
278.759
276.094
274.001
274
274
274
274
274
274
274
274
274
274
274
274
274
274
274
274
274
274
274.001
274.004
274.014
274.038
274.129
274.46
276.226
282.449
291.976
291.868
279.271
274.001
274
274
274
274
274
274
274
274
274
274
274
274
274
274
274
274
274
274
274.001
274.003
274.012
274.06
274.344
276.035
285.758
323.092
329.023
304.976
288.203
274.001
274
274
274
274
274
274
274
274
274
274
274
274
274
274
274
274
274
274
274
274.003
274.026
274.19
275.444
284.89
337.981
362.521
349.714
309.019
289.646
274.001
274
274
274
274
274
274
274
274
274
274
274
274
274
274
274
274
274
274
274
274.008
274.085
274.779
280.792
331.63
383.067
411.169
406.631
340.96
277.351
274.001
274
274
274
274
274
274
274
274
274
274
274
274
274
274
274
274
274
274
274.002
274.028
274.294
277.034
308.806
394.216
451.108
601.039
748.211
563.171
395.213
274.001
274.001
274.001
274.001
274.001
274.001
274.001
274.001
274.001
274.001
274.001
274.001
274.001
274.001
274.001
274.001
274.001
274.001
274.001
274.001
274.001
274.001
274.001
274.001
274.001
274.001
274.001
274.001
274.001
274.001
274.001
274.001
274.001
274.001
274.001
274.001
274.001
274.001
274.001
274.001
274.001
274.001
274.001
274.001
274.001
274.001
274.001
274.001
274.001
274.001
274.001
274.001
274.001
274.001
274.001
274.001
274.001
274.001
274.001
274.001
274.001
274.001
274.001
274.001
274.001
274.001
274.001
274.001
274.001
274.001
274.001
274.001
274.001
274.001
274.001
274.001
274.001
274.001
274.001
274.001
274.001
274.001
274.001
274.001
274.001
274.001
274.001
274.001
274.001
274.001
274.001
274.001
274.001
274.001
274.001
274.001
274.001
274.001
274.001
274.001
274.001
274.001
274.001
274.001
274.001
274.001
274.001
274.001
274.001
274.001
274.001
274.001
274.001
274.001
274.001
274.001
274.001
274.001
274.001
274.001
274.001
274.001
274.001
274.001
274.001
274
274
274
274
274
274
274
274
274
274
274
274
274
274
274
274
274
274
274
274
274
274
274
274
274
274
274
274
274
274
274
274
274
274
274
274
274
274
274
274
274
274
274
274
274
274
274
274
274
274
274
274
274
274
274
274
274
274
274
274
274
274
274
274
274
274
274
274
274
274
274
274
274
274
274
274
274
274
274
274
274
274
274
274
274
274
274
274
274
274
274
274
274
274
274
274
274
274
274
274
274
274
274
274
274
274
274
274
274
274
274
274
274
274
274
274
274
274
274
274
274
274
274
274
274
274
274
274
274
274
274
274
274
274
274
274
274
274
274
274
274
274
274
274
274
274
274
274
274
274
274
274
274
274
274
274
274
274
274
274
274
274
274
274
274
274
274
274
274
274
274
274
274
274
274
274
274
274
274
274
274
274
274
274
274
274
274
274
274
274
274
274
274
274
274
274
274
274
274
274
274
274
274
274
274
274
274
274
274
274
274
274
274
274
274
274
274
274
274
274
274
274
274
274
274
274
274
274
274
274
274
274
274
274
274
274
274
274
274
274
274
274
274
274
274
274
274
274
274
274
274
274
274
274
274
274
274
274
274
274
274
274
274
274
274
274
274
274
274
274
274
274
274
274
274
274
274
274
274
274
274
274
274
274
274
274
274
274
274
274
274
274
274
274
274
274
274
274
274
274
274
274
274
274
274
274
274
274
274
274
274
274
274
274
274
274
274
274
274
274
274
274
274
274
274
274
274
274
274
274
274
274
274
274
274
274
274
274
274
274
274
274
274
274
274
274
274
274
274
274
274
274
274
274
274
274
274
274
274
274
274
274
274
274
274
274
274
274
274
274
274
274
274
274
274
274
274
274
274
274
274
274
274
274
274
274
274
274
274
274
274
274
274
274
274
274
274
274
274
274
274
274
274
274
274
274
274
274
274
274
274
274
274
274
274
274
274
274
274
274
274
274
274
274
274
274
274
274
274
274
274
274
274
274
274
274
274
274
274
274
274
274
274
274
274
274
274
274
274
274
274
274
274
274
274
274
274
274
274
274
274
274
274
274
274
274
274
274
274
274
274
274
274
274
274
274
274
274
274
274
274
274
274
274
274
274
274
274
274
274
274
274
274
274
274
274
274
274
274
274
274
274
274
274
274
274
274
274
274
274
274
274
274
274
274
274
274
274
274
274
274
274
274
274
274
274
274
274
274
274
274
274
274
274
274
274
274
274
274
274
274
274
274
274
274
274
274
274
274
274
274
274
274
274
274
274
274
274
274
274
274
274
274
274
274
274
274
274
274
274
274
274
274
274
274
274
274
274
274
274
274
274
274
274
274
274
274
274
274
274
274
274
274
274
274
274
274
274
274
274
274
274
274
274
274
274
274
274
274
274
274
274
274
274
274
274
274
274
274
274
274
274
274
274
274
274
274
274
274
274
274
274
274
274
274
274
274
274
274
274
274
274
274
274
274
274
274
274
274
274
274
274
274
274
274
274
274
274
274
274
274
274
274
274
274
274
274
274
274
274
274
274
274
274
274
274
274
274
274
274
274
274
274
274
274
274
274
274
274
274
274
274
274
274
274
274
274
274
274
274
274
274
274
274
274
274
274
274
274
274
274
274
274
274
274
274
274
274
274
274
274
274
274
274
274
274
274
274
274
274
274
274
274
274
274
274
274
274
274
274
274
274
274
274
274
274
274
274
274
274
274
274
274
274
274
274
274
274
274
274
274
274
274
274
274
274
274
274
274
274
274
274
274
274
274
274
274
274
274
274
274
274
274
274
274
274
274
274
274
274
274
274
274
274
274
274
274
274
274
274
274
274
274
274
274
274
274
274
274
274
274
274
274
274
274
274
274
274
274
274
274
274
274
274
274
274
274
274
274
274
274
274
274
274
274
274
274
274
274
274
274
274
274
274
274
274
274
274
274
274
274
274
274
274
274
274
274
274
274
274
274
274
274
274
274
274
274
274
274
274
274
274
274
274
274
274
274
274
274
274
274
274
274
274
274
274
274
274
274
274
274
274
274
274
274
274
274
274
274
274
274
274
274
274
274
274
274
274
274
274
274
274
274
274
274
274
274
274
274
274
274
274
274
274
274
274
274
274
274
274
274
274
274
274
274
274
274
274
274
274
274
274
274
274
274
274
274
274
274
274
274
274
274
274
274
274
274
274
274
274
274
274
274
274
274
274
274
274
274
274
274
274
274
274
274
274
274
274
274
274
274
274
274
274
274
274
274
274
274
274
274
274
274
274
274
274
274
274
274
274
274
274
274
274
274
274
274
274
274
274
274
274
274
274
274
274
274
274
274
274
274
274
274
274
274
274
274
274
274
274
274
274
274
274
274
274
274
274
274
274
274
274
274
274
274
274
274
274
274
274
274
274
274
274
274
274
274
274
274
274
274
274
274
274
274
274
274
274
274
274
274
274
274
274
274
274
274
274
274
274
274
274
274
274
274
274
274
274
274
274
274
274
274
274
274
274
274
274
274
274
274
274
274
274
274
274
274
274
274
274
274
274
274
274
274
274
274
274
274
274
274
274
274
274
274
274
274
274
274
274
274
274
274
274
274
274
274
274
274
274
274
274
274
274
274
274
274
274
274
274
274
274
274
274
274
274
274
274
274
274
274
274
274
274
274
274
274
274
274
274
274
274
274
274
274
274
274
274
274
274
274
274
274
274
274
274
274
274
274
274
274
274
274
274
274
274
274
274
274
274
274
274
274
274
274
274
274
274
274
274
274
274
274
274
274
274
274
274
274
274
274
274
274
274
274
274
274
274
274
274
274
274
274
274
274
274
274
274
274
274
274
274
274
274
274
274
274
274
274
274
274
274
274
274
274
274
274
274
274
274
274
274
274
274
274
274
274
274
274
274
274
274
274
274
274
274
274
274
274
274
274
274
274
274
274
274
274
274
274
274
274
274
274
274
274
274
274
274
274
274
274
274
274
274
274
274
274
274
274
274
274
274
274
274
274
274
274
274
274
274
274
274
274
274
274
274
274
274
274
274
274
274
274
274
274
274
274
274
274
274
274
274
274
274
274
274
274
274
274
274
274
274
274
274
274
274
274
274
274
274
274
274
274
274
274
274
274
274
274
274
274
274
274
274
274
274
274
274
274
274
274
274
274
274
274
274
274
274
274
274
274
274
274
274
274
274
274
274
274
274
274
274
274
274
274
274
274
274
274
274
274
274
274
274
274
274
274
274
274
274
274
274
274
274
274
274
274
274
274
274
274
274
274
274
274
274
274
274
274
274
274
274
274
274
274
274
274
274
274
274
274
274
274
274
274
274
274
274
274
274
274
274
274
274
274
274
274
274
274
274
274
274
274
274
274
274
274
274
274
274
274
274
274
274
274
274
274
274
274
274
274
274
274
274
274
274
274
274
274
274
274
274
274
274
274
274
274
274
274
274
274
274
274
274
274
274
274
274
274
274
274
274
274
274
274
274
274
274
274
274
274
274
274
274
274
274
274
274
274
274
274
274
274
274
274
274
274
274
274
274
274
274
274
274
274
274
274
274
274
274
274
274
274
274
274
274
274
274
274
274
274
274
274
274
274
274
274
274
274
274
274
274
274
274
274
274
274
274
274
274
274
274
274
274
274
274
274
274
274
274
274
274
274
274
274
274
274
274
274
274
274
274
274
274
274
274
274
274
274
274
274
274
274
274
274
274
274
274
274
274
274
274
274
274
274
274
274
274
274
274
274
274
274
274
274
274
274
274
274
274
274
274
274
274
274
274
274
274
274
274
274
274
274
274
274
274
274
274
274
274
274
274
274
274
274
274
274
274
274
274
274
274
274
274
274
274
274
274
274
274
274
274
274
274
274
274
274
274
274
274
274
274
274
274
274
274
274
274
274
274
274
274
274
274
274
274
274
274
274
274
274
274
274
274
274
274
274
274
274
274
274
274
274
274
274
274
274
274
274
274
274
274
274
274
274
274
274
274
274
274
274
274
274
274
274
274
274
274
274
274
274
274
274
274
274
274
274
274
274
274
274
274
274
274
274
274
274
274
274
274
274
274
274
274
274
274
274
274
274
274
274
274
274
274
274
274
274
274
274
274
274
274
274
274
274
274
274
274
274
274
274
274
274
274
274
274
274
274
274
274
274
274
274
274
274
274
274
274
274
274
274
274
274
274
274
274
274
274
274
274
274
274
274
274
274
274
274
274
274
274
274
274
274
274
274
274
274
274
274
274
274
274
274
274
274
274
274
274
274
274
274
274
274
274
274
274
274
274
274
274
274
274
274
274
274
274
274
274
274
274
274
274
274
274
274
274
274
274
274
274
274
274
274
274
274
274
274
274
274
274
274
274
274
274
274
274
274
274
274
274
274
274
274
274
274
274
274
274
274
274
274
274
274
274
274
274
274
274
274
274
274
274
274
274
274
274
274
274
274
274
274
274
274
274
274
274
274
274
274
274
274
274
274
274
274
274
274
274
274
274
274
274
274
274
274
274
274
274
274
274
274
274
274
274
274
274
274
274
274
274
274
274
274
274
274
274
274
274
274
274
274
274
274
274
274
274
274
274
274
274
274
274
274
274
274
274
274
274
274
274
274
274
274
274
274
274
274
274
274
274
274
274
274
274
274
274
274
274
274
274
274
274
274
274
274
274
274
274
274
274
274
274
274
274
274
274
274
274
274
274
274
274
274
274
274
274
274
274
274
274
274
274
274
274
274
274
274
274
274
274
274
274
274
274
274
274
274
274
274
274
274
274
274
274
274
274
274
274
274
274
274
274
274
274
274
274
274
274
274
274
274
274
274
274
274
274
274
274
274
274
274
274
274
274
274
274
274
274
274
274
274
274
274
274
274
274
274
274
274
274
274
274
274
274
274
274
274
274
274
274
274
274
274
274
274
274
274
274
274
274
274
274
274
274
274
274
274
274
274
274
274
274
274
274
274
274
274
274
274
274
274
274
274
274
274
274
274
274
274
274
274
274
274
274
274
274
274
274
274
274
274
274
274
274
274
274
274
274
274
274
274
274
274
274
274
274
274
274
274
274
274
274
274
274
274
274
274
274
274
274
274
274
274
274
274
274
274
274
274
274
274
274
274
274
274
274
274
274
274
274
274
274
274
274
274
274
274
274
274
274
274
274
274
274
274
274
274
274
274
274
274
274
274
274
274
274
274
274
274
274
274
274
274
274
274
274
274
274
274
274
274
274
274
274
274
274
274
274
274
274
274
274
274
274
274
274
274
274
274
274
274
274
274
274
274
274
274
274
274
274
274
274
274
274
274
274
274
274
274
274
274
274
274
274
274
274
274
274
274
274
274
274
274
274
274
274
274
274
274
274
274
274
274
274
274
274
274
274
274
274
274
274
274
274
274
274
274
274
274
274.002
274.005
274.008
274.009
274.008
274.005
274
274
274
274
274
274
274
274
274
274
274
274
274
274
274
274
274
274
274
274
274
274
274
274
274
274
274
274
274
274
274
274
274
274
274
274
274
274
274
274
274
274
274
274
274
274
274
274
274
274
274
274
274
274
274
274
274
274
274
274
274
274
274
274
274
274
274
274
274
274
274
274
274
274
274
274
274
274
274
274
274
274
274
274
274
274
274
274
274
274
274
274
274
274
274
274
274
274
274
274
274
274
274
274
274
274
274
274
274
274
274
274
274
274
274
274
274.001
274.005
274.023
274.058
274.106
274.145
274.152
274.121
274.081
274
274
274
274
274
274
274
274
274
274
274
274
274
274
274
274
274
274
274
274
274
274
274
274
274
274
274
274
274
274
274
274
274
274
274
274
274
274
274
274
274
274
274
274
274
274
274
274
274
274
274
274
274
274
274
274
274
274
274
274
274
274
274
274
274
274
274
274
274
274
274
274
274
274
274
274
274
274
274
274
274
274
274
274
274
274
274
274
274
274
274
274
274
274
274
274
274
274
274
274
274
274
274
274
274
274
274
274
274
274
274
274
274
274
274
274.003
274.029
274.141
274.469
275.083
275.801
276.19
276.114
275.468
274.922
274
274
274
274
274
274
274
274
274
274
274
274
274
274
274
274
274
274
274
274
274
274
274
274
274
274
274
274
274
274
274
274
274
274
274
274
274
274
274
274
274
274
274
274
274
274
274
274
274
274
274
274
274
274
274
274
274
274
274
274
274
274
274
274
274
274
274
274
274
274
274
274
274
274
274
274
274
274
274
274
274
274
274
274
274
274
274
274
274
274
274
274
274
274
274
274
274
274
274
274
274
274
274
274
274
274
274
274
274
274
274
274
274
274
274.012
274.126
274.822
277.618
284.874
295.262
303.104
304.683
300.617
289.868
283.807
274
274
274
274
274
274
274
274
274
274
274
274
274
274
274
274
274
274
274
274
274
274
274
274
274
274
274
274
274
274
274
274
274
274
274
274
274
274
274
274
274
274
274
274
274
274
274
274
274
274
274
274
274
274
274
274
274
274
274
274
274
274
274
274
274
274
274
274
274
274
274
274
274
274
274
274
274
274
274
274
274
274
274
274
274
274
274
274
274
274
274
274
274
274
274
274
274
274
274
274
274
274
274
274
274
274
274
274
274
274
274
274
274.001
274.029
274.429
278.114
300.104
374.751
469.861
518.87
526.758
508.113
473.811
414.981
373.197
274
274
274
274
274
274
274
274
274
274
274
274
274
274
274
274
274
274
274
274
274
274
274
274
274
274
274
274
274
274
274
274
274
274
274
274
274
274
274
274
274
274
274
274
274
274
274
274
274
274
274
274
274
274
274
274
274
274
274
274
274
274
274
274
274
274
274
274
274
274
274
274
274
274
274
274
274
274
274
274
274
274
274
274
274
274
274
274
274
274
274
274
274
274
274
274
274
274
274
274
274
274
274
274
274
274
274
274
274
274
274
274.001
274.051
275.175
292.386
416.008
619.67
715.747
731.711
721.074
692.917
648.8
594.154
519.741
459.747
274
274
274
274
274
274
274
274
274
274
274
274
274
274
274
274
274
274
274
274
274
274
274
274
274
274
274
274
274
274
274
274
274
274
274
274
274
274
274
274
274
274
274
274
274
274
274
274
274
274
274
274
274
274
274
274
274
274
274
274
274
274
274
274
274
274
274
274
274
274
274
274
274
274
274
274
274
274
274
274
274
274
274
274
274
274
274
274
274
274
274
274
274
274
274
274
274
274
274
274
274
274
274
274
274
274
274
274
274
274
274.001
274.069
276.52
340.252
628.227
834.621
886.444
904.48
922.394
929.41
916.857
879.257
818.213
721.275
622.422
274
274
274
274
274
274
274
274
274
274
274
274
274
274
274
274
274
274
274
274
274
274
274
274
274
274
274
274
274
274
274
274
274
274
274
274
274
274
274
274
274
274
274
274
274
274
274
274
274
274
274
274
274
274
274
274
274
274
274
274
274
274
274
274
274
274
274
274
274
274
274
274
274
274
274
274
274
274
274
274
274
274
274
274
274
274
274
274
274
274
274
274
274
274
274
274
274
274
274
274
274
274
274
274
274
274
274
274
274
274.001
274.078
278.108
400.926
806.202
969.81
1029.11
1071.45
1127.07
1140.6
1130.61
1155.27
1169
1157.66
1143.16
1036.29
274
274
274
274
274
274
274
274
274
274
274
274
274
274
274
274
274
274
274
274
274
274
274
274
274
274
274
274
274
274
274
274
274
274
274
274
274
274
274
274
274
274
274
274
274
274
274
274
274
274
274
274
274
274
274
274
274
274
274
274
274
274
274
274
274
274
274
274
274
274
274
274
274
274
274
274
274
274
274
274
274
274
274
274
274
274
274
274
274
274
274
274
274
274
274
274
274
274
274
274
274
274
274
274
274
274
274
274
274.001
274.079
278.607
428.22
877.175
1046.96
1136
1172.3
1194.79
1219.78
1195.5
1172.36
1194.03
1197.6
1236.84
1309.33
1433.49
274
274
274
274
274
274
274
274
274
274
274
274
274
274
274
274
274
274
274
274
274
274
274
274
274
274
274
274
274
274
274
274
274
274
274
274
274
274
274
274
274
274
274
274
274
274
274
274
274
274
274
274
274
274
274
274
274
274
274
274
274
274
274
274
274
274
274
274
274
274
274
274
274
274
274
274
274
274
274
274
274
274
274
274
274
274
274
274
274
274
274
274
274
274
274
274
274
274
274
274
274
274
274
274
274
274
274
274.001
274.047
277.224
406.22
875.691
1081.79
1189.82
1240.44
1230.06
1197.9
1113.64
1049.03
1027.2
1016.36
1015.83
1048.97
1184.95
1256.05
274
274
274
274
274
274
274
274
274
274
274
274
274
274
274
274
274
274
274
274
274
274
274
274
274
274
274
274
274
274
274
274
274
274
274
274
274
274
274
274
274
274
274
274
274
274
274
274
274
274
274
274
274
274
274
274
274
274
274
274
274
274
274
274
274
274
274
274
274
274
274
274
274
274
274
274
274
274
274
274
274
274
274
274
274
274
274
274
274
274
274
274
274
274
274
274
274
274
274
274
274
274
274
274
274
274
274.001
274.028
275.647
353.89
827.974
1097.74
1193.83
1249.67
1245.41
1197.99
1110.69
1061.67
1043.62
1028.26
992.818
945.934
917.436
1031.37
1214.39
274
274
274
274
274
274
274
274
274
274
274
274
274
274
274
274
274
274
274
274
274
274
274
274
274
274
274
274
274
274
274
274
274
274
274
274
274
274
274
274
274
274
274
274
274
274
274
274
274
274
274
274
274
274
274
274
274
274
274
274
274
274
274
274
274
274
274
274
274
274
274
274
274
274
274
274
274
274
274
274
274
274
274
274
274
274
274
274
274
274
274
274
274
274
274
274
274
274
274
274
274
274
274
274
274
274
274.004
274.21
283.115
510.285
993.154
1162.06
1277
1325.86
1306.65
1287.02
1260.58
1274.02
1298.37
1282.36
1215.53
1162.32
1159.66
1290.69
1468.22
274
274
274
274
274
274
274
274
274
274
274
274
274
274
274
274
274
274
274
274
274
274
274
274
274
274
274
274
274
274
274
274
274
274
274
274
274
274
274
274
274
274
274
274
274
274
274
274
274
274
274
274
274
274
274
274
274
274
274
274
274
274
274
274
274
274
274
274
274
274
274
274
274
274
274
274
274
274
274
274
274
274
274
274
274
274
274
274
274
274
274
274
274
274
274
274
274
274
274
274
274
274
274
274
274
274
274.006
274.337
288.877
583.107
1048.56
1205.59
1302.82
1338.64
1311.83
1296.63
1285.77
1309.19
1347.08
1332.53
1277.69
1232.24
1227.99
1384.39
1672.66
274
274
274
274
274
274
274
274
274
274
274
274
274
274
274
274
274
274
274
274
274
274
274
274
274
274
274
274
274
274
274
274
274
274
274
274
274
274
274
274
274
274
274
274
274
274
274
274
274
274
274
274
274
274
274
274
274
274
274
274
274
274
274
274
274
274
274
274
274
274
274
274
274
274
274
274
274
274
274
274
274
274
274
274
274
274
274
274
274
274
274
274
274
274
274
274
274
274
274
274
274
274
274
274
274
274
274.014
274.807
313.531
734.328
1150.91
1270.53
1341.03
1352.63
1330.92
1332.31
1335.1
1402.63
1483.31
1493.65
1433.48
1351.14
1369.45
1455.06
1769.55
274
274
274
274
274
274
274
274
274
274
274
274
274
274
274
274
274
274
274
274
274
274
274
274
274
274
274
274
274
274
274
274
274
274
274
274
274
274
274
274
274
274
274
274
274
274
274
274
274
274
274
274
274
274
274
274
274
274
274
274
274
274
274
274
274
274
274
274
274
274
274
274
274
274
274
274
274
274
274
274
274
274
274
274
274
274
274
274
274
274
274
274
274
274
274
274
274
274
274
274
274
274
274
274
274
274.001
274.044
276.345
380.156
903.268
1227.48
1316.15
1366.24
1354.24
1349.59
1353.86
1374.26
1466.05
1583.05
1626.19
1638.5
1617.65
1742.84
1904.58
2231.87
274
274
274
274
274
274
274
274
274
274
274
274
274
274
274
274
274
274
274
274
274
274
274
274
274
274
274
274
274
274
274
274
274
274
274
274
274
274
274
274
274
274
274
274
274
274
274
274
274
274
274
274
274
274
274
274
274
274
274
274
274
274
274
274
274
274
274
274
274
274
274
274
274
274
274
274
274
274
274
274
274
274
274
274
274
274
274
274
274
274
274
274
274
274
274
274
274
274
274
274
274
274
274
274
274
274.002
274.107
279.227
458.066
1037.02
1280.04
1331.68
1364.63
1361.47
1364.85
1387.42
1467.37
1626.77
1760.23
1803.27
1812.93
1788.28
1924.96
2155.13
2259.19
274
274
274
274
274
274
274
274
274
274
274
274
274
274
274
274
274
274
274
274
274
274
274
274
274
274
274
274
274
274
274
274
274
274
274
274
274
274
274
274
274
274
274
274
274
274
274
274
274
274
274
274
274
274
274
274
274
274
274
274
274
274
274
274
274
274
274
274
274
274
274
274
274
274
274
274
274
274
274
274
274
274
274
274
274
274
274
274
274
274
274
274
274
274
274
274
274
274
274
274
274
274
274
274
274
274.003
274.187
282.986
528.37
1122.87
1322.44
1371.91
1411.05
1413.62
1437.56
1498.49
1624.18
1788.22
1882.28
1918.1
1942.24
1974.74
2051.71
2181.68
2202.78
274
274
274
274
274
274
274
274
274
274
274
274
274
274
274
274
274
274
274
274
274
274
274
274
274
274
274
274
274
274
274
274
274
274
274
274
274
274
274
274
274
274
274
274
274
274
274
274
274
274
274
274
274
274
274
274
274
274
274
274
274
274
274
274
274
274
274
274
274
274
274
274
274
274
274
274
274
274
274
274
274
274
274
274
274
274
274
274
274
274
274
274
274
274
274
274
274
274
274
274
274
274
274
274
274
274.005
274.321
289.876
615.847
1226.3
1384.35
1413.9
1441.26
1454.45
1491.47
1588.64
1765.47
1922.21
1983.84
2022.18
2050.3
2080.66
2109.8
2158.95
2155.47
274
274
274
274
274
274
274
274
274
274
274
274
274
274
274
274
274
274
274
274
274
274
274
274
274
274
274
274
274
274
274
274
274
274
274
274
274
274
274
274
274
274
274
274
274
274
274
274
274
274
274
274
274
274
274
274
274
274
274
274
274
274
274
274
274
274
274
274
274
274
274
274
274
274
274
274
274
274
274
274
274
274
274
274
274
274
274
274
274
274
274
274
274
274
274
274
274
274
274
274
274
274
274
274
274
274.006
274.414
295.134
659.455
1277.98
1436.08
1463.54
1475.98
1501.54
1569.12
1734.51
1949.25
2020.05
2046.02
2121.94
2146.38
2145.61
2129.12
2141.56
2112.74
274
274
274
274
274
274
274
274
274
274
274
274
274
274
274
274
274
274
274
274
274
274
274
274
274
274
274
274
274
274
274
274
274
274
274
274
274
274
274
274
274
274
274
274
274
274
274
274
274
274
274
274
274
274
274
274
274
274
274
274
274
274
274
274
274
274
274
274
274
274
274
274
274
274
274
274
274
274
274
274
274
274
274
274
274
274
274
274
274
274
274
274
274
274
274
274
274
274
274
274
274
274
274
274
274
274.007
274.462
298.367
682.459
1314.68
1490.09
1513.6
1516
1547.13
1644.28
1860.34
2072.25
2115.66
2165.16
2232.37
2243.81
2224.87
2189.03
2127.34
2065.29
274
274
274
274
274
274
274
274
274
274
274
274
274
274
274
274
274
274
274
274
274
274
274
274
274
274
274
274
274
274
274
274
274
274
274
274
274
274
274
274
274
274
274
274
274
274
274
274
274
274
274
274
274
274
274
274
274
274
274
274
274
274
274
274
274
274
274
274
274
274
274
274
274
274
274
274
274
274
274
274
274
274
274
274
274
274
274
274
274
274
274
274
274
274
274
274
274
274
274
274
274
274
274
274
274
274.007
274.475
300.563
705.635
1361.01
1540.83
1556.01
1552.24
1591.27
1723.62
1968.33
2123.54
2171.39
2244.68
2307.91
2332.16
2340.02
2245.47
2162.02
2047.89
274
274
274
274
274
274
274
274
274
274
274
274
274
274
274
274
274
274
274
274
274
274
274
274
274
274
274
274
274
274
274
274
274
274
274
274
274
274
274
274
274
274
274
274
274
274
274
274
274
274
274
274
274
274
274
274
274
274
274
274
274
274
274
274
274
274
274
274
274
274
274
274
274
274
274
274
274
274
274
274
274
274
274
274
274
274
274
274
274
274
274
274
274
274
274
274
274
274
274
274
274
274
274
274
274
274.008
274.582
313.174
796.344
1462.02
1589.85
1591.48
1582.83
1629.39
1792.24
2025.63
2141.55
2199.59
2272.11
2329.38
2369.05
2406.54
2372.29
2234.12
2085.43
274
274
274
274
274
274
274
274
274
274
274
274
274
274
274
274
274
274
274
274
274
274
274
274
274
274
274
274
274
274
274
274
274
274
274
274
274
274
274
274
274
274
274
274
274
274
274
274
274
274
274
274
274
274
274
274
274
274
274
274
274
274
274
274
274
274
274
274
274
274
274
274
274
274
274
274
274
274
274
274
274
274
274
274
274
274
274
274
274
274
274
274
274
274
274
274
274
274
274
274
274
274
274
274
274
274.01
274.835
337.661
919.725
1575.1
1626.53
1611.27
1612.77
1686.55
1871.73
2056.4
2143.64
2212.98
2282.76
2328.4
2392.26
2444.81
2477.49
2335.3
2218.16
274
274
274
274
274
274
274
274
274
274
274
274
274
274
274
274
274
274
274
274
274
274
274
274
274
274
274
274
274
274
274
274
274
274
274
274
274
274
274
274
274
274
274
274
274
274
274
274
274
274
274
274
274
274
274
274
274
274
274
274
274
274
274
274
274
274
274
274
274
274
274
274
274
274
274
274
274
274
274
274
274
274
274
274
274
274
274
274
274
274
274
274
274
274
274
274
274
274
274
274
274
274
274
274
274
274.013
275.186
364.748
1023.98
1655.67
1645.55
1597.99
1626.68
1734.9
1941.07
2068.74
2138.54
2231.53
2288.38
2326.81
2411.96
2475.03
2500.97
2511.83
2313.03
274
274
274
274
274
274
274
274
274
274
274
274
274
274
274
274
274
274
274
274
274
274
274
274
274
274
274
274
274
274
274
274
274
274
274
274
274
274
274
274
274
274
274
274
274
274
274
274
274
274
274
274
274
274
274
274
274
274
274
274
274
274
274
274
274
274
274
274
274
274
274
274
274
274
274
274
274
274
274
274
274
274
274
274
274
274
274
274
274
274
274
274
274
274
274
274
274
274
274
274
274
274
274
274
274
274.018
275.558
386.734
1085.74
1695.1
1662.44
1588.09
1620.22
1771.62
1981.33
2063.71
2136.82
2244.23
2290.94
2330.97
2415.78
2456.68
2476.62
2493.25
2495.57
274
274
274
274
274
274
274
274
274
274
274
274
274
274
274
274
274
274
274
274
274
274
274
274
274
274
274
274
274
274
274
274
274
274
274
274
274
274
274
274
274
274
274
274
274
274
274
274
274
274
274
274
274
274
274
274
274
274
274
274
274
274
274
274
274
274
274
274
274
274
274
274
274
274
274
274
274
274
274
274
274
274
274
274
274
274
274
274
274
274
274
274
274
274
274
274
274
274
274
274
274
274
274
274
274
274.02
275.774
397.432
1110.21
1710.13
1678.37
1595.95
1628.06
1790.16
1990.11
2064.09
2144
2251.74
2296.29
2333.26
2398.08
2427.77
2438.93
2457.06
2465.41
274
274
274
274
274
274
274
274
274
274
274
274
274
274
274
274
274
274
274
274
274
274
274
274
274
274
274
274
274
274
274
274
274
274
274
274
274
274
274
274
274
274
274
274
274
274
274
274
274
274
274
274
274
274
274
274
274
274
274
274
274
274
274
274
274
274
274
274
274
274
274
274
274
274
274
274
274
274
274
274
274
274
274
274
274
274
274
274
274
274
274
274
274
274
274
274
274
274
274
274
274
274
274
274
274
274.017
275.551
386.408
1085.26
1695.54
1662.94
1587.57
1619.35
1771.56
1981.39
2064.25
2137.24
2245.09
2291.53
2331.47
2413.43
2452.29
2471.37
2486.08
2487.17
274
274
274
274
274
274
274
274
274
274
274
274
274
274
274
274
274
274
274
274
274
274
274
274
274
274
274
274
274
274
274
274
274
274
274
274
274
274
274
274
274
274
274
274
274
274
274
274
274
274
274
274
274
274
274
274
274
274
274
274
274
274
274
274
274
274
274
274
274
274
274
274
274
274
274
274
274
274
274
274
274
274
274
274
274
274
274
274
274
274
274
274
274
274
274
274
274
274
274
274
274
274
274
274
274
274.013
275.174
364.178
1023.3
1656.27
1645.59
1596.92
1625.98
1735.82
1941.21
2068.84
2139.26
2234.16
2289.97
2327.92
2413.05
2471.09
2493.84
2503.29
2307.32
274
274
274
274
274
274
274
274
274
274
274
274
274
274
274
274
274
274
274
274
274
274
274
274
274
274
274
274
274
274
274
274
274
274
274
274
274
274
274
274
274
274
274
274
274
274
274
274
274
274
274
274
274
274
274
274
274
274
274
274
274
274
274
274
274
274
274
274
274
274
274
274
274
274
274
274
274
274
274
274
274
274
274
274
274
274
274
274
274
274
274
274
274
274
274
274
274
274
274
274
274
274
274
274
274
274.009
274.821
336.972
919.211
1576.65
1626.14
1610.46
1612.92
1687.48
1872.6
2056.5
2144.29
2216.25
2284.87
2330.69
2394.79
2446.4
2477.03
2329.61
2212.7
274
274
274
274
274
274
274
274
274
274
274
274
274
274
274
274
274
274
274
274
274
274
274
274
274
274
274
274
274
274
274
274
274
274
274
274
274
274
274
274
274
274
274
274
274
274
274
274
274
274
274
274
274
274
274
274
274
274
274
274
274
274
274
274
274
274
274
274
274
274
274
274
274
274
274
274
274
274
274
274
274
274
274
274
274
274
274
274
274
274
274
274
274
274
274
274
274
274
274
274
274
274
274
274
274
274.007
274.569
312.483
794.841
1462.49
1589.52
1591.64
1583.15
1629.7
1793.05
2026.45
2143.44
2203.17
2276.06
2333.27
2373.02
2410.23
2372.8
2236.88
2082
274
274
274
274
274
274
274
274
274
274
274
274
274
274
274
274
274
274
274
274
274
274
274
274
274
274
274
274
274
274
274
274
274
274
274
274
274
274
274
274
274
274
274
274
274
274
274
274
274
274
274
274
274
274
274
274
274
274
274
274
274
274
274
274
274
274
274
274
274
274
274
274
274
274
274
274
274
274
274
274
274
274
274
274
274
274
274
274
274
274
274
274
274
274
274
274
274
274
274
274
274
274
274
274
274
274.007
274.457
299.472
699.644
1357.74
1541.3
1557
1552.97
1592.3
1725.66
1971.03
2125.95
2174.88
2250.67
2313.98
2338.36
2347.88
2251.62
2163.31
2043.5
274
274
274
274
274
274
274
274
274
274
274
274
274
274
274
274
274
274
274
274
274
274
274
274
274
274
274
274
274
274
274
274
274
274
274
274
274
274
274
274
274
274
274
274
274
274
274
274
274
274
274
274
274
274
274
274
274
274
274
274
274
274
274
274
274
274
274
274
274
274
274
274
274
274
274
274
274
274
274
274
274
274
274
274
274
274
274
274
274
274
274
274
274
274
274
274
274
274
274
274
274
274
274
274
274
274.007
274.443
297.223
674.954
1309.83
1490.97
1514.51
1516.85
1548.3
1646.87
1864.73
2075.21
2118.16
2170.98
2240.03
2252.54
2232.09
2197.32
2131.07
2064.61
274
274
274
274
274
274
274
274
274
274
274
274
274
274
274
274
274
274
274
274
274
274
274
274
274
274
274
274
274
274
274
274
274
274
274
274
274
274
274
274
274
274
274
274
274
274
274
274
274
274
274
274
274
274
274
274
274
274
274
274
274
274
274
274
274
274
274
274
274
274
274
274
274
274
274
274
274
274
274
274
274
274
274
274
274
274
274
274
274
274
274
274
274
274
274
274
274
274
274
274
274
274
274
274
274
274.006
274.394
294.004
651.059
1271.84
1436.04
1464.36
1477
1503.06
1571.46
1739.23
1954.12
2022.38
2050.32
2129.72
2158.56
2157.22
2135.97
2143.91
2112.22
274
274
274
274
274
274
274
274
274
274
274
274
274
274
274
274
274
274
274
274
274
274
274
274
274
274
274
274
274
274
274
274
274
274
274
274
274
274
274
274
274
274
274
274
274
274
274
274
274
274
274
274
274
274
274
274
274
274
274
274
274
274
274
274
274
274
274
274
274
274
274
274
274
274
274
274
274
274
274
274
274
274
274
274
274
274
274
274
274
274
274
274
274
274
274
274
274
274
274
274
274
274
274
274
274
274.005
274.306
289.091
608.452
1221.08
1383.97
1413.6
1440.91
1455.53
1492.72
1592.18
1770.93
1926.47
1987.9
2027.88
2058.89
2095.22
2118.25
2157.57
2152.73
274
274
274
274
274
274
274
274
274
274
274
274
274
274
274
274
274
274
274
274
274
274
274
274
274
274
274
274
274
274
274
274
274
274
274
274
274
274
274
274
274
274
274
274
274
274
274
274
274
274
274
274
274
274
274
274
274
274
274
274
274
274
274
274
274
274
274
274
274
274
274
274
274
274
274
274
274
274
274
274
274
274
274
274
274
274
274
274
274
274
274
274
274
274
274
274
274
274
274
274
274
274
274
274
274
274.003
274.177
282.533
521.419
1116.11
1320.61
1370.59
1410.46
1414.21
1438.18
1500.19
1628.39
1793.44
1885.98
1921.33
1946.08
1992.3
2060.53
2177.73
2199.45
274
274
274
274
274
274
274
274
274
274
274
274
274
274
274
274
274
274
274
274
274
274
274
274
274
274
274
274
274
274
274
274
274
274
274
274
274
274
274
274
274
274
274
274
274
274
274
274
274
274
274
274
274
274
274
274
274
274
274
274
274
274
274
274
274
274
274
274
274
274
274
274
274
274
274
274
274
274
274
274
274
274
274
274
274
274
274
274
274
274
274
274
274
274
274
274
274
274
274
274
274
274
274
274
274
274.002
274.101
278.982
452.525
1029.99
1278.2
1330.33
1363.32
1361.23
1363.99
1388.02
1470.3
1627.47
1760.15
1807.61
1820.87
1801.31
1933.03
2156.64
2254.68
274
274
274
274
274
274
274
274
274
274
274
274
274
274
274
274
274
274
274
274
274
274
274
274
274
274
274
274
274
274
274
274
274
274
274
274
274
274
274
274
274
274
274
274
274
274
274
274
274
274
274
274
274
274
274
274
274
274
274
274
274
274
274
274
274
274
274
274
274
274
274
274
274
274
274
274
274
274
274
274
274
274
274
274
274
274
274
274
274
274
274
274
274
274
274
274
274
274
274
274
274
274
274
274
274
274.001
274.042
276.24
376.364
895.706
1224.92
1314.74
1365.04
1353.49
1348.34
1353.74
1374.7
1464.79
1581.96
1629.61
1644.33
1625.34
1750.22
1908.98
2224.11
274
274
274
274
274
274
274
274
274
274
274
274
274
274
274
274
274
274
274
274
274
274
274
274
274
274
274
274
274
274
274
274
274
274
274
274
274
274
274
274
274
274
274
274
274
274
274
274
274
274
274
274
274
274
274
274
274
274
274
274
274
274
274
274
274
274
274
274
274
274
274
274
274
274
274
274
274
274
274
274
274
274
274
274
274
274
274
274
274
274
274
274
274
274
274
274
274
274
274
274
274
274
274
274
274
274
274.013
274.775
311.734
727.282
1148.2
1268.91
1339.41
1351.2
1329.94
1331.48
1332.72
1400.7
1482.21
1495.22
1437.09
1350.46
1367.61
1451.95
1768.5
274
274
274
274
274
274
274
274
274
274
274
274
274
274
274
274
274
274
274
274
274
274
274
274
274
274
274
274
274
274
274
274
274
274
274
274
274
274
274
274
274
274
274
274
274
274
274
274
274
274
274
274
274
274
274
274
274
274
274
274
274
274
274
274
274
274
274
274
274
274
274
274
274
274
274
274
274
274
274
274
274
274
274
274
274
274
274
274
274
274
274
274
274
274
274
274
274
274
274
274
274
274
274
274
274
274
274.006
274.324
288.272
576.56
1044.92
1203.67
1300.77
1336.95
1311
1295.96
1284.23
1307.7
1345.52
1331.17
1281.95
1237.2
1235.13
1378.46
1663.01
274
274
274
274
274
274
274
274
274
274
274
274
274
274
274
274
274
274
274
274
274
274
274
274
274
274
274
274
274
274
274
274
274
274
274
274
274
274
274
274
274
274
274
274
274
274
274
274
274
274
274
274
274
274
274
274
274
274
274
274
274
274
274
274
274
274
274
274
274
274
274
274
274
274
274
274
274
274
274
274
274
274
274
274
274
274
274
274
274
274
274
274
274
274
274
274
274
274
274
274
274
274
274
274
274
274
274.004
274.201
282.755
504.736
988.709
1159.89
1274.85
1324.4
1305.78
1286.72
1259.47
1272.42
1296.78
1282.82
1218.84
1168.33
1162.12
1285.07
1455.88
274
274
274
274
274
274
274
274
274
274
274
274
274
274
274
274
274
274
274
274
274
274
274
274
274
274
274
274
274
274
274
274
274
274
274
274
274
274
274
274
274
274
274
274
274
274
274
274
274
274
274
274
274
274
274
274
274
274
274
274
274
274
274
274
274
274
274
274
274
274
274
274
274
274
274
274
274
274
274
274
274
274
274
274
274
274
274
274
274
274
274
274
274
274
274
274
274
274
274
274
274
274
274
274
274
274
274.001
274.026
275.57
350.65
821.18
1095.04
1191.64
1248.72
1245.11
1198.13
1110.39
1061.25
1044.62
1028.19
993.326
949.57
918.958
1032.62
1213.86
274
274
274
274
274
274
274
274
274
274
274
274
274
274
274
274
274
274
274
274
274
274
274
274
274
274
274
274
274
274
274
274
274
274
274
274
274
274
274
274
274
274
274
274
274
274
274
274
274
274
274
274
274
274
274
274
274
274
274
274
274
274
274
274
274
274
274
274
274
274
274
274
274
274
274
274
274
274
274
274
274
274
274
274
274
274
274
274
274
274
274
274
274
274
274
274
274
274
274
274
274
274
274
274
274
274
274
274
274.045
277.06
401.584
869.617
1078.84
1187.12
1239.26
1229.57
1197.38
1113.57
1048.26
1027.04
1017.45
1017.85
1053.1
1184.01
1255.26
274
274
274
274
274
274
274
274
274
274
274
274
274
274
274
274
274
274
274
274
274
274
274
274
274
274
274
274
274
274
274
274
274
274
274
274
274
274
274
274
274
274
274
274
274
274
274
274
274
274
274
274
274
274
274
274
274
274
274
274
274
274
274
274
274
274
274
274
274
274
274
274
274
274
274
274
274
274
274
274
274
274
274
274
274
274
274
274
274
274
274
274
274
274
274
274
274
274
274
274
274
274
274
274
274
274
274
274
274.001
274.074
278.358
422.812
870.941
1043.74
1133.25
1171.48
1192.87
1218.39
1195.11
1171.12
1192.82
1197.67
1239.02
1309.44
1432.56
274
274
274
274
274
274
274
274
274
274
274
274
274
274
274
274
274
274
274
274
274
274
274
274
274
274
274
274
274
274
274
274
274
274
274
274
274
274
274
274
274
274
274
274
274
274
274
274
274
274
274
274
274
274
274
274
274
274
274
274
274
274
274
274
274
274
274
274
274
274
274
274
274
274
274
274
274
274
274
274
274
274
274
274
274
274
274
274
274
274
274
274
274
274
274
274
274
274
274
274
274
274
274
274
274
274
274
274
274
274.001
274.074
277.878
395.797
799.415
966.83
1026.74
1069.09
1124.79
1139.59
1129.88
1153.88
1168.34
1156.95
1144.35
1038.67
274
274
274
274
274
274
274
274
274
274
274
274
274
274
274
274
274
274
274
274
274
274
274
274
274
274
274
274
274
274
274
274
274
274
274
274
274
274
274
274
274
274
274
274
274
274
274
274
274
274
274
274
274
274
274
274
274
274
274
274
274
274
274
274
274
274
274
274
274
274
274
274
274
274
274
274
274
274
274
274
274
274
274
274
274
274
274
274
274
274
274
274
274
274
274
274
274
274
274
274
274
274
274
274
274
274
274
274
274
274
274.001
274.065
276.38
337.062
621.358
831.252
884.26
902.601
920.531
927.955
915.778
878.472
816.966
721.998
623.355
274
274
274
274
274
274
274
274
274
274
274
274
274
274
274
274
274
274
274
274
274
274
274
274
274
274
274
274
274
274
274
274
274
274
274
274
274
274
274
274
274
274
274
274
274
274
274
274
274
274
274
274
274
274
274
274
274
274
274
274
274
274
274
274
274
274
274
274
274
274
274
274
274
274
274
274
274
274
274
274
274
274
274
274
274
274
274
274
274
274
274
274
274
274
274
274
274
274
274
274
274
274
274
274
274
274
274
274
274
274
274
274.001
274.049
275.115
291.492
411.609
615.384
713.635
730.325
720.083
692.197
648.445
593.944
520.043
460.054
274
274
274
274
274
274
274
274
274
274
274
274
274
274
274
274
274
274
274
274
274
274
274
274
274
274
274
274
274
274
274
274
274
274
274
274
274
274
274
274
274
274
274
274
274
274
274
274
274
274
274
274
274
274
274
274
274
274
274
274
274
274
274
274
274
274
274
274
274
274
274
274
274
274
274
274
274
274
274
274
274
274
274
274
274
274
274
274
274
274
274
274
274
274
274
274
274
274
274
274
274
274
274
274
274
274
274
274
274
274
274
274
274.001
274.028
274.411
277.947
299.174
372.215
467.409
517.134
525.504
507.4
473.327
414.789
373.084
274
274
274
274
274
274
274
274
274
274
274
274
274
274
274
274
274
274
274
274
274
274
274
274
274
274
274
274
274
274
274
274
274
274
274
274
274
274
274
274
274
274
274
274
274
274
274
274
274
274
274
274
274
274
274
274
274
274
274
274
274
274
274
274
274
274
274
274
274
274
274
274
274
274
274
274
274
274
274
274
274
274
274
274
274
274
274
274
274
274
274
274
274
274
274
274
274
274
274
274
274
274
274
274
274
274
274
274
274
274
274
274
274
274
274.011
274.121
274.796
277.517
284.626
294.899
302.728
304.324
300.303
289.795
283.771
274
274
274
274
274
274
274
274
274
274
274
274
274
274
274
274
274
274
274
274
274
274
274
274
274
274
274
274
274
274
274
274
274
274
274
274
274
274
274
274
274
274
274
274
274
274
274
274
274
274
274
274
274
274
274
274
274
274
274
274
274
274
274
274
274
274
274
274
274
274
274
274
274
274
274
274
274
274
274
274
274
274
274
274
274
274
274
274
274
274
274
274
274
274
274
274
274
274
274
274
274
274
274
274
274
274
274
274
274
274
274
274
274
274
274
274.003
274.029
274.137
274.458
275.063
275.775
276.166
276.093
275.458
274.918
274
274
274
274
274
274
274
274
274
274
274
274
274
274
274
274
274
274
274
274
274
274
274
274
274
274
274
274
274
274
274
274
274
274
274
274
274
274
274
274
274
274
274
274
274
274
274
274
274
274
274
274
274
274
274
274
274
274
274
274
274
274
274
274
274
274
274
274
274
274
274
274
274
274
274
274
274
274
274
274
274
274
274
274
274
274
274
274
274
274
274
274
274
274
274
274
274
274
274
274
274
274
274
274
274
274
274
274
274
274
274
274
274
274
274
274
274.001
274.005
274.022
274.057
274.105
274.143
274.15
274.12
274.081
274
274
274
274
274
274
274
274
274
274
274
274
274
274
274
274
274
274
274
274
274
274
274
274
274
274
274
274
274
274
274
274
274
274
274
274
274
274
274
274
274
274
274
274
274
274
274
274
274
274
274
274
274
274
274
274
274
274
274
274
274
274
274
274
274
274
274
274
274
274
274
274
274
274
274
274
274
274
274
274
274
274
274
274
274
274
274
274
274
274
274
274
274
274
274
274
274
274
274
274
274
274
274
274
274
274
274
274
274
274
274
274
274
274
274
274
274
274
274
274.002
274.005
274.008
274.009
274.008
274.005
274
274
274
274
274
274
274
274
274
274
274
274
274
274
274
274
274
274
274
274
274
274
274
274
274
274
274
274
274
274
274
274
274
274
274
274
274
274
274
274
274
274
274
274
274
274
274
274
274
274
274
274
274
274
274
274
274
274
274
274
274
274
274
274
274
274
274
274
274
274
274
274
274
274
274
274
274
274
274
274
274
274
274
274
274
274
274
274
274
274
274
274
274
274
274
274
274
274
274
274
274
274
274
274
274
274
274
274
274
274
274
274
274
274
274
274
274
274
274
274
274
274
274
274
274
274
274
274
274
274
274
274
274
274
274
274
274
274
274
274
274
274
274
274
274
274
274
274
274
274
274
274
274
274
274
274
274
274
274
274
274
274
274
274
274
274
274
274
274
274
274
274
274
274
274
274
274
274
274
274
274
274
274
274
274
274
274
274
274
274
274
274
274
274
274
274
274
274
274
274
274
274
274
274
274
274
274
274
274
274
274
274
274
274
274
274
274
274
274
274
274
274
274
274
274
274
274
274
274
274
274
274
274
274
274
274
274
274
274
274
274
274
274
274
274
274
274
274
274
274
274
274
274
274
274
274
274
274
274
274
274
274
274
274
274
274
274
274
274
274
274
274
274
274
274
274
274
274
274
274
274
274
274
274
274
274
274
274
274
274
274
274
274
274
274
274
274
274
274
274
274
274
274
274
274
274
274
274
274
274
274
274
274
274
274
274
274
274
274
274
274
274
274
274
274
274
274
274
274
274
274
274
274
274
274
274
274
274
274
274
274
274
274
274
274
274
274
274
274
274
274
274
274
274
274
274
274
274
274
274
274
274
274
274
274
274
274
274
274
274
274
274
274
274
274
274
274
274
274
274
274
274
274
274
274
274
274
274
274
274
274
274
274
274
274
274
274
274
274
274
274
274
274
274
274
274
274
274
274
274
274
274
274
274
274
274
274
274
274
274
274
274
274
274
274
274
274
274
274
274
274
274
274
274
274
274
274
274
274
274
274
274
274
274
274
274
274
274
274
274
274
274
274
274
274
274
274
274
274
274
274
274
274
274
274
274
274
274
274
274
274
274
274
274
274
274
274
274
274
274
274
274
274
274
274
274
274
274
274
274
274
274
274
274
274
274
274
274
274
274
274
274
274
274
274
274
274
274
274
274
274
274
274
274
274
274
274
274
274
274
274
274
274
274
274
274
274
274
274
274
274
274
274
274
274
274
274
274
274
274
274
274
274
274
274
274
274
274
274
274
274
274
274
274
274
274
274
274
274
274
274
274
274
274
274
274
274
274
274
274
274
274
274
274
274
274
274
274
274
274
274
274
274
274
274
274
274
274
274
274
274
274
274
274
274
274
274
274
274
274
274
274
274
274
274
274
274
274
274
274
274
274
274
274
274
274
274
274
274
274
274
274
274
274
274
274
274
274
274
274
274
274
274
274
274
274
274
274
274
274
274
274
274
274
274
274
274
274
274
274
274
274
274
274
274
274
274
274
274
274
274
274
274
274
274
274
274
274
274
274
274
274
274
274
274
274
274
274
274
274
274
274
274
274
274
274
274
274
274
274
274
274
274
274
274
274
274
274
274
274
274
274
274
274
274
274
274
274
274
274
274
274
274
274
274
274
274
274
274
274
274
274
274
274
274
274
274
274
274
274
274
274
274
274
274
274
274
274
274
274
274
274
274
274
274
274
274
274
274
274
274
274
274
274
274
274
274
274
274
274
274
274
274
274
274
274
274
274
274
274
274
274
274
274
274
274
274
274
274
274
274
274
274
274
274
274
274
274
274
274
274
274
274
274
274
274
274
274
274
274
274
274
274
274
274
274
274
274
274
274
274
274
274
274
274
274
274
274
274
274
274
274
274
274
274
274
274
274
274
274
274
274
274
274
274
274
274
274
274
274
274
274
274
274
274
274
274
274
274
274
274
274
274
274
274
274
274
274
274
274
274
274
274
274
274
274
274
274
274
274
274
274
274
274
274
274
274
274
274
274
274
274
274
274
274
274
274
274
274
274
274
274
274
274
274
274
274
274
274
274
274
274
274
274
274
274
274
274
274
274
274
274
274
274
274
274
274
274
274
274
274
274
274
274
274
274
274
274
274
274
274
274
274
274
274
274
274
274
274
274
274
274
274
274
274
274
274
274
274
274
274
274
274
274
274
274
274
274
274
274
274
274
274
274
274
274
274
274
274
274
274
274
274
274
274
274
274
274
274
274
274
274
274
274
274
274
274
274
274
274
274
274
274
274
274
274
274
274
274
274
274
274
274
274
274
274
274
274
274
274
274
274
274
274
274
274
274
274
274
274
274
274
274
274
274
274
274
274
274
274
274
274
274
274
274
274
274
274
274
274
274
274
274
274
274
274
274
274
274
274
274
274
274
274
274
274
274
274
274
274
274
274
274
274
274
274
274
274
274
274
274
274
274
274
274
274
274
274
274
274
274
274
274
274
274
274
274
274
274
274
274
274
274
274
274
274
274
274
274
274
274
274
274
274
274
274
274
274
274
274
274
274
274
274
274
274
274
274
274
274
274
274
274
274
274
274
274
274
274
274
274
274
274
274
274
274
274
274
274
274
274
274
274
274
274
274
274
274
274
274
274
274
274
274
274
274
274
274
274
274
274
274
274
274
274
274
274
274
274
274
274
274
274
274
274
274
274
274
274
274
274
274
274
274
274
274
274
274
274
274
274
274
274
274
274
274
274
274
274
274
274
274
274
274
274
274
274
274
274
274
274
274
274
274
274
274
274
274
274
274
274
274
274
274
274
274
274
274
274
274
274
274
274
274
274
274
274
274
274
274
274
274
274
274
274
274
274
274
274
274
274
274
274
274
274
274
274
274
274
274
274
274
274
274
274
274
274
274
274
274
274
274
274
274
274
274
274
274
274
274
274
274
274
274
274
274
274
274
274
274
274
274
274
274
274
274
274
274
274
274
274
274
274
274
274
274
274
274
274
274
274
274
274
274
274
274
274
274
274
274
274
274
274
274
274
274
274
274
274
274
274
274
274
274
274
274
274
274
274
274
274
274
274
274
274
274
274
274
274
274
274
274
274
274
274
274
274
274
274
274
274
274
274
274
274
274
274
274
274
274
274
274
274
274
274
274
274
274
274
274
274
274
274
274
274
274
274
274
274
274
274
274
274
274
274
274
274
274
274
274
274
274
274
274
274
274
274
274
274
274
274
274
274
274
274
274
274
274
274
274
274
274
274
274
274
274
274
274
274
274
274
274
274
274
274
274
274
274
274
274
274
274
274
274
274
274
274
274
274
274
274
274
274
274
274
274
274
274
274
274
274
274
274
274
274
274
274
274
274
274
274
274
274
274
274
274
274
274
274
274
274
274
274
274
274
274
274
274
274
274
274
274
274
274
274
274
274
274
274
274
274
274
274
274
274
274
274
274
274
274
274
274
274
274
274
274
274
274
274
274
274
274
274
274
274
274
274
274
274
274
274
274
274
274
274
274
274
274
274
274
274
274
274
274
274
274
274
274
274
274
274
274
274
274
274
274
274
274
274
274
274
274
274
274
274
274
274
274
274
274
274
274
274
274
274
274
274
274
274
274
274
274
274
274
274
274
274
274
274
274
274
274
274
274
274
274
274
274
274
274
274
274
274
274
274
274
274
274
274
274
274
274
274
274
274
274
274
274
274
274
274
274
274
274
274
274
274
274
274
274
274
274
274
274
274
274
274
274
274
274
274
274
274
274
274
274
274
274
274
274
274
274
274
274
274
274
274
274
274
274
274
274
274
274
274
274
274
274
274
274
274
274
274
274
274
274
274
274
274
274
274
274
274
274
274
274
274
274
274
274
274
274
274
274
274
274
274
274
274
274
274
274
274
274
274
274
274
274
274
274
274
274
274
274
274
274
274
274
274
274
274
274
274
274
274
274
274
274
274
274
274
274
274
274
274
274
274
274
274
274
274
274
274
274
274
274
274
274
274
274
274
274
274
274
274
274
274
274
274
274
274
274
274
274
274
274
274
274
274
274
274
274
274
274
274
274
274
274
274
274
274
274
274
274
274
274
274
274
274
274
274
274
274
274
274
274
274
274
274
274
274
274
274
274
274
274
274
274
274
274
274
274
274
274
274
274
274
274
274
274
274
274
274
274
274
274
274
274
274
274
274
274
274
274
274
274
274
274
274
274
274
274
274
274
274
274
274
274
274
274
274
274
274
274
274
274
274
274
274
274
274
274
274
274
274
274
274
274
274
274
274
274
274
274
274
274
274
274
274
274
274
274
274
274
274
274
274
274
274
274
274
274
274
274
274
274
274
274
274
274
274
274
274
274
274
274
274
274
274
274
274
274
274
274
274
274
274
274
274
274
274
274
274
274
274
274
274
274
274
274
274
274
274
274
274
274
274
274
274
274
274
274
274
274
274
274
274
274
274
274
274
274
274
274
274
274
274
274
274
274
274
274
274
274
274
274
274
274
274
274
274
274
274
274
274
274
274
274
274
274
274
274
274
274
274
274
274
274
274
274
274
274
274
274
274
274
274
274
274
274
274
274
274
274
274
274
274
274
274
274
274
274
274
274
274
274
274
274
274
274
274
274
274
274
274
274
274
274
274
274
274
274
274
274
274
274
274
274
274
274
274
274
274
274
274
274
274
274
274
274
274
274
274
274
274
274
274
274
274
274
274
274
274
274
274
274
274
274
274
274
274
274
274
274
274
274
274
274
274
274
274
274
274
274
274
274
274
274
274
274
274
274
274
274
274
274
274
274
274
274
274
274
274
274
274
274
274
274
274
274
274
274
274
274
274
274
274
274
274
274
274
274
274
274
274
274
274
274
274
274
274
274
274
274
274
274
274
274
274
274
274
274
274
274
274
274
274
274
274
274
274
274
274
274
274
274
274
274
274
274
274
274
274
274
274
274
274
274
274
274
274
274
274
274
274
274
274
274
274
274
274
274
274
274
274
274
274
274
274
274
274
274
274
274
274
274
274
274
274
274
274
274
274
274
274
274
274
274
274
274
274
274
274
274
274
274
274
274
274
274
274
274
274
274
274
274
274
274
274
274
274
274
274
274
274
274
274
274
274
274
274
274
274
274
274
274
274
274
274
274
274.001
274.001
274.001
274.001
274.001
274.001
274.001
274.001
274.001
274.001
274.001
274.001
274.001
274.001
274.001
274.001
274.001
274.001
274.001
274.001
274.001
274.001
274.001
274.001
274.001
274.001
274.001
274.001
274.001
274.001
274.001
274.001
274.001
274.001
274.001
274.001
274.001
274.001
274.001
274.001
274.001
274.001
274.001
274.001
274.001
274.001
274.001
274.001
274.001
274.001
274.001
274.001
274.001
274.001
274.001
274.001
274.001
274.001
274.001
274.001
274.001
274.001
274.001
274.001
274.001
274.001
274.001
274.001
274.001
274.001
274.001
274.001
274.001
274.001
274.001
274.001
274.001
274.001
274.001
274.001
274.001
274.001
274.001
274.001
274.001
274.001
274.001
274.001
274.001
274.001
274.001
274.001
274.001
274.001
274.001
274.001
274.001
274.001
274.001
274.001
274.001
274.001
274.001
274.001
274.001
274.001
274.001
274.001
274.001
274.001
274.001
274.001
274.001
274.001
274.001
274.001
274.001
274.001
274.001
274.001
274.001
274.001
274.001
274.001
274.001
)
;

boundaryField
{
    wall
    {
        type            zeroGradient;
    }
    inlet
    {
        type            fixedValue;
        value           uniform 3673;
    }
    outlet-1
    {
        type            inletOutlet;
        inletValue      uniform 274;
        value           uniform 274;
    }
    outlet-2
    {
        type            inletOutlet;
        inletValue      uniform 274;
        value           nonuniform List<scalar> 
89
(
274.001
274
274
274
274
274
274
274
274
274
274
274
274
274
274
274
274
274
274
274
274
274
274
274
274
274
274
274
274
274
274
274
274
274
274
274
274
274
274
274
274
274
274
274
274
274
274
274
274
274
274
274
274
274
274
274
274
274
274
274
274
274
274
274
274
274
274
274
274
274
274
274
274
274
274
274
274
274
274
274
274
274
274
274
274
274
274
274
274.001
)
;
    }
    frontAndBackPlanes
    {
        type            empty;
    }
}


// ************************************************************************* //
