/*--------------------------------*- C++ -*----------------------------------*\
| =========                 |                                                 |
| \\      /  F ield         | OpenFOAM: The Open Source CFD Toolbox           |
|  \\    /   O peration     | Version:  2112                                  |
|   \\  /    A nd           | Website:  www.openfoam.com                      |
|    \\/     M anipulation  |                                                 |
\*---------------------------------------------------------------------------*/
FoamFile
{
    version     2.0;
    format      ascii;
    arch        "LSB;label=32;scalar=64";
    class       volScalarField;
    location    "0.00149";
    object      T;
}
// * * * * * * * * * * * * * * * * * * * * * * * * * * * * * * * * * * * * * //

dimensions      [0 0 0 1 0 0 0];

internalField   nonuniform List<scalar> 
13875
(
1411.73
1534.91
1482.7
1486.73
1481.1
1483.45
1483.51
1483.08
1483.79
1483.64
1484.66
1483.42
1483.8
1483.63
1483.32
1483.8
1483.12
1483.74
1482.49
1483.45
1481.28
1487.22
1480.7
1533.25
1397.97
1306.97
1356.03
1319.12
1322.04
1316.67
1317.13
1317.18
1317.8
1322.33
1323.28
1323.5
1317.81
1317.42
1317.37
1317.82
1322.5
1322.81
1322.4
1317.64
1317.16
1316.12
1321.79
1319.65
1356.37
1302.67
1307.06
1339.62
1314.67
1311.11
1304
1304.31
1303.77
1303.41
1303.24
1304.4
1304.64
1304.04
1303.94
1304.08
1304.42
1304.93
1305.5
1303.54
1303.75
1304.67
1303.96
1310.69
1311.52
1336.12
1296.89
1317.18
1345.01
1315.14
1308.76
1305.16
1304.81
1303.98
1303.56
1303
1302.78
1303.6
1304.16
1304.15
1304.21
1304.26
1304.33
1304.02
1303.34
1303.94
1304.96
1304.55
1307.6
1314.02
1343.66
1312.01
1329.36
1341.73
1316.18
1311.73
1303.55
1304.15
1303.97
1303.45
1303.12
1302.92
1303.86
1304.38
1304.38
1304.26
1304.46
1304.63
1304.34
1303.4
1303.78
1304.77
1303.67
1311.35
1312.17
1338.6
1316.43
1332.2
1351.56
1319.45
1310.06
1307.11
1306.26
1304.97
1304.19
1303.57
1303.26
1303.96
1304.75
1304.89
1304.83
1304.81
1304.76
1304.6
1303.87
1304.81
1306.45
1306.53
1308.47
1319.06
1349.16
1326.59
1339.22
1360.54
1329.74
1317.08
1307.19
1306.48
1305.55
1304.81
1304.28
1304.11
1304.6
1305.45
1305.77
1305.71
1305.57
1305.41
1305.07
1304.43
1305.3
1306.91
1307.23
1317.1
1326.01
1358.43
1321.81
1361.8
1386.33
1345.9
1322.12
1316.88
1312.5
1309.32
1307.49
1306.45
1305.76
1305.9
1306.93
1307.57
1307.45
1307.06
1306.34
1306.61
1306.71
1308.5
1312.12
1315.65
1320.97
1341.75
1381.38
1350.73
1535.38
1509.13
1389.79
1352.46
1324.35
1317.18
1313.27
1311.06
1309.73
1309.36
1308.91
1310.04
1311.14
1310.97
1310.47
1309.41
1309.57
1309.96
1312.2
1316.59
1322.86
1348.33
1384.59
1508.47
1523.46
1862.83
1590.56
1439.14
1368.91
1346.45
1330.22
1322.73
1319.1
1317.01
1316.74
1315.72
1316.8
1318.41
1318.16
1317.25
1316.24
1316.71
1317.55
1320.53
1328.33
1341.8
1364.66
1428.65
1569.22
1832.54
2522.69
1803.57
1543.03
1446.09
1369.16
1349.96
1340.03
1335.11
1332.71
1332.26
1331.17
1331.71
1333.82
1333.48
1332.41
1331.55
1332.3
1333.58
1336.93
1346.86
1362.86
1430.71
1517.32
1811.26
2449.92
2891.39
2312.61
2130.92
1537.92
1449.56
1414.06
1385.44
1376.92
1371.12
1369.73
1368.54
1367.92
1370.62
1369.84
1368.93
1368.73
1370.14
1374.24
1380.23
1407.25
1432.15
1492.31
1765.44
2313.4
2852.64
2851.87
2777.03
2653.75
2392.2
1654.74
1553.76
1526.26
1506.13
1495.82
1492.39
1491.44
1488.11
1493.23
1489.49
1489.63
1490.17
1493.48
1502.18
1518.01
1546.68
1661.59
2375.12
2432.32
2719.17
2791.58
2770.81
2755.03
2865.05
2858.81
2228.9
2256.54
2054.39
1961.81
1926
1876.02
1901.82
1854.16
1895.58
1865.97
1875.73
1877.86
1895.21
1944.38
2050.89
2208.83
2153.36
2865.86
2874.94
2739.84
2713.9
2654.45
2747.55
2870.21
2856.63
2886.09
3187.67
3444.96
3449.9
3703.77
3575.17
3687.42
3620.15
3664.14
3634.74
3664.24
3643.9
3661.24
3558.1
3468.56
3200.74
2916.39
2874.18
2863.88
2698.13
2677.85
2539.84
2678.3
2892.52
2989.05
2999.58
3335.16
3594.4
3682.05
3694.15
3668.42
3618.37
3638.16
3589.07
3631.66
3627.12
3649.94
3674.83
3718.43
3648.64
3461.06
3058.12
2979.64
2897.92
2696.69
2592.54
2487.13
2615.94
2752.31
2955.1
3040.43
3346.14
3570.41
3668.49
3668.36
3650.77
3610.78
3621.17
3592.34
3617.36
3613.13
3633.09
3660.72
3706.29
3633.38
3462.64
3116.47
3015.66
2810.04
2606.34
2510.53
2308.88
2600.84
2856.11
2952.23
2957
3203.04
3366.05
3457.05
3498.3
3500.43
3503.15
3499.25
3501.25
3502.21
3503.77
3505.36
3495.31
3483
3405.78
3241.13
3025.26
3023.67
2860.73
2607.09
2337.69
2226.8
2319.56
2622.45
2772.3
2740.25
2871.26
3118.13
3294.26
3384.53
3406.05
3410.26
3408.47
3412.14
3412.94
3412.93
3414.27
3413.62
3377.38
3195.54
2928.24
2784.82
2841.57
2679.58
2358.68
2267.53
2314.33
2257.05
2366.23
2545.64
2562.89
2630.23
2840.73
3080.61
3235.62
3297.79
3315.12
3318.65
3321.67
3324.41
3323.23
3316.44
3285.43
3154.39
2885.42
2672.74
2603.58
2589.83
2365.79
2268.44
2363.71
2874.15
2248.48
2187.55
2342.15
2405.38
2477.82
2664.82
2908.41
3096.13
3188.02
3212.77
3219.85
3225.41
3224.33
3218.28
3207.38
3137.32
2950.73
2688.53
2508.72
2429.22
2356.39
2174.89
2222.3
2796.31
2827.31
2042.61
1994.4
2186.67
2277.37
2368.46
2531.03
2755.21
2950.1
3069.59
3113.47
3121.4
3124.2
3124
3116.97
3082.06
2975.64
2774.51
2540.67
2395.14
2294.53
2187.39
1997.38
2037.91
2841.66
2853.91
2047.44
1889.37
2066.9
2180.32
2282.37
2419.64
2631.34
2828.52
2952.83
2997.77
3012.79
3017.59
3013.51
2997.78
2961.49
2847.52
2642.12
2430.81
2308.59
2193
2067.54
1875.45
2045.11
2946.08
2802.82
2030.16
1880.34
2012.45
2099.55
2198.26
2329.08
2524.29
2711.74
2844.85
2899.61
2909.47
2912.47
2908.74
2896.72
2849.09
2726.81
2529.95
2328.21
2214.01
2114.51
2012.89
1860.22
2007.36
2767.43
2745.25
2029.86
1907.87
1980
2038.03
2118.45
2241.78
2440.54
2620.6
2739.3
2787.33
2803.89
2808
2803.94
2783.74
2740.79
2625.73
2433.98
2239.84
2133.8
2056.37
1984.02
1880.83
2023.1
2759.22
2721.84
2053.62
1924.64
1962.41
1985.99
2051.39
2173.85
2354.26
2521.93
2643.53
2697.18
2705.44
2708.85
2704.21
2692.62
2645.18
2531.2
2352.98
2166.62
2062.95
2007.03
1977.37
1908.77
2024.48
2708.94
2683.56
2074.45
1947.29
1957.99
1945.35
1993.24
2109.76
2292.69
2450.31
2550.38
2591.16
2607.62
2611.54
2608.96
2588.49
2550.94
2454.45
2285.91
2105.32
2002.77
1964.95
1971.78
1934.97
2056.21
2687.99
2680.83
2133.08
1991.63
1949.78
1915.16
1952.08
2067.78
2228.85
2367.91
2467.34
2515.05
2517.82
2522.68
2516.03
2507.76
2466.88
2373.2
2222.59
2055.03
1959.47
1933.24
1971.88
1974.76
2116.51
2681.04
2705
2146.61
1993.35
1939.93
1898.08
1915.25
2017.19
2174.9
2305.33
2385.36
2416.93
2431.38
2435.82
2434.14
2417.29
2387.67
2313.52
2174.37
2013.84
1924.1
1918.98
1957.24
1992.79
2102.99
2671.51
2746.86
2166.3
2007.5
1937.84
1881.58
1898.31
1996.47
2130.72
2236.95
2312.18
2352.69
2351.87
2357.38
2349.4
2344.14
2311.59
2244.19
2128.7
1984.47
1900.66
1894.87
1953.94
1999.2
2148.01
2717.82
2720.94
2168.14
1999.05
1939.29
1865.47
1882.61
1965.64
2090.1
2187.76
2245.39
2268.61
2276.96
2280.8
2279.29
2267.37
2244.98
2190.95
2085.45
1955.89
1880.02
1878.07
1951.01
2010.6
2148.82
2730
2717.61
2184.74
2028.76
1941.22
1849.86
1867.56
1950
2058.56
2131.43
2179.4
2208.07
2206.99
2213.61
2205.62
2200.97
2178.11
2137.87
2059.19
1939.72
1866.52
1861.72
1945.85
2016.7
2167.46
2711.07
2696.52
2181.19
2046.86
1930.11
1849.45
1858.9
1928.69
2018.99
2085.53
2125.49
2145.48
2146.12
2147.5
2143.98
2140.3
2123.91
2087.43
2014.54
1917.62
1851.04
1855.45
1941.72
2036.68
2159.89
2710.09
2675.4
2175.26
2097.45
1953.19
1845.54
1843.96
1920.52
1999.25
2048.81
2072.13
2082.54
2082.64
2090.18
2083.36
2075.94
2066.03
2046.79
1995.65
1906.08
1835.37
1851.31
1948.56
2072.66
2158.97
2687.33
2662.13
2184.52
2113.21
1939.04
1860.29
1838.99
1897.44
1961.91
2000.48
2022.95
2043.73
2033.7
2034.22
2031.23
2036.3
2022.01
1996.75
1955.68
1886.49
1828.19
1860.98
1943.13
2118.4
2155.27
2661.88
2635.6
2171.65
2115.6
1970.36
1870.2
1835.29
1890.63
1945.92
1975.05
1984.32
1980.24
1980.2
1986.03
1979.24
1973.85
1975.99
1970.78
1940.7
1873.74
1824.02
1871.7
1973.91
2120.86
2164.81
2637.15
2605.99
2156.43
2112.56
1985.17
1883.38
1840.93
1876.59
1913.23
1929.27
1935.64
1953.69
1938.49
1939.85
1937.56
1947.07
1934.03
1921.66
1903.3
1857.5
1823.57
1880.24
1996.28
2122.51
2159.54
2612.98
2587.37
2145.35
2100.8
2047.3
1906.27
1854.44
1871.42
1897.22
1908.53
1908.28
1899.99
1896.57
1900.56
1894.56
1894.76
1901.17
1906.34
1891.62
1856.94
1845.55
1896.71
2056.53
2111.39
2145.08
2591.13
2571.98
2138.16
2097.16
2037.36
1926.12
1872.26
1871.75
1872.11
1863.54
1863.29
1878.65
1861.78
1861.56
1860.14
1872.24
1860.76
1857.99
1867.15
1860.27
1859.51
1929.2
2053.31
2111.9
2131.4
2591.48
2549.18
2118.63
2067.69
2037.38
1965.61
1891.39
1889.04
1862.91
1857.42
1843.41
1829.91
1824.23
1829.45
1823.19
1825.32
1838.32
1855.81
1861.7
1873.55
1876.73
1964.48
2048.36
2077.36
2125.03
2579.96
2540.88
2114.47
2042.22
2030.65
2027.3
1921.46
1898.28
1848.3
1815.78
1803.82
1816.09
1797.02
1795.67
1795.51
1810.57
1799.11
1814.07
1853.11
1908.31
1910.5
2040.53
2044.2
2044.53
2107.28
2570.49
2517.14
2102.14
2008.74
2015.34
2022.7
1950.29
1912.42
1859.94
1826.48
1794.66
1772.38
1763.46
1768.28
1764.27
1770.36
1792.1
1823.85
1859.98
1915.25
1945.79
2033.69
2027.63
2015.07
2106.73
2553.14
2497.65
2100.58
1997.44
1989.26
2020.83
2011.13
1930.47
1866.82
1798.45
1759.06
1766.54
1742.86
1740.87
1739.05
1762.56
1756.45
1789.56
1874.38
1948.5
2010.65
2026.27
1997.98
1997.33
2105.08
2536.9
2463.04
2091.8
1978.93
1955.7
1995.57
2036.35
1946.98
1878.09
1816.31
1775.47
1730.41
1716.43
1719.46
1721.51
1729.86
1775.03
1810.47
1874.02
1976.03
2056.76
2002.01
1963.63
1977.94
2087.98
2499.74
2449.63
2085.06
1966.75
1928.59
1972.72
2023.06
2007.25
1900.31
1805.15
1739.64
1738.37
1705.9
1701.1
1698.42
1734.49
1738.13
1805.58
1908.19
2057.57
2049.6
1974.67
1940.02
1962.49
2084.49
2471.22
2415.78
2062.54
1961.96
1907.16
1930.86
2004.45
2082.46
1950
1833.64
1783.36
1718.52
1691.54
1684.55
1697.98
1712.69
1783.32
1830.78
1934.1
2095.71
2019.45
1935.43
1916.59
1955.55
2069.98
2442.73
2402.66
2062.55
1947.82
1886.51
1905.92
1982.2
2059.38
2033.17
1847.66
1742.74
1732.94
1693.62
1685.16
1687.17
1736.58
1740.04
1849.15
2026
2075.8
1993.97
1914.5
1894.3
1939.83
2060.25
2426.76
2368.98
2041.07
1950.76
1888.66
1882.16
1945.82
2046.39
2068.49
1901.53
1803.9
1728.68
1698.1
1687.11
1697.64
1720.24
1811.19
1919.46
2072.8
2057.98
1948.78
1887.5
1899.61
1942.96
2045.92
2379.49
2343.27
2031.65
1929.97
1870.49
1874.65
1915.17
2016.6
2059.44
2000.32
1779.14
1747.95
1695.36
1691.84
1697.77
1752.41
1774.17
2024.24
2059.68
2024.21
1912.08
1873.31
1870.74
1927.16
2035.5
2356.05
2216.98
1988.12
1917.26
1877.49
1859.21
1886.35
1984.52
2041.95
2039.27
1890.73
1767.39
1725.13
1703.61
1721.02
1767.2
1901.01
2044.38
2042.1
1984.19
1885.28
1855.89
1880.39
1913.36
1993.45
2220.92
273.936
274.039
274.068
274.067
274.045
274.11
274.234
274.296
274.299
274.238
274.155
274.086
274.042
274.019
274.008
274.003
274.001
274
274
274
273.999
273.999
273.999
274
273.999
274.001
273.995
274.003
273.989
274.011
274.18
274.288
274.301
274.285
274.237
274.283
274.403
274.442
274.42
274.327
274.212
274.118
274.058
274.026
274.011
274.004
274.001
274
274
274
273.999
273.999
273.999
273.999
273.999
274
273.994
274.004
273.987
274.017
274.303
274.415
274.415
274.354
274.261
274.3
274.434
274.479
274.465
274.364
274.237
274.132
274.065
274.03
274.012
274.005
274.002
274
274
273.999
273.999
273.999
273.999
273.999
273.999
274
273.995
274.003
273.992
274.012
274.302
274.452
274.445
274.337
274.227
274.292
274.435
274.508
274.502
274.393
274.256
274.143
274.071
274.032
274.013
274.005
274.002
274
274
273.999
273.999
273.999
273.999
273.999
273.999
274
273.997
274.002
273.995
274.008
274.274
274.466
274.449
274.297
274.19
274.292
274.45
274.536
274.533
274.414
274.27
274.15
274.074
274.033
274.014
274.005
274.002
274
274
273.999
273.999
273.999
274
274
274
274
273.998
274.002
273.997
274.006
274.248
274.468
274.427
274.26
274.165
274.297
274.478
274.562
274.556
274.426
274.277
274.153
274.075
274.034
274.014
274.005
274.002
274
274
273.999
273.999
273.999
274
274
274
274
273.999
274.001
273.999
274.004
274.222
274.474
274.41
274.233
274.159
274.301
274.506
274.584
274.569
274.428
274.277
274.153
274.075
274.033
274.013
274.005
274.002
274
274
273.999
273.999
273.999
274
274
274
274
273.999
274.001
273.999
274.004
274.21
274.495
274.418
274.232
274.176
274.347
274.534
274.594
274.572
274.425
274.275
274.152
274.074
274.033
274.013
274.005
274.001
274
274
273.999
273.999
273.999
274
274
274
274
274
274
274
274.003
274.225
274.529
274.468
274.284
274.245
274.432
274.572
274.606
274.572
274.419
274.271
274.149
274.073
274.032
274.013
274.004
274.001
274
274
274
273.999
273.999
274
274
274
274
274
274
274
274.003
274.292
274.634
274.654
274.504
274.472
274.631
274.672
274.643
274.575
274.407
274.263
274.145
274.071
274.031
274.012
274.004
274.001
274
274
274
273.999
273.999
274
274
274
274
274
274
274
274.002
274.496
274.977
275.186
275.191
275.227
275.193
274.973
274.773
274.606
274.397
274.252
274.138
274.067
274.029
274.011
274.004
274.001
274
274
274
273.999
273.999
274
274
274
274
274
274
274
274.002
275.09
275.943
276.678
277.354
277.586
277.129
276.04
275.22
274.749
274.43
274.248
274.13
274.062
274.026
274.01
274.003
274.001
274
274
274
274
273.999
274
274
274
274
274.001
274
274
274.001
276.823
278.61
280.355
282.705
283.945
283.252
280.256
277.066
275.334
274.584
274.285
274.13
274.058
274.024
274.009
274.003
274.001
274
274
274
274
274
273.999
274
274
274
274.001
274.001
274.001
274.002
280.983
284.574
289.107
295.725
301.168
302.96
296.286
284.363
277.954
275.246
274.439
274.163
274.063
274.023
274.008
274.003
274.001
274
274
274
274
274
274
274
274
274
274.001
274.001
274.001
274.002
291.48
294.548
295.518
298.722
305.166
312.285
318.327
313.563
288.456
278.249
275.083
274.3
274.088
274.027
274.008
274.002
274.001
274
274
274
274
274
274
274
274
274
274.001
274.001
274
274.001
296.186
295.621
295.686
298.279
304.852
312.391
319.878
326.491
325.292
290.737
277.881
274.831
274.193
274.045
274.011
274.003
274.001
274
274
274
274
274
274
274
274
274
274
274.001
274.001
274.002
295.305
294.5
294.417
295.111
300.767
310.67
319.88
327.346
333.934
330.988
289.163
276.969
274.569
274.113
274.021
274.004
274.001
274
274
274
274
274
274
274
274
274
274
274.001
274.001
274.002
292.34
291.599
290.917
290.83
294.209
304.968
317.429
327.545
335.054
341.062
328.053
285.15
275.943
274.343
274.06
274.009
274.001
274
274
274
274
274
274
274
274
274
274
274
274
274.001
285.169
286.091
286.133
287.144
289.512
298.244
312.35
325.502
335.872
343.388
347.622
317.857
280.991
275.12
274.183
274.028
274.004
274
274
274
274
274
274
274
274
274
274
274
274
274.001
281.222
282.48
284.098
286.643
289.217
295.395
310.313
322.862
335.861
344.754
352.358
350.7
299.436
277.733
274.565
274.087
274.012
274.001
274
274
274
274
274
274
274
274
274
274
274
274.002
275.082
280.154
283.698
290.657
297.292
297.14
311.943
323.19
335.877
346.476
354.351
356.513
341.083
285.767
275.75
274.25
274.036
274.004
274
274
274
274
274
274
274
274
274
274
274
274.002
268.54
282.66
292.133
309.961
326.379
321.666
325.195
334.117
340.995
348.916
357.235
362.179
362.054
315.048
279.24
274.714
274.098
274.013
274.001
274
274
274
274
274
274
274
274
274
274
274.002
283.298
298.506
330.38
384.527
415.595
393.462
369.545
363.376
356.761
356.9
361.279
368.012
368.521
355.552
288.439
275.994
274.258
274.034
274.004
274
274
274
274
274
274
274
274
274
274
274.002
239.617
328.81
457.27
608.916
653.721
551.028
456.185
417.006
388.441
375.075
372.994
375.784
375.324
375.034
320.032
279.219
274.646
274.082
274.01
274.001
274
274
274
274
274
274
274
274
274
274.002
281.365
479.424
786.373
994.171
992.414
759.346
582.363
497.42
438.316
405.645
391.059
387.056
384.743
383.144
359.236
286.316
275.57
274.191
274.023
274.002
274
274
274
274
274
274
274
274
274
274.002
274.011
273.989
274.003
273.995
274.001
273.999
274
273.999
273.999
273.999
274
274
274
274.001
274.003
274.008
274.019
274.042
274.086
274.155
274.238
274.299
274.296
274.234
274.11
274.044
274.067
274.068
274.039
273.936
274.017
273.987
274.004
273.994
274
273.999
273.999
273.999
273.999
273.999
274
274
274
274.001
274.004
274.011
274.026
274.058
274.118
274.212
274.327
274.42
274.442
274.403
274.282
274.237
274.285
274.301
274.288
274.18
274.012
273.992
274.003
273.995
274
273.999
273.999
273.999
273.999
273.999
273.999
274
274
274.002
274.005
274.012
274.03
274.065
274.132
274.237
274.364
274.464
274.479
274.434
274.3
274.261
274.354
274.415
274.415
274.303
274.008
273.995
274.002
273.997
274
273.999
273.999
273.999
273.999
273.999
273.999
274
274
274.002
274.005
274.013
274.032
274.071
274.143
274.256
274.393
274.501
274.508
274.435
274.292
274.227
274.337
274.445
274.452
274.303
274.006
273.997
274.002
273.998
274
274
274
274
273.999
273.999
273.999
274
274
274.002
274.005
274.014
274.033
274.074
274.15
274.27
274.414
274.533
274.536
274.45
274.292
274.19
274.297
274.449
274.466
274.274
274.004
273.999
274.001
273.999
274
274
274
274
273.999
273.999
273.999
274
274
274.002
274.005
274.014
274.034
274.075
274.153
274.276
274.426
274.556
274.562
274.478
274.297
274.165
274.26
274.427
274.468
274.248
274.004
273.999
274.001
273.999
274
274
274
274
273.999
273.999
273.999
274
274
274.002
274.005
274.013
274.033
274.075
274.153
274.277
274.428
274.569
274.583
274.506
274.301
274.159
274.233
274.41
274.474
274.222
274.003
274
274
274
274
274
274
274
273.999
273.999
273.999
274
274
274.001
274.005
274.013
274.033
274.074
274.152
274.275
274.425
274.572
274.594
274.534
274.347
274.176
274.232
274.418
274.495
274.21
274.003
274
274
274
274
274
274
274
273.999
273.999
274
274
274
274.001
274.004
274.013
274.032
274.073
274.149
274.271
274.419
274.572
274.605
274.572
274.432
274.244
274.283
274.468
274.529
274.225
274.002
274
274
274
274
274
274
274
273.999
273.999
274
274
274
274.001
274.004
274.012
274.031
274.071
274.145
274.263
274.407
274.575
274.643
274.672
274.631
274.472
274.504
274.655
274.634
274.292
274.002
274
274
274
274
274
274
274
273.999
273.999
274
274
274
274.001
274.004
274.011
274.029
274.067
274.138
274.252
274.397
274.606
274.773
274.973
275.193
275.226
275.191
275.186
274.976
274.497
274.001
274
274
274.001
274
274
274
274
273.999
274
274
274
274
274.001
274.003
274.01
274.026
274.062
274.13
274.248
274.43
274.749
275.219
276.038
277.125
277.582
277.352
276.678
275.941
275.089
274.002
274.001
274.001
274.001
274
274
274
273.999
274
274
274
274
274
274.001
274.003
274.009
274.024
274.058
274.13
274.285
274.584
275.332
277.059
280.241
283.235
283.93
282.698
280.35
278.606
276.819
274.002
274.001
274.001
274.001
274
274
274
274
274
274
274
274
274
274.001
274.003
274.008
274.023
274.063
274.163
274.439
275.244
277.941
284.328
296.203
302.889
301.117
295.698
289.087
284.556
280.971
274.001
274
274.001
274.001
274
274
274
274
274
274
274
274
274
274.001
274.002
274.008
274.027
274.088
274.299
275.08
278.231
288.387
313.418
318.237
312.219
305.12
298.692
295.484
294.516
291.439
274.002
274.001
274.001
274
274
274
274
274
274
274
274
274
274
274.001
274.003
274.011
274.045
274.193
274.829
277.862
290.631
325.103
326.379
319.793
312.323
304.806
298.243
295.651
295.59
296.153
274.002
274.001
274.001
274
274
274
274
274
274
274
274
274
274
274.001
274.004
274.021
274.113
274.567
276.955
289.063
330.751
333.794
327.234
319.791
310.597
300.734
295.069
294.379
294.468
295.272
274.001
274
274
274
274
274
274
274
274
274
274
274
274
274.001
274.009
274.06
274.342
275.933
285.08
327.759
340.904
334.923
327.433
317.345
304.902
294.191
290.79
290.88
291.562
292.313
274.001
274
274
274
274
274
274
274
274
274
274
274
274
274.004
274.028
274.183
275.115
280.949
317.539
347.438
343.241
335.738
325.394
312.259
298.143
289.457
287.088
286.091
286.051
285.113
274.002
274
274
274
274
274
274
274
274
274
274
274
274.001
274.011
274.087
274.563
277.715
299.249
350.498
352.185
344.595
335.727
322.726
310.201
295.242
289.094
286.552
284.003
282.412
281.135
274.002
274
274
274
274
274
274
274
274
274
274
274
274.004
274.036
274.25
275.743
285.698
340.771
356.324
354.182
346.312
335.716
322.989
311.73
296.822
296.978
290.461
283.561
279.981
275.129
274.002
274
274
274
274
274
274
274
274
274
274
274.001
274.013
274.098
274.713
279.216
314.79
361.83
361.977
357.051
348.705
340.693
333.625
324.609
320.924
325.673
309.533
291.818
282.449
268.54
274.002
274
274
274
274
274
274
274
274
274
274
274.004
274.034
274.257
275.989
288.38
355.259
368.288
367.779
361.011
356.535
356.235
362.334
367.999
391.292
413.785
383.166
329.687
298.015
282.777
274.002
274
274
274
274
274
274
274
274
274
274.001
274.01
274.082
274.645
279.202
319.795
374.768
375.06
375.49
372.601
374.395
387.292
414.852
453.05
544.956
649.454
604.293
455.888
328.734
240.115
274.002
274
274
274
274
274
274
274
274
274
274.002
274.023
274.191
275.568
286.278
358.95
382.862
384.43
386.664
390.478
404.58
436.419
493.764
577.196
747.778
981.409
985.302
788.756
480.465
281.5
274.002
274.002
274.002
274.002
274.002
274.002
274.002
274.002
274.002
274.002
274.002
274.002
274.002
274.002
274.002
274.002
274.002
274.002
274.002
274.002
274.002
274.002
274.002
274.002
274.002
274.002
274.002
274.002
274.002
274.002
274.002
274.002
274.002
274.002
274.002
274.002
274.002
274.002
274.002
274.002
274.002
274.002
274.002
274.002
274.002
274.002
274.002
274.002
274.002
274.002
274.002
274.002
274.002
274.002
274.002
274.002
274.002
274.002
274.002
274.002
274.002
274.002
274.002
274.002
274.002
274.002
274.002
274.002
274.002
274.002
274.002
274.002
274.002
274.002
274.002
274.002
274.002
274.002
274.002
274.002
274.002
274.002
274.002
274.002
274.002
274.002
274.002
274.002
274.002
274.002
274.002
274.002
274.002
274.002
274.002
274.002
274.002
274.002
274.002
274.002
274.002
274.002
274.002
274.002
274.002
274.002
274.002
274.002
274.002
274.002
274.002
274.002
274.002
274.002
274.002
274.002
274.002
274.002
274.002
274.002
274.002
274.002
274.002
274.002
274.002
274
274
274
274
274
274
274
274
274
274
274
274
274
274
274
274
274
274
274
274
274
274
274
274
274
274
274
274
274
274
274
274
274
274
274
274
274
274
274
274
274
274
274
274
274
274
274
274
274
274
274
274
274
274
274
274
274
274
274
274
274
274
274
274
274
274
274
274
274
274
274
274
274
274
274
274
274
274
274
274
274
274
274
274
274
274
274
274
274
274
274
274
274
274
274
274
274
274
274
274
274
274
274
274
274
274
274
274
274
274
274
274
274
274
274
274
274
274
274
274
274
274
274
274
274
274
274
274
274
274
274
274
274
274
274
274
274
274
274
274
274
274
274
274
274
274
274
274
274
274
274
274
274
274
274
274
274
274
274
274
274
274
274
274
274
274
274
274
274
274
274
274
274
274
274
274
274
274
274
274
274
274
274
274
274
274
274
274
274
274
274
274
274
274
274
274
274
274
274
274
274
274
274
274
274
274
274
274
274
274
274
274
274
274
274
274
274
274
274
274
274
274
274
274
274
274
274
274
274
274
274
274
274
274
274
274
274
274
274
274
274
274
274
274
274
274
274
274
274
274
274
274
274
274
274
274
274
274
274
274
274
274
274
274
274
274
274
274
274
274
274
274
274
274
274
274
274
274
274
274
274
274
274
274
274
274
274
274
274
274
274
274
274
274
274
274
274
274
274
274
274
274
274
274
274
274
274
274
274
274
274
274
274
274
274
274
274
274
274
274
274
274
274
274
274
274
274
274
274
274
274
274
274
274
274
274
274
274
274
274
274
274
274
274
274
274
274
274
274
274
274
274
274
274
274
274
274
274
274
274
274
274
274
274
274
274
274
274
274
274
274
274
274
274
274
274
274
274
274
274
274
274
274
274
274
274
274
274
274
274
274
274
274
274
274
274
274
274
274
274
274
274
274
274
274
274
274
274
274
274
274
274
274
274
274
274
274
274
274
274
274
274
274
274
274
274
274
274
274
274
274
274
274
274
274
274
274
274
274
274
274
274
274
274
274
274
274
274
274
274
274
274
274
274
274
274
274
274
274
274
274
274
274
274
274
274
274
274
274
274
274
274
274
274
274
274
274
274
274
274
274
274
274
274
274
274
274
274
274
274
274
274
274
274
274
274
274
274
274
274
274
274
274
274
274
274
274
274
274
274
274
274
274
274
274
274
274
274
274
274
274
274
274
274
274
274
274
274
274
274
274
274
274
274
274
274
274
274
274
274
274
274
274
274
274
274
274
274
274
274
274
274
274
274
274
274
274
274
274
274
274
274
274
274
274
274
274
274
274
274
274
274
274
274
274
274
274
274
274
274
274
274
274
274
274
274
274
274
274
274
274
274
274
274
274
274
274
274
274
274
274
274
274
274
274
274
274
274
274
274
274
274
274
274
274
274
274
274
274
274
274
274
274
274
274
274
274
274
274
274
274
274
274
274
274
274
274
274
274
274
274
274
274
274
274
274
274
274
274
274
274
274
274
274
274
274
274
274
274
274
274
274
274
274
274
274
274
274
274
274
274
274
274
274
274
274
274
274
274
274
274
274
274
274
274
274
274
274
274
274
274
274
274
274
274
274
274
274
274
274
274
274
274
274
274
274
274
274
274
274
274
274
274
274
274
274
274
274
274
274
274
274
274
274
274
274
274
274
274
274
274
274
274
274
274
274
274
274
274
274
274
274
274
274
274
274
274
274
274
274
274
274
274
274
274
274
274
274
274
274
274
274
274
274
274
274
274
274
274
274
274
274
274
274
274
274
274
274
274
274
274
274
274
274
274
274
274
274
274
274
274
274
274
274
274
274
274
274
274
274
274
274
274
274
274
274
274
274
274
274
274
274
274
274
274
274
274
274
274
274
274
274
274
274
274
274
274
274
274
274
274
274
274
274
274
274
274
274
274
274
274
274
274
274
274
274
274
274
274
274
274
274
274
274
274
274
274
274
274
274
274
274
274
274
274
274
274
274
274
274
274
274
274
274
274
274
274
274
274
274
274
274
274
274
274
274
274
274
274
274
274
274
274
274
274
274
274
274
274
274
274
274
274
274
274
274
274
274
274
274
274
274
274
274
274
274
274
274
274
274
274
274
274
274
274
274
274
274
274
274
274
274
274
274
274
274
274
274
274
274
274
274
274
274
274
274
274
274
274
274
274
274
274
274
274
274
274
274
274
274
274
274
274
274
274
274
274
274
274
274
274
274
274
274
274
274
274
274
274
274
274
274
274
274
274
274
274
274
274
274
274
274
274
274
274
274
274
274
274
274
274
274
274
274
274
274
274
274
274
274
274
274
274
274
274
274
274
274
274
274
274
274
274
274
274
274
274
274
274
274
274
274
274
274
274
274
274
274
274
274
274
274
274
274
274
274
274
274
274
274
274
274
274
274
274
274
274
274
274
274
274
274
274
274
274
274
274
274
274
274
274
274
274
274
274
274
274
274
274
274
274
274
274
274
274
274
274
274
274
274
274
274
274
274
274
274
274
274
274
274
274
274
274
274
274
274
274
274
274
274.001
274.002
274.003
274.004
274.006
274.007
274.008
274.008
274.008
274.007
274.005
274.004
274.002
274.001
274.001
274
274
274
274
274
274
274
274
274
274
274
274
274
274
274
274
274
274
274
274
274
274
274
274
274
274
274
274
274
274
274
274
274
274
274
274
274
274
274
274
274
274
274
274
274
274
274
274
274
274
274
274
274
274
274
274
274
274
274
274
274
274
274
274
274
274
274
274
274
274
274
274
274
274
274
274
274
274
274
274
274
274
274
274
274
274
274
274
274
274
274
274
274
274
274
274
274
274
274
274
274
274
274
274
274
274
274
274.001
274.004
274.011
274.021
274.036
274.053
274.071
274.087
274.099
274.103
274.101
274.092
274.078
274.061
274.045
274.03
274.019
274.01
274.005
274
274
274
274
274
274
274
274
274
274
274
274
274
274
274
274
274
274
274
274
274
274
274
274
274
274
274
274
274
274
274
274
274
274
274
274
274
274
274
274
274
274
274
274
274
274
274
274
274
274
274
274
274
274
274
274
274
274
274
274
274
274
274
274
274
274
274
274
274
274
274
274
274
274
274
274
274
274
274
274
274
274
274
274
274
274
274
274
274
274
274
274
274
274
274
274
274
274
274
274
274
274
274
274.001
274.003
274.013
274.038
274.091
274.191
274.351
274.562
274.799
275.015
275.176
275.247
275.225
275.138
274.971
274.786
274.579
274.412
274.272
274.168
274.097
274.051
274
274
274
274
274
274
274
274
274
274
274
274
274
274
274
274
274
274
274
274
274
274
274
274
274
274
274
274
274
274
274
274
274
274
274
274
274
274
274
274
274
274
274
274
274
274
274
274
274
274
274
274
274
274
274
274
274
274
274
274
274
274
274
274
274
274
274
274
274
274
274
274
274
274
274
274
274
274
274
274
274
274
274
274
274
274
274
274
274
274
274
274
274
274
274
274
274
274
274
274
274
274.001
274.005
274.024
274.089
274.288
274.803
275.904
277.947
281.008
284.762
288.28
290.724
291.698
291.299
289.849
287.888
285.29
282.803
280.196
278.165
276.603
275.513
274.81
274.41
274
274
274
274
274
274
274
274
274
274
274
274
274
274
274
274
274
274
274
274
274
274
274
274
274
274
274
274
274
274
274
274
274
274
274
274
274
274
274
274
274
274
274
274
274
274
274
274
274
274
274
274
274
274
274
274
274
274
274
274
274
274
274
274
274
274
274
274
274
274
274
274
274
274
274
274
274
274
274
274
274
274
274
274
274
274
274
274
274
274
274
274
274
274
274
274
274
274
274
274
274.004
274.027
274.137
274.599
276.232
281.358
294.336
321.629
364.763
412.291
448.865
466.435
469.62
462.761
449.73
432.7
414.825
393.814
372.872
346.575
319.897
297.509
287.438
281.232
277.533
274
274
274
274
274
274
274
274
274
274
274
274
274
274
274
274
274
274
274
274
274
274
274
274
274
274
274
274
274
274
274
274
274
274
274
274
274
274
274
274
274
274
274
274
274
274
274
274
274
274
274
274
274
274
274
274
274
274
274
274
274
274
274
274
274
274
274
274
274
274
274
274
274
274
274
274
274
274
274
274
274
274
274
274
274
274
274
274
274
274
274
274
274
274
274
274
274
274
274.002
274.02
274.131
274.748
277.958
292.012
347.686
448.388
561.526
630.663
657.027
651.861
632.591
608.388
583.466
557.565
533.697
511.574
491.817
473.113
457.105
441.395
426.091
406.588
377.779
342.351
306.236
274
274
274
274
274
274
274
274
274
274
274
274
274
274
274
274
274
274
274
274
274
274
274
274
274
274
274
274
274
274
274
274
274
274
274
274
274
274
274
274
274
274
274
274
274
274
274
274
274
274
274
274
274
274
274
274
274
274
274
274
274
274
274
274
274
274
274
274
274
274
274
274
274
274
274
274
274
274
274
274
274
274
274
274
274
274
274
274
274
274
274
274
274
274
274
274
274
274.009
274.078
274.583
278.139
300.877
408.276
580.691
714.57
766.305
761.44
740.739
715.325
688.547
660.533
632.696
606.735
580.984
557.203
534.187
512.653
491.374
472.623
454.238
439.039
424.498
411.65
399.768
386.546
274
274
274
274
274
274
274
274
274
274
274
274
274
274
274
274
274
274
274
274
274
274
274
274
274
274
274
274
274
274
274
274
274
274
274
274
274
274
274
274
274
274
274
274
274
274
274
274
274
274
274
274
274
274
274
274
274
274
274
274
274
274
274
274
274
274
274
274
274
274
274
274
274
274
274
274
274
274
274
274
274
274
274
274
274
274
274
274
274
274
274
274
274
274
274
274.002
274.028
274.285
276.597
296.997
425.365
650.021
806.613
841.605
826.514
806.738
784.721
762.222
740.489
719.803
698.478
675.369
652.74
626.551
600.197
573.729
547.666
521.734
498.552
474.804
455.053
434.997
418.746
404.294
391.963
274
274
274
274
274
274
274
274
274
274
274
274
274
274
274
274
274
274
274
274
274
274
274
274
274
274
274
274
274
274
274
274
274
274
274
274
274
274
274
274
274
274
274
274
274
274
274
274
274
274
274
274
274
274
274
274
274
274
274
274
274
274
274
274
274
274
274
274
274
274
274
274
274
274
274
274
274
274
274
274
274
274
274
274
274
274
274
274
274
274
274
274
274
274
274.005
274.08
274.948
285.371
390.185
648.643
849.408
888.976
872.521
853.427
837.594
828.079
826.121
825.883
819.548
806.425
784.56
758.44
729.998
696.282
660.773
627.965
595.348
562.674
533.267
503.258
479.031
453.204
432.894
413.659
397.197
274
274
274
274
274
274
274
274
274
274
274
274
274
274
274
274
274
274
274
274
274
274
274
274
274
274
274
274
274
274
274
274
274
274
274
274
274
274
274
274
274
274
274
274
274
274
274
274
274
274
274
274
274
274
274
274
274
274
274
274
274
274
274
274
274
274
274
274
274
274
274
274
274
274
274
274
274
274
274
274
274
274
274
274
274
274
274
274
274
274
274
274
274
274.012
274.2
277.129
322.454
564.445
847.079
925.183
911.505
888.518
872.705
871.692
887.034
917.49
955.781
973.02
971.235
960.347
940.205
913.464
872.972
819.131
766.12
722.658
679.096
634.614
593.136
552.363
519.229
482.798
455.295
426.182
402.886
274
274
274
274
274
274
274
274
274
274
274
274
274
274
274
274
274
274
274
274
274
274
274
274
274
274
274
274
274
274
274
274
274
274
274
274
274
274
274
274
274
274
274
274
274
274
274
274
274
274
274
274
274
274
274
274
274
274
274
274
274
274
274
274
274
274
274
274
274
274
274
274
274
274
274
274
274
274
274
274
274
274
274
274
274
274
274
274
274
274
274
274.001
274.022
274.451
283.231
418.125
761.349
946.985
949.115
925.617
906.594
900.548
916.076
963.64
1035.45
1127.68
1212.34
1244.5
1242.04
1220.69
1184.98
1134.37
1070.66
998.558
929.247
873.836
816.854
757.25
696.209
639.008
589.684
536.434
499.41
453.561
417.081
274
274
274
274
274
274
274
274
274
274
274
274
274
274
274
274
274
274
274
274
274
274
274
274
274
274
274
274
274
274
274
274
274
274
274
274
274
274
274
274
274
274
274
274
274
274
274
274
274
274
274
274
274
274
274
274
274
274
274
274
274
274
274
274
274
274
274
274
274
274
274
274
274
274
274
274
274
274
274
274
274
274
274
274
274
274
274
274
274
274
274.001
274.035
274.92
297.228
543.987
901.649
980.227
964.311
941.846
931.295
936.996
973.095
1054.18
1185.79
1340.28
1484.59
1547.33
1532.51
1493.88
1446.34
1399.04
1356.76
1283.62
1207.12
1152.66
1102.66
1039.9
967.024
882.487
801.664
718.65
633.189
577.116
501.669
446.45
274
274
274
274
274
274
274
274
274
274
274
274
274
274
274
274
274
274
274
274
274
274
274
274
274
274
274
274
274
274
274
274
274
274
274
274
274
274
274
274
274
274
274
274
274
274
274
274
274
274
274
274
274
274
274
274
274
274
274
274
274
274
274
274
274
274
274
274
274
274
274
274
274
274
274
274
274
274
274
274
274
274
274
274
274
274
274
274
274
274.001
274.047
275.632
324.215
670.519
975.801
998.17
979.555
964.071
960.758
979.849
1036.62
1150.89
1336.09
1568.21
1693.12
1710.47
1684.66
1637.58
1602.07
1586.11
1576.53
1541.56
1485.19
1449.79
1443.25
1445.98
1405.14
1334.77
1252.2
1125.95
972.521
818.369
717.854
583.891
499.084
274
274
274
274
274
274
274
274
274
274
274
274
274
274
274
274
274
274
274
274
274
274
274
274
274
274
274
274
274
274
274
274
274
274
274
274
274
274
274
274
274
274
274
274
274
274
274
274
274
274
274
274
274
274
274
274
274
274
274
274
274
274
274
274
274
274
274
274
274
274
274
274
274
274
274
274
274
274
274
274
274
274
274
274
274
274
274
274
274.001
274.054
276.392
357.317
772.755
1009.48
1013.52
997.799
990.721
995.75
1026.88
1103.01
1243.52
1459.59
1711.6
1803.16
1808.81
1788.5
1737.53
1703.19
1716.22
1757.63
1800.77
1833.69
1840.13
1850.16
1886.73
1924.07
1917.64
1834.6
1763.09
1625.52
1452.47
1175.39
986.56
730.396
587.341
274
274
274
274
274
274
274
274
274
274
274
274
274
274
274
274
274
274
274
274
274
274
274
274
274
274
274
274
274
274
274
274
274
274
274
274
274
274
274
274
274
274
274
274
274
274
274
274
274
274
274
274
274
274
274
274
274
274
274
274
274
274
274
274
274
274
274
274
274
274
274
274
274
274
274
274
274
274
274
274
274
274
274
274
274
274
274
274.001
274.053
276.783
380.133
836.464
1031.14
1029.7
1020.69
1019.3
1032.44
1074.86
1166.58
1324.7
1550.66
1779.25
1856.7
1858.34
1855.09
1845.82
1842.23
1883.1
1986.32
2055.89
2102.56
2183
2166.87
2125.79
2112.87
2072.44
2003.29
1921.61
1849.94
1734.07
1663.76
1535.3
1393.49
998.34
723.619
274
274
274
274
274
274
274
274
274
274
274
274
274
274
274
274
274
274
274
274
274
274
274
274
274
274
274
274
274
274
274
274
274
274
274
274
274
274
274
274
274
274
274
274
274
274
274
274
274
274
274
274
274
274
274
274
274
274
274
274
274
274
274
274
274
274
274
274
274
274
274
274
274
274
274
274
274
274
274
274
274
274
274
274
274
274
274.001
274.043
276.498
380.211
859.305
1048.99
1044.8
1043.64
1048.88
1069.01
1119.98
1219.94
1386.55
1620.96
1824.15
1884.75
1881.98
1871.8
1871.31
1867.14
1906.6
2043.08
2169.42
2195.86
2181.54
2272.91
2227.6
2072.24
2077.42
2021.88
2011.95
1927.3
1733.72
1648.36
1580.56
1605.44
1451.13
1256.71
989.625
274
274
274
274
274
274
274
274
274
274
274
274
274
274
274
274
274
274
274
274
274
274
274
274
274
274
274
274
274
274
274
274
274
274
274
274
274
274
274
274
274
274
274
274
274
274
274
274
274
274
274
274
274
274
274
274
274
274
274
274
274
274
274
274
274
274
274
274
274
274
274
274
274
274
274
274
274
274
274
274
274
274
274
274
274
274
274.026
275.706
355.19
834.539
1063.45
1059.06
1059.97
1075.46
1105.39
1161.63
1264.05
1431.26
1665.4
1856.12
1909
1904.45
1873.32
1813.54
1757.11
1774.58
1738.13
1925.8
2017.48
1620.68
1457.02
1386.2
1339.19
1344.87
1353.22
1358.05
1422.95
1516.66
1588.08
1605.74
1496.89
1420.44
1398.17
1431.58
1184.09
274
274
274
274
274
274
274
274
274
274
274
274
274
274
274
274
274
274
274
274
274
274
274
274
274
274
274
274
274
274
274
274
274
274
274
274
274
274
274
274
274
274
274
274
274
274
274
274
274
274
274
274
274
274
274
274
274
274
274
274
274
274
274
274
274
274
274
274
274
274
274
274
274
274
274
274
274
274
274
274
274
274
274
274
274
274.013
274.89
318.506
745.634
1063.94
1070.55
1071.15
1095.32
1135.17
1199.28
1295.49
1449.89
1668.21
1856.09
1917.65
1918.67
1883
1792.69
1602.16
1552.5
1494.86
1493.22
1441.38
1443.91
1220.36
1122.43
1096.5
1059.56
1084.46
1123.94
1137.45
1172.9
1252.75
1329.18
1415.23
1440.71
1407.03
1313.98
1374.22
1308.33
274
274
274
274
274
274
274
274
274
274
274
274
274
274
274
274
274
274
274
274
274
274
274
274
274
274
274
274
274
274
274
274
274
274
274
274
274
274
274
274
274
274
274
274
274
274
274
274
274
274
274
274
274
274
274
274
274
274
274
274
274
274
274
274
274
274
274
274
274
274
274
274
274
274
274
274
274
274
274
274
274
274
274
274
274.005
274.364
291.039
603.255
1033.36
1075.51
1079.64
1107.11
1148.52
1194.24
1276.69
1420.18
1621.75
1822.03
1904.59
1918.03
1900.49
1840
1664.5
1530.28
1441.25
1410.46
1413.67
1271.52
1200.23
1124.28
1064.64
1060.09
1090.52
1099.33
1099.99
1122.27
1157.67
1189.22
1272.27
1385.35
1441.15
1479.37
1427.18
1267.98
1227.98
274
274
274
274
274
274
274
274
274
274
274
274
274
274
274
274
274
274
274
274
274
274
274
274
274
274
274
274
274
274
274
274
274
274
274
274
274
274
274
274
274
274
274
274
274
274
274
274
274
274
274
274
274
274
274
274
274
274
274
274
274
274
274
274
274
274
274
274
274
274
274
274
274
274
274
274
274
274
274
274
274
274
274
274.002
274.113
279.899
468.538
953.226
1072.92
1088.03
1114.06
1144.84
1169.38
1214.21
1314.26
1485.77
1721.54
1874.29
1912.61
1914.58
1877.01
1772.04
1607.18
1511.37
1436.58
1405.21
1348.48
1256.64
1183.61
1103.49
1026.46
1008.62
1009.3
1017.3
1058.77
1076.88
1111.73
1167.83
1214.16
1307.75
1417.08
1522.35
1562.6
1370.6
1290.63
274
274
274
274
274
274
274
274
274
274
274
274
274
274
274
274
274
274
274
274
274
274
274
274
274
274
274
274
274
274
274
274
274
274
274
274
274
274
274
274
274
274
274
274
274
274
274
274
274
274
274
274
274
274
274
274
274
274
274
274
274
274
274
274
274
274
274
274
274
274
274
274
274
274
274
274
274
274
274
274
274
274
274.001
274.036
275.962
362.877
843.154
1071.22
1095.01
1124.48
1169.98
1208.29
1242.71
1304.96
1425.07
1614.59
1816.9
1894.78
1906.14
1887.53
1834.54
1647.43
1549.49
1441.99
1410.14
1404.71
1408.3
1408.79
1313.79
1217.28
1174.78
1086.31
1062.13
1056.77
1036.75
1035.15
1061.51
1098.89
1141.62
1183.88
1238.05
1308.42
1456.95
1633.64
1675.17
274
274
274
274
274
274
274
274
274
274
274
274
274
274
274
274
274
274
274
274
274
274
274
274
274
274
274
274
274
274
274
274
274
274
274
274
274
274
274
274
274
274
274
274
274
274
274
274
274
274
274
274
274
274
274
274
274
274
274
274
274
274
274
274
274
274
274
274
274
274
274
274
274
274
274
274
274
274
274
274
274
274
274.005
274.261
284.941
534.703
1002.46
1097.74
1127.82
1166.74
1207.45
1245.76
1299.75
1381.7
1510.03
1698.09
1854.43
1896.49
1897.54
1868.07
1726.8
1658.05
1547.8
1523.34
1517.94
1499.6
1492.27
1470.06
1429.42
1310.37
1261.05
1235.64
1173.1
1184.31
1182.69
1169.62
1173.8
1209.91
1249.68
1321.92
1437.67
1564.58
1660.05
1725.49
1968.59
274
274
274
274
274
274
274
274
274
274
274
274
274
274
274
274
274
274
274
274
274
274
274
274
274
274
274
274
274
274
274
274
274
274
274
274
274
274
274
274
274
274
274
274
274
274
274
274
274
274
274
274
274
274
274
274
274
274
274
274
274
274
274
274
274
274
274
274
274
274
274
274
274
274
274
274
274
274
274
274
274
274
274.01
274.542
296.715
636.343
1048.92
1115.09
1139.36
1174.51
1214.29
1258.04
1319.87
1403.51
1527.99
1711.2
1857.09
1895.33
1895.38
1863.05
1728.53
1668.66
1564.47
1541.1
1531.63
1528.5
1533.12
1516.9
1467.72
1358.31
1292.31
1287.11
1232.25
1220.44
1228.41
1208.61
1206.72
1236.33
1265.67
1329.95
1449.83
1599.37
1755.53
1891.97
2015.42
274
274
274
274
274
274
274
274
274
274
274
274
274
274
274
274
274
274
274
274
274
274
274
274
274
274
274
274
274
274
274
274
274
274
274
274
274
274
274
274
274
274
274
274
274
274
274
274
274
274
274
274
274
274
274
274
274
274
274
274
274
274
274
274
274
274
274
274
274
274
274
274
274
274
274
274
274
274
274
274
274
274.001
274.029
275.49
340.944
796.33
1095.54
1122.81
1138.7
1178.42
1230.68
1282.36
1346.57
1433.37
1561.36
1742.06
1865.74
1894.24
1891.51
1839.49
1733.34
1644.57
1581.73
1576.98
1575.51
1593.16
1591.49
1574.69
1545.4
1463.32
1375.16
1346.84
1313.72
1293.66
1296.77
1285.78
1294.47
1314.3
1319.54
1339.28
1415.86
1511.64
1664.79
1822.06
2042.84
274
274
274
274
274
274
274
274
274
274
274
274
274
274
274
274
274
274
274
274
274
274
274
274
274
274
274
274
274
274
274
274
274
274
274
274
274
274
274
274
274
274
274
274
274
274
274
274
274
274
274
274
274
274
274
274
274
274
274
274
274
274
274
274
274
274
274
274
274
274
274
274
274
274
274
274
274
274
274
274
274
274.002
274.097
278.409
428.991
931.308
1111.19
1138.81
1174.99
1225.6
1268.22
1303.32
1362.89
1460.29
1603.12
1776.7
1871.44
1891.38
1884.42
1805.37
1743.45
1660.8
1603.66
1592.77
1576.34
1573.72
1574.84
1579.4
1575.07
1543.58
1441.08
1392.3
1366.73
1354.57
1340.62
1336.75
1361.16
1401.64
1434.95
1461.85
1524.81
1608.21
1705.08
1817.25
1919.45
274
274
274
274
274
274
274
274
274
274
274
274
274
274
274
274
274
274
274
274
274
274
274
274
274
274
274
274
274
274
274
274
274
274
274
274
274
274
274
274
274
274
274
274
274
274
274
274
274
274
274
274
274
274
274
274
274
274
274
274
274
274
274
274
274
274
274
274
274
274
274
274
274
274
274
274
274
274
274
274
274
274.005
274.298
286.484
552.582
1031.42
1127.62
1152.23
1190.48
1238.33
1277.47
1311.96
1377.01
1482.53
1631.82
1798.61
1874.25
1889.3
1875.4
1779.66
1730.67
1665.62
1659.55
1662.62
1664.37
1657.6
1638.14
1651.51
1637.31
1600.08
1573.3
1480.1
1429.43
1407.63
1391.46
1358.9
1409.6
1426.51
1465.31
1513.31
1570.63
1687.49
1749.9
1817.28
1860.56
274
274
274
274
274
274
274
274
274
274
274
274
274
274
274
274
274
274
274
274
274
274
274
274
274
274
274
274
274
274
274
274
274
274
274
274
274
274
274
274
274
274
274
274
274
274
274
274
274
274
274
274
274
274
274
274
274
274
274
274
274
274
274
274
274
274
274
274
274
274
274
274
274
274
274
274
274
274
274
274
274
274.014
274.727
304.848
677.357
1079.12
1139.75
1169.43
1217.02
1273.43
1316.07
1351.96
1407.84
1502.19
1647.4
1809.93
1872.83
1882.29
1848.69
1781.39
1732.08
1684.13
1682.56
1688.1
1695.59
1693.94
1662.14
1714.88
1730.8
1702.22
1671.37
1628.51
1520.98
1485.74
1492.11
1444.05
1460.89
1495.73
1513.42
1575.58
1604.81
1706.39
1743.82
1795.25
1838.91
274
274
274
274
274
274
274
274
274
274
274
274
274
274
274
274
274
274
274
274
274
274
274
274
274
274
274
274
274
274
274
274
274
274
274
274
274
274
274
274
274
274
274
274
274
274
274
274
274
274
274
274
274
274
274
274
274
274
274
274
274
274
274
274
274
274
274
274
274
274
274
274
274
274
274
274
274
274
274
274
274.001
274.034
275.697
347.505
805.314
1109.41
1154.87
1190.47
1245.59
1304.08
1342.91
1374.4
1432.37
1527.42
1667.98
1814.16
1865.38
1872.79
1817.14
1777.94
1723.57
1707.83
1711.38
1726.68
1744.17
1749.72
1746.34
1751.04
1792.41
1790.08
1776.26
1748.06
1671.47
1565.29
1579.99
1567.74
1532.55
1589.55
1597.53
1644.4
1683.97
1730.12
1786.35
1809.41
1854.14
274
274
274
274
274
274
274
274
274
274
274
274
274
274
274
274
274
274
274
274
274
274
274
274
274
274
274
274
274
274
274
274
274
274
274
274
274
274
274
274
274
274
274
274
274
274
274
274
274
274
274
274
274
274
274
274
274
274
274
274
274
274
274
274
274
274
274
274
274
274
274
274
274
274
274
274
274
274
274
274
274.002
274.079
277.594
405.882
903.618
1125.84
1167.67
1212.06
1275.34
1335.68
1372.88
1402.47
1456.86
1546.95
1682.96
1814.26
1854.7
1853.32
1818.41
1770.14
1722.88
1717.79
1722.19
1739.33
1761.68
1792.38
1809.43
1826.46
1834.23
1868.8
1882.36
1883.26
1844.97
1752.25
1641.81
1654.43
1658.29
1621.06
1691.95
1669.23
1733.44
1771.42
1807.58
1842.58
1859.81
274
274
274
274
274
274
274
274
274
274
274
274
274
274
274
274
274
274
274
274
274
274
274
274
274
274
274
274
274
274
274
274
274
274
274
274
274
274
274
274
274
274
274
274
274
274
274
274
274
274
274
274
274
274
274
274
274
274
274
274
274
274
274
274
274
274
274
274
274
274
274
274
274
274
274
274
274
274
274
274
274.003
274.164
280.973
475.29
976.634
1139.49
1179.13
1226.59
1290.04
1348.07
1387.44
1423.92
1481
1566.71
1694.29
1811.44
1844.55
1838.07
1819.64
1768.54
1734.11
1733.82
1746.72
1771.81
1796.74
1831.89
1867.61
1898.54
1921
1933.25
1974.54
1991.48
1993.63
1947.71
1874.13
1765.98
1768.9
1767.21
1745.39
1799.23
1806.24
1843.48
1877.56
1908.83
1940.72
274
274
274
274
274
274
274
274
274
274
274
274
274
274
274
274
274
274
274
274
274
274
274
274
274
274
274
274
274
274
274
274
274
274
274
274
274
274
274
274
274
274
274
274
274
274
274
274
274
274
274
274
274
274
274
274
274
274
274
274
274
274
274
274
274
274
274
274
274
274
274
274
274
274
274
274
274
274
274
274
274.005
274.289
285.829
538.925
1023.63
1147.71
1186.18
1236.5
1301.39
1357.13
1395.19
1433.92
1491.88
1579.1
1703.88
1810.7
1840.43
1821.79
1809.02
1758.17
1746.09
1748.85
1764.84
1787.59
1806.91
1850.54
1896.45
1952.53
1985.7
2012.39
2041.13
2096.94
2117.62
2122.98
2079.58
2048.48
1911.49
1893.56
1856.98
1893.22
1901.95
1922
1958.69
1976.76
2022.69
274
274
274
274
274
274
274
274
274
274
274
274
274
274
274
274
274
274
274
274
274
274
274
274
274
274
274
274
274
274
274
274
274
274
274
274
274
274
274
274
274
274
274
274
274
274
274
274
274
274
274
274
274
274
274
274
274
274
274
274
274
274
274
274
274
274
274
274
274
274
274
274
274
274
274
274
274
274
274
274
274.009
274.463
292.59
597.652
1059.51
1154.56
1190.58
1241.81
1306.32
1359.67
1398.3
1438.61
1493.38
1584.33
1713.59
1809.95
1830.86
1818.88
1795.04
1755.52
1752.26
1760.32
1779.36
1799.69
1823.01
1876.46
1927.15
1974.26
2012.16
2062.33
2093.02
2130.08
2187.01
2218.71
2228.56
2212.22
2199.11
2037.14
2007.6
1947.47
1984.11
1976.35
1997.81
2013.46
2021.34
274
274
274
274
274
274
274
274
274
274
274
274
274
274
274
274
274
274
274
274
274
274
274
274
274
274
274
274
274
274
274
274
274
274
274
274
274
274
274
274
274
274
274
274
274
274
274
274
274
274
274
274
274
274
274
274
274
274
274
274
274
274
274
274
274
274
274
274
274
274
274
274
274
274
274
274
274
274
274
274
274.013
274.658
300.559
647.081
1078.54
1156.97
1193.14
1247.36
1313.61
1366.32
1404.18
1441.52
1495.41
1588.32
1723
1807.2
1821.02
1819.51
1780.47
1755.95
1754.8
1764.58
1781.81
1800.14
1830.52
1892.71
1952.26
1995.53
2039.45
2082.78
2123.73
2162.69
2199.53
2247.03
2288.88
2300.64
2302.08
2303.32
2126.9
2084.9
2015.96
2009.12
2018.87
2020.46
2001.65
274
274
274
274
274
274
274
274
274
274
274
274
274
274
274
274
274
274
274
274
274
274
274
274
274
274
274
274
274
274
274
274
274
274
274
274
274
274
274
274
274
274
274
274
274
274
274
274
274
274
274
274
274
274
274
274
274
274
274
274
274
274
274
274
274
274
274
274
274
274
274
274
274
274
274
274
274
274
274
274
274.017
274.891
311.055
695.368
1095.17
1164.06
1201.52
1258.67
1324.91
1375.94
1413.94
1444.02
1492.57
1591.08
1734.51
1807.95
1815.03
1810.84
1768.15
1754.33
1754.33
1764.33
1776.94
1793.74
1837.91
1896.61
1964.18
2018.76
2072.64
2113.89
2143.5
2169.13
2204.43
2252.51
2306.67
2347.88
2361.27
2364.11
2373.86
2198.73
2104.7
2061.54
2045.72
2002.52
1872.8
274
274
274
274
274
274
274
274
274
274
274
274
274
274
274
274
274
274
274
274
274
274
274
274
274
274
274
274
274
274
274
274
274
274
274
274
274
274
274
274
274
274
274
274
274
274
274
274
274
274
274
274
274
274
274
274
274
274
274
274
274
274
274
274
274
274
274
274
274
274
274
274
274
274
274
274
274
274
274
274.001
274.022
275.093
320.544
729.766
1106.47
1171.45
1211.2
1271.36
1331.81
1392.62
1429.02
1453.74
1500.58
1595.76
1737.93
1805.91
1809.83
1802
1761.46
1751.5
1751.46
1759.46
1767.6
1783.79
1828.74
1891.87
1964.08
2031.34
2090.93
2131.92
2150.15
2161.67
2176.59
2204.43
2244.21
2300.88
2355.34
2375.75
2392.99
2412.31
2275.25
2182.23
1977.31
1900.93
1737.01
274
274
274
274
274
274
274
274
274
274
274
274
274
274
274
274
274
274
274
274
274
274
274
274
274
274
274
274
274
274
274
274
274
274
274
274
274
274
274
274
274
274
274
274
274
274
274
274
274
274
274
274
274
274
274
274
274
274
274
274
274
274
274
274
274
274
274
274
274
274
274
274
274
274
274
274
274
274
274
274.001
274.024
275.194
325.343
746.11
1112.71
1173.38
1211.49
1269.19
1337.82
1400.31
1434.61
1458.71
1503.75
1596.2
1739.3
1804.97
1807.47
1798.07
1758.18
1749.17
1749
1755.99
1763.09
1778.02
1824.8
1889.41
1966.21
2037.52
2104.75
2168.91
2209.13
2226.99
2242.1
2267.26
2294.44
2322.8
2350.88
2385.59
2420.17
2444.22
2455.62
2230.29
1938.51
1805.99
1741.15
274
274
274
274
274
274
274
274
274
274
274
274
274
274
274
274
274
274
274
274
274
274
274
274
274
274
274
274
274
274
274
274
274
274
274
274
274
274
274
274
274
274
274
274
274
274
274
274
274
274
274
274
274
274
274
274
274
274
274
274
274
274
274
274
274
274
274
274
274
274
274
274
274
274
274
274
274
274
274
274.001
274.022
275.099
320.863
730.954
1107.03
1171.65
1211.13
1270.93
1331.89
1393.52
1429.19
1453.86
1500.57
1595.52
1737.98
1805.78
1809.85
1801.8
1760.6
1750.47
1750.45
1758.48
1767.18
1782.1
1827.07
1893.34
1970.37
2039.56
2099.59
2153.2
2177.09
2187.74
2201.17
2229.35
2255.91
2297.85
2354.24
2369.92
2383.03
2410.52
2268.31
2185.02
1983.24
1924.74
1743.34
274
274
274
274
274
274
274
274
274
274
274
274
274
274
274
274
274
274
274
274
274
274
274
274
274
274
274
274
274
274
274
274
274
274
274
274
274
274
274
274
274
274
274
274
274
274
274
274
274
274
274
274
274
274
274
274
274
274
274
274
274
274
274
274
274
274
274
274
274
274
274
274
274
274
274
274
274
274
274
274
274.018
274.899
311.51
697.338
1096.09
1164.74
1202.38
1259.7
1325.82
1376.81
1414.54
1444.74
1492.4
1591.56
1735.17
1807.67
1814.87
1810.5
1766.4
1751.82
1751.59
1761.18
1773.97
1789.49
1831.14
1897.77
1964.44
2022.51
2072.23
2108.92
2138.04
2162.95
2201.96
2255.03
2313.34
2358.19
2373.86
2375.28
2382.05
2214.97
2115.7
2076.61
2054.87
2001.64
1890.39
274
274
274
274
274
274
274
274
274
274
274
274
274
274
274
274
274
274
274
274
274
274
274
274
274
274
274
274
274
274
274
274
274
274
274
274
274
274
274
274
274
274
274
274
274
274
274
274
274
274
274
274
274
274
274
274
274
274
274
274
274
274
274
274
274
274
274
274
274
274
274
274
274
274
274
274
274
274
274
274
274.013
274.665
300.91
649.264
1079.67
1157.52
1193.71
1248.06
1314.31
1366.77
1404.55
1442.29
1495.72
1588.57
1723.63
1807.32
1821.05
1818.12
1777.76
1752.19
1750.94
1760.53
1778.14
1796.73
1827.78
1895.27
1956.9
2002.32
2042.72
2074.04
2107.03
2148.18
2197.88
2261.29
2299.55
2311.98
2313.46
2307.69
2144.75
2099.13
2038.58
2018.01
2028.8
2027.59
2010.1
274
274
274
274
274
274
274
274
274
274
274
274
274
274
274
274
274
274
274
274
274
274
274
274
274
274
274
274
274
274
274
274
274
274
274
274
274
274
274
274
274
274
274
274
274
274
274
274
274
274
274
274
274
274
274
274
274
274
274
274
274
274
274
274
274
274
274
274
274
274
274
274
274
274
274
274
274
274
274
274
274.009
274.47
292.873
599.982
1061.27
1155.29
1191.21
1242.58
1307.13
1360.2
1398.66
1439.36
1494.61
1584.95
1714.59
1810.27
1831.55
1816.4
1792.04
1751.11
1747.46
1755.16
1774.64
1794.84
1821.51
1880.25
1934.62
1979.03
2013.95
2058.83
2082.4
2122.06
2191.19
2232.68
2243.69
2230.18
2214.84
2061.56
2014.98
1969.96
1994.42
1991.07
1994.41
2015.17
2023.29
274
274
274
274
274
274
274
274
274
274
274
274
274
274
274
274
274
274
274
274
274
274
274
274
274
274
274
274
274
274
274
274
274
274
274
274
274
274
274
274
274
274
274
274
274
274
274
274
274
274
274
274
274
274
274
274
274
274
274
274
274
274
274
274
274
274
274
274
274
274
274
274
274
274
274
274
274
274
274
274
274.005
274.294
286.029
541.368
1025.93
1148.72
1186.95
1237.23
1302.01
1357.42
1395.05
1434.02
1492.86
1581.7
1706.06
1811.06
1840.1
1820.58
1806.23
1754.57
1741.57
1744.25
1760.27
1784.23
1807.79
1854.39
1900.79
1957.46
1987.77
2013.73
2042.97
2099.5
2136.58
2144.4
2097.52
2053.93
1932.11
1895.77
1880.91
1905.66
1916.87
1923.11
1957.71
1968.93
2014.35
274
274
274
274
274
274
274
274
274
274
274
274
274
274
274
274
274
274
274
274
274
274
274
274
274
274
274
274
274
274
274
274
274
274
274
274
274
274
274
274
274
274
274
274
274
274
274
274
274
274
274
274
274
274
274
274
274
274
274
274
274
274
274
274
274
274
274
274
274
274
274
274
274
274
274
274
274
274
274
274
274.003
274.167
281.114
477.843
979.549
1140.9
1180.27
1227.58
1290.74
1348.04
1387.09
1423.21
1483.13
1570.41
1697.92
1812.57
1844.45
1837.02
1816.42
1765.85
1730
1729.51
1742.56
1768.43
1795.37
1836.15
1875.8
1908.86
1929.25
1950.48
1990.88
2008.27
2009.61
1954.21
1891
1778.76
1743.81
1774.3
1745.24
1812.62
1822.08
1847.45
1873.16
1902.72
1932.94
274
274
274
274
274
274
274
274
274
274
274
274
274
274
274
274
274
274
274
274
274
274
274
274
274
274
274
274
274
274
274
274
274
274
274
274
274
274
274
274
274
274
274
274
274
274
274
274
274
274
274
274
274
274
274
274
274
274
274
274
274
274
274
274
274
274
274
274
274
274
274
274
274
274
274
274
274
274
274
274
274.002
274.081
277.687
408.455
907.542
1127.49
1169.19
1213.89
1277.21
1337
1373.92
1404.46
1461.41
1551.83
1687.55
1816.19
1854.94
1853.24
1815.31
1766.84
1719.54
1714.59
1720.12
1739.48
1765.18
1796.57
1809.74
1825.22
1831.54
1870.11
1883.82
1885.71
1839.45
1762.17
1656.32
1633.68
1662.53
1614.78
1691.74
1676.18
1728.69
1771.19
1803.81
1837.22
1853.24
274
274
274
274
274
274
274
274
274
274
274
274
274
274
274
274
274
274
274
274
274
274
274
274
274
274
274
274
274
274
274
274
274
274
274
274
274
274
274
274
274
274
274
274
274
274
274
274
274
274
274
274
274
274
274
274
274
274
274
274
274
274
274
274
274
274
274
274
274
274
274
274
274
274
274
274
274
274
274
274
274.001
274.035
275.75
349.68
810.61
1111.4
1156.39
1192.38
1247.94
1306.38
1343.03
1378.53
1438.17
1533.67
1674.4
1817.64
1866.37
1873.07
1816.04
1773.8
1720.86
1704.52
1709.06
1726.05
1743.07
1747.65
1745.14
1748.2
1788.67
1792.27
1777.43
1733.15
1673.6
1563.53
1558.26
1555.06
1515.38
1578.38
1588.14
1636.96
1672.88
1715.69
1774.24
1799.89
1848.08
274
274
274
274
274
274
274
274
274
274
274
274
274
274
274
274
274
274
274
274
274
274
274
274
274
274
274
274
274
274
274
274
274
274
274
274
274
274
274
274
274
274
274
274
274
274
274
274
274
274
274
274
274
274
274
274
274
274
274
274
274
274
274
274
274
274
274
274
274
274
274
274
274
274
274
274
274
274
274
274
274
274.014
274.75
306.018
683.037
1081.81
1141.58
1171.43
1219.33
1275.48
1314.13
1354.81
1413.63
1507.98
1654.31
1815.37
1875.32
1883.74
1848.71
1776.52
1729.01
1681.66
1680.52
1686.46
1692.35
1690.8
1658.25
1705.25
1719.58
1683.78
1643.39
1610.02
1503.65
1457.37
1475.13
1437.72
1449.66
1489.98
1507.25
1568.41
1597.68
1698.71
1740.87
1797.34
1840.13
274
274
274
274
274
274
274
274
274
274
274
274
274
274
274
274
274
274
274
274
274
274
274
274
274
274
274
274
274
274
274
274
274
274
274
274
274
274
274
274
274
274
274
274
274
274
274
274
274
274
274
274
274
274
274
274
274
274
274
274
274
274
274
274
274
274
274
274
274
274
274
274
274
274
274
274
274
274
274
274
274
274.005
274.308
286.926
557.446
1035.42
1129.71
1154.39
1192.91
1240.45
1275.79
1315.95
1381.2
1487.66
1638.11
1805.49
1877.95
1892.09
1876.16
1774.85
1723.64
1659.96
1654.27
1657.65
1658.52
1649.79
1626.57
1635.63
1616.55
1572.68
1549.75
1457.98
1402.8
1391.16
1396.59
1354.64
1395.98
1419.27
1457.55
1504.26
1566.14
1670.2
1740.33
1808.01
1850.87
274
274
274
274
274
274
274
274
274
274
274
274
274
274
274
274
274
274
274
274
274
274
274
274
274
274
274
274
274
274
274
274
274
274
274
274
274
274
274
274
274
274
274
274
274
274
274
274
274
274
274
274
274
274
274
274
274
274
274
274
274
274
274
274
274
274
274
274
274
274
274
274
274
274
274
274
274
274
274
274
274
274.002
274.101
278.585
433.462
936.965
1113.26
1140.91
1177.43
1227.87
1268.53
1306.22
1366.3
1465.29
1609.48
1784.4
1876.05
1895.03
1886.78
1801.99
1734.95
1652.56
1594.02
1583.11
1560.88
1554.87
1552.69
1554.64
1546.49
1512.88
1429.34
1366.52
1347.94
1351.15
1339.34
1340.85
1343.37
1396.59
1425.17
1455.96
1519.35
1596.44
1705.72
1811.93
1921.39
274
274
274
274
274
274
274
274
274
274
274
274
274
274
274
274
274
274
274
274
274
274
274
274
274
274
274
274
274
274
274
274
274
274
274
274
274
274
274
274
274
274
274
274
274
274
274
274
274
274
274
274
274
274
274
274
274
274
274
274
274
274
274
274
274
274
274
274
274
274
274
274
274
274
274
274
274
274
274
274
274
274.001
274.03
275.554
343.657
803.166
1098.43
1125.05
1140.98
1180.8
1232.05
1285.1
1350
1438.17
1567.7
1750.72
1871.51
1898.42
1894.28
1836.14
1722.31
1633.29
1569.22
1562
1555.63
1568.71
1562.19
1535.54
1508.32
1441.83
1354.69
1323.71
1308.32
1279.51
1301.05
1280.47
1291.71
1311.69
1316.13
1348.29
1430.34
1532.99
1694.13
1832.75
2063.44
274
274
274
274
274
274
274
274
274
274
274
274
274
274
274
274
274
274
274
274
274
274
274
274
274
274
274
274
274
274
274
274
274
274
274
274
274
274
274
274
274
274
274
274
274
274
274
274
274
274
274
274
274
274
274
274
274
274
274
274
274
274
274
274
274
274
274
274
274
274
274
274
274
274
274
274
274
274
274
274
274
274
274.01
274.566
297.789
643.147
1052.86
1117.84
1141.99
1177.24
1217.03
1261.59
1323.98
1408.61
1534.1
1719.95
1863.68
1899.61
1898.29
1859.8
1716.4
1653.82
1545.98
1518.96
1506.61
1499.66
1500.49
1479.12
1435.39
1329.22
1267.13
1284.3
1231.25
1215.43
1230.18
1202.92
1215.25
1243.09
1275.59
1343.43
1466.02
1604.03
1765.01
1919.98
2037.03
274
274
274
274
274
274
274
274
274
274
274
274
274
274
274
274
274
274
274
274
274
274
274
274
274
274
274
274
274
274
274
274
274
274
274
274
274
274
274
274
274
274
274
274
274
274
274
274
274
274
274
274
274
274
274
274
274
274
274
274
274
274
274
274
274
274
274
274
274
274
274
274
274
274
274
274
274
274
274
274
274
274
274.005
274.273
285.434
540.383
1007.03
1100.65
1130.8
1169.68
1210.18
1250.28
1304.69
1386.73
1515.89
1706.77
1861.36
1901.05
1900.83
1866.51
1713
1641.1
1528.65
1501.33
1492.65
1472.07
1463.25
1436.51
1395.05
1289.4
1250.77
1236.81
1174.32
1183.77
1186.02
1169.04
1183.32
1219.97
1258.33
1335.75
1453.61
1566.05
1672.51
1756.34
1993.76
274
274
274
274
274
274
274
274
274
274
274
274
274
274
274
274
274
274
274
274
274
274
274
274
274
274
274
274
274
274
274
274
274
274
274
274
274
274
274
274
274
274
274
274
274
274
274
274
274
274
274
274
274
274
274
274
274
274
274
274
274
274
274
274
274
274
274
274
274
274
274
274
274
274
274
274
274
274
274
274
274
274
274.001
274.038
276.067
366.936
850.911
1073.97
1097.41
1127.34
1173.49
1212.63
1247.57
1309.18
1429.79
1623.11
1825.68
1900.16
1909.69
1887.3
1822.72
1623.29
1516.86
1406.61
1374.55
1365.57
1363.11
1375.22
1291.12
1208.32
1173.39
1093.31
1069.99
1062.34
1041.79
1039.88
1065.34
1106.87
1152.04
1198.41
1247.42
1312.99
1476.51
1646.92
1678.66
274
274
274
274
274
274
274
274
274
274
274
274
274
274
274
274
274
274
274
274
274
274
274
274
274
274
274
274
274
274
274
274
274
274
274
274
274
274
274
274
274
274
274
274
274
274
274
274
274
274
274
274
274
274
274
274
274
274
274
274
274
274
274
274
274
274
274
274
274
274
274
274
274
274
274
274
274
274
274
274
274
274
274
274.002
274.121
280.258
475.46
959.498
1075.18
1090.33
1116.91
1148.45
1172.86
1217.14
1317.19
1490.34
1731.29
1881.76
1917.21
1917.74
1873.55
1748.65
1583.94
1483.37
1403.71
1374.19
1336.14
1236.24
1173.97
1095.31
1029.01
1014.94
1014.88
1028.7
1069.9
1084.14
1124.36
1180.4
1222.64
1312.88
1417.53
1518.53
1562.86
1370.44
1288.05
274
274
274
274
274
274
274
274
274
274
274
274
274
274
274
274
274
274
274
274
274
274
274
274
274
274
274
274
274
274
274
274
274
274
274
274
274
274
274
274
274
274
274
274
274
274
274
274
274
274
274
274
274
274
274
274
274
274
274
274
274
274
274
274
274
274
274
274
274
274
274
274
274
274
274
274
274
274
274
274
274
274
274
274
274.005
274.387
292.141
612.603
1037.86
1077.66
1081.92
1109.41
1150.26
1196.57
1278.4
1423.61
1629.18
1830.44
1910.15
1921.7
1901.45
1833.76
1638.54
1509.95
1420.26
1387.14
1400.75
1252.28
1189.05
1117.94
1072.38
1069.98
1104.35
1117.15
1111.67
1140.77
1180.39
1204.91
1274.02
1387.61
1442.71
1476.13
1423.18
1258.61
1225.18
274
274
274
274
274
274
274
274
274
274
274
274
274
274
274
274
274
274
274
274
274
274
274
274
274
274
274
274
274
274
274
274
274
274
274
274
274
274
274
274
274
274
274
274
274
274
274
274
274
274
274
274
274
274
274
274
274
274
274
274
274
274
274
274
274
274
274
274
274
274
274
274
274
274
274
274
274
274
274
274
274
274
274
274
274
274.014
274.951
321.734
756.621
1067.26
1072.82
1073.77
1098.08
1137.96
1202.23
1299.91
1456.19
1677.26
1864.67
1920.39
1919.46
1880.24
1780.06
1585.53
1539.91
1483.51
1487.08
1434.83
1436.9
1209.92
1125.54
1102.71
1068.78
1097.12
1136.52
1154.23
1194.1
1259.86
1329.17
1413.36
1437.66
1407.97
1312.46
1362.04
1312
274
274
274
274
274
274
274
274
274
274
274
274
274
274
274
274
274
274
274
274
274
274
274
274
274
274
274
274
274
274
274
274
274
274
274
274
274
274
274
274
274
274
274
274
274
274
274
274
274
274
274
274
274
274
274
274
274
274
274
274
274
274
274
274
274
274
274
274
274
274
274
274
274
274
274
274
274
274
274
274
274
274
274
274
274
274
274.028
275.834
360.579
845.378
1066.82
1061.86
1062.98
1078.91
1108.79
1165.22
1268.98
1438.24
1676.5
1861.62
1908.92
1899.41
1868
1802.07
1747.16
1763.79
1733.77
1952.98
2005.29
1600.54
1460.4
1372.48
1337.36
1343.66
1342.19
1354.24
1418.34
1496.35
1579.83
1605.59
1510.04
1417.76
1381.45
1440.24
1196.54
274
274
274
274
274
274
274
274
274
274
274
274
274
274
274
274
274
274
274
274
274
274
274
274
274
274
274
274
274
274
274
274
274
274
274
274
274
274
274
274
274
274
274
274
274
274
274
274
274
274
274
274
274
274
274
274
274
274
274
274
274
274
274
274
274
274
274
274
274
274
274
274
274
274
274
274
274
274
274
274
274
274
274
274
274
274
274.001
274.046
276.705
387.316
870.457
1052.58
1047.87
1047.02
1052.09
1072.25
1123.34
1224.04
1392.11
1628.73
1826.29
1880.6
1876.85
1861.87
1853.29
1853.67
1893.29
2035.39
2153.39
2176.06
2172.73
2257.89
2207.4
2045
2039.82
2000.28
1999.24
1928.06
1744.01
1648.46
1578.17
1584.51
1451.32
1267.18
1001.33
274
274
274
274
274
274
274
274
274
274
274
274
274
274
274
274
274
274
274
274
274
274
274
274
274
274
274
274
274
274
274
274
274
274
274
274
274
274
274
274
274
274
274
274
274
274
274
274
274
274
274
274
274
274
274
274
274
274
274
274
274
274
274
274
274
274
274
274
274
274
274
274
274
274
274
274
274
274
274
274
274
274
274
274
274
274
274
274.001
274.058
277.028
387.679
848.415
1034.79
1032.67
1023.9
1022.4
1035.39
1077.5
1168.88
1327.47
1553.08
1778.38
1850.38
1850.27
1839.46
1827.83
1820.83
1861.83
1967.9
2035.84
2085.43
2167.01
2149.86
2106.6
2087.41
2057.35
1994.9
1913.1
1829.89
1728.42
1661.23
1528.68
1395.69
1012.58
732.583
274
274
274
274
274
274
274
274
274
274
274
274
274
274
274
274
274
274
274
274
274
274
274
274
274
274
274
274
274
274
274
274
274
274
274
274
274
274
274
274
274
274
274
274
274
274
274
274
274
274
274
274
274
274
274
274
274
274
274
274
274
274
274
274
274
274
274
274
274
274
274
274
274
274
274
274
274
274
274
274
274
274
274
274
274
274
274
274
274.001
274.059
276.612
364.053
785.956
1013.64
1016.48
1000.85
993.553
998.305
1028.81
1104.3
1244
1458.64
1705.62
1792.37
1796.19
1770.34
1717.14
1683.43
1696.87
1740.8
1785.72
1817.71
1823.69
1834.18
1875.75
1914.27
1916.28
1836.58
1758.03
1630.14
1469.07
1192.5
999.97
738.521
592.704
274
274
274
274
274
274
274
274
274
274
274
274
274
274
274
274
274
274
274
274
274
274
274
274
274
274
274
274
274
274
274
274
274
274
274
274
274
274
274
274
274
274
274
274
274
274
274
274
274
274
274
274
274
274
274
274
274
274
274
274
274
274
274
274
274
274
274
274
274
274
274
274
274
274
274
274
274
274
274
274
274
274
274
274
274
274
274
274
274
274.001
274.051
275.783
328.988
684.462
981.764
1001.1
982.193
966.647
962.781
981.453
1037.44
1149.46
1330.48
1554.91
1679.22
1694.3
1666.83
1620.31
1586.94
1573
1566.88
1536.99
1477.54
1445.11
1440.95
1444.33
1409.7
1344.03
1262.34
1137.22
983.528
825.89
723.118
587.264
501.71
274
274
274
274
274
274
274
274
274
274
274
274
274
274
274
274
274
274
274
274
274
274
274
274
274
274
274
274
274
274
274
274
274
274
274
274
274
274
274
274
274
274
274
274
274
274
274
274
274
274
274
274
274
274
274
274
274
274
274
274
274
274
274
274
274
274
274
274
274
274
274
274
274
274
274
274
274
274
274
274
274
274
274
274
274
274
274
274
274
274
274.001
274.038
275.002
299.497
556.297
910.469
983.451
966.837
944.249
932.76
938.168
973.156
1052.01
1176.51
1327.36
1470.03
1531.66
1518.32
1482.24
1437.11
1392.07
1348.86
1279.78
1203.86
1151.42
1102.44
1042.53
971.704
887.619
805.879
723.024
636.569
579.589
503.358
447.831
274
274
274
274
274
274
274
274
274
274
274
274
274
274
274
274
274
274
274
274
274
274
274
274
274
274
274
274
274
274
274
274
274
274
274
274
274
274
274
274
274
274
274
274
274
274
274
274
274
274
274
274
274
274
274
274
274
274
274
274
274
274
274
274
274
274
274
274
274
274
274
274
274
274
274
274
274
274
274
274
274
274
274
274
274
274
274
274
274
274
274
274.001
274.024
274.488
284.041
426.629
773.065
951.716
951.76
927.359
907.507
900.988
916.198
961.48
1029.2
1119.31
1199.09
1232.19
1231.35
1210.13
1177.49
1129.34
1068.27
996.924
928.393
873.085
817.998
759.62
698.928
641.454
591.506
538.107
500.695
454.428
417.837
274
274
274
274
274
274
274
274
274
274
274
274
274
274
274
274
274
274
274
274
274
274
274
274
274
274
274
274
274
274
274
274
274
274
274
274
274
274
274
274
274
274
274
274
274
274
274
274
274
274
274
274
274
274
274
274
274
274
274
274
274
274
274
274
274
274
274
274
274
274
274
274
274
274
274
274
274
274
274
274
274
274
274
274
274
274
274
274
274
274
274
274
274
274.013
274.215
277.389
326.493
575.846
855.607
928.285
912.876
889.294
872.931
871.618
885.533
914.664
950.152
966.026
964.46
953.835
935.183
909.612
870.473
817.193
765.067
722.167
679.595
635.754
594.455
553.662
520.151
483.733
456.052
426.737
403.336
274
274
274
274
274
274
274
274
274
274
274
274
274
274
274
274
274
274
274
274
274
274
274
274
274
274
274
274
274
274
274
274
274
274
274
274
274
274
274
274
274
274
274
274
274
274
274
274
274
274
274
274
274
274
274
274
274
274
274
274
274
274
274
274
274
274
274
274
274
274
274
274
274
274
274
274
274
274
274
274
274
274
274
274
274
274
274
274
274
274
274
274
274
274
274.005
274.085
275.016
286.2
396.751
658.826
855.439
891.091
873.214
853.78
837.229
827.526
824.987
823.905
817.351
803.823
782.862
756.995
728.966
695.29
660.244
627.836
595.693
563.355
534.011
504.059
479.671
453.848
433.431
414.086
397.561
274
274
274
274
274
274
274
274
274
274
274
274
274
274
274
274
274
274
274
274
274
274
274
274
274
274
274
274
274
274
274
274
274
274
274
274
274
274
274
274
274
274
274
274
274
274
274
274
274
274
274
274
274
274
274
274
274
274
274
274
274
274
274
274
274
274
274
274
274
274
274
274
274
274
274
274
274
274
274
274
274
274
274
274
274
274
274
274
274
274
274
274
274
274
274
274.002
274.03
274.302
276.764
298.639
431.393
657.979
811.139
843.164
826.893
806.923
784.611
762.012
740.093
719.571
698.875
675.704
652.926
626.714
600.445
574.136
548.225
522.415
499.212
475.465
455.595
435.501
419.173
404.664
392.292
274
274
274
274
274
274
274
274
274
274
274
274
274
274
274
274
274
274
274
274
274
274
274
274
274
274
274
274
274
274
274
274
274
274
274
274
274
274
274
274
274
274
274
274
274
274
274
274
274
274
274
274
274
274
274
274
274
274
274
274
274
274
274
274
274
274
274
274
274
274
274
274
274
274
274
274
274
274
274
274
274
274
274
274
274
274
274
274
274
274
274
274
274
274
274
274
274
274.009
274.082
274.612
278.355
302.43
412.565
586.44
718.344
767.795
762.017
741.118
715.529
688.64
661.032
633.29
607.479
581.759
557.924
534.905
513.36
492.087
473.261
454.811
439.521
424.928
412.026
400.117
386.878
274
274
274
274
274
274
274
274
274
274
274
274
274
274
274
274
274
274
274
274
274
274
274
274
274
274
274
274
274
274
274
274
274
274
274
274
274
274
274
274
274
274
274
274
274
274
274
274
274
274
274
274
274
274
274
274
274
274
274
274
274
274
274
274
274
274
274
274
274
274
274
274
274
274
274
274
274
274
274
274
274
274
274
274
274
274
274
274
274
274
274
274
274
274
274
274
274
274
274.002
274.02
274.136
274.777
278.11
292.652
349.972
451.241
563.951
632.329
658.213
652.6
633.275
609.098
584.241
558.339
534.512
512.383
492.563
473.793
457.674
441.881
426.524
406.974
378.132
342.658
306.398
274
274
274
274
274
274
274
274
274
274
274
274
274
274
274
274
274
274
274
274
274
274
274
274
274
274
274
274
274
274
274
274
274
274
274
274
274
274
274
274
274
274
274
274
274
274
274
274
274
274
274
274
274
274
274
274
274
274
274
274
274
274
274
274
274
274
274
274
274
274
274
274
274
274
274
274
274
274
274
274
274
274
274
274
274
274
274
274
274
274
274
274
274
274
274
274
274
274
274
274
274.004
274.028
274.142
274.615
276.288
281.493
294.647
322.469
365.953
414.172
450.376
467.719
470.649
463.716
450.764
433.645
415.582
394.35
373.222
346.834
320.068
297.585
287.48
281.254
277.54
274
274
274
274
274
274
274
274
274
274
274
274
274
274
274
274
274
274
274
274
274
274
274
274
274
274
274
274
274
274
274
274
274
274
274
274
274
274
274
274
274
274
274
274
274
274
274
274
274
274
274
274
274
274
274
274
274
274
274
274
274
274
274
274
274
274
274
274
274
274
274
274
274
274
274
274
274
274
274
274
274
274
274
274
274
274
274
274
274
274
274
274
274
274
274
274
274
274
274
274
274
274.001
274.005
274.025
274.09
274.293
274.813
275.928
277.996
281.099
284.882
288.414
290.851
291.82
291.428
289.953
287.96
285.332
282.824
280.209
278.171
276.606
275.515
274.811
274.41
274
274
274
274
274
274
274
274
274
274
274
274
274
274
274
274
274
274
274
274
274
274
274
274
274
274
274
274
274
274
274
274
274
274
274
274
274
274
274
274
274
274
274
274
274
274
274
274
274
274
274
274
274
274
274
274
274
274
274
274
274
274
274
274
274
274
274
274
274
274
274
274
274
274
274
274
274
274
274
274
274
274
274
274
274
274
274
274
274
274
274
274
274
274
274
274
274
274
274
274
274
274
274
274.001
274.003
274.014
274.039
274.092
274.193
274.354
274.567
274.805
275.021
275.182
275.253
275.23
275.141
274.972
274.786
274.579
274.412
274.272
274.168
274.097
274.051
274
274
274
274
274
274
274
274
274
274
274
274
274
274
274
274
274
274
274
274
274
274
274
274
274
274
274
274
274
274
274
274
274
274
274
274
274
274
274
274
274
274
274
274
274
274
274
274
274
274
274
274
274
274
274
274
274
274
274
274
274
274
274
274
274
274
274
274
274
274
274
274
274
274
274
274
274
274
274
274
274
274
274
274
274
274
274
274
274
274
274
274
274
274
274
274
274
274
274
274
274
274
274
274
274
274
274.001
274.004
274.011
274.021
274.036
274.054
274.072
274.088
274.099
274.103
274.101
274.092
274.078
274.061
274.045
274.03
274.019
274.01
274.005
274
274
274
274
274
274
274
274
274
274
274
274
274
274
274
274
274
274
274
274
274
274
274
274
274
274
274
274
274
274
274
274
274
274
274
274
274
274
274
274
274
274
274
274
274
274
274
274
274
274
274
274
274
274
274
274
274
274
274
274
274
274
274
274
274
274
274
274
274
274
274
274
274
274
274
274
274
274
274
274
274
274
274
274
274
274
274
274
274
274
274
274
274
274
274
274
274
274
274
274
274
274
274
274
274
274
274
274
274
274.001
274.002
274.003
274.004
274.006
274.007
274.008
274.008
274.008
274.007
274.005
274.004
274.002
274.001
274.001
274
274
274
274
274
274
274
274
274
274
274
274
274
274
274
274
274
274
274
274
274
274
274
274
274
274
274
274
274
274
274
274
274
274
274
274
274
274
274
274
274
274
274
274
274
274
274
274
274
274
274
274
274
274
274
274
274
274
274
274
274
274
274
274
274
274
274
274
274
274
274
274
274
274
274
274
274
274
274
274
274
274
274
274
274
274
274
274
274
274
274
274
274
274
274
274
274
274
274
274
274
274
274
274
274
274
274
274
274
274
274
274
274
274
274
274
274
274
274
274
274
274
274
274
274
274
274
274
274
274
274
274
274
274
274
274
274
274
274
274
274
274
274
274
274
274
274
274
274
274
274
274
274
274
274
274
274
274
274
274
274
274
274
274
274
274
274
274
274
274
274
274
274
274
274
274
274
274
274
274
274
274
274
274
274
274
274
274
274
274
274
274
274
274
274
274
274
274
274
274
274
274
274
274
274
274
274
274
274
274
274
274
274
274
274
274
274
274
274
274
274
274
274
274
274
274
274
274
274
274
274
274
274
274
274
274
274
274
274
274
274
274
274
274
274
274
274
274
274
274
274
274
274
274
274
274
274
274
274
274
274
274
274
274
274
274
274
274
274
274
274
274
274
274
274
274
274
274
274
274
274
274
274
274
274
274
274
274
274
274
274
274
274
274
274
274
274
274
274
274
274
274
274
274
274
274
274
274
274
274
274
274
274
274
274
274
274
274
274
274
274
274
274
274
274
274
274
274
274
274
274
274
274
274
274
274
274
274
274
274
274
274
274
274
274
274
274
274
274
274
274
274
274
274
274
274
274
274
274
274
274
274
274
274
274
274
274
274
274
274
274
274
274
274
274
274
274
274
274
274
274
274
274
274
274
274
274
274
274
274
274
274
274
274
274
274
274
274
274
274
274
274
274
274
274
274
274
274
274
274
274
274
274
274
274
274
274
274
274
274
274
274
274
274
274
274
274
274
274
274
274
274
274
274
274
274
274
274
274
274
274
274
274
274
274
274
274
274
274
274
274
274
274
274
274
274
274
274
274
274
274
274
274
274
274
274
274
274
274
274
274
274
274
274
274
274
274
274
274
274
274
274
274
274
274
274
274
274
274
274
274
274
274
274
274
274
274
274
274
274
274
274
274
274
274
274
274
274
274
274
274
274
274
274
274
274
274
274
274
274
274
274
274
274
274
274
274
274
274
274
274
274
274
274
274
274
274
274
274
274
274
274
274
274
274
274
274
274
274
274
274
274
274
274
274
274
274
274
274
274
274
274
274
274
274
274
274
274
274
274
274
274
274
274
274
274
274
274
274
274
274
274
274
274
274
274
274
274
274
274
274
274
274
274
274
274
274
274
274
274
274
274
274
274
274
274
274
274
274
274
274
274
274
274
274
274
274
274
274
274
274
274
274
274
274
274
274
274
274
274
274
274
274
274
274
274
274
274
274
274
274
274
274
274
274
274
274
274
274
274
274
274
274
274
274
274
274
274
274
274
274
274
274
274
274
274
274
274
274
274
274
274
274
274
274
274
274
274
274
274
274
274
274
274
274
274
274
274
274
274
274
274
274
274
274
274
274
274
274
274
274
274
274
274
274
274
274
274
274
274
274
274
274
274
274
274
274
274
274
274
274
274
274
274
274
274
274
274
274
274
274
274
274
274
274
274
274
274
274
274
274
274
274
274
274
274
274
274
274
274
274
274
274
274
274
274
274
274
274
274
274
274
274
274
274
274
274
274
274
274
274
274
274
274
274
274
274
274
274
274
274
274
274
274
274
274
274
274
274
274
274
274
274
274
274
274
274
274
274
274
274
274
274
274
274
274
274
274
274
274
274
274
274
274
274
274
274
274
274
274
274
274
274
274
274
274
274
274
274
274
274
274
274
274
274
274
274
274
274
274
274
274
274
274
274
274
274
274
274
274
274
274
274
274
274
274
274
274
274
274
274
274
274
274
274
274
274
274
274
274
274
274
274
274
274
274
274
274
274
274
274
274
274
274
274
274
274
274
274
274
274
274
274
274
274
274
274
274
274
274
274
274
274
274
274
274
274
274
274
274
274
274
274
274
274
274
274
274
274
274
274
274
274
274
274
274
274
274
274
274
274
274
274
274
274
274
274
274
274
274
274
274
274
274
274
274
274
274
274
274
274
274
274
274
274
274
274
274
274
274
274
274
274
274
274
274
274
274
274
274
274
274
274
274
274
274
274
274
274
274
274
274
274
274
274
274
274
274
274
274
274
274
274
274
274
274
274
274
274
274
274
274.002
274.002
274.002
274.002
274.002
274.002
274.002
274.002
274.002
274.002
274.002
274.002
274.002
274.002
274.002
274.002
274.002
274.002
274.002
274.002
274.002
274.002
274.002
274.002
274.002
274.002
274.002
274.002
274.002
274.002
274.002
274.002
274.002
274.002
274.002
274.002
274.002
274.002
274.002
274.002
274.002
274.002
274.002
274.002
274.002
274.002
274.002
274.002
274.002
274.002
274.002
274.002
274.002
274.002
274.002
274.002
274.002
274.002
274.002
274.002
274.002
274.002
274.002
274.002
274.002
274.002
274.002
274.002
274.002
274.002
274.002
274.002
274.002
274.002
274.002
274.002
274.002
274.002
274.002
274.002
274.002
274.002
274.002
274.002
274.002
274.002
274.002
274.002
274.002
274.002
274.002
274.002
274.002
274.002
274.002
274.002
274.002
274.002
274.002
274.002
274.002
274.002
274.002
274.002
274.002
274.002
274.002
274.002
274.002
274.002
274.002
274.002
274.002
274.002
274.002
274.002
274.002
274.002
274.002
274.002
274.002
274.002
274.002
274.002
274.002
)
;

boundaryField
{
    wall
    {
        type            zeroGradient;
    }
    inlet
    {
        type            fixedValue;
        value           uniform 3673;
    }
    outlet-1
    {
        type            inletOutlet;
        inletValue      uniform 274;
        value           uniform 274;
    }
    outlet-2
    {
        type            inletOutlet;
        inletValue      uniform 274;
        value           nonuniform List<scalar> 
89
(
274.002
274
274
274
274
274
274
274
274
274
274
274
274
274
274
274
274
274
274
274
274
274
274
274
274
274
274
274
274
274
274
274
274
274
274
274
274
274
274
274
274
274
274
274
274
274
274
274
274
274
274
274
274
274
274
274
274
274
274
274
274
274
274
274
274
274
274
274
274
274
274
274
274
274
274
274
274
274
274
274
274
274
274
274
274
274
274
274
274.002
)
;
    }
    frontAndBackPlanes
    {
        type            empty;
    }
}


// ************************************************************************* //
