/*--------------------------------*- C++ -*----------------------------------*\
| =========                 |                                                 |
| \\      /  F ield         | OpenFOAM: The Open Source CFD Toolbox           |
|  \\    /   O peration     | Version:  2112                                  |
|   \\  /    A nd           | Website:  www.openfoam.com                      |
|    \\/     M anipulation  |                                                 |
\*---------------------------------------------------------------------------*/
FoamFile
{
    version     2.0;
    format      ascii;
    arch        "LSB;label=32;scalar=64";
    class       volScalarField;
    location    "0.00134";
    object      T;
}
// * * * * * * * * * * * * * * * * * * * * * * * * * * * * * * * * * * * * * //

dimensions      [0 0 0 1 0 0 0];

internalField   nonuniform List<scalar> 
13875
(
1411.74
1534.93
1482.71
1486.74
1481.05
1483.48
1483.44
1482.94
1484.28
1484.18
1483.84
1483.89
1484.28
1484.35
1484.12
1483.5
1484.27
1483.28
1482.38
1482.76
1480.89
1487.33
1480.66
1533.08
1397.6
1306.98
1356.04
1319.12
1322.06
1316.58
1317.07
1316.97
1317.82
1323.12
1323.56
1322.68
1321.46
1318.91
1318.61
1322.68
1323
1322.71
1320.46
1317.08
1316.97
1316.07
1321.94
1319.66
1356.16
1302.55
1307.06
1339.61
1314.65
1311.06
1303.95
1304.3
1303.62
1303.51
1303.98
1305.32
1305.16
1305.34
1305.88
1305.85
1305.99
1306.02
1305.65
1303.76
1303.61
1304.29
1303.77
1310.86
1311.6
1336.11
1297.38
1317.18
1345.02
1315.13
1308.76
1305.11
1304.78
1303.82
1303.6
1303.33
1303.7
1304.71
1305.42
1305.9
1305.91
1305.79
1304.93
1304.49
1303.73
1303.83
1304.74
1304.54
1307.79
1314.13
1343.8
1312.34
1329.36
1341.74
1316.17
1311.73
1303.52
1304.16
1303.93
1303.74
1303.43
1303.9
1304.95
1305.8
1306.04
1306.13
1305.94
1305.03
1304.57
1303.8
1303.74
1304.22
1303.44
1311.52
1312.26
1338.64
1316.56
1332.21
1351.57
1319.45
1310.08
1307.08
1306.28
1304.89
1304.3
1303.74
1304.33
1305.22
1306.11
1306.59
1306.63
1306.14
1305.35
1304.56
1304.3
1304.81
1306.18
1306.46
1308.63
1319.26
1349.24
1326.42
1339.23
1360.53
1329.74
1317.08
1307.17
1306.53
1305.52
1304.92
1304.46
1304.97
1305.95
1306.84
1307.06
1307.21
1306.85
1305.89
1305.15
1304.81
1305.38
1306.42
1306.97
1317.32
1326.17
1358.59
1321.82
1361.83
1386.35
1345.89
1322.14
1316.87
1312.54
1309.28
1307.45
1306.11
1306.32
1307.52
1308.06
1308.36
1308.59
1307.73
1306.95
1306.97
1307.13
1308.76
1311.81
1315.52
1321.12
1342.18
1381.67
1350.91
1535.47
1509.18
1389.81
1352.47
1324.33
1317.32
1313.32
1310.99
1309.5
1309.23
1310.37
1311.1
1311.51
1311.77
1310.72
1309.97
1309.81
1310.42
1312.7
1316.26
1322.61
1348.8
1384.74
1508.44
1525.82
1863.25
1590.66
1439.05
1368.93
1346.49
1330.31
1322.66
1318.94
1316.97
1316.07
1317.07
1317.75
1318.36
1318.56
1317.4
1316.74
1316.67
1318.14
1321.43
1328.42
1342.22
1365.36
1429.62
1570.64
1834.26
2523.19
1803.42
1543.02
1446.24
1369.4
1350.44
1340.27
1335.21
1332.81
1331.62
1332.32
1332.6
1333.49
1333.55
1332.36
1331.92
1332.01
1334.2
1338.12
1347.68
1363.72
1435.49
1518.78
1805.47
2450.54
2891.98
2312.19
2131.95
1538.65
1450.21
1414.82
1386.03
1377.59
1371.88
1369.99
1369.93
1369.29
1370.67
1370.25
1369.32
1369.46
1370.25
1375.18
1381.82
1409.92
1434.66
1499.24
1788.77
2312.69
2852.27
2852.43
2777.48
2653.56
2394.83
1657.17
1555.59
1527.85
1507.62
1497.81
1495.42
1495.23
1492.46
1497.4
1494.19
1493.48
1494.5
1496.51
1504.66
1521.26
1550.61
1666.53
2378.5
2451.49
2721.5
2784.19
2771.25
2756.28
2865.44
2859.12
2234.78
2260.09
2059.55
1966.03
1930.74
1888.97
1915.6
1871.37
1916.9
1887.81
1895.2
1897.3
1911.44
1953.97
2059.57
2212.99
2166.54
2865.34
2885.59
2734.59
2697.76
2655.32
2748.74
2870.9
2858.48
2890.38
3203.23
3448.49
3468.56
3703.19
3606.17
3696.87
3642.37
3681.68
3658.76
3681.95
3667.68
3679.65
3562.97
3471.03
3205.83
2911.05
2875.14
2876.83
2696.47
2661.18
2540.78
2684.56
2896.24
2989.91
3002.03
3348.37
3596.61
3685.4
3693.83
3668.03
3623.73
3641.11
3595.3
3633.43
3629.96
3657.35
3675.27
3713.93
3642.5
3447.15
3047.51
2984.38
2911.44
2694.94
2582.64
2490.33
2620.26
2758.68
2962.51
3047.78
3349.93
3572.9
3670.51
3667.46
3649.17
3615.94
3625.06
3597.27
3619.31
3617.06
3635.66
3658.38
3703.6
3628.83
3452.1
3108.52
3013.38
2818.57
2626.37
2515.58
2314.95
2612.95
2862.51
2956.68
2961.06
3207.49
3367.11
3460.8
3501.57
3509.95
3508.91
3502.68
3505.09
3505.72
3508.57
3509.18
3499.62
3481.56
3389.84
3222.73
3013.32
3014.28
2872.57
2615.61
2349.22
2233.65
2327.05
2627.83
2775.72
2741.94
2874.1
3120.72
3296.38
3382.98
3407.34
3414.44
3412.54
3417.53
3417.16
3414.29
3413.47
3411.71
3363.64
3176.56
2914.59
2779.02
2830.83
2677.59
2359.46
2273.05
2320.18
2262.37
2369.05
2549.71
2564.89
2630.7
2838.24
3086.43
3238.99
3304.18
3321.94
3321.77
3325.66
3327.55
3326.24
3322.71
3283.89
3140.39
2870.58
2660.83
2591.16
2574.1
2361.39
2262.34
2366.94
2869.18
2247.73
2190.17
2347.37
2407.97
2479.81
2666.29
2906.73
3089.4
3185.47
3217
3223.82
3229.05
3229.47
3224.56
3206.29
3122.85
2933.43
2674.36
2498.1
2418.49
2346.32
2172.17
2226.51
2804.94
2823.71
2044.09
1998
2189.01
2279.36
2369.11
2529.38
2762.63
2958.74
3073.7
3113.46
3122.65
3126.36
3125.28
3116.41
3084.57
2972.21
2762.8
2531.21
2386.92
2285.69
2176.05
1991.32
2037.89
2849.81
2849.48
2048.25
1892.25
2070.67
2183.15
2285.24
2421.29
2628.2
2820.82
2952.07
3004.95
3014.07
3017.23
3014.27
3004.21
2957.73
2829.75
2631.25
2425.4
2302.76
2185.16
2060.95
1873.12
2045.56
2920.47
2800.28
2029.87
1883.21
2014.03
2100.62
2197.6
2326.17
2531.14
2719.83
2841.8
2891.6
2910.43
2910.99
2907.18
2887.43
2842.67
2720.49
2521.41
2322.76
2207.2
2109.89
2008.54
1860.42
2010.99
2797.54
2746.14
2032.76
1910.28
1983.39
2040.05
2121.68
2244.53
2438.75
2614.73
2744.08
2797.18
2805.72
2808.04
2803.44
2789
2738.3
2609.33
2427.08
2236.96
2130.45
2051.76
1982.95
1887.31
2034.89
2785.15
2711.74
2051.53
1927.12
1964.5
1986.13
2049.36
2168.36
2357.93
2528.53
2641.79
2687.71
2705.14
2707.56
2701.28
2682.11
2636.57
2519.96
2340.95
2160.71
2053.86
2001.17
1973.54
1912.49
2027.92
2713.59
2676.81
2074.4
1946.1
1960.75
1947.74
1997.41
2113.17
2292.59
2444.18
2555.67
2601.8
2609.9
2611.39
2606.94
2590.2
2548.65
2442.11
2279.56
2103.95
2001.78
1957.77
1966.6
1935.91
2067.34
2701.26
2675.79
2119.5
1988.64
1954.75
1914.87
1948.96
2061.86
2230.02
2375.71
2468.32
2505.81
2519.04
2519.97
2515.49
2503.52
2464.36
2366.92
2210.52
2047.64
1949.5
1928.87
1971.35
1979.86
2122.7
2706.8
2703.54
2154.75
1994.45
1937.16
1898.19
1922.85
2022.73
2178.97
2302.16
2387.28
2422.35
2430.16
2434.88
2428.08
2412.62
2386.04
2312.84
2176.28
2017.37
1920.97
1906.68
1943.01
1995.73
2130.18
2707.88
2744.03
2167.54
2009.1
1946.37
1885.17
1896.54
1990.25
2127.38
2240.91
2315.23
2346.6
2353.52
2352.51
2349.41
2345
2312.95
2246.56
2124.48
1980.57
1898.39
1896.69
1962
2006.26
2160.76
2780.62
2719.22
2168.28
2003.57
1936.92
1861.27
1884.87
1970.8
2099.23
2191.01
2243.36
2263.77
2272.71
2278.72
2272.1
2257.79
2243.82
2199.72
2101.13
1968.32
1880.13
1867.02
1938
2014.14
2159.98
2787.32
2717.27
2179.78
2027.41
1948.46
1858.03
1870.62
1945.76
2049.5
2129.72
2181.85
2207.53
2206.18
2207.2
2203.84
2203.9
2177.43
2140.65
2062.52
1948.03
1872.07
1871.1
1946.97
2001.59
2175.44
2766.43
2699.03
2177.85
2060.44
1926.08
1843.13
1855.52
1929.3
2029.05
2092.95
2122.13
2129.25
2139.18
2144.17
2137.15
2126.14
2120.49
2097.57
2034.83
1936.39
1852.67
1840.79
1921.13
2047.81
2158.23
2751.51
2661.05
2174.4
2091.01
1953.46
1856.15
1846.24
1918.64
1991.34
2039.16
2067.62
2087.7
2082.97
2084.57
2081.25
2083.84
2061.29
2042.09
1995.05
1917.43
1849.01
1860
1947.72
2050.17
2171.43
2723.35
2653.9
2168.35
2120.29
1937.11
1856.54
1838.94
1896.42
1968.4
2010.22
2025.18
2021.35
2026.27
2030.72
2024.41
2018.33
2019.01
2008.39
1970.45
1896.89
1825.51
1847.19
1920.48
2110.97
2159.09
2687.31
2627.84
2167.84
2098.99
1972.12
1874.39
1831.75
1890.6
1943.09
1961.76
1973.41
1989.83
1982.61
1982.58
1979.21
1985.24
1965.89
1958.83
1934.15
1889.03
1835.13
1875.93
1969.31
2108.01
2172.03
2648.3
2601.83
2160.67
2113.06
1979.43
1886.78
1847.49
1875.36
1911.02
1939.63
1944.06
1932.94
1934.22
1938.64
1934.06
1929.46
1935.71
1928.6
1906.26
1859.12
1816.55
1867.68
1983.16
2114.39
2169.38
2627.8
2589.38
2154.48
2102.09
2048.25
1910.38
1850.8
1875.57
1901.61
1895.47
1896.14
1910.04
1900.91
1899.81
1895.76
1905.94
1888.73
1891.6
1884.09
1866.29
1851.78
1899.28
2045.64
2100.49
2160.25
2605.55
2575.01
2138.39
2101.44
2041.44
1934.84
1882.47
1875.11
1867.13
1877.64
1875.1
1860.73
1859.84
1864.37
1864.31
1860.34
1866.55
1862.57
1858.19
1852.78
1859.98
1928.06
2050.47
2106.02
2139.6
2597.36
2551.3
2131.93
2073.77
2041.49
1970.09
1891.4
1901.07
1880.01
1848.52
1831.04
1845.36
1834.29
1833.34
1825.63
1841.48
1829.91
1844.34
1852.82
1879.18
1878.68
1964.6
2047.06
2074.72
2140.59
2584.16
2551.38
2133.59
2052.86
2032.04
2039.38
1927.3
1901.67
1847.64
1822.77
1823.39
1800.83
1798.8
1803.32
1808.37
1803.73
1814.86
1822.55
1848.87
1891.63
1916.15
2048.19
2039.19
2045.97
2118.08
2577.51
2534.29
2120.92
2019.51
2016.34
2025.27
1957.24
1920.78
1873.63
1827.86
1783.57
1792.57
1779.4
1778.73
1772.24
1791.44
1789.27
1821.53
1862.32
1920.17
1958.85
2032.49
2022.57
2010.56
2122.21
2572.15
2511.3
2103.55
2003.25
1987.13
2030.11
2039.04
1946.29
1867.84
1801.09
1790.51
1759.68
1752.47
1753.15
1758.83
1764.19
1787.18
1806.93
1872.68
1945.94
2057.08
2037.63
1986.47
1994.63
2117.25
2562.09
2480.82
2102.93
1987.87
1960.22
2000.55
2040.66
1970.28
1894.85
1836.69
1768.9
1756.53
1733.13
1736.27
1733.11
1759.46
1776.63
1840.23
1898.03
2004.57
2066.31
2008.71
1957.75
1975.68
2102.59
2532.78
2471.14
2104.81
1975.9
1931.29
1979.29
2031.66
2040.1
1910.7
1799.12
1775
1743.13
1729.13
1715.18
1729.23
1755.29
1788.43
1809.86
1923.35
2099.28
2058.47
1976.97
1924.66
1966.05
2110.03
2498.39
2443.63
2082.36
1971.32
1923.88
1943.74
2013.37
2089.31
1968.92
1859.41
1784.4
1747.42
1707.12
1714.11
1710.74
1740.91
1790.73
1879.72
1993.98
2107.05
2033.69
1940.5
1917.33
1963.47
2103.48
2465.63
2435.78
2084.74
1960.81
1894.6
1919.72
1989.04
2069.02
2070.68
1849.95
1776.94
1751.09
1722.64
1712.02
1722.49
1764.73
1791.07
1863.18
2095.52
2088.3
2001.9
1915.85
1891.49
1954.64
2092.56
2448.72
2406.28
2066.02
1958.7
1903.15
1895.69
1955.1
2058.63
2071.19
1939.78
1827.91
1742.83
1704.97
1713.06
1705.87
1740.77
1838.03
1984.44
2091.15
2069.24
1959.65
1893.44
1894.44
1945.92
2078.71
2403.18
2376.77
2057.06
1951.93
1885.51
1889.77
1923.71
2025.59
2066.55
2048.21
1846.99
1787.13
1730.97
1719.12
1732.01
1798
1878.57
2079.34
2085.88
2029.28
1920.16
1873.9
1875.16
1943.43
2068.01
2379.84
2241.56
2011.97
1927.32
1895.6
1877.73
1897.34
1989
2042.45
2065.5
1987.77
1802.01
1713.59
1735.49
1720.78
1816.67
2027.06
2085.6
2061.29
1992.62
1891.33
1864.58
1876.64
1913.34
2026.3
2253.36
274
274.071
274.032
274.067
274.129
274.233
274.338
274.331
274.26
274.165
274.089
274.043
274.019
274.008
274.003
274.001
274
274
274
274
274
273.999
273.999
273.999
273.999
274.001
273.996
274.003
273.988
274.013
274.297
274.344
274.284
274.284
274.326
274.413
274.505
274.461
274.353
274.223
274.12
274.058
274.026
274.01
274.004
274.001
274
274
274
274
273.999
273.999
273.999
273.999
273.999
274
273.994
274.004
273.987
274.017
274.422
274.456
274.374
274.317
274.337
274.445
274.552
274.506
274.392
274.248
274.133
274.064
274.028
274.011
274.004
274.001
274
274
274
274
273.999
273.999
273.999
273.999
273.999
274
273.996
274.003
273.992
274.012
274.428
274.478
274.37
274.292
274.314
274.45
274.59
274.541
274.421
274.266
274.143
274.069
274.03
274.012
274.004
274.001
274
274
274
274
273.999
273.999
273.999
273.999
273.999
274
273.997
274.002
273.996
274.008
274.41
274.474
274.348
274.263
274.297
274.464
274.627
274.569
274.442
274.278
274.15
274.071
274.031
274.012
274.004
274.001
274
274
274
274
273.999
273.999
273.999
274
274
274
273.998
274.002
273.998
274.005
274.385
274.453
274.323
274.242
274.289
274.504
274.661
274.587
274.454
274.282
274.151
274.072
274.031
274.012
274.004
274.001
274
274
274
274
273.999
273.999
273.999
274
274
274
273.999
274.001
273.999
274.004
274.368
274.411
274.302
274.229
274.287
274.544
274.687
274.589
274.455
274.281
274.151
274.071
274.03
274.012
274.004
274.001
274
274
274
274
273.999
273.999
273.999
274
274
274
274
274.001
273.999
274.003
274.356
274.376
274.298
274.225
274.315
274.581
274.699
274.586
274.451
274.278
274.149
274.07
274.03
274.011
274.004
274.001
274
274
274
274
273.999
273.999
273.999
274
274
274
274
274.001
274
274.002
274.355
274.347
274.301
274.22
274.354
274.608
274.7
274.578
274.444
274.272
274.146
274.069
274.029
274.011
274.003
274.001
274
274
274
274
274
273.999
273.999
274
274
274
274
274.001
274
274.002
274.373
274.335
274.325
274.273
274.385
274.63
274.698
274.563
274.431
274.261
274.14
274.066
274.027
274.01
274.003
274.001
274
274
274
274
274
273.999
273.999
274
274
274
274.001
274.001
274
274.002
274.394
274.363
274.412
274.384
274.451
274.659
274.69
274.538
274.411
274.246
274.131
274.061
274.025
274.009
274.003
274.001
274
274
274
274
274
274
273.999
274
274
274
274.001
274.001
274.001
274.002
274.463
274.485
274.624
274.653
274.632
274.749
274.692
274.511
274.387
274.228
274.121
274.055
274.022
274.008
274.002
274.001
274
274
274
274
274
274
274
274
274
274
274.001
274.001
274.001
274.002
274.679
274.879
275.24
275.386
275.199
275.067
274.798
274.514
274.364
274.209
274.111
274.051
274.021
274.007
274.002
274.001
274
274
274
274
274
274
274
274
274
274
274.001
274.001
274.001
274.001
275.323
276.043
277.09
277.733
277.264
276.231
275.252
274.651
274.386
274.199
274.102
274.047
274.019
274.007
274.002
274.001
274
274
274
274
274
274
274
274
274
274
274
274.001
274.001
274.002
277.246
279.154
281.565
284.357
283.981
281.126
277.384
275.266
274.54
274.229
274.102
274.043
274.017
274.006
274.002
274
274
274
274
274
274
274
274
274
274
274
274
274
274.001
274.002
281.866
286.423
292.732
301.219
305.777
301.231
286.221
278.307
275.242
274.379
274.131
274.046
274.016
274.005
274.002
274
274
274
274
274
274
274
274
274
274
274
274
274
274
274.001
293.321
294.774
296.501
303.944
313.15
321.58
320.543
291.457
278.584
275.029
274.257
274.067
274.019
274.005
274.001
274
274
274
274
274
274
274
274
274
274
274
274
274
274
274.001
297.113
295.064
296.336
302.303
313.164
322.727
331.114
332.567
293.519
277.93
274.761
274.157
274.032
274.007
274.001
274
274
274
274
274
274
274
274
274
274
274
274
274
274
274.001
295.371
292.802
293.11
295.765
309.802
322.705
332.249
339.901
336.941
289.883
276.788
274.482
274.086
274.014
274.002
274
274
274
274
274
274
274
274
274
274
274
274
274
274
274.001
291.641
288.6
288.882
291.167
304.531
320.685
333.427
341.51
348.562
332.787
284.511
275.66
274.264
274.041
274.005
274.001
274
274
274
274
274
274
274
274
274
274
274
274
274
274.001
278.84
280.432
286.166
292.105
304.229
321.47
334.908
344.445
352.271
353.014
314.584
279.813
274.85
274.125
274.017
274.002
274
274
274
274
274
274
274
274
274
274
274
274
274
274.001
271.337
280.915
293.134
306.383
319.988
336.02
344.88
350.783
356.159
359.732
355.459
293.477
276.702
274.37
274.051
274.006
274
274
274
274
274
274
274
274
274
274
274
274
274
274.001
281.287
295.136
321.19
361.284
389.923
387.567
379.684
366.38
363.754
367.559
367.129
334.595
282.113
275.077
274.139
274.018
274.002
274
274
274
274
274
274
274
274
274
274
274
274
274.001
241.171
313.633
415.6
554.587
616.889
509.665
448.483
403.838
384.206
379.479
375.304
369.716
297.853
276.939
274.36
274.045
274.005
274
274
274
274
274
274
274
274
274
274
274
274
274.001
313.263
491.064
808.082
1029.19
1010.73
724.999
572.986
471.249
420.963
398.421
387.98
383.43
338.044
281.381
274.886
274.107
274.012
274.001
274
274
274
274
274
274
274
274
274
274
274
274.001
274.013
273.988
274.003
273.996
274.001
273.999
273.999
273.999
273.999
274
274
274
274
274
274.001
274.003
274.008
274.019
274.043
274.089
274.165
274.26
274.331
274.338
274.233
274.129
274.067
274.032
274.071
274
274.017
273.987
274.004
273.994
274
273.999
273.999
273.999
273.999
273.999
274
274
274
274
274.001
274.004
274.01
274.026
274.057
274.12
274.223
274.353
274.461
274.505
274.413
274.326
274.284
274.284
274.344
274.297
274.012
273.992
274.003
273.996
274
273.999
273.999
273.999
273.999
273.999
274
274
274
274
274.001
274.004
274.011
274.028
274.064
274.133
274.248
274.392
274.506
274.552
274.445
274.337
274.317
274.374
274.456
274.421
274.008
273.996
274.002
273.997
274
273.999
273.999
273.999
273.999
273.999
274
274
274
274
274.001
274.004
274.012
274.03
274.069
274.143
274.266
274.421
274.541
274.59
274.45
274.313
274.292
274.37
274.478
274.428
274.005
273.998
274.002
273.998
274
274
274
273.999
273.999
273.999
274
274
274
274
274.001
274.004
274.012
274.031
274.071
274.15
274.278
274.443
274.569
274.627
274.464
274.297
274.262
274.348
274.474
274.411
274.004
273.999
274.001
273.999
274
274
274
273.999
273.999
273.999
274
274
274
274
274.001
274.004
274.012
274.031
274.072
274.151
274.282
274.454
274.586
274.66
274.504
274.289
274.242
274.323
274.453
274.385
274.003
273.999
274.001
274
274
274
274
273.999
273.999
273.999
274
274
274
274
274.001
274.004
274.012
274.03
274.071
274.151
274.281
274.455
274.589
274.687
274.544
274.287
274.229
274.302
274.411
274.367
274.002
274
274.001
274
274
274
274
273.999
273.999
273.999
274
274
274
274
274.001
274.004
274.011
274.03
274.07
274.149
274.278
274.451
274.586
274.699
274.581
274.315
274.225
274.298
274.376
274.356
274.002
274
274.001
274
274
274
274
273.999
273.999
274
274
274
274
274
274.001
274.003
274.011
274.029
274.069
274.146
274.272
274.444
274.578
274.7
274.608
274.353
274.22
274.301
274.347
274.356
274.002
274
274.001
274.001
274
274
274
273.999
273.999
274
274
274
274
274
274.001
274.003
274.01
274.027
274.066
274.14
274.261
274.431
274.563
274.698
274.63
274.385
274.273
274.324
274.334
274.373
274.002
274.001
274.001
274.001
274
274
274
273.999
274
274
274
274
274
274
274.001
274.003
274.009
274.025
274.061
274.131
274.246
274.411
274.537
274.69
274.659
274.452
274.384
274.412
274.363
274.394
274.002
274.001
274.001
274.001
274
274
274
274
274
274
274
274
274
274
274.001
274.002
274.008
274.022
274.055
274.121
274.228
274.387
274.511
274.693
274.749
274.633
274.653
274.624
274.485
274.463
274.001
274.001
274.001
274.001
274
274
274
274
274
274
274
274
274
274
274.001
274.002
274.007
274.021
274.051
274.111
274.21
274.364
274.514
274.799
275.067
275.199
275.386
275.241
274.879
274.679
274.002
274.001
274.001
274
274
274
274
274
274
274
274
274
274
274
274.001
274.002
274.007
274.019
274.047
274.102
274.199
274.387
274.651
275.251
276.23
277.264
277.733
277.09
276.042
275.322
274.002
274.001
274
274
274
274
274
274
274
274
274
274
274
274
274
274.002
274.006
274.017
274.043
274.102
274.229
274.54
275.266
277.381
281.118
283.973
284.352
281.563
279.15
277.243
274.001
274
274
274
274
274
274
274
274
274
274
274
274
274
274
274.002
274.005
274.016
274.046
274.131
274.379
275.241
278.3
286.196
301.172
305.726
301.192
292.716
286.407
281.855
274.001
274
274
274
274
274
274
274
274
274
274
274
274
274
274
274.001
274.005
274.019
274.067
274.257
275.028
278.575
291.409
320.433
321.493
313.083
303.912
296.469
294.745
293.274
274.001
274
274
274
274
274
274
274
274
274
274
274
274
274
274
274.001
274.007
274.032
274.157
274.76
277.921
293.45
332.423
331.004
322.637
313.099
302.273
296.303
295.035
297.073
274.001
274
274
274
274
274
274
274
274
274
274
274
274
274
274
274.002
274.014
274.086
274.482
276.782
289.825
336.764
339.758
332.133
322.602
309.743
295.734
293.076
292.773
295.326
274.001
274
274
274
274
274
274
274
274
274
274
274
274
274
274.001
274.005
274.041
274.264
275.658
284.479
332.596
348.387
341.354
333.285
320.547
304.49
291.127
288.854
288.571
291.608
274.001
274
274
274
274
274
274
274
274
274
274
274
274
274
274.002
274.017
274.125
274.849
279.796
314.406
352.82
352.077
344.249
334.709
321.24
304.198
292.066
286.133
280.402
278.764
274.001
274
274
274
274
274
274
274
274
274
274
274
274
274
274.006
274.051
274.37
276.698
293.391
355.213
359.519
355.922
350.488
344.487
335.396
319.658
306.213
293.03
280.852
271.271
274.001
274
274
274
274
274
274
274
274
274
274
274
274
274.002
274.018
274.139
275.076
282.102
334.428
366.889
367.293
363.412
365.905
378.877
385.98
388.71
360.771
321.027
295.04
281.242
274.001
274
274
274
274
274
274
274
274
274
274
274
274
274.005
274.045
274.36
276.938
297.806
369.474
375.033
379.127
383.698
402.897
446.639
505.319
613.335
551.227
415.064
313.292
239.729
274.001
274
274
274
274
274
274
274
274
274
274
274
274.001
274.012
274.108
274.888
281.386
337.973
383.162
387.635
397.906
420.04
469.3
569.018
716.057
1002.12
1020.89
803.006
490.149
311.265
274.002
274.002
274.002
274.002
274.002
274.002
274.002
274.002
274.002
274.002
274.002
274.002
274.002
274.002
274.002
274.002
274.002
274.002
274.002
274.002
274.002
274.002
274.002
274.002
274.002
274.002
274.002
274.002
274.002
274.002
274.002
274.002
274.002
274.002
274.002
274.002
274.002
274.002
274.002
274.002
274.002
274.002
274.002
274.002
274.002
274.002
274.002
274.002
274.002
274.002
274.002
274.002
274.002
274.002
274.002
274.001
274.001
274.001
274.001
274.001
274.001
274.001
274.001
274.001
274.001
274.001
274.001
274.001
274.001
274.001
274.001
274.001
274.001
274.001
274.001
274.001
274.001
274.001
274.001
274.001
274.001
274.001
274.001
274.001
274.001
274.001
274.001
274.001
274.001
274.001
274.001
274.001
274.001
274.001
274.001
274.001
274.001
274.001
274.001
274.001
274.001
274.001
274.001
274.001
274.001
274.001
274.001
274.001
274.001
274.001
274.001
274.001
274.001
274.001
274.001
274.001
274.001
274.001
274.001
274.001
274.001
274.002
274.002
274.002
274.002
274
274
274
274
274
274
274
274
274
274
274
274
274
274
274
274
274
274
274
274
274
274
274
274
274
274
274
274
274
274
274
274
274
274
274
274
274
274
274
274
274
274
274
274
274
274
274
274
274
274
274
274
274
274
274
274
274
274
274
274
274
274
274
274
274
274
274
274
274
274
274
274
274
274
274
274
274
274
274
274
274
274
274
274
274
274
274
274
274
274
274
274
274
274
274
274
274
274
274
274
274
274
274
274
274
274
274
274
274
274
274
274
274
274
274
274
274
274
274
274
274
274
274
274
274
274
274
274
274
274
274
274
274
274
274
274
274
274
274
274
274
274
274
274
274
274
274
274
274
274
274
274
274
274
274
274
274
274
274
274
274
274
274
274
274
274
274
274
274
274
274
274
274
274
274
274
274
274
274
274
274
274
274
274
274
274
274
274
274
274
274
274
274
274
274
274
274
274
274
274
274
274
274
274
274
274
274
274
274
274
274
274
274
274
274
274
274
274
274
274
274
274
274
274
274
274
274
274
274
274
274
274
274
274
274
274
274
274
274
274
274
274
274
274
274
274
274
274
274
274
274
274
274
274
274
274
274
274
274
274
274
274
274
274
274
274
274
274
274
274
274
274
274
274
274
274
274
274
274
274
274
274
274
274
274
274
274
274
274
274
274
274
274
274
274
274
274
274
274
274
274
274
274
274
274
274
274
274
274
274
274
274
274
274
274
274
274
274
274
274
274
274
274
274
274
274
274
274
274
274
274
274
274
274
274
274
274
274
274
274
274
274
274
274
274
274
274
274
274
274
274
274
274
274
274
274
274
274
274
274
274
274
274
274
274
274
274
274
274
274
274
274
274
274
274
274
274
274
274
274
274
274
274
274
274
274
274
274
274
274
274
274
274
274
274
274
274
274
274
274
274
274
274
274
274
274
274
274
274
274
274
274
274
274
274
274
274
274
274
274
274
274
274
274
274
274
274
274
274
274
274
274
274
274
274
274
274
274
274
274
274
274
274
274
274
274
274
274
274
274
274
274
274
274
274
274
274
274
274
274
274
274
274
274
274
274
274
274
274
274
274
274
274
274
274
274
274
274
274
274
274
274
274
274
274
274
274
274
274
274
274
274
274
274
274
274
274
274
274
274
274
274
274
274
274
274
274
274
274
274
274
274
274
274
274
274
274
274
274
274
274
274
274
274
274
274
274
274
274
274
274
274
274
274
274
274
274
274
274
274
274
274
274
274
274
274
274
274
274
274
274
274
274
274
274
274
274
274
274
274
274
274
274
274
274
274
274
274
274
274
274
274
274
274
274
274
274
274
274
274
274
274
274
274
274
274
274
274
274
274
274
274
274
274
274
274
274
274
274
274
274
274
274
274
274
274
274
274
274
274
274
274
274
274
274
274
274
274
274
274
274
274
274
274
274
274
274
274
274
274
274
274
274
274
274
274
274
274
274
274
274
274
274
274
274
274
274
274
274
274
274
274
274
274
274
274
274
274
274
274
274
274
274
274
274
274
274
274
274
274
274
274
274
274
274
274
274
274
274
274
274
274
274
274
274
274
274
274
274
274
274
274
274
274
274
274
274
274
274
274
274
274
274
274
274
274
274
274
274
274
274
274
274
274
274
274
274
274
274
274
274
274
274
274
274
274
274
274
274
274
274
274
274
274
274
274
274
274
274
274
274
274
274
274
274
274
274
274
274
274
274
274
274
274
274
274
274
274
274
274
274
274
274
274
274
274
274
274
274
274
274
274
274
274
274
274
274
274
274
274
274
274
274
274
274
274
274
274
274
274
274
274
274
274
274
274
274
274
274
274
274
274
274
274
274
274
274
274
274
274
274
274
274
274
274
274
274
274
274
274
274
274
274
274
274
274
274
274
274
274
274
274
274
274
274
274
274
274
274
274
274
274
274
274
274
274
274
274
274
274
274
274
274
274
274
274
274
274
274
274
274
274
274
274
274
274
274
274
274
274
274
274
274
274
274
274
274
274
274
274
274
274
274
274
274
274
274
274
274
274
274
274
274
274
274
274
274
274
274
274
274
274
274
274
274
274
274
274
274
274
274
274
274
274
274
274
274
274
274
274
274
274
274
274
274
274
274
274
274
274
274
274
274
274
274
274
274
274
274
274
274
274
274
274
274
274
274
274
274
274
274
274
274
274
274
274
274
274
274
274
274
274
274
274
274
274
274
274
274
274
274
274
274
274
274
274
274
274
274
274
274
274
274
274
274
274
274
274
274
274
274
274
274
274
274
274
274
274
274
274
274
274
274
274
274
274
274
274
274
274
274
274
274
274
274
274
274
274
274
274
274
274
274
274
274
274
274
274
274
274
274
274
274
274
274
274
274
274
274
274
274
274
274
274
274
274
274
274
274
274
274
274
274
274
274
274
274
274
274
274
274
274
274
274
274
274
274
274
274
274
274
274
274
274
274
274
274
274
274
274
274
274
274
274
274
274
274
274
274
274
274
274
274
274
274
274
274
274
274
274
274
274
274
274
274
274
274
274
274
274
274
274
274
274
274
274
274
274
274
274
274
274
274
274
274
274
274
274
274
274
274
274
274
274
274
274
274
274
274
274
274
274
274
274
274
274
274
274
274
274
274
274
274
274
274
274
274
274
274
274
274
274
274
274
274
274
274
274
274
274
274
274
274
274
274
274
274
274
274
274
274
274
274
274
274
274
274
274
274
274
274
274
274
274
274
274
274
274
274
274
274
274
274
274
274
274
274
274
274
274
274
274
274
274
274
274
274
274
274
274
274
274
274
274
274
274
274
274
274
274
274
274
274
274
274
274
274
274
274
274
274
274
274
274
274
274
274
274
274
274
274
274
274
274
274
274
274
274
274
274
274
274
274
274
274
274
274
274
274
274
274
274
274
274
274
274
274
274
274
274
274
274
274
274
274
274
274
274
274
274
274
274
274
274
274
274
274
274
274
274
274
274
274
274
274
274
274
274
274
274
274
274
274
274
274
274
274
274
274
274
274
274
274
274
274
274
274
274
274
274
274
274
274
274
274
274
274
274
274
274
274
274
274
274
274
274
274
274
274
274
274
274
274
274
274
274
274
274
274
274
274
274
274
274
274
274.001
274.001
274.001
274.001
274.001
274.001
274.001
274
274
274
274
274
274
274
274
274
274
274
274
274
274
274
274
274
274
274
274
274
274
274
274
274
274
274
274
274
274
274
274
274
274
274
274
274
274
274
274
274
274
274
274
274
274
274
274
274
274
274
274
274
274
274
274
274
274
274
274
274
274
274
274
274
274
274
274
274
274
274
274
274
274
274
274
274
274
274
274
274
274
274
274
274
274
274
274
274
274
274
274
274
274
274
274
274
274
274
274
274
274
274
274
274
274
274
274
274
274
274
274
274
274
274.001
274.003
274.006
274.011
274.017
274.022
274.024
274.024
274.021
274.017
274.012
274.008
274.005
274.002
274
274
274
274
274
274
274
274
274
274
274
274
274
274
274
274
274
274
274
274
274
274
274
274
274
274
274
274
274
274
274
274
274
274
274
274
274
274
274
274
274
274
274
274
274
274
274
274
274
274
274
274
274
274
274
274
274
274
274
274
274
274
274
274
274
274
274
274
274
274
274
274
274
274
274
274
274
274
274
274
274
274
274
274
274
274
274
274
274
274
274
274
274
274
274
274
274
274
274
274
274
274
274
274
274
274
274
274
274.001
274.003
274.01
274.027
274.057
274.105
274.163
274.22
274.26
274.268
274.256
274.219
274.177
274.128
274.087
274.053
274.028
274
274
274
274
274
274
274
274
274
274
274
274
274
274
274
274
274
274
274
274
274
274
274
274
274
274
274
274
274
274
274
274
274
274
274
274
274
274
274
274
274
274
274
274
274
274
274
274
274
274
274
274
274
274
274
274
274
274
274
274
274
274
274
274
274
274
274
274
274
274
274
274
274
274
274
274
274
274
274
274
274
274
274
274
274
274
274
274
274
274
274
274
274
274
274
274
274
274
274
274
274
274
274
274
274
274
274.001
274.006
274.024
274.075
274.196
274.448
274.913
275.586
276.324
276.976
277.318
277.238
276.927
276.345
275.796
275.211
274.776
274.448
274.235
274
274
274
274
274
274
274
274
274
274
274
274
274
274
274
274
274
274
274
274
274
274
274
274
274
274
274
274
274
274
274
274
274
274
274
274
274
274
274
274
274
274
274
274
274
274
274
274
274
274
274
274
274
274
274
274
274
274
274
274
274
274
274
274
274
274
274
274
274
274
274
274
274
274
274
274
274
274
274
274
274
274
274
274
274
274
274
274
274
274
274
274
274
274
274
274
274
274
274
274
274
274
274
274
274
274.005
274.034
274.144
274.522
275.584
278.092
283.27
291.416
300.142
307.377
312.121
314.784
311.157
305.191
297.724
291.787
285.851
281.448
278.114
276.044
274
274
274
274
274
274
274
274
274
274
274
274
274
274
274
274
274
274
274
274
274
274
274
274
274
274
274
274
274
274
274
274
274
274
274
274
274
274
274
274
274
274
274
274
274
274
274
274
274
274
274
274
274
274
274
274
274
274
274
274
274
274
274
274
274
274
274
274
274
274
274
274
274
274
274
274
274
274
274
274
274
274
274
274
274
274
274
274
274
274
274
274
274
274
274
274
274
274
274
274
274
274
274
274.003
274.026
274.166
274.858
277.76
287.807
313.181
366.12
440.775
489.655
508.349
510.079
503.503
490.884
473.023
454.433
430.648
407.993
379.491
348.837
314.953
290.611
274
274
274
274
274
274
274
274
274
274
274
274
274
274
274
274
274
274
274
274
274
274
274
274
274
274
274
274
274
274
274
274
274
274
274
274
274
274
274
274
274
274
274
274
274
274
274
274
274
274
274
274
274
274
274
274
274
274
274
274
274
274
274
274
274
274
274
274
274
274
274
274
274
274
274
274
274
274
274
274
274
274
274
274
274
274
274
274
274
274
274
274
274
274
274
274
274
274
274
274
274
274.001
274.011
274.104
274.757
279.048
301.35
386.483
516.284
613.39
654.038
648.722
630.414
609.213
586.479
562.257
538.417
516.093
495.51
473.407
454.05
433.855
416.869
400.143
376.237
274
274
274
274
274
274
274
274
274
274
274
274
274
274
274
274
274
274
274
274
274
274
274
274
274
274
274
274
274
274
274
274
274
274
274
274
274
274
274
274
274
274
274
274
274
274
274
274
274
274
274
274
274
274
274
274
274
274
274
274
274
274
274
274
274
274
274
274
274
274
274
274
274
274
274
274
274
274
274
274
274
274
274
274
274
274
274
274
274
274
274
274
274
274
274
274
274
274
274
274
274.002
274.036
274.374
277.505
303.216
434.216
624.055
734.672
755.556
745.459
727.236
705.768
683.827
660.244
634.179
607.927
582.301
557.195
533.248
506.162
481.53
454.777
432.505
411.654
395.17
274
274
274
274
274
274
274
274
274
274
274
274
274
274
274
274
274
274
274
274
274
274
274
274
274
274
274
274
274
274
274
274
274
274
274
274
274
274
274
274
274
274
274
274
274
274
274
274
274
274
274
274
274
274
274
274
274
274
274
274
274
274
274
274
274
274
274
274
274
274
274
274
274
274
274
274
274
274
274
274
274
274
274
274
274
274
274
274
274
274
274
274
274
274
274
274
274
274
274
274.006
274.1
275.25
289.506
416.224
660.545
808.967
826.359
820.289
814.524
808.408
804.662
799.314
783.277
755.658
722.698
690.274
655.406
624.406
594.64
561.329
529.076
493.236
463.208
431.195
406.256
274
274
274
274
274
274
274
274
274
274
274
274
274
274
274
274
274
274
274
274
274
274
274
274
274
274
274
274
274
274
274
274
274
274
274
274
274
274
274
274
274
274
274
274
274
274
274
274
274
274
274
274
274
274
274
274
274
274
274
274
274
274
274
274
274
274
274
274
274
274
274
274
274
274
274
274
274
274
274
274
274
274
274
274
274
274
274
274
274
274
274
274
274
274
274
274
274
274
274.014
274.252
278.19
340.393
604.195
840.238
876.015
864.795
867.017
886.781
916.652
953.686
974.763
966.923
941.675
900.056
861.388
825.7
783.863
739.284
696.733
652.03
609.344
558.734
516.165
463.303
426.356
274
274
274
274
274
274
274
274
274
274
274
274
274
274
274
274
274
274
274
274
274
274
274
274
274
274
274
274
274
274
274
274
274
274
274
274
274
274
274
274
274
274
274
274
274
274
274
274
274
274
274
274
274
274
274
274
274
274
274
274
274
274
274
274
274
274
274
274
274
274
274
274
274
274
274
274
274
274
274
274
274
274
274
274
274
274
274
274
274
274
274
274
274
274
274
274
274.001
274.027
274.589
286.606
452.826
794.935
921.473
906.251
895.802
913.374
972.419
1056.87
1138.62
1204.25
1226.51
1205.39
1174.22
1125.22
1084.73
1047.4
1000.29
948.249
897.992
845.324
772.215
691.876
620.198
526.269
469.342
274
274
274
274
274
274
274
274
274
274
274
274
274
274
274
274
274
274
274
274
274
274
274
274
274
274
274
274
274
274
274
274
274
274
274
274
274
274
274
274
274
274
274
274
274
274
274
274
274
274
274
274
274
274
274
274
274
274
274
274
274
274
274
274
274
274
274
274
274
274
274
274
274
274
274
274
274
274
274
274
274
274
274
274
274
274
274
274
274
274
274
274
274
274
274
274.001
274.043
275.262
308.332
594.197
921.027
956.55
932.95
931.326
968.064
1060.51
1203.31
1345.37
1435.04
1472.5
1479.2
1458.98
1412.94
1386.97
1370.06
1341.51
1314.71
1296.39
1255.53
1218.84
1099.55
956.494
816.652
639.998
551.355
274
274
274
274
274
274
274
274
274
274
274
274
274
274
274
274
274
274
274
274
274
274
274
274
274
274
274
274
274
274
274
274
274
274
274
274
274
274
274
274
274
274
274
274
274
274
274
274
274
274
274
274
274
274
274
274
274
274
274
274
274
274
274
274
274
274
274
274
274
274
274
274
274
274
274
274
274
274
274
274
274
274
274
274
274
274
274
274
274
274
274
274
274
274
274.001
274.057
276.332
350.141
740.175
996.145
986.276
964.751
975.129
1027.91
1144.4
1316.59
1504.06
1601.59
1622.49
1614.59
1607.45
1618.46
1605.39
1638.15
1708.89
1719.84
1747.89
1795.95
1811.56
1787.71
1666.08
1487.54
1202.38
862.686
709.576
274
274
274
274
274
274
274
274
274
274
274
274
274
274
274
274
274
274
274
274
274
274
274
274
274
274
274
274
274
274
274
274
274
274
274
274
274
274
274
274
274
274
274
274
274
274
274
274
274
274
274
274
274
274
274
274
274
274
274
274
274
274
274
274
274
274
274
274
274
274
274
274
274
274
274
274
274
274
274
274
274
274
274
274
274
274
274
274
274
274
274
274
274
274.001
274.067
277.47
397.742
858.242
1041.43
1017
1002.77
1022.87
1087.86
1212.36
1392.19
1591.05
1696.8
1716.58
1709.15
1698.58
1733.67
1897.87
1960.68
1908.86
1915.73
1898.73
1926.86
1966.62
1974.01
1908.78
1792.95
1690.1
1553.18
1295.33
986.296
274
274
274
274
274
274
274
274
274
274
274
274
274
274
274
274
274
274
274
274
274
274
274
274
274
274
274
274
274
274
274
274
274
274
274
274
274
274
274
274
274
274
274
274
274
274
274
274
274
274
274
274
274
274
274
274
274
274
274
274
274
274
274
274
274
274
274
274
274
274
274
274
274
274
274
274
274
274
274
274
274
274
274
274
274
274
274
274
274
274
274
274
274.001
274.066
277.972
427.249
926.562
1073.55
1047.98
1042.44
1067.99
1143.44
1265.09
1434.1
1631.44
1758.8
1795.75
1788.17
1734.59
1729.05
1805.41
2103.2
2226.09
1990.96
1813.29
1750.93
1811.41
1819.86
1842.41
1850.55
1817.57
1655.76
1570.95
1548.3
1257.95
274
274
274
274
274
274
274
274
274
274
274
274
274
274
274
274
274
274
274
274
274
274
274
274
274
274
274
274
274
274
274
274
274
274
274
274
274
274
274
274
274
274
274
274
274
274
274
274
274
274
274
274
274
274
274
274
274
274
274
274
274
274
274
274
274
274
274
274
274
274
274
274
274
274
274
274
274
274
274
274
274
274
274
274
274
274
274
274
274
274
274
274.001
274.052
277.424
420.936
944.67
1097.29
1079.67
1081.35
1111.86
1187.85
1313.63
1475.12
1656.47
1807.14
1862.88
1859.6
1796.07
1715.67
1688.58
1707.69
1776.91
1464.52
1314.13
1283.12
1270.28
1344.67
1364.33
1414.22
1485.56
1555.46
1586.03
1563.74
1393.7
1405.14
274
274
274
274
274
274
274
274
274
274
274
274
274
274
274
274
274
274
274
274
274
274
274
274
274
274
274
274
274
274
274
274
274
274
274
274
274
274
274
274
274
274
274
274
274
274
274
274
274
274
274
274
274
274
274
274
274
274
274
274
274
274
274
274
274
274
274
274
274
274
274
274
274
274
274
274
274
274
274
274
274
274
274
274
274
274
274
274
274
274
274
274.031
276.201
380.938
898.862
1111.1
1107.78
1119.45
1156.51
1227.46
1353.88
1517.53
1687.79
1831.43
1900.89
1907.77
1843.82
1707.92
1611.83
1532.74
1463.32
1448.64
1251.42
1193.88
1176.46
1229.09
1266.24
1278.47
1294.36
1364.59
1457.2
1493.36
1493.17
1321.57
1310.47
274
274
274
274
274
274
274
274
274
274
274
274
274
274
274
274
274
274
274
274
274
274
274
274
274
274
274
274
274
274
274
274
274
274
274
274
274
274
274
274
274
274
274
274
274
274
274
274
274
274
274
274
274
274
274
274
274
274
274
274
274
274
274
274
274
274
274
274
274
274
274
274
274
274
274
274
274
274
274
274
274
274
274
274
274
274
274
274
274
274
274.012
275.043
333.8
801.88
1111.86
1131.16
1142.16
1167.6
1229.98
1348.87
1506.05
1662.55
1804.81
1907.3
1931.68
1900.52
1747.1
1594.78
1523.01
1496.92
1343.79
1241.25
1221.11
1149.79
1163.5
1182.74
1228.69
1242.47
1280.44
1359.14
1447.35
1551.47
1615.57
1407.7
1309.51
274
274
274
274
274
274
274
274
274
274
274
274
274
274
274
274
274
274
274
274
274
274
274
274
274
274
274
274
274
274
274
274
274
274
274
274
274
274
274
274
274
274
274
274
274
274
274
274
274
274
274
274
274
274
274
274
274
274
274
274
274
274
274
274
274
274
274
274
274
274
274
274
274
274
274
274
274
274
274
274
274
274
274
274
274
274
274
274
274
274.006
274.48
300.138
691.945
1117.92
1153.73
1151.96
1158.6
1193.16
1271.69
1403.36
1574.72
1740.84
1879.87
1931.25
1932.46
1844.47
1710.31
1624.87
1570.3
1432.91
1343.72
1194.53
1168.15
1107.71
1096.69
1113.2
1114.07
1120.92
1166.87
1246.79
1297.79
1345.19
1492.92
1668.71
1616.96
274
274
274
274
274
274
274
274
274
274
274
274
274
274
274
274
274
274
274
274
274
274
274
274
274
274
274
274
274
274
274
274
274
274
274
274
274
274
274
274
274
274
274
274
274
274
274
274
274
274
274
274
274
274
274
274
274
274
274
274
274
274
274
274
274
274
274
274
274
274
274
274
274
274
274
274
274
274
274
274
274
274
274
274
274
274
274
274
274.001
274.067
277.533
423.08
965.204
1162.15
1184.88
1200.16
1225.36
1267.3
1353.48
1485.21
1652.76
1823.12
1910.02
1930.21
1887.53
1794.11
1695.56
1640.75
1600.02
1560.16
1515.73
1388.12
1287.41
1286.58
1239.13
1237.16
1279.93
1271.01
1299.08
1391.3
1484.13
1543.57
1647.29
1746.11
1973.24
274
274
274
274
274
274
274
274
274
274
274
274
274
274
274
274
274
274
274
274
274
274
274
274
274
274
274
274
274
274
274
274
274
274
274
274
274
274
274
274
274
274
274
274
274
274
274
274
274
274
274
274
274
274
274
274
274
274
274
274
274
274
274
274
274
274
274
274
274
274
274
274
274
274
274
274
274
274
274
274
274
274
274
274
274
274
274
274
274.003
274.158
281.8
513.122
1046.76
1179.24
1201.14
1217.81
1241.22
1280.68
1367.31
1504.05
1670.15
1832.73
1910.4
1927.6
1864.46
1792.65
1687.01
1646.77
1618.8
1578.54
1547.79
1456.47
1318.01
1324.98
1280.88
1254.33
1306.81
1290.76
1313.73
1406.26
1503.02
1588.39
1720.99
1905.09
2022.29
274
274
274
274
274
274
274
274
274
274
274
274
274
274
274
274
274
274
274
274
274
274
274
274
274
274
274
274
274
274
274
274
274
274
274
274
274
274
274
274
274
274
274
274
274
274
274
274
274
274
274
274
274
274
274
274
274
274
274
274
274
274
274
274
274
274
274
274
274
274
274
274
274
274
274
274
274
274
274
274
274
274
274
274
274
274
274
274
274.008
274.506
299.306
680.173
1143.58
1198.89
1212.53
1239.18
1274.05
1317.52
1403.53
1537.45
1698.88
1847.4
1906.96
1916.61
1845.64
1761.44
1674.7
1644.76
1633.07
1635.43
1644.86
1560.89
1412.17
1394.12
1364.98
1318.99
1358.74
1358.09
1367.64
1423.72
1469.75
1547.24
1680.42
1836.4
2055.47
274
274
274
274
274
274
274
274
274
274
274
274
274
274
274
274
274
274
274
274
274
274
274
274
274
274
274
274
274
274
274
274
274
274
274
274
274
274
274
274
274
274
274
274
274
274
274
274
274
274
274
274
274
274
274
274
274
274
274
274
274
274
274
274
274
274
274
274
274
274
274
274
274
274
274
274
274
274
274
274
274
274
274
274
274
274
274
274.001
274.031
275.803
363.233
881.537
1188.67
1217.14
1238.95
1277.81
1313.69
1361.4
1444.49
1574.94
1740.01
1863.15
1898.34
1885.83
1837.69
1748.94
1700.15
1676.77
1649.79
1641.43
1639.2
1620.26
1513.65
1440.78
1425.75
1403.92
1380.63
1414.74
1432.16
1513.68
1568.86
1608.35
1727.74
1837.09
1951.37
274
274
274
274
274
274
274
274
274
274
274
274
274
274
274
274
274
274
274
274
274
274
274
274
274
274
274
274
274
274
274
274
274
274
274
274
274
274
274
274
274
274
274
274
274
274
274
274
274
274
274
274
274
274
274
274
274
274
274
274
274
274
274
274
274
274
274
274
274
274
274
274
274
274
274
274
274
274
274
274
274
274
274
274
274
274
274
274.002
274.122
280.062
480.517
1040.62
1214.64
1237.36
1264.95
1297.25
1327.67
1386.83
1474.74
1608.18
1778.44
1871.1
1894.69
1874.99
1835.97
1760.97
1733.53
1704.68
1689.71
1690.3
1693
1692.07
1654.01
1549.04
1506.01
1489.18
1452.06
1447.87
1466.13
1540.95
1621.85
1658.55
1741
1822.47
1890.38
274
274
274
274
274
274
274
274
274
274
274
274
274
274
274
274
274
274
274
274
274
274
274
274
274
274
274
274
274
274
274
274
274
274
274
274
274
274
274
274
274
274
274
274
274
274
274
274
274
274
274
274
274
274
274
274
274
274
274
274
274
274
274
274
274
274
274
274
274
274
274
274
274
274
274
274
274
274
274
274
274
274
274
274
274
274
274
274.006
274.375
291.465
617.163
1133.86
1230.22
1256.06
1290.94
1325.58
1350.27
1403.29
1492.15
1632.49
1803.42
1871.03
1875.84
1869.02
1816.23
1773.38
1757.29
1733.2
1713.25
1709.94
1717.26
1723.91
1723.62
1674.86
1583.76
1560.83
1553.3
1507.77
1555.41
1579.16
1664.13
1703.34
1746.32
1816.65
1846.84
274
274
274
274
274
274
274
274
274
274
274
274
274
274
274
274
274
274
274
274
274
274
274
274
274
274
274
274
274
274
274
274
274
274
274
274
274
274
274
274
274
274
274
274
274
274
274
274
274
274
274
274
274
274
274
274
274
274
274
274
274
274
274
274
274
274
274
274
274
274
274
274
274
274
274
274
274
274
274
274
274
274
274
274
274
274
274
274.017
274.997
323.796
772.783
1185.93
1247.11
1277.11
1316.55
1343.73
1371.98
1423.53
1512.93
1657.39
1816.36
1870.14
1868.76
1852.45
1806.55
1792.92
1785.41
1775.42
1769.03
1753.77
1784.36
1818.37
1816.49
1812.37
1735.4
1646.27
1653.67
1620.18
1610.16
1674.46
1683.95
1752.53
1785.78
1833.33
1860.82
274
274
274
274
274
274
274
274
274
274
274
274
274
274
274
274
274
274
274
274
274
274
274
274
274
274
274
274
274
274
274
274
274
274
274
274
274
274
274
274
274
274
274
274
274
274
274
274
274
274
274
274
274
274
274
274
274
274
274
274
274
274
274
274
274
274
274
274
274
274
274
274
274
274
274
274
274
274
274
274
274
274
274
274
274
274
274.001
274.046
276.441
383.419
911.548
1214.51
1264.26
1301.97
1343.57
1361.15
1394.08
1445.33
1537.05
1676.05
1817.47
1858.49
1859.49
1832.56
1809.21
1802.73
1797.13
1792.82
1794.34
1800
1826.63
1900.56
1919.16
1923.72
1916.21
1826.28
1706.36
1742.01
1728.7
1704.78
1783.98
1781.77
1823.68
1861.47
1870.51
274
274
274
274
274
274
274
274
274
274
274
274
274
274
274
274
274
274
274
274
274
274
274
274
274
274
274
274
274
274
274
274
274
274
274
274
274
274
274
274
274
274
274
274
274
274
274
274
274
274
274
274
274
274
274
274
274
274
274
274
274
274
274
274
274
274
274
274
274
274
274
274
274
274
274
274
274
274
274
274
274
274
274
274
274
274
274.002
274.112
279.432
460.845
1018.79
1237.9
1286.02
1331.72
1368.63
1388.2
1420.33
1472.33
1555.67
1682.74
1812.13
1848.57
1853.75
1827.21
1819.91
1819.75
1819.05
1819.96
1827.56
1864.11
1911.31
1960.23
2015.66
2039.76
2045.81
2041.15
1962.94
1846.55
1820.38
1838.29
1847.13
1865.84
1890.81
1907.19
1949.33
274
274
274
274
274
274
274
274
274
274
274
274
274
274
274
274
274
274
274
274
274
274
274
274
274
274
274
274
274
274
274
274
274
274
274
274
274
274
274
274
274
274
274
274
274
274
274
274
274
274
274
274
274
274
274
274
274
274
274
274
274
274
274
274
274
274
274
274
274
274
274
274
274
274
274
274
274
274
274
274
274
274
274
274
274
274
274.004
274.226
284.327
538.679
1088.16
1252.3
1297.35
1342.74
1375.57
1401.56
1434.79
1484.61
1562.98
1687.29
1809.48
1844.67
1841.75
1828.08
1832.6
1838.99
1838.72
1842.53
1856.75
1901.57
1960.93
2015.98
2088.55
2151.76
2179.74
2192.97
2193.55
2119.44
1998.28
1945.04
1931.46
1953.21
1957.48
1998.42
2013.22
274
274
274
274
274
274
274
274
274
274
274
274
274
274
274
274
274
274
274
274
274
274
274
274
274
274
274
274
274
274
274
274
274
274
274
274
274
274
274
274
274
274
274
274
274
274
274
274
274
274
274
274
274
274
274
274
274
274
274
274
274
274
274
274
274
274
274
274
274
274
274
274
274
274
274
274
274
274
274
274
274
274
274
274
274
274
274.007
274.394
291.594
609.538
1137.08
1262.58
1303.62
1346.84
1375.86
1403.92
1439.96
1488.64
1563.69
1686.78
1806.3
1839.63
1835.23
1827.12
1841.82
1852.69
1854.59
1861.06
1891.76
1940.25
1991.93
2059.72
2144.08
2213.4
2278.54
2313.22
2327.35
2330.09
2197.08
2104.19
2011.91
1995.59
2024.5
2032.64
2051.28
274
274
274
274
274
274
274
274
274
274
274
274
274
274
274
274
274
274
274
274
274
274
274
274
274
274
274
274
274
274
274
274
274
274
274
274
274
274
274
274
274
274
274
274
274
274
274
274
274
274
274
274
274
274
274
274
274
274
274
274
274
274
274
274
274
274
274
274
274
274
274
274
274
274
274
274
274
274
274
274
274
274
274
274
274
274
274.01
274.588
300.551
665.573
1162.25
1266.83
1309.04
1355.16
1386.47
1410.15
1442.75
1483.15
1554.53
1684.38
1803.89
1835.09
1830.88
1828.37
1849.82
1863.96
1865.93
1872.82
1911.12
1960.56
2025.8
2101.02
2175.66
2240.19
2297.43
2364.54
2390.89
2398.52
2391.53
2211.19
2106.14
2064.98
2051.69
2047.85
2036.48
274
274
274
274
274
274
274
274
274
274
274
274
274
274
274
274
274
274
274
274
274
274
274
274
274
274
274
274
274
274
274
274
274
274
274
274
274
274
274
274
274
274
274
274
274
274
274
274
274
274
274
274
274
274
274
274
274
274
274
274
274
274
274
274
274
274
274
274
274
274
274
274
274
274
274
274
274
274
274
274
274
274
274
274
274
274
274.014
274.82
312.198
719.248
1182.28
1273.74
1316.35
1365.05
1401.77
1415.58
1436.24
1475.61
1550.01
1682.67
1801.48
1831.33
1828.53
1828.84
1851.41
1870.4
1874.74
1882.92
1915.03
1966.25
2040.82
2119.39
2195.68
2267.85
2328.49
2371.12
2421.57
2442.75
2449.37
2446.06
2264.81
2189.88
2032.31
1973.94
1977.29
274
274
274
274
274
274
274
274
274
274
274
274
274
274
274
274
274
274
274
274
274
274
274
274
274
274
274
274
274
274
274
274
274
274
274
274
274
274
274
274
274
274
274
274
274
274
274
274
274
274
274
274
274
274
274
274
274
274
274
274
274
274
274
274
274
274
274
274
274
274
274
274
274
274
274
274
274
274
274
274
274
274
274
274
274
274
274.018
275.03
322.79
757.191
1197.69
1284.71
1328.65
1381.06
1415.26
1426.8
1438.19
1472.56
1548.83
1680.93
1798.8
1828.56
1827.26
1828.99
1850.34
1872.13
1877.98
1886.03
1912.57
1962.36
2038.93
2119.04
2198
2282.01
2361.6
2395.88
2403.92
2447.29
2456.1
2436.79
2421.54
2221.43
2130.16
1839.6
1823.62
274
274
274
274
274
274
274
274
274
274
274
274
274
274
274
274
274
274
274
274
274
274
274
274
274
274
274
274
274
274
274
274
274
274
274
274
274
274
274
274
274
274
274
274
274
274
274
274
274
274
274
274
274
274
274
274
274
274
274
274
274
274
274
274
274
274
274
274
274
274
274
274
274
274
274
274
274
274
274
274
274
274
274
274
274
274.001
274.02
275.133
327.864
773.734
1204.67
1288.16
1331.37
1386.83
1420.75
1431.48
1440.94
1472.94
1549.19
1680.19
1798.01
1827.12
1826.18
1828.06
1848.25
1870.01
1876.01
1882.67
1906.77
1955.11
2031.75
2112.22
2192.32
2277.05
2363.23
2433.84
2476.93
2503.15
2514.04
2519.78
2520.4
2469.54
2178.83
1898.22
1793.91
274
274
274
274
274
274
274
274
274
274
274
274
274
274
274
274
274
274
274
274
274
274
274
274
274
274
274
274
274
274
274
274
274
274
274
274
274
274
274
274
274
274
274
274
274
274
274
274
274
274
274
274
274
274
274
274
274
274
274
274
274
274
274
274
274
274
274
274
274
274
274
274
274
274
274
274
274
274
274
274
274
274
274
274
274
274
274.019
275.035
323.019
757.957
1198.1
1284.96
1328.91
1381.58
1415.66
1427.06
1438.23
1472.36
1548.52
1680.58
1798.72
1828.6
1827.29
1828.69
1850.15
1871.24
1876.89
1884.81
1911.63
1961.29
2037.27
2117.56
2198.6
2283.18
2367.68
2411.58
2426.32
2462.82
2476.67
2480.6
2472.28
2254.12
2141.34
1838.62
1825.72
274
274
274
274
274
274
274
274
274
274
274
274
274
274
274
274
274
274
274
274
274
274
274
274
274
274
274
274
274
274
274
274
274
274
274
274
274
274
274
274
274
274
274
274
274
274
274
274
274
274
274
274
274
274
274
274
274
274
274
274
274
274
274
274
274
274
274
274
274
274
274
274
274
274
274
274
274
274
274
274
274
274
274
274
274
274
274.015
274.825
312.478
720.367
1182.85
1274.31
1317.07
1366.07
1402.61
1416.2
1435.96
1475.31
1549.64
1682.2
1801.11
1831.32
1828.56
1828.32
1850.95
1868.58
1872.53
1880.92
1913.28
1964.36
2040.1
2121.73
2203.28
2276.47
2331.87
2360.36
2401.69
2420.34
2434.78
2450.51
2318.09
2206.82
2063.85
1975.98
2002.65
274
274
274
274
274
274
274
274
274
274
274
274
274
274
274
274
274
274
274
274
274
274
274
274
274
274
274
274
274
274
274
274
274
274
274
274
274
274
274
274
274
274
274
274
274
274
274
274
274
274
274
274
274
274
274
274
274
274
274
274
274
274
274
274
274
274
274
274
274
274
274
274
274
274
274
274
274
274
274
274
274
274
274
274
274
274
274.01
274.592
300.755
666.74
1162.77
1267.09
1309.42
1355.8
1387.16
1410.73
1442.94
1482.92
1554.25
1684.1
1803.48
1834.99
1831.09
1827.77
1848.14
1860.4
1862.4
1870.13
1908.77
1958.42
2026.19
2104.44
2185.65
2253.3
2304.01
2354.79
2380.8
2395.42
2403.94
2259.88
2137.06
2092.27
2062.58
2058.6
2054.32
274
274
274
274
274
274
274
274
274
274
274
274
274
274
274
274
274
274
274
274
274
274
274
274
274
274
274
274
274
274
274
274
274
274
274
274
274
274
274
274
274
274
274
274
274
274
274
274
274
274
274
274
274
274
274
274
274
274
274
274
274
274
274
274
274
274
274
274
274
274
274
274
274
274
274
274
274
274
274
274
274
274
274
274
274
274
274.007
274.397
291.774
611.024
1138.17
1262.99
1304.03
1347.37
1376.77
1404.52
1440.22
1488.54
1563.58
1686.7
1805.85
1839.49
1835.79
1827.18
1840.55
1850.34
1852.34
1858.34
1889.19
1937.43
1993.99
2062.31
2154.5
2224.3
2284.26
2314.7
2331.73
2338.2
2258.71
2142.97
2048.84
2014.19
2039.77
2044.96
2061.79
274
274
274
274
274
274
274
274
274
274
274
274
274
274
274
274
274
274
274
274
274
274
274
274
274
274
274
274
274
274
274
274
274
274
274
274
274
274
274
274
274
274
274
274
274
274
274
274
274
274
274
274
274
274
274
274
274
274
274
274
274
274
274
274
274
274
274
274
274
274
274
274
274
274
274
274
274
274
274
274
274
274
274
274
274
274
274.004
274.229
284.458
540.442
1089.78
1252.89
1297.81
1343.07
1376.39
1402.45
1435.97
1485.24
1563.66
1687.74
1809.15
1845.07
1843.12
1829.51
1832.99
1838.02
1837.14
1840.41
1852.82
1898.42
1963.6
2026.82
2099.63
2160.12
2186.27
2198.83
2199.52
2148.27
2027.54
1972.41
1951.54
1968.32
1964.48
2011.82
2031.8
274
274
274
274
274
274
274
274
274
274
274
274
274
274
274
274
274
274
274
274
274
274
274
274
274
274
274
274
274
274
274
274
274
274
274
274
274
274
274
274
274
274
274
274
274
274
274
274
274
274
274
274
274
274
274
274
274
274
274
274
274
274
274
274
274
274
274
274
274
274
274
274
274
274
274
274
274
274
274
274
274
274
274
274
274
274
274.002
274.114
279.524
462.87
1021.36
1238.87
1286.82
1332.23
1369.44
1390.13
1422.94
1474.5
1557.45
1683.57
1812.18
1849.54
1855.13
1829.55
1820.29
1818.66
1817.17
1818.53
1823.88
1864.55
1914.43
1961.44
2013.16
2038.87
2046.26
2038.33
1972.91
1857.53
1831.71
1846.99
1847.12
1873.56
1883.78
1904.59
1946.29
274
274
274
274
274
274
274
274
274
274
274
274
274
274
274
274
274
274
274
274
274
274
274
274
274
274
274
274
274
274
274
274
274
274
274
274
274
274
274
274
274
274
274
274
274
274
274
274
274
274
274
274
274
274
274
274
274
274
274
274
274
274
274
274
274
274
274
274
274
274
274
274
274
274
274
274
274
274
274
274
274
274
274
274
274
274
274.001
274.047
276.489
385.106
914.927
1215.9
1265.61
1303.61
1345.14
1364.18
1397.66
1448.52
1539.97
1678.09
1818.45
1860.42
1861.33
1835.57
1809.61
1801.48
1794.1
1790.42
1792.84
1798.06
1823.83
1895.6
1913.77
1917.72
1896.8
1816.55
1687.37
1723.59
1709.75
1681.81
1761.46
1762.08
1796.93
1839.43
1859.8
274
274
274
274
274
274
274
274
274
274
274
274
274
274
274
274
274
274
274
274
274
274
274
274
274
274
274
274
274
274
274
274
274
274
274
274
274
274
274
274
274
274
274
274
274
274
274
274
274
274
274
274
274
274
274
274
274
274
274
274
274
274
274
274
274
274
274
274
274
274
274
274
274
274
274
274
274
274
274
274
274
274
274
274
274
274
274
274.017
275.018
324.959
776.71
1187.77
1248.64
1278.79
1318.45
1345.47
1374.71
1426.35
1516.11
1660.98
1818.92
1872.81
1872.06
1856.06
1807.57
1791.26
1782.13
1770.57
1764.76
1744.81
1775.75
1813.13
1810.87
1799.8
1717.13
1617.71
1620.02
1590.77
1581.14
1633.97
1654.14
1724.34
1752.63
1792.58
1836.05
274
274
274
274
274
274
274
274
274
274
274
274
274
274
274
274
274
274
274
274
274
274
274
274
274
274
274
274
274
274
274
274
274
274
274
274
274
274
274
274
274
274
274
274
274
274
274
274
274
274
274
274
274
274
274
274
274
274
274
274
274
274
274
274
274
274
274
274
274
274
274
274
274
274
274
274
274
274
274
274
274
274
274
274
274
274
274
274.006
274.384
291.903
620.703
1136.51
1231.93
1257.91
1292.9
1327.43
1352.28
1405.61
1495.25
1637.22
1808.26
1874.96
1879.98
1871.97
1818.56
1769.76
1751.02
1722.61
1701.2
1697.12
1703.09
1707.15
1699.2
1641.2
1546.48
1516.31
1504.24
1467.13
1512.66
1531.05
1635.8
1668.47
1712.69
1786.06
1825.94
274
274
274
274
274
274
274
274
274
274
274
274
274
274
274
274
274
274
274
274
274
274
274
274
274
274
274
274
274
274
274
274
274
274
274
274
274
274
274
274
274
274
274
274
274
274
274
274
274
274
274
274
274
274
274
274
274
274
274
274
274
274
274
274
274
274
274
274
274
274
274
274
274
274
274
274
274
274
274
274
274
274
274
274
274
274
274
274.002
274.126
280.226
483.859
1044.31
1216.44
1239.31
1267.18
1299.26
1329.02
1388.87
1477.66
1613.08
1785.06
1875.75
1898.5
1877.04
1833.32
1755.86
1727.15
1696.81
1677.94
1675.98
1675.38
1665.21
1615.58
1518.95
1481.91
1461.67
1408
1435.68
1449.06
1525.77
1611.68
1647.86
1730.99
1810.45
1874.87
274
274
274
274
274
274
274
274
274
274
274
274
274
274
274
274
274
274
274
274
274
274
274
274
274
274
274
274
274
274
274
274
274
274
274
274
274
274
274
274
274
274
274
274
274
274
274
274
274
274
274
274
274
274
274
274
274
274
274
274
274
274
274
274
274
274
274
274
274
274
274
274
274
274
274
274
274
274
274
274
274
274
274
274
274
274
274
274.001
274.032
275.856
365.47
886.595
1190.92
1219.1
1241.12
1280.36
1316.05
1363.71
1447.59
1580.11
1748.3
1869.65
1903.54
1889.87
1834.83
1743.41
1690.37
1666.08
1637.49
1625.78
1619.95
1593.16
1481.96
1416.34
1401.04
1362.58
1359.39
1398.67
1415.86
1505.4
1565.66
1604.29
1722.61
1839.91
1960.58
274
274
274
274
274
274
274
274
274
274
274
274
274
274
274
274
274
274
274
274
274
274
274
274
274
274
274
274
274
274
274
274
274
274
274
274
274
274
274
274
274
274
274
274
274
274
274
274
274
274
274
274
274
274
274
274
274
274
274
274
274
274
274
274
274
274
274
274
274
274
274
274
274
274
274
274
274
274
274
274
274
274
274
274
274
274
274
274
274.008
274.521
300.227
685.715
1146.46
1200.8
1214.83
1242.17
1277.17
1320
1406.29
1542.04
1707.52
1855.59
1912.12
1920.42
1844.05
1756.56
1666.2
1634.02
1620.12
1621.54
1627.88
1516.76
1373.04
1369.55
1334.08
1297.51
1358.47
1359.31
1372.67
1429.28
1500.59
1580.07
1690.51
1852.58
2068.9
274
274
274
274
274
274
274
274
274
274
274
274
274
274
274
274
274
274
274
274
274
274
274
274
274
274
274
274
274
274
274
274
274
274
274
274
274
274
274
274
274
274
274
274
274
274
274
274
274
274
274
274
274
274
274
274
274
274
274
274
274
274
274
274
274
274
274
274
274
274
274
274
274
274
274
274
274
274
274
274
274
274
274
274
274
274
274
274
274.003
274.163
282.053
517.332
1050.62
1181.2
1203.54
1220.6
1243.97
1283.25
1369.86
1507.97
1677.78
1841.74
1915.36
1930.46
1864.03
1786.22
1678.76
1635.89
1609.16
1566.05
1527.32
1405.56
1295.85
1301.09
1247.87
1250.37
1306.54
1297.82
1308.99
1407.25
1507.87
1581.79
1728.37
1929.6
2037.7
274
274
274
274
274
274
274
274
274
274
274
274
274
274
274
274
274
274
274
274
274
274
274
274
274
274
274
274
274
274
274
274
274
274
274
274
274
274
274
274
274
274
274
274
274
274
274
274
274
274
274
274
274
274
274
274
274
274
274
274
274
274
274
274
274
274
274
274
274
274
274
274
274
274
274
274
274
274
274
274
274
274
274
274
274
274
274
274
274.001
274.069
277.648
426.503
969.679
1164.32
1187.39
1202.74
1227.52
1269.22
1355.65
1488.71
1659.98
1832.73
1915.1
1933.17
1887.17
1785.92
1685.43
1628.01
1585.92
1544.88
1489.1
1348.39
1270.75
1265.6
1213.94
1237.25
1275.99
1272.68
1296.01
1392.91
1488.43
1538.09
1668.94
1770.14
1986.86
274
274
274
274
274
274
274
274
274
274
274
274
274
274
274
274
274
274
274
274
274
274
274
274
274
274
274
274
274
274
274
274
274
274
274
274
274
274
274
274
274
274
274
274
274
274
274
274
274
274
274
274
274
274
274
274
274
274
274
274
274
274
274
274
274
274
274
274
274
274
274
274
274
274
274
274
274
274
274
274
274
274
274
274
274
274
274
274
274
274.007
274.495
301.131
697.647
1120.54
1156.07
1154.61
1161.07
1194.93
1273.34
1405.8
1580
1750.7
1887.39
1934.2
1932.64
1836.82
1698.07
1609.43
1549.35
1408.93
1304.54
1175.79
1154.34
1091.94
1084.24
1102.94
1112.95
1121.69
1165.54
1242.66
1293.42
1350.39
1515.75
1683.15
1601.04
274
274
274
274
274
274
274
274
274
274
274
274
274
274
274
274
274
274
274
274
274
274
274
274
274
274
274
274
274
274
274
274
274
274
274
274
274
274
274
274
274
274
274
274
274
274
274
274
274
274
274
274
274
274
274
274
274
274
274
274
274
274
274
274
274
274
274
274
274
274
274
274
274
274
274
274
274
274
274
274
274
274
274
274
274
274
274
274
274
274
274.013
275.084
336.058
808.365
1114.77
1133.57
1144.15
1168.76
1230.53
1350.43
1510.71
1670.19
1813.79
1911.77
1932.82
1894.8
1734.76
1582.48
1509.98
1480.08
1328.32
1236.09
1212.74
1149.05
1159.55
1180.69
1221.97
1234.18
1272.87
1348.99
1432.13
1541.09
1614.96
1410.8
1313.85
274
274
274
274
274
274
274
274
274
274
274
274
274
274
274
274
274
274
274
274
274
274
274
274
274
274
274
274
274
274
274
274
274
274
274
274
274
274
274
274
274
274
274
274
274
274
274
274
274
274
274
274
274
274
274
274
274
274
274
274
274
274
274
274
274
274
274
274
274
274
274
274
274
274
274
274
274
274
274
274
274
274
274
274
274
274
274
274
274
274
274
274.033
276.296
384.851
906.121
1114.15
1110.36
1122.04
1159.16
1230.5
1358.54
1524.29
1697.05
1838.98
1902.68
1904.85
1831.81
1690.04
1596.43
1522.09
1456.75
1430.81
1248.35
1200.85
1183.27
1238.54
1259.68
1269.18
1286.79
1353.97
1442.89
1481.58
1485.13
1321.44
1313.58
274
274
274
274
274
274
274
274
274
274
274
274
274
274
274
274
274
274
274
274
274
274
274
274
274
274
274
274
274
274
274
274
274
274
274
274
274
274
274
274
274
274
274
274
274
274
274
274
274
274
274
274
274
274
274
274
274
274
274
274
274
274
274
274
274
274
274
274
274
274
274
274
274
274
274
274
274
274
274
274
274
274
274
274
274
274
274
274
274
274
274
274.001
274.054
277.591
426.289
952.119
1100.68
1082.6
1084.09
1114.46
1190.99
1319.19
1483.01
1665.6
1810.51
1860.46
1851.79
1781.47
1702.75
1678.48
1704.53
1775.27
1448.62
1312.14
1286.39
1274.17
1338.89
1354.57
1407.71
1474.19
1531.56
1556.78
1551.87
1385.16
1410.7
274
274
274
274
274
274
274
274
274
274
274
274
274
274
274
274
274
274
274
274
274
274
274
274
274
274
274
274
274
274
274
274
274
274
274
274
274
274
274
274
274
274
274
274
274
274
274
274
274
274
274
274
274
274
274
274
274
274
274
274
274
274
274
274
274
274
274
274
274
274
274
274
274
274
274
274
274
274
274
274
274
274
274
274
274
274
274
274
274
274
274
274
274.001
274.069
278.183
433.178
934.626
1077.31
1051.04
1045.16
1070.49
1146.78
1269.9
1441.12
1638.87
1757.59
1789.36
1779.13
1717.9
1710.13
1791.58
2085.54
2201.13
1957.22
1786.34
1726.19
1787.79
1799.32
1831.1
1841.98
1803.42
1652.23
1572.15
1558.59
1265.79
274
274
274
274
274
274
274
274
274
274
274
274
274
274
274
274
274
274
274
274
274
274
274
274
274
274
274
274
274
274
274
274
274
274
274
274
274
274
274
274
274
274
274
274
274
274
274
274
274
274
274
274
274
274
274
274
274
274
274
274
274
274
274
274
274
274
274
274
274
274
274
274
274
274
274
274
274
274
274
274
274
274
274
274
274
274
274
274
274
274
274
274
274
274.001
274.07
277.664
403.245
867.139
1045.55
1020.17
1005.54
1025.47
1090.36
1215.28
1397.1
1595.42
1694.81
1711.17
1694.82
1682.58
1717.94
1876.99
1935.88
1882.53
1891.65
1878.05
1896.27
1940.73
1949.73
1892.03
1785.34
1675.65
1554.06
1317.59
1000.87
274
274
274
274
274
274
274
274
274
274
274
274
274
274
274
274
274
274
274
274
274
274
274
274
274
274
274
274
274
274
274
274
274
274
274
274
274
274
274
274
274
274
274
274
274
274
274
274
274
274
274
274
274
274
274
274
274
274
274
274
274
274
274
274
274
274
274
274
274
274
274
274
274
274
274
274
274
274
274
274
274
274
274
274
274
274
274
274
274
274
274
274
274
274
274.001
274.06
276.463
354.17
749.206
1000.76
989.679
967.792
977.743
1029.37
1145.41
1318.03
1505.5
1597
1615.57
1603.91
1595.48
1603.56
1590.93
1628.32
1698.95
1704.98
1732.4
1784.72
1802.09
1776.97
1673.34
1498.7
1217.6
872.637
716.143
274
274
274
274
274
274
274
274
274
274
274
274
274
274
274
274
274
274
274
274
274
274
274
274
274
274
274
274
274
274
274
274
274
274
274
274
274
274
274
274
274
274
274
274
274
274
274
274
274
274
274
274
274
274
274
274
274
274
274
274
274
274
274
274
274
274
274
274
274
274
274
274
274
274
274
274
274
274
274
274
274
274
274
274
274
274
274
274
274
274
274
274
274
274
274
274.001
274.045
275.33
310.313
601.247
925.946
959.93
936.061
933.72
969.055
1059.65
1201.59
1342.18
1432.99
1468.23
1473.3
1450.65
1404.95
1381.1
1366.77
1340.36
1311.58
1297.37
1259.94
1222.72
1109.64
965.546
822.515
643.954
554.454
274
274
274
274
274
274
274
274
274
274
274
274
274
274
274
274
274
274
274
274
274
274
274
274
274
274
274
274
274
274
274
274
274
274
274
274
274
274
274
274
274
274
274
274
274
274
274
274
274
274
274
274
274
274
274
274
274
274
274
274
274
274
274
274
274
274
274
274
274
274
274
274
274
274
274
274
274
274
274
274
274
274
274
274
274
274
274
274
274
274
274
274
274
274
274
274
274.001
274.028
274.617
287.191
457.201
798.884
924.273
909.197
898.027
914.186
970.935
1053.26
1135.48
1201.71
1224.48
1203.13
1172.03
1123.24
1083.98
1048.01
1001.32
950.418
900.629
848.204
774.988
694.686
622.105
527.66
470.66
274
274
274
274
274
274
274
274
274
274
274
274
274
274
274
274
274
274
274
274
274
274
274
274
274
274
274
274
274
274
274
274
274
274
274
274
274
274
274
274
274
274
274
274
274
274
274
274
274
274
274
274
274
274
274
274
274
274
274
274
274
274
274
274
274
274
274
274
274
274
274
274
274
274
274
274
274
274
274
274
274
274
274
274
274
274
274
274
274
274
274
274
274
274
274
274
274
274
274.015
274.263
278.356
342.306
606.904
842.748
878.672
867.052
868.33
885.733
914.609
951.301
973.19
969.219
940.924
899.956
861.602
826.612
785.134
740.72
698.515
653.451
610.354
559.964
517.002
463.967
426.995
274
274
274
274
274
274
274
274
274
274
274
274
274
274
274
274
274
274
274
274
274
274
274
274
274
274
274
274
274
274
274
274
274
274
274
274
274
274
274
274
274
274
274
274
274
274
274
274
274
274
274
274
274
274
274
274
274
274
274
274
274
274
274
274
274
274
274
274
274
274
274
274
274
274
274
274
274
274
274
274
274
274
274
274
274
274
274
274
274
274
274
274
274
274
274
274
274
274
274
274.006
274.103
275.289
289.877
418.005
662.529
811.023
828.623
821.913
815.128
808.562
804.334
799.015
782.749
755.564
723.188
690.929
656.152
624.998
595.291
562.107
529.65
493.909
463.735
431.641
406.676
274
274
274
274
274
274
274
274
274
274
274
274
274
274
274
274
274
274
274
274
274
274
274
274
274
274
274
274
274
274
274
274
274
274
274
274
274
274
274
274
274
274
274
274
274
274
274
274
274
274
274
274
274
274
274
274
274
274
274
274
274
274
274
274
274
274
274
274
274
274
274
274
274
274
274
274
274
274
274
274
274
274
274
274
274
274
274
274
274
274
274
274
274
274
274
274
274
274
274
274
274.002
274.037
274.383
277.576
303.721
435.232
625.205
736.84
757.72
747.19
728.887
706.703
684.264
660.443
634.596
608.473
582.83
557.645
533.642
506.671
481.966
455.263
432.918
412.031
395.512
274
274
274
274
274
274
274
274
274
274
274
274
274
274
274
274
274
274
274
274
274
274
274
274
274
274
274
274
274
274
274
274
274
274
274
274
274
274
274
274
274
274
274
274
274
274
274
274
274
274
274
274
274
274
274
274
274
274
274
274
274
274
274
274
274
274
274
274
274
274
274
274
274
274
274
274
274
274
274
274
274
274
274
274
274
274
274
274
274
274
274
274
274
274
274
274
274
274
274
274
274
274.001
274.012
274.106
274.769
279.096
301.544
387.548
517.713
614.646
655.474
650.229
631.725
610.246
587.351
563.066
539.092
516.661
495.987
473.926
454.49
434.275
417.246
400.47
376.398
274
274
274
274
274
274
274
274
274
274
274
274
274
274
274
274
274
274
274
274
274
274
274
274
274
274
274
274
274
274
274
274
274
274
274
274
274
274
274
274
274
274
274
274
274
274
274
274
274
274
274
274
274
274
274
274
274
274
274
274
274
274
274
274
274
274
274
274
274
274
274
274
274
274
274
274
274
274
274
274
274
274
274
274
274
274
274
274
274
274
274
274
274
274
274
274
274
274
274
274
274
274
274
274.003
274.027
274.168
274.863
277.792
287.901
313.356
366.562
441.338
490.456
509.189
510.854
504.118
491.464
473.535
454.83
430.948
408.156
379.604
348.9
314.909
290.59
274
274
274
274
274
274
274
274
274
274
274
274
274
274
274
274
274
274
274
274
274
274
274
274
274
274
274
274
274
274
274
274
274
274
274
274
274
274
274
274
274
274
274
274
274
274
274
274
274
274
274
274
274
274
274
274
274
274
274
274
274
274
274
274
274
274
274
274
274
274
274
274
274
274
274
274
274
274
274
274
274
274
274
274
274
274
274
274
274
274
274
274
274
274
274
274
274
274
274
274
274
274
274
274
274.001
274.005
274.034
274.145
274.525
275.586
278.102
283.284
291.397
300.093
307.304
311.985
314.595
311.056
305.147
297.697
291.749
285.831
281.433
278.102
276.038
274
274
274
274
274
274
274
274
274
274
274
274
274
274
274
274
274
274
274
274
274
274
274
274
274
274
274
274
274
274
274
274
274
274
274
274
274
274
274
274
274
274
274
274
274
274
274
274
274
274
274
274
274
274
274
274
274
274
274
274
274
274
274
274
274
274
274
274
274
274
274
274
274
274
274
274
274
274
274
274
274
274
274
274
274
274
274
274
274
274
274
274
274
274
274
274
274
274
274
274
274
274
274
274
274
274
274.001
274.006
274.024
274.075
274.195
274.447
274.907
275.573
276.302
276.947
277.292
277.219
276.913
276.335
275.787
275.206
274.772
274.446
274.234
274
274
274
274
274
274
274
274
274
274
274
274
274
274
274
274
274
274
274
274
274
274
274
274
274
274
274
274
274
274
274
274
274
274
274
274
274
274
274
274
274
274
274
274
274
274
274
274
274
274
274
274
274
274
274
274
274
274
274
274
274
274
274
274
274
274
274
274
274
274
274
274
274
274
274
274
274
274
274
274
274
274
274
274
274
274
274
274
274
274
274
274
274
274
274
274
274
274
274
274
274
274
274
274
274
274
274
274
274.001
274.003
274.01
274.027
274.057
274.103
274.16
274.217
274.258
274.266
274.254
274.217
274.176
274.127
274.087
274.052
274.027
274
274
274
274
274
274
274
274
274
274
274
274
274
274
274
274
274
274
274
274
274
274
274
274
274
274
274
274
274
274
274
274
274
274
274
274
274
274
274
274
274
274
274
274
274
274
274
274
274
274
274
274
274
274
274
274
274
274
274
274
274
274
274
274
274
274
274
274
274
274
274
274
274
274
274
274
274
274
274
274
274
274
274
274
274
274
274
274
274
274
274
274
274
274
274
274
274
274
274
274
274
274
274
274
274
274
274
274
274
274
274
274.001
274.003
274.006
274.011
274.017
274.022
274.024
274.023
274.021
274.017
274.012
274.008
274.005
274.002
274
274
274
274
274
274
274
274
274
274
274
274
274
274
274
274
274
274
274
274
274
274
274
274
274
274
274
274
274
274
274
274
274
274
274
274
274
274
274
274
274
274
274
274
274
274
274
274
274
274
274
274
274
274
274
274
274
274
274
274
274
274
274
274
274
274
274
274
274
274
274
274
274
274
274
274
274
274
274
274
274
274
274
274
274
274
274
274
274
274
274
274
274
274
274
274
274
274
274
274
274
274
274
274
274
274
274
274
274
274
274
274
274
274
274
274.001
274.001
274.001
274.001
274.001
274.001
274.001
274
274
274
274
274
274
274
274
274
274
274
274
274
274
274
274
274
274
274
274
274
274
274
274
274
274
274
274
274
274
274
274
274
274
274
274
274
274
274
274
274
274
274
274
274
274
274
274
274
274
274
274
274
274
274
274
274
274
274
274
274
274
274
274
274
274
274
274
274
274
274
274
274
274
274
274
274
274
274
274
274
274
274
274
274
274
274
274
274
274
274
274
274
274
274
274
274
274
274
274
274
274
274
274
274
274
274
274
274
274
274
274
274
274
274
274
274
274
274
274
274
274
274
274
274
274
274
274
274
274
274
274
274
274
274
274
274
274
274
274
274
274
274
274
274
274
274
274
274
274
274
274
274
274
274
274
274
274
274
274
274
274
274
274
274
274
274
274
274
274
274
274
274
274
274
274
274
274
274
274
274
274
274
274
274
274
274
274
274
274
274
274
274
274
274
274
274
274
274
274
274
274
274
274
274
274
274
274
274
274
274
274
274
274
274
274
274
274
274
274
274
274
274
274
274
274
274
274
274
274
274
274
274
274
274
274
274
274
274
274
274
274
274
274
274
274
274
274
274
274
274
274
274
274
274
274
274
274
274
274
274
274
274
274
274
274
274
274
274
274
274
274
274
274
274
274
274
274
274
274
274
274
274
274
274
274
274
274
274
274
274
274
274
274
274
274
274
274
274
274
274
274
274
274
274
274
274
274
274
274
274
274
274
274
274
274
274
274
274
274
274
274
274
274
274
274
274
274
274
274
274
274
274
274
274
274
274
274
274
274
274
274
274
274
274
274
274
274
274
274
274
274
274
274
274
274
274
274
274
274
274
274
274
274
274
274
274
274
274
274
274
274
274
274
274
274
274
274
274
274
274
274
274
274
274
274
274
274
274
274
274
274
274
274
274
274
274
274
274
274
274
274
274
274
274
274
274
274
274
274
274
274
274
274
274
274
274
274
274
274
274
274
274
274
274
274
274
274
274
274
274
274
274
274
274
274
274
274
274
274
274
274
274
274
274
274
274
274
274
274
274
274
274
274
274
274
274
274
274
274
274
274
274
274
274
274
274
274
274
274
274
274
274
274
274
274
274
274
274
274
274
274
274
274
274
274
274
274
274
274
274
274
274
274
274
274
274
274
274
274
274
274
274
274
274
274
274
274
274
274
274
274
274
274
274
274
274
274
274
274
274
274
274
274
274
274
274
274
274
274
274
274
274
274
274
274
274
274
274
274
274
274
274
274
274
274
274
274
274
274
274
274
274
274
274
274
274
274
274
274
274
274
274
274
274
274
274
274
274
274
274
274
274
274
274
274
274
274
274
274
274
274
274
274
274
274
274
274
274
274
274
274
274
274
274
274
274
274
274
274
274
274
274
274
274
274
274
274
274
274
274
274
274
274
274
274
274
274
274
274
274
274
274
274
274
274
274
274
274
274
274
274
274
274
274
274
274
274
274
274
274
274
274
274
274
274
274
274
274
274
274
274
274
274
274
274
274
274
274
274
274
274
274
274
274
274
274
274
274
274
274
274
274
274
274
274
274
274
274
274
274
274
274
274
274
274
274
274
274
274
274
274
274
274
274
274
274
274
274
274
274
274
274
274
274
274
274
274
274
274
274
274
274
274
274
274
274
274
274
274
274
274
274
274
274
274
274
274
274
274
274
274
274
274
274
274
274
274
274
274
274
274
274
274
274
274
274
274
274
274
274
274
274
274
274
274
274
274
274
274
274
274
274
274
274
274
274
274
274
274
274
274
274
274
274
274
274
274
274
274
274
274
274
274
274
274
274
274
274
274
274
274
274
274
274
274
274
274
274
274
274
274
274
274
274
274
274
274
274
274
274
274
274
274
274
274
274
274
274
274
274
274
274
274
274
274
274
274
274
274
274
274
274
274
274
274
274
274
274
274
274
274
274
274
274
274
274
274
274
274
274
274
274
274
274
274
274
274
274
274
274
274
274
274
274
274
274
274
274
274
274
274
274
274
274
274
274
274
274
274
274
274
274
274
274
274
274
274
274
274
274
274
274
274
274
274
274
274
274
274
274
274
274
274
274
274
274
274
274
274
274
274
274
274
274
274
274
274
274
274
274
274
274
274
274
274
274
274
274
274
274
274
274
274
274
274
274
274
274
274
274
274
274
274
274
274
274
274
274
274
274
274
274
274
274
274
274
274
274
274
274
274
274
274
274
274
274
274
274
274
274
274
274
274
274
274
274
274
274
274
274
274
274
274
274
274
274
274
274
274
274
274
274
274
274
274
274
274
274
274
274
274
274
274
274
274
274
274
274
274
274
274
274
274
274
274
274
274
274
274
274
274
274
274
274
274
274
274
274
274
274
274
274
274
274
274
274
274
274
274
274
274
274
274
274
274
274
274
274
274
274
274
274
274
274
274
274
274
274
274
274
274
274
274
274
274
274
274
274
274
274
274
274
274
274
274
274
274
274
274
274
274
274
274
274
274
274
274
274
274
274
274
274
274
274
274
274
274
274
274
274
274
274
274
274
274
274
274
274
274
274
274
274
274
274
274
274
274
274
274
274
274
274
274
274
274
274
274
274
274
274
274
274
274
274
274
274
274
274
274
274
274
274
274
274
274
274
274
274
274
274
274
274
274
274
274
274
274
274
274
274
274
274
274
274
274
274
274
274
274
274
274
274
274
274
274
274
274
274
274
274
274
274
274
274
274
274
274
274
274
274
274
274
274
274
274
274
274
274
274
274
274
274
274
274
274
274
274
274
274
274
274
274
274
274
274
274
274
274
274
274
274
274
274
274
274
274
274
274
274
274
274
274
274
274
274
274
274
274
274
274
274
274
274
274
274
274
274
274
274
274
274
274
274.002
274.002
274.002
274.002
274.002
274.002
274.002
274.002
274.002
274.002
274.002
274.002
274.002
274.002
274.002
274.002
274.002
274.002
274.002
274.002
274.002
274.002
274.002
274.002
274.002
274.002
274.002
274.002
274.002
274.002
274.002
274.002
274.002
274.002
274.002
274.002
274.002
274.002
274.002
274.002
274.002
274.002
274.002
274.002
274.002
274.002
274.002
274.002
274.002
274.002
274.002
274.002
274.002
274.002
274.002
274.001
274.001
274.001
274.001
274.001
274.001
274.001
274.001
274.001
274.001
274.001
274.001
274.001
274.001
274.001
274.001
274.001
274.001
274.001
274.001
274.001
274.001
274.001
274.001
274.001
274.001
274.001
274.001
274.001
274.001
274.001
274.001
274.001
274.001
274.001
274.001
274.001
274.001
274.001
274.001
274.001
274.001
274.001
274.001
274.001
274.001
274.001
274.001
274.001
274.001
274.001
274.001
274.001
274.001
274.001
274.001
274.001
274.001
274.001
274.001
274.001
274.001
274.001
274.001
274.001
274.001
274.002
274.002
274.002
274.002
)
;

boundaryField
{
    wall
    {
        type            zeroGradient;
    }
    inlet
    {
        type            fixedValue;
        value           uniform 3673;
    }
    outlet-1
    {
        type            inletOutlet;
        inletValue      uniform 274;
        value           uniform 274;
    }
    outlet-2
    {
        type            inletOutlet;
        inletValue      uniform 274;
        value           nonuniform List<scalar> 
89
(
274.002
274
274
274
274
274
274
274
274
274
274
274
274
274
274
274
274
274
274
274
274
274
274
274
274
274
274
274
274
274
274
274
274
274
274
274
274
274
274
274
274
274
274
274
274
274
274
274
274
274
274
274
274
274
274
274
274
274
274
274
274
274
274
274
274
274
274
274
274
274
274
274
274
274
274
274
274
274
274
274
274
274
274
274
274
274
274
274
274.002
)
;
    }
    frontAndBackPlanes
    {
        type            empty;
    }
}


// ************************************************************************* //
