/*--------------------------------*- C++ -*----------------------------------*\
| =========                 |                                                 |
| \\      /  F ield         | OpenFOAM: The Open Source CFD Toolbox           |
|  \\    /   O peration     | Version:  2112                                  |
|   \\  /    A nd           | Website:  www.openfoam.com                      |
|    \\/     M anipulation  |                                                 |
\*---------------------------------------------------------------------------*/
FoamFile
{
    version     2.0;
    format      ascii;
    arch        "LSB;label=32;scalar=64";
    class       volScalarField;
    location    "0.00082";
    object      T;
}
// * * * * * * * * * * * * * * * * * * * * * * * * * * * * * * * * * * * * * //

dimensions      [0 0 0 1 0 0 0];

internalField   nonuniform List<scalar> 
13875
(
1411.28
1534.74
1483.25
1485.05
1480.93
1483.21
1482.84
1482.53
1483.11
1482.88
1483.64
1483.74
1484.42
1484.07
1484.05
1484.09
1483.5
1483.38
1482.49
1482.69
1480.73
1488.66
1481.65
1538.76
1409.86
1306.81
1355.91
1319.45
1321.71
1317.03
1317.11
1316.63
1316.51
1317.08
1317.15
1318.64
1319.26
1322.83
1323.44
1323.59
1322.67
1318.13
1317.28
1316.3
1317.01
1317.35
1322.33
1319.92
1356.75
1303
1307.16
1339.58
1314.86
1310.63
1304.06
1303.79
1302.66
1302.12
1302.59
1302.44
1303.06
1303.74
1305.4
1306.24
1304.9
1304.42
1303.68
1303.21
1302.86
1304.22
1304.26
1313.2
1314.45
1343.25
1303.94
1317.29
1345.35
1315.35
1308.63
1305.41
1304.31
1302.88
1302.14
1302.66
1302.49
1303.11
1303.8
1304.57
1304.2
1303.68
1303.63
1303.75
1303.05
1302.98
1304.79
1305.58
1308.55
1316.45
1343.41
1316.67
1329.17
1342.04
1316.46
1310.89
1303.67
1303.46
1302.66
1302.27
1302.81
1302.56
1303.31
1304.02
1304.49
1304.22
1303.77
1303.73
1303.91
1303.29
1303.01
1303.68
1303.74
1314.22
1315.81
1346.28
1321.36
1331.95
1351.69
1319.68
1309.23
1307.31
1305.87
1303.99
1302.79
1303.21
1303.15
1303.6
1304.32
1304.54
1304.68
1304.17
1304.02
1304.42
1303.95
1304.08
1306.12
1307.55
1310.14
1320.82
1351.83
1332.14
1338.98
1360.79
1330.13
1316.79
1307.14
1306.09
1304.63
1303.57
1303.95
1303.89
1304.4
1305.04
1305.48
1304.96
1304.72
1304.66
1305.24
1304.77
1304.79
1306.13
1308.03
1321.86
1331.42
1367.22
1329.22
1361.74
1386.69
1346.13
1322.07
1317.06
1312.33
1308.56
1306.17
1305.95
1305.66
1306.02
1306.51
1306.89
1306.28
1306.11
1306.32
1307.34
1307.63
1308.93
1312.72
1317.38
1324.54
1346.83
1392.64
1361.74
1535.55
1510.08
1390.41
1352.35
1324.16
1317.01
1313.02
1310.03
1309.45
1308.84
1309.54
1309.67
1310.02
1309.25
1308.69
1309.25
1310.61
1311.46
1313.15
1317.51
1326.95
1357.82
1395.87
1521.62
1544.59
1863.5
1592.08
1439.83
1368.87
1345.78
1330.1
1322.71
1318.63
1317.05
1316.22
1317.05
1316.62
1316.65
1315.71
1315.1
1316.09
1318.24
1320.19
1322.95
1332.61
1345.51
1373.6
1447.52
1608.24
1851.18
2521
1805.32
1544.77
1437.93
1370.17
1350.53
1340.6
1335.32
1332.88
1331.84
1332.67
1331.56
1331.43
1330.36
1329.97
1330.56
1333.18
1336.36
1341.15
1352.42
1377.02
1435.25
1567.42
1815.76
2444.44
2887.39
2325.29
2189.52
1546.38
1452.45
1416.22
1387.34
1378.25
1371.88
1369.68
1369.37
1367.33
1367.35
1366.32
1366.52
1367.29
1371.48
1379.05
1388.61
1422.73
1459.02
1571.81
2378.89
2450.78
2823
2848.95
2805.72
2677.07
2390.69
1663.69
1556.99
1529.01
1508.07
1496.09
1490.82
1489.02
1485.66
1486.53
1486.01
1487.62
1490.39
1498.22
1511.91
1533.72
1574.79
1757.49
2243.15
2780.5
2806.85
2810.24
2773.14
2768.51
2865.13
2863.68
2242.85
2265.49
2057.58
1964
1910.57
1880.33
1869.88
1860.73
1865.23
1865.68
1873.65
1891.6
1931.03
1988.47
2118.19
2205.04
2473.68
2714.63
2787.29
2752.92
2784.83
2643.94
2759.49
2869.58
2858.49
2889.28
3182.51
3379.37
3477.49
3648.81
3635.43
3673.92
3678.32
3679.43
3682.63
3706.98
3709.02
3737.17
3559.94
3469.5
3182.03
2839.21
2714.54
2775.86
2769.29
2744.23
2532.86
2688.97
2893.27
2989.23
2997.38
3328.69
3562.89
3659.79
3683.15
3659.15
3645.8
3634.96
3623.65
3633.36
3655.58
3680.83
3717.97
3729.16
3632.73
3348.3
2917.72
2841.94
2816.13
2687.46
2661.27
2484.18
2612.78
2749.01
2938.38
3025.51
3329.46
3531.27
3638.63
3657.97
3638.09
3613.05
3602.34
3589.27
3595.05
3611.8
3638.1
3680.07
3712.98
3619.32
3352.05
2954.79
2765.42
2695.45
2651.15
2567.32
2309.58
2629.69
2854.43
2955.7
2951.39
3184.41
3326.83
3432.97
3471.58
3481.49
3466.72
3459.25
3451.83
3454.7
3466.45
3482.83
3492.25
3485.98
3390.05
3166.06
2934.96
2859.01
2830.65
2612.92
2429.89
2241.39
2328.87
2593.63
2758.61
2747.91
2884.27
3084.96
3247.23
3344.37
3372.74
3365.49
3359.87
3357.94
3357.13
3362.12
3375.12
3381.29
3319.33
3130.78
2887.29
2681.14
2621.23
2569.58
2437.35
2392.74
2340
2275.12
2384.99
2524.13
2556.45
2636.25
2843.17
3042.53
3189.95
3262.2
3272.88
3273.14
3273.38
3267.85
3266.39
3268.07
3227.98
3083.2
2852.59
2587.33
2452.02
2452.68
2375.87
2334.91
2480.79
2763.59
2265.79
2196.43
2329.74
2392.47
2478.54
2668.09
2867.33
3035.85
3139.74
3170.53
3179.71
3182.2
3173.44
3162.48
3142.55
3057.82
2872
2638.92
2400.17
2304.07
2285.97
2195.42
2228.97
2726.9
2875.23
2076.34
2020.12
2173.63
2264.85
2350.39
2526.86
2723.77
2898.73
3017.37
3066.03
3083.1
3085.71
3075.35
3056.55
3016.5
2904.33
2711.06
2493.24
2266.83
2191.99
2149.17
2044.86
2095.74
2806.79
2892.03
2073.77
1904.04
2061.89
2163.22
2258.18
2422.58
2603.5
2772.56
2899.25
2960.32
2983.34
2987
2975.15
2951.5
2899.88
2775.81
2583.51
2397.82
2191.49
2097.12
2035.29
1945.76
2115.97
2985.25
2857.42
2081.49
1925.92
1996.15
2075.44
2168.91
2335.88
2507.62
2657.8
2786.33
2854.71
2881.73
2887.01
2875.57
2849.17
2791.43
2661.75
2482.35
2304.52
2119.79
2029.69
1971.8
1952.42
2099.13
2858.84
2764.85
2070.03
1936.68
1973.92
2015.82
2113.91
2271.97
2407.45
2560.46
2684.16
2754.64
2784.81
2790.91
2779.65
2749.58
2685.38
2560.65
2376.79
2231.81
2075.08
1986.75
1930.4
1964.25
2117.5
2783.65
2830.84
2095.67
1958.19
1950.08
1985.88
2073.24
2195.91
2340.38
2475.22
2590.27
2656.6
2687.87
2695.42
2685.89
2657.84
2596.92
2477.45
2315.13
2152.85
2039.35
1966.58
1913.21
1984.81
2125.11
2823.96
2913.1
2163.66
1997.36
1949.58
1980.77
2032.27
2152.53
2255.54
2381.58
2493.73
2562.09
2593.65
2600.26
2592.61
2563.67
2498.47
2383.61
2233.1
2105.18
2002.07
1955.55
1916.36
2009.74
2185.24
2964.26
2965.73
2248.62
2014.41
1955.71
1969.75
2003.33
2086.64
2181.84
2309.77
2399.67
2466.65
2497.34
2505.26
2497.62
2470.03
2406.06
2305.57
2159.69
2041.49
1969.01
1952.24
1915.07
2021.63
2286.19
2998.9
2997.8
2320.42
2047.27
1972.4
1978.72
1976.82
2032.36
2128.45
2223.31
2321.98
2383.57
2410.48
2415.85
2411.07
2387.62
2329.12
2228.23
2119.5
1993.07
1946.49
1944.75
1942.09
2024.17
2320.82
2999.6
2994.62
2326.13
2079.87
1995.64
1969.38
1941.28
2001.1
2054.06
2161.91
2240.75
2297.71
2321.34
2325.9
2320.78
2297.63
2247.24
2157.28
2043.23
1967.23
1914.76
1943.48
1958.78
2066.25
2339.71
2998.73
2967.62
2316.01
2113.34
2008.28
1963.4
1926.01
1939.68
2020.49
2092.51
2166.19
2214.2
2234.1
2238.71
2232.69
2212.73
2165.01
2089.1
2012.24
1915.44
1902.26
1923.46
1970.48
2096.99
2334.02
2973.72
2933.83
2335.99
2122.72
2031.96
1970.95
1886.4
1922.82
1969.6
2036.31
2104.88
2144.35
2159.69
2161.01
2158.52
2141.87
2107.04
2031.83
1959.41
1897.91
1873.95
1954.84
1991.7
2095.52
2337.17
2925.38
2891.84
2357.25
2133.66
2045.23
1971.24
1873.89
1904.02
1927.39
1998.86
2038.33
2072.57
2086.46
2087.33
2082.95
2067
2032.04
1989.19
1913.34
1883.32
1852.3
1962.97
2026.56
2121.66
2342.37
2870.76
2854.66
2331.5
2133.3
2078.05
1928.4
1905.87
1861.41
1918.9
1928.08
1982.35
2006.06
2014.82
2017.71
2013.09
2002.08
1977.31
1918.59
1899.07
1841.84
1884.69
1909.8
2053.04
2128.14
2329.71
2860.95
2851.03
2357.15
2125.97
2075.55
1977.72
1877.17
1864.75
1857.63
1913.49
1929.72
1949.83
1960.12
1957.13
1956.13
1944.88
1924.01
1906.73
1843.12
1842.9
1863.65
1946.51
2046.88
2116.29
2341.66
2827.45
2822.95
2381.68
2129.7
2046.02
1990.26
1908.64
1845.8
1866.3
1857.37
1886.51
1898.55
1901.04
1900.95
1899.21
1893.83
1879.68
1846.7
1847
1823.78
1887.99
1974.25
2063.71
2142.95
2383.49
2797.11
2765.93
2393.09
2143.89
2080.75
2000.02
1931.77
1866.45
1852.61
1836.62
1854.93
1850.62
1853.26
1851.68
1849.72
1846.11
1850.12
1827.73
1832.56
1835.87
1921.23
1975.57
2090.14
2151.03
2385.85
2764.19
2721.29
2399.34
2154.77
2090.76
2046.9
1897.73
1898.72
1833.4
1849.65
1816.63
1824.49
1813.02
1808.79
1810.67
1820.77
1813.76
1847.09
1817.5
1879.44
1885.07
2044.69
2100.61
2154.68
2386.13
2690.92
2662.52
2390.59
2160.42
2099.43
2079.88
1997.38
1848.57
1875.98
1802.85
1828.03
1793.56
1786.16
1778.67
1783.56
1787.69
1824.75
1796.97
1863.8
1838.12
1991.87
2083.29
2104.56
2163.01
2395.72
2667.01
2628.86
2392.57
2171.87
2109.77
2096.62
2075.35
1957.92
1836.81
1850.24
1792.23
1791.15
1768.18
1757.59
1764.3
1788.95
1789.23
1840.64
1826.54
1947.76
2070.66
2098.4
2109.23
2171.72
2401.75
2646.16
2634.12
2427.75
2202.49
2122.51
2108.22
2091.04
2040.23
1939.19
1822.39
1824.37
1786.03
1756.93
1746.95
1753.53
1777.83
1817.55
1818.32
1917.94
2033.65
2086.4
2107.52
2119.48
2193.5
2430.53
2645.06
2634.02
2482.66
2259.99
2149
2122.98
2099.93
2080.93
2034.7
1885.01
1811.76
1777.33
1760.08
1745.05
1759.99
1773.86
1809.06
1886.84
2018.04
2078.48
2096.98
2123.95
2150.65
2263.23
2501.23
2647.5
2626.78
2524.46
2339.74
2212.12
2147.96
2113.72
2094.85
2074.26
2020.21
1851.6
1806.21
1757.92
1747.33
1753.38
1802.3
1843.71
2015.59
2070.97
2096.66
2117.42
2158.26
2211.66
2346.98
2532.52
2637.77
2541.23
2526.14
2414.12
2286.52
2201.8
2141.28
2107.82
2088.65
2065.71
2001.05
1821.69
1751.64
1756.63
1751.88
1819.03
1995.98
2066.86
2090.75
2109.94
2141.62
2198.9
2282.57
2416.07
2531.63
2521.74
2237.39
2489.91
2426.49
2333.4
2234.27
2164.72
2119.9
2093.39
2079.71
2060.9
1966.47
1797.32
1786.11
1800.1
1965.26
2064.49
2084.08
2097.43
2126.34
2169.23
2237.56
2334.93
2428.07
2488.52
2214.11
1949.54
2341.4
2410.38
2344.37
2261.36
2183.32
2129.71
2097.17
2078.83
2065.4
2034.74
1903.31
1855.86
1909.73
2040.22
2069.01
2083.88
2101.95
2138.23
2189.47
2263.56
2344.81
2409.75
2323.55
1937.28
1769.87
2122.4
2331.45
2331.08
2266.5
2198.18
2136.61
2100.12
2078.7
2058.79
2039.5
1994.32
1990.13
1994.81
2040.95
2063.13
2082.23
2105.93
2144.69
2203.73
2269.11
2332.76
2331.63
2126.31
1767.02
1632.2
1993.37
2210.31
2271.33
2254.24
2198.59
2140.98
2103.3
2083.72
2094.01
2128.65
2198.97
2319.92
2205.04
2132.45
2097.03
2090.68
2110.36
2148.03
2205.16
2258.2
2274.68
2209.91
1980.35
1620.61
1571.57
1891.07
2135.16
2210.06
2220.01
2196.83
2157.12
2127.61
2118.79
2132.22
2192.94
2362.62
2530.94
2359.23
2193.97
2138.3
2128.23
2140.06
2164.71
2203.89
2227.96
2218.22
2136.8
1883.71
1561.79
1438.52
1787.83
2051.24
2170.39
2185.2
2187.77
2162.61
2144.64
2154.62
2199.87
2321.43
2479.92
2529.93
2483.42
2323.02
2202.28
2157.28
2150.48
2173.41
2197.52
2196.15
2175.22
2049.99
1788.42
1437.47
273.989
274.247
274.468
274.487
274.462
274.289
274.148
274.067
274.027
274.01
274.003
274.001
274
274
274
274
274
274
274
274
274
274
274
273.999
273.999
273.999
273.996
274.004
273.987
274.016
274.374
274.535
274.727
274.682
274.613
274.371
274.189
274.085
274.034
274.012
274.003
274.001
274
274
274
274
274
274
274
274
274
274
274
273.999
273.999
273.998
273.996
274.004
273.988
274.016
274.412
274.579
274.761
274.743
274.673
274.398
274.202
274.089
274.035
274.012
274.003
274.001
274
274
274
274
274
274
274
274
274
274
274
273.999
273.999
273.998
273.997
274.004
273.995
274.01
274.376
274.579
274.774
274.795
274.718
274.415
274.211
274.091
274.035
274.012
274.003
274.001
274
274
274
274
274
274
274
274
274
274
274
273.999
273.999
273.999
273.998
274.003
273.998
274.006
274.339
274.602
274.805
274.839
274.746
274.417
274.213
274.091
274.035
274.011
274.003
274.001
274
274
274
274
274
274
274
274
274
274
274
273.999
273.999
273.999
273.999
274.002
273.999
274.005
274.328
274.695
274.826
274.853
274.75
274.412
274.211
274.09
274.034
274.011
274.003
274.001
274
274
274
274
274
274
274
274
274
274
274
274
273.999
273.999
273.999
274.001
274
274.004
274.331
274.792
274.841
274.854
274.744
274.4
274.206
274.087
274.032
274.009
274.002
274
274
274
274
274
274
274
274
274
274
274
274
274
273.999
273.999
274
274
274
274.004
274.338
274.869
274.844
274.845
274.73
274.38
274.198
274.082
274.028
274.008
274.002
274
274
274
274
274
274
274
274
274
274
274
274
274
274
273.999
274
274
274
274.003
274.331
274.91
274.848
274.811
274.703
274.351
274.183
274.073
274.025
274.007
274.002
274
274
274
274
274
274
274
274
274
274
274
274
274
274
274
273.999
274
274
274.002
274.372
274.926
274.849
274.746
274.661
274.318
274.167
274.067
274.023
274.007
274.002
274
274
274
274
274
274
274
274
274
274
274
274
274
274
274
274
273.999
274
274.001
274.433
274.927
274.845
274.671
274.61
274.29
274.154
274.062
274.021
274.006
274.001
274
274
274
274
274
274
274
274
274
274
274
274
274
274
274
274
274
274
274.001
274.445
274.828
274.788
274.605
274.559
274.267
274.143
274.057
274.02
274.005
274.001
274
274
274
274
274
274
274
274
274
274
274
274
274
274
274
274
274
274
274.001
274.451
274.726
274.713
274.552
274.511
274.245
274.131
274.052
274.018
274.005
274.001
274
274
274
274
274
274
274
274
274
274
274
274
274
274
274
274
274
274
274.001
274.46
274.651
274.645
274.504
274.464
274.223
274.12
274.048
274.016
274.004
274.001
274
274
274
274
274
274
274
274
274
274
274
274
274
274
274
274
274
274
274.001
274.413
274.586
274.58
274.457
274.419
274.202
274.109
274.043
274.015
274.004
274.001
274
274
274
274
274
274
274
274
274
274
274
274
274
274
274
274
274
274
274.001
274.347
274.523
274.516
274.41
274.375
274.182
274.098
274.039
274.013
274.003
274.001
274
274
274
274
274
274
274
274
274
274
274
274
274
274
274
274
274
274
274.001
274.302
274.455
274.452
274.361
274.332
274.161
274.087
274.035
274.012
274.003
274.001
274
274
274
274
274
274
274
274
274
274
274
274
274
274
274
274
274
274
274.001
274.26
274.388
274.388
274.31
274.288
274.14
274.076
274.03
274.01
274.003
274.001
274
274
274
274
274
274
274
274
274
274
274
274
274
274
274
274
274
274
274.001
274.262
274.348
274.332
274.258
274.243
274.117
274.065
274.026
274.009
274.002
274
274
274
274
274
274
274
274
274
274
274
274
274
274
274
274
274
274
274
274.001
274.432
274.51
274.347
274.215
274.2
274.094
274.053
274.021
274.007
274.002
274
274
274
274
274
274
274
274
274
274
274
274
274
274
274
274
274
274
274
274.001
275.159
275.741
274.77
274.265
274.171
274.073
274.04
274.016
274.005
274.001
274
274
274
274
274
274
274
274
274
274
274
274
274
274
274
274
274
274
274
274.001
278.694
282.043
277.908
274.913
274.237
274.06
274.029
274.011
274.003
274.001
274
274
274
274
274
274
274
274
274
274
274
274
274
274
274
274
274
274
274
274.001
284.008
316.597
297.668
279.857
274.843
274.119
274.025
274.006
274.002
274
274
274
274
274
274
274
274
274
274
274
274
274
274
274
274
274
274
274
274
274.001
267.343
352.929
375.89
315.57
279.509
274.557
274.061
274.005
274
274
274
274
274
274
274
274
274
274
274
274
274
274
274
274
274
274
274
274
274
274.001
218.015
579.079
549.516
421.363
318.159
276.981
274.258
274.019
274
274
274
274
274
274
274
274
274
274
274
274
274
274
274
274
274
274
274
274
274
274.001
274.016
273.987
274.004
273.996
273.999
273.999
273.999
274
274
274
274
274
274
274
274
274
274
274
274.001
274.003
274.01
274.027
274.067
274.148
274.289
274.462
274.487
274.467
274.247
273.988
274.016
273.988
274.004
273.996
273.998
273.999
273.999
274
274
274
274
274
274
274
274
274
274
274
274.001
274.003
274.012
274.034
274.085
274.189
274.371
274.612
274.681
274.727
274.536
274.374
274.01
273.995
274.004
273.997
273.998
273.999
273.999
274
274
274
274
274
274
274
274
274
274
274
274.001
274.003
274.012
274.035
274.089
274.202
274.398
274.673
274.743
274.761
274.58
274.412
274.006
273.998
274.003
273.998
273.999
273.999
273.999
274
274
274
274
274
274
274
274
274
274
274
274.001
274.003
274.012
274.035
274.091
274.211
274.414
274.718
274.795
274.774
274.579
274.376
274.005
273.999
274.002
273.999
273.999
273.999
273.999
274
274
274
274
274
274
274
274
274
274
274
274.001
274.003
274.011
274.035
274.091
274.213
274.417
274.746
274.839
274.805
274.601
274.339
274.004
274
274.001
273.999
273.999
273.999
274
274
274
274
274
274
274
274
274
274
274
274
274.001
274.003
274.011
274.034
274.09
274.211
274.412
274.75
274.853
274.826
274.696
274.328
274.004
274
274
274
273.999
273.999
274
274
274
274
274
274
274
274
274
274
274
274
274
274.002
274.009
274.032
274.087
274.207
274.4
274.744
274.854
274.841
274.792
274.331
274.003
274
274
274
273.999
274
274
274
274
274
274
274
274
274
274
274
274
274
274
274.002
274.008
274.028
274.082
274.198
274.38
274.73
274.845
274.844
274.869
274.338
274.002
274
274
273.999
274
274
274
274
274
274
274
274
274
274
274
274
274
274
274
274.002
274.007
274.025
274.073
274.183
274.351
274.703
274.811
274.848
274.91
274.331
274.001
274
273.999
274
274
274
274
274
274
274
274
274
274
274
274
274
274
274
274
274.002
274.007
274.023
274.067
274.167
274.318
274.661
274.745
274.849
274.926
274.372
274.001
274
274
274
274
274
274
274
274
274
274
274
274
274
274
274
274
274
274
274.001
274.006
274.021
274.062
274.154
274.29
274.61
274.67
274.845
274.927
274.433
274.001
274
274
274
274
274
274
274
274
274
274
274
274
274
274
274
274
274
274
274.001
274.005
274.02
274.057
274.143
274.267
274.559
274.605
274.787
274.827
274.444
274.001
274
274
274
274
274
274
274
274
274
274
274
274
274
274
274
274
274
274
274.001
274.005
274.018
274.052
274.131
274.245
274.511
274.552
274.713
274.726
274.452
274.001
274
274
274
274
274
274
274
274
274
274
274
274
274
274
274
274
274
274
274.001
274.004
274.016
274.048
274.12
274.223
274.464
274.504
274.645
274.651
274.46
274.001
274
274
274
274
274
274
274
274
274
274
274
274
274
274
274
274
274
274
274.001
274.004
274.015
274.043
274.109
274.202
274.419
274.458
274.58
274.586
274.413
274.001
274
274
274
274
274
274
274
274
274
274
274
274
274
274
274
274
274
274
274.001
274.003
274.013
274.039
274.098
274.182
274.375
274.41
274.516
274.523
274.347
274.001
274
274
274
274
274
274
274
274
274
274
274
274
274
274
274
274
274
274
274.001
274.003
274.012
274.035
274.087
274.161
274.332
274.361
274.452
274.455
274.302
274.001
274
274
274
274
274
274
274
274
274
274
274
274
274
274
274
274
274
274
274.001
274.003
274.01
274.03
274.076
274.14
274.288
274.31
274.388
274.388
274.26
274.001
274
274
274
274
274
274
274
274
274
274
274
274
274
274
274
274
274
274
274
274.002
274.009
274.026
274.065
274.117
274.243
274.258
274.332
274.348
274.262
274.001
274
274
274
274
274
274
274
274
274
274
274
274
274
274
274
274
274
274
274
274.002
274.007
274.021
274.053
274.094
274.2
274.215
274.347
274.511
274.433
274.001
274
274
274
274
274
274
274
274
274
274
274
274
274
274
274
274
274
274
274
274.001
274.005
274.016
274.04
274.073
274.171
274.266
274.771
275.745
275.161
274.001
274
274
274
274
274
274
274
274
274
274
274
274
274
274
274
274
274
274
274
274.001
274.003
274.011
274.029
274.06
274.238
274.917
277.919
282.064
278.7
274.001
274
274
274
274
274
274
274
274
274
274
274
274
274
274
274
274
274
274
274
274
274.002
274.006
274.025
274.12
274.846
279.877
297.782
316.61
283.988
274.001
274
274
274
274
274
274
274
274
274
274
274
274
274
274
274
274
274
274
274
274
274
274.005
274.061
274.56
279.531
315.674
375.973
352.845
267.368
274.001
274
274
274
274
274
274
274
274
274
274
274
274
274
274
274
274
274
274
274
274
274
274.019
274.26
276.992
318.297
421.497
549.428
578.262
219.19
274.001
274.001
274.001
274.001
274.001
274.001
274.001
274.001
274.001
274.001
274.001
274.001
274.001
274.001
274.001
274.001
274.001
274.001
274.001
274.001
274.001
274.001
274.001
274.001
274.001
274.001
274.001
274.001
274.001
274.001
274.001
274.001
274.001
274.001
274.001
274.001
274.001
274.001
274.001
274.001
274.001
274.001
274.001
274.001
274.001
274.001
274.001
274.001
274.001
274.001
274.001
274.001
274.001
274.001
274.001
274.001
274.001
274.001
274.001
274.001
274.001
274.001
274.001
274.001
274.001
274.001
274.001
274.001
274.001
274.001
274.001
274.001
274.001
274.001
274.001
274.001
274.001
274.001
274.001
274.001
274.001
274.001
274.001
274.001
274.001
274.001
274.001
274.001
274.001
274.001
274.001
274.001
274.001
274.001
274.001
274.001
274.001
274.001
274.001
274.001
274.001
274.001
274.001
274.001
274.001
274.001
274.001
274.001
274.001
274.001
274.001
274.001
274.001
274.001
274.001
274.001
274.001
274.001
274.001
274.001
274.001
274.001
274.001
274.001
274.001
274
274
274
274
274
274
274
274
274
274
274
274
274
274
274
274
274
274
274
274
274
274
274
274
274
274
274
274
274
274
274
274
274
274
274
274
274
274
274
274
274
274
274
274
274
274
274
274
274
274
274
274
274
274
274
274
274
274
274
274
274
274
274
274
274
274
274
274
274
274
274
274
274
274
274
274
274
274
274
274
274
274
274
274
274
274
274
274
274
274
274
274
274
274
274
274
274
274
274
274
274
274
274
274
274
274
274
274
274
274
274
274
274
274
274
274
274
274
274
274
274
274
274
274
274
274
274
274
274
274
274
274
274
274
274
274
274
274
274
274
274
274
274
274
274
274
274
274
274
274
274
274
274
274
274
274
274
274
274
274
274
274
274
274
274
274
274
274
274
274
274
274
274
274
274
274
274
274
274
274
274
274
274
274
274
274
274
274
274
274
274
274
274
274
274
274
274
274
274
274
274
274
274
274
274
274
274
274
274
274
274
274
274
274
274
274
274
274
274
274
274
274
274
274
274
274
274
274
274
274
274
274
274
274
274
274
274
274
274
274
274
274
274
274
274
274
274
274
274
274
274
274
274
274
274
274
274
274
274
274
274
274
274
274
274
274
274
274
274
274
274
274
274
274
274
274
274
274
274
274
274
274
274
274
274
274
274
274
274
274
274
274
274
274
274
274
274
274
274
274
274
274
274
274
274
274
274
274
274
274
274
274
274
274
274
274
274
274
274
274
274
274
274
274
274
274
274
274
274
274
274
274
274
274
274
274
274
274
274
274
274
274
274
274
274
274
274
274
274
274
274
274
274
274
274
274
274
274
274
274
274
274
274
274
274
274
274
274
274
274
274
274
274
274
274
274
274
274
274
274
274
274
274
274
274
274
274
274
274
274
274
274
274
274
274
274
274
274
274
274
274
274
274
274
274
274
274
274
274
274
274
274
274
274
274
274
274
274
274
274
274
274
274
274
274
274
274
274
274
274
274
274
274
274
274
274
274
274
274
274
274
274
274
274
274
274
274
274
274
274
274
274
274
274
274
274
274
274
274
274
274
274
274
274
274
274
274
274
274
274
274
274
274
274
274
274
274
274
274
274
274
274
274
274
274
274
274
274
274
274
274
274
274
274
274
274
274
274
274
274
274
274
274
274
274
274
274
274
274
274
274
274
274
274
274
274
274
274
274
274
274
274
274
274
274
274
274
274
274
274
274
274
274
274
274
274
274
274
274
274
274
274
274
274
274
274
274
274
274
274
274
274
274
274
274
274
274
274
274
274
274
274
274
274
274
274
274
274
274
274
274
274
274
274
274
274
274
274
274
274
274
274
274
274
274
274
274
274
274
274
274
274
274
274
274
274
274
274
274
274
274
274
274
274
274
274
274
274
274
274
274
274
274
274
274
274
274
274
274
274
274
274
274
274
274
274
274
274
274
274
274
274
274
274
274
274
274
274
274
274
274
274
274
274
274
274
274
274
274
274
274
274
274
274
274
274
274
274
274
274
274
274
274
274
274
274
274
274
274
274
274
274
274
274
274
274
274
274
274
274
274
274
274
274
274
274
274
274
274
274
274
274
274
274
274
274
274
274
274
274
274
274
274
274
274
274
274
274
274
274
274
274
274
274
274
274
274
274
274
274
274
274
274
274
274
274
274
274
274
274
274
274
274
274
274
274
274
274
274
274
274
274
274
274
274
274
274
274
274
274
274
274
274
274
274
274
274
274
274
274
274
274
274
274
274
274
274
274
274
274
274
274
274
274
274
274
274
274
274
274
274
274
274
274
274
274
274
274
274
274
274
274
274
274
274
274
274
274
274
274
274
274
274
274
274
274
274
274
274
274
274
274
274
274
274
274
274
274
274
274
274
274
274
274
274
274
274
274
274
274
274
274
274
274
274
274
274
274
274
274
274
274
274
274
274
274
274
274
274
274
274
274
274
274
274
274
274
274
274
274
274
274
274
274
274
274
274
274
274
274
274
274
274
274
274
274
274
274
274
274
274
274
274
274
274
274
274
274
274
274
274
274
274
274
274
274
274
274
274
274
274
274
274
274
274
274
274
274
274
274
274
274
274
274
274
274
274
274
274
274
274
274
274
274
274
274
274
274
274
274
274
274
274
274
274
274
274
274
274
274
274
274
274
274
274
274
274
274
274
274
274
274
274
274
274
274
274
274
274
274
274
274
274
274
274
274
274
274
274
274
274
274
274
274
274
274
274
274
274
274
274
274
274
274
274
274
274
274
274
274
274
274
274
274
274
274
274
274
274
274
274
274
274
274
274
274
274
274
274
274
274
274
274
274
274
274
274
274
274
274
274
274
274
274
274
274
274
274
274
274
274
274
274
274
274
274
274
274
274
274
274
274
274
274
274
274
274
274
274
274
274
274
274
274
274
274
274
274
274
274
274
274
274
274
274
274
274
274
274
274
274
274
274
274
274
274
274
274
274
274
274
274
274
274
274
274
274
274
274
274
274
274
274
274
274
274
274
274
274
274
274
274
274
274
274
274
274
274
274
274
274
274
274
274
274
274
274
274
274
274
274
274
274
274
274
274
274
274
274
274
274
274
274
274
274
274
274
274
274
274
274
274
274
274
274
274
274
274
274
274
274
274
274
274
274
274
274
274
274
274
274
274
274
274
274
274
274
274
274
274
274
274
274
274
274
274
274
274
274
274
274
274
274
274
274
274
274
274
274
274
274
274
274
274
274
274
274
274
274
274
274
274
274
274
274
274
274
274
274
274
274
274
274
274
274
274
274
274
274
274
274
274
274
274
274
274
274
274
274
274
274
274
274
274
274
274
274
274
274
274
274
274
274
274
274
274
274
274
274
274
274
274
274
274
274
274
274
274
274
274
274
274
274
274
274
274
274
274
274
274
274
274
274
274
274
274
274
274
274
274
274
274
274
274
274
274
274
274
274
274
274
274
274
274
274
274
274
274
274
274
274
274
274
274
274
274
274
274
274
274
274
274
274
274
274
274
274
274
274
274
274
274
274
274
274
274
274
274
274
274
274
274
274
274
274
274
274
274
274
274
274
274
274
274
274
274
274
274
274
274
274
274
274
274
274
274
274
274
274
274
274
274
274
274
274
274
274
274
274
274
274
274
274
274
274
274
274
274
274
274
274
274
274
274
274
274
274
274
274
274
274
274
274
274
274
274
274
274
274
274
274
274
274
274
274
274
274
274
274
274
274
274
274
274
274
274
274
274
274
274
274
274
274
274
274
274
274
274
274
274
274
274
274
274
274
274
274
274
274
274
274
274
274
274
274
274
274
274
274
274
274
274
274
274
274
274
274
274
274
274
274
274
274
274
274
274
274
274
274
274
274
274
274
274
274
274
274
274
274
274
274
274
274
274
274
274
274
274
274
274
274
274
274
274
274
274
274
274
274
274
274
274
274
274
274
274
274
274
274
274
274
274
274
274
274
274
274
274
274
274
274
274
274
274
274
274
274
274
274
274
274
274
274
274
274
274
274
274
274
274
274
274
274
274
274
274
274
274
274
274
274
274
274
274
274
274
274
274
274
274
274
274
274
274
274
274
274
274
274
274
274
274
274
274
274
274
274
274
274
274
274
274
274
274
274
274
274
274
274
274
274
274
274
274
274
274
274
274
274
274
274
274
274
274
274
274
274
274
274
274
274
274
274
274
274
274
274
274
274
274
274
274
274
274
274
274
274
274
274
274
274
274
274
274
274
274
274
274
274
274
274
274
274
274
274
274
274
274
274
274
274
274
274
274
274
274
274
274
274
274
274
274
274
274
274
274
274
274
274
274
274
274
274
274
274
274
274
274
274
274
274
274
274
274
274
274
274
274
274
274
274
274
274
274
274
274
274
274
274
274
274
274
274
274
274
274
274
274
274
274
274
274
274
274
274
274
274
274
274
274
274
274
274
274
274
274
274
274
274
274
274
274
274
274
274
274
274
274
274
274
274
274
274
274
274
274
274
274
274
274
274
274
274
274
274
274
274
274
274
274
274
274
274
274
274
274
274
274
274
274
274
274
274
274
274
274
274
274
274
274
274
274
274
274
274
274
274
274
274
274
274
274
274
274
274
274
274
274
274
274
274
274
274
274
274
274
274
274
274
274
274
274
274
274
274
274
274
274
274
274
274
274
274
274
274
274
274
274
274
274
274
274
274
274
274
274
274
274
274
274
274
274
274
274
274
274
274
274
274
274
274
274
274
274
274
274
274
274
274
274
274
274
274
274
274
274
274
274
274
274
274
274
274
274
274
274
274
274
274
274
274
274
274
274
274
274
274
274
274
274
274
274
274
274
274
274
274
274
274
274
274
274
274
274
274
274
274
274
274
274
274
274
274
274
274
274
274
274
274
274
274
274
274
274
274
274
274
274
274
274
274
274
274
274
274
274
274
274
274
274
274
274
274
274
274
274
274
274
274
274
274
274
274
274
274
274
274
274
274
274
274
274
274
274
274
274
274
274
274
274
274
274
274
274
274
274
274
274
274
274
274
274
274
274
274
274
274
274
274
274
274
274
274
274
274
274
274
274
274
274
274
274
274
274
274
274
274
274
274
274
274
274
274
274
274
274
274
274
274
274
274
274
274
274
274
274
274
274
274
274
274
274
274
274
274
274
274
274
274
274
274
274
274
274
274
274
274
274
274
274
274
274
274
274
274
274
274
274
274
274
274
274
274
274
274
274
274
274
274
274
274
274
274
274
274
274
274
274
274
274
274
274
274
274
274
274
274
274
274
274
274
274
274
274
274
274
274
274
274
274
274
274
274
274
274
274
274
274
274
274
274
274
274
274
274
274
274
274
274
274
274
274
274
274
274
274
274
274
274
274
274
274
274
274
274
274
274
274
274
274
274
274
274
274
274
274
274
274
274
274
274
274
274
274
274
274
274
274
274
274
274
274
274
274
274
274
274
274
274
274
274
274
274
274
274
274
274
274
274
274
274
274
274
274
274
274
274
274
274
274
274
274
274
274
274
274
274
274
274
274
274
274
274
274
274
274
274
274
274
274
274
274
274
274
274
274
274
274
274
274
274
274
274
274
274
274
274
274
274
274
274
274
274
274
274
274
274
274
274
274
274
274
274
274
274
274
274
274
274
274
274
274
274
274
274
274
274
274
274
274
274
274
274
274
274
274
274
274
274
274
274
274
274
274
274
274
274
274
274
274
274
274
274
274
274
274
274
274
274
274
274
274
274
274
274
274
274
274
274
274
274
274
274
274
274
274
274
274
274
274
274
274
274
274
274
274
274
274
274
274
274
274
274
274
274
274
274
274
274
274
274
274
274
274
274
274
274
274
274
274
274
274
274
274
274
274
274
274
274
274
274
274
274
274
274
274
274
274
274
274
274
274
274
274
274
274
274
274
274
274
274
274
274
274
274
274
274
274
274
274
274
274
274
274
274
274
274
274
274
274
274
274
274
274
274
274
274
274
274
274
274
274
274
274
274
274
274
274
274
274
274
274
274
274
274
274
274
274
274
274
274
274
274
274
274
274
274
274
274
274
274
274
274
274
274
274
274
274
274
274
274
274
274
274
274
274
274
274
274
274
274
274
274
274
274
274
274
274
274
274
274
274
274
274
274
274
274
274
274
274
274
274
274
274
274
274
274
274
274
274
274
274
274
274
274
274
274
274
274
274
274
274
274
274
274
274
274
274
274
274
274
274
274
274
274
274
274
274
274
274
274
274
274
274
274
274
274
274
274
274
274
274
274
274
274
274
274
274
274
274
274
274
274
274
274
274
274
274
274
274
274
274
274
274
274
274
274
274
274
274
274
274
274
274
274
274
274
274
274
274
274
274
274
274
274
274
274
274
274
274
274
274
274
274
274
274
274
274
274
274
274
274
274
274
274
274
274
274
274
274
274
274
274
274
274
274
274
274
274
274
274
274
274
274
274
274
274
274
274
274
274
274
274
274
274
274
274
274
274
274
273.999
274
274.002
274.003
274.002
274
274
274
274
274
274
274
274
274
274
274
274
274
274
274
274
274
274
274
274
274
274
274
274
274
274
274
274
274
274
274
274
274
274
274
274
274
274
274
274
274
274
274
274
274
274
274
274
274
274
274
274
274
274
274
274
274
274
274
274
274
274
274
274
274
274
274
274
274
274
274
274
274
274
274
274
274
274
274
274
274
274
274
274
274
274
274
274
274
274
274
274
274
274
274
274
274
274
274
274
274
274
274
274
274
274
274
274
274
274
274
274
274
274
274
274
274
274
274
274
274.011
274.042
274.082
274.096
274.08
274
274
274
274
274
274
274
274
274
274
274
274
274
274
274
274
274
274
274
274
274
274
274
274
274
274
274
274
274
274
274
274
274
274
274
274
274
274
274
274
274
274
274
274
274
274
274
274
274
274
274
274
274
274
274
274
274
274
274
274
274
274
274
274
274
274
274
274
274
274
274
274
274
274
274
274
274
274
274
274
274
274
274
274
274
274
274
274
274
274
274
274
274
274
274
274
274
274
274
274
274
274
274
274
274
274
274
274
274
274
274
274
274
274
274
274
274
274
274.007
274.082
274.404
275.057
275.664
275.697
275.267
274
274
274
274
274
274
274
274
274
274
274
274
274
274
274
274
274
274
274
274
274
274
274
274
274
274
274
274
274
274
274
274
274
274
274
274
274
274
274
274
274
274
274
274
274
274
274
274
274
274
274
274
274
274
274
274
274
274
274
274
274
274
274
274
274
274
274
274
274
274
274
274
274
274
274
274
274
274
274
274
274
274
274
274
274
274
274
274
274
274
274
274
274
274
274
274
274
274
274
274
274
274
274
274
274
274
274
274
274
274
274
274
274
274
274
274
274
274.026
274.372
276.868
285.718
298.725
305.379
300.996
290.582
274
274
274
274
274
274
274
274
274
274
274
274
274
274
274
274
274
274
274
274
274
274
274
274
274
274
274
274
274
274
274
274
274
274
274
274
274
274
274
274
274
274
274
274
274
274
274
274
274
274
274
274
274
274
274
274
274
274
274
274
274
274
274
274
274
274
274
274
274
274
274
274
274
274
274
274
274
274
274
274
274
274
274
274
274
274
274
274
274
274
274
274
274
274
274
274
274
274
274
274
274
274
274
274
274
274
274
274
274
274
274
274
274
274
274
274
274.055
275.246
291.08
386.879
523.342
572.438
561.869
503.391
441.419
274
274
274
274
274
274
274
274
274
274
274
274
274
274
274
274
274
274
274
274
274
274
274
274
274
274
274
274
274
274
274
274
274
274
274
274
274
274
274
274
274
274
274
274
274
274
274
274
274
274
274
274
274
274
274
274
274
274
274
274
274
274
274
274
274
274
274
274
274
274
274
274
274
274
274
274
274
274
274
274
274
274
274
274
274
274
274
274
274
274
274
274
274
274
274
274
274
274
274
274
274
274
274
274
274
274
274
274
274
274
274
274
274
274
274
274.081
277.166
351.619
642.524
833.145
859.559
847.12
810.122
720.595
620.135
274
274
274
274
274
274
274
274
274
274
274
274
274
274
274
274
274
274
274
274
274
274
274
274
274
274
274
274
274
274
274
274
274
274
274
274
274
274
274
274
274
274
274
274
274
274
274
274
274
274
274
274
274
274
274
274
274
274
274
274
274
274
274
274
274
274
274
274
274
274
274
274
274
274
274
274
274
274
274
274
274
274
274
274
274
274
274
274
274
274
274
274
274
274
274
274
274
274
274
274
274
274
274
274
274
274
274
274
274
274
274
274
274
274
274.1
279.875
437.498
862.201
1053.29
1119.37
1136.95
1168.11
1169.15
1116.41
1025.62
274
274
274
274
274
274
274
274
274
274
274
274
274
274
274
274
274
274
274
274
274
274
274
274
274
274
274
274
274
274
274
274
274
274
274
274
274
274
274
274
274
274
274
274
274
274
274
274
274
274
274
274
274
274
274
274
274
274
274
274
274
274
274
274
274
274
274
274
274
274
274
274
274
274
274
274
274
274
274
274
274
274
274
274
274
274
274
274
274
274
274
274
274
274
274
274
274
274
274
274
274
274
274
274
274
274
274
274
274
274
274
274
274
274.087
280.924
499.667
980.206
1177.79
1261.81
1243.87
1257.26
1283.55
1285.15
1293.52
1381.82
274
274
274
274
274
274
274
274
274
274
274
274
274
274
274
274
274
274
274
274
274
274
274
274
274
274
274
274
274
274
274
274
274
274
274
274
274
274
274
274
274
274
274
274
274
274
274
274
274
274
274
274
274
274
274
274
274
274
274
274
274
274
274
274
274
274
274
274
274
274
274
274
274
274
274
274
274
274
274
274
274
274
274
274
274
274
274
274
274
274
274
274
274
274
274
274
274
274
274
274
274
274
274
274
274
274
274
274
274
274
274
274.001
274.09
279.255
474.233
1025.09
1227.98
1334.55
1293.29
1104
1010.33
987.753
955.595
950.587
1002.84
274
274
274
274
274
274
274
274
274
274
274
274
274
274
274
274
274
274
274
274
274
274
274
274
274
274
274
274
274
274
274
274
274
274
274
274
274
274
274
274
274
274
274
274
274
274
274
274
274
274
274
274
274
274
274
274
274
274
274
274
274
274
274
274
274
274
274
274
274
274
274
274
274
274
274
274
274
274
274
274
274
274
274
274
274
274
274
274
274
274
274
274
274
274
274
274
274
274
274
274
274
274
274
274
274
274
274
274
274
274
274
274.013
274.766
314.835
759.602
1172.66
1294.36
1360.39
1278.55
1147.49
1106.32
1088.16
1075.31
1103.85
1176.76
274
274
274
274
274
274
274
274
274
274
274
274
274
274
274
274
274
274
274
274
274
274
274
274
274
274
274
274
274
274
274
274
274
274
274
274
274
274
274
274
274
274
274
274
274
274
274
274
274
274
274
274
274
274
274
274
274
274
274
274
274
274
274
274
274
274
274
274
274
274
274
274
274
274
274
274
274
274
274
274
274
274
274
274
274
274
274
274
274
274
274
274
274
274
274
274
274
274
274
274
274
274
274
274
274
274
274
274
274
274
274
274.018
275.105
335.662
824.567
1190.85
1309.95
1365.02
1289.54
1188.23
1155.88
1149.1
1118.22
1186.42
1272.62
274
274
274
274
274
274
274
274
274
274
274
274
274
274
274
274
274
274
274
274
274
274
274
274
274
274
274
274
274
274
274
274
274
274
274
274
274
274
274
274
274
274
274
274
274
274
274
274
274
274
274
274
274
274
274
274
274
274
274
274
274
274
274
274
274
274
274
274
274
274
274
274
274
274
274
274
274
274
274
274
274
274
274
274
274
274
274
274
274
274
274
274
274
274
274
274
274
274
274
274
274
274
274
274
274
274
274
274
274
274
274.001
274.038
276.38
393.524
965.097
1251.38
1346.05
1379.37
1339.9
1267.23
1251.08
1286.09
1346.52
1324.29
1317.5
274
274
274
274
274
274
274
274
274
274
274
274
274
274
274
274
274
274
274
274
274
274
274
274
274
274
274
274
274
274
274
274
274
274
274
274
274
274
274
274
274
274
274
274
274
274
274
274
274
274
274
274
274
274
274
274
274
274
274
274
274
274
274
274
274
274
274
274
274
274
274
274
274
274
274
274
274
274
274
274
274
274
274
274
274
274
274
274
274
274
274
274
274
274
274
274
274
274
274
274
274
274
274
274
274
274
274
274
274
274
274.001
274.098
279.83
498.149
1123.03
1332.04
1422.1
1425.93
1400.08
1396.39
1439.42
1517.25
1550.52
1615.41
1706.4
274
274
274
274
274
274
274
274
274
274
274
274
274
274
274
274
274
274
274
274
274
274
274
274
274
274
274
274
274
274
274
274
274
274
274
274
274
274
274
274
274
274
274
274
274
274
274
274
274
274
274
274
274
274
274
274
274
274
274
274
274
274
274
274
274
274
274
274
274
274
274
274
274
274
274
274
274
274
274
274
274
274
274
274
274
274
274
274
274
274
274
274
274
274
274
274
274
274
274
274
274
274
274
274
274
274
274
274
274
274
274.003
274.183
284.675
587.385
1243.03
1410.57
1447.28
1434.99
1414.56
1424.9
1504.13
1641.54
1778.39
1873.46
1949.67
274
274
274
274
274
274
274
274
274
274
274
274
274
274
274
274
274
274
274
274
274
274
274
274
274
274
274
274
274
274
274
274
274
274
274
274
274
274
274
274
274
274
274
274
274
274
274
274
274
274
274
274
274
274
274
274
274
274
274
274
274
274
274
274
274
274
274
274
274
274
274
274
274
274
274
274
274
274
274
274
274
274
274
274
274
274
274
274
274
274
274
274
274
274
274
274
274
274
274
274
274
274
274
274
274
274
274
274
274
274
274.003
274.237
287.515
619.239
1290.64
1459.53
1478.1
1461.91
1462.78
1517.96
1662.65
1828.81
1949.12
2032.54
2104.19
274
274
274
274
274
274
274
274
274
274
274
274
274
274
274
274
274
274
274
274
274
274
274
274
274
274
274
274
274
274
274
274
274
274
274
274
274
274
274
274
274
274
274
274
274
274
274
274
274
274
274
274
274
274
274
274
274
274
274
274
274
274
274
274
274
274
274
274
274
274
274
274
274
274
274
274
274
274
274
274
274
274
274
274
274
274
274
274
274
274
274
274
274
274
274
274
274
274
274
274
274
274
274
274
274
274
274
274
274
274
274.004
274.326
293.402
679.283
1371.14
1519.44
1511.32
1484.55
1497.18
1599.55
1794
1954.72
2049.16
2103.64
2162.03
274
274
274
274
274
274
274
274
274
274
274
274
274
274
274
274
274
274
274
274
274
274
274
274
274
274
274
274
274
274
274
274
274
274
274
274
274
274
274
274
274
274
274
274
274
274
274
274
274
274
274
274
274
274
274
274
274
274
274
274
274
274
274
274
274
274
274
274
274
274
274
274
274
274
274
274
274
274
274
274
274
274
274
274
274
274
274
274
274
274
274
274
274
274
274
274
274
274
274
274
274
274
274
274
274
274
274
274
274
274
274.005
274.366
296.613
706.525
1411.77
1562.96
1532.21
1509.49
1554.39
1705.32
1902.36
2016.75
2091.83
2127.52
2166.61
274
274
274
274
274
274
274
274
274
274
274
274
274
274
274
274
274
274
274
274
274
274
274
274
274
274
274
274
274
274
274
274
274
274
274
274
274
274
274
274
274
274
274
274
274
274
274
274
274
274
274
274
274
274
274
274
274
274
274
274
274
274
274
274
274
274
274
274
274
274
274
274
274
274
274
274
274
274
274
274
274
274
274
274
274
274
274
274
274
274
274
274
274
274
274
274
274
274
274
274
274
274
274
274
274
274
274
274
274
274
274.005
274.357
296.442
709.118
1430.12
1589.55
1543.85
1535.24
1618.78
1807.79
1961.9
2048.22
2110.08
2135.2
2155.84
274
274
274
274
274
274
274
274
274
274
274
274
274
274
274
274
274
274
274
274
274
274
274
274
274
274
274
274
274
274
274
274
274
274
274
274
274
274
274
274
274
274
274
274
274
274
274
274
274
274
274
274
274
274
274
274
274
274
274
274
274
274
274
274
274
274
274
274
274
274
274
274
274
274
274
274
274
274
274
274
274
274
274
274
274
274
274
274
274
274
274
274
274
274
274
274
274
274
274
274
274
274
274
274
274
274
274
274
274
274
274.004
274.303
293.055
686.739
1418.44
1591.08
1547.73
1561.4
1692.12
1881.86
1992.9
2079.87
2123.98
2143.94
2153.23
274
274
274
274
274
274
274
274
274
274
274
274
274
274
274
274
274
274
274
274
274
274
274
274
274
274
274
274
274
274
274
274
274
274
274
274
274
274
274
274
274
274
274
274
274
274
274
274
274
274
274
274
274
274
274
274
274
274
274
274
274
274
274
274
274
274
274
274
274
274
274
274
274
274
274
274
274
274
274
274
274
274
274
274
274
274
274
274
274
274
274
274
274
274
274
274
274
274
274
274
274
274
274
274
274
274
274
274
274
274
274.003
274.225
287.972
638.723
1374.07
1575.61
1550.18
1602.12
1762.91
1924.98
2046.81
2127.71
2161.49
2174.55
2179.94
274
274
274
274
274
274
274
274
274
274
274
274
274
274
274
274
274
274
274
274
274
274
274
274
274
274
274
274
274
274
274
274
274
274
274
274
274
274
274
274
274
274
274
274
274
274
274
274
274
274
274
274
274
274
274
274
274
274
274
274
274
274
274
274
274
274
274
274
274
274
274
274
274
274
274
274
274
274
274
274
274
274
274
274
274
274
274
274
274
274
274
274
274
274
274
274
274
274
274
274
274
274
274
274
274
274
274
274
274
274
274.002
274.136
282.51
558.59
1271.14
1546.61
1569.04
1657.84
1819.36
1971.56
2121.49
2196.95
2233.01
2246.94
2247.36
274
274
274
274
274
274
274
274
274
274
274
274
274
274
274
274
274
274
274
274
274
274
274
274
274
274
274
274
274
274
274
274
274
274
274
274
274
274
274
274
274
274
274
274
274
274
274
274
274
274
274
274
274
274
274
274
274
274
274
274
274
274
274
274
274
274
274
274
274
274
274
274
274
274
274
274
274
274
274
274
274
274
274
274
274
274
274
274
274
274
274
274
274
274
274
274
274
274
274
274
274
274
274
274
274
274
274
274
274
274
274.001
274.065
278.164
457.363
1074.95
1495.3
1595.99
1733.12
1869.28
2025.36
2199.41
2261.36
2314.73
2363.33
2372.76
274
274
274
274
274
274
274
274
274
274
274
274
274
274
274
274
274
274
274
274
274
274
274
274
274
274
274
274
274
274
274
274
274
274
274
274
274
274
274
274
274
274
274
274
274
274
274
274
274
274
274
274
274
274
274
274
274
274
274
274
274
274
274
274
274
274
274
274
274
274
274
274
274
274
274
274
274
274
274
274
274
274
274
274
274
274
274
274
274
274
274
274
274
274
274
274
274
274
274
274
274
274
274
274
274
274
274
274
274
274
274.001
274.032
276.046
382.995
911.616
1424.76
1626.38
1779.76
1874.45
2047.07
2217.12
2273.11
2329.21
2426.71
2470.66
274
274
274
274
274
274
274
274
274
274
274
274
274
274
274
274
274
274
274
274
274
274
274
274
274
274
274
274
274
274
274
274
274
274
274
274
274
274
274
274
274
274
274
274
274
274
274
274
274
274
274
274
274
274
274
274
274
274
274
274
274
274
274
274
274
274
274
274
274
274
274
274
274
274
274
274
274
274
274
274
274
274
274
274
274
274
274
274
274
274
274
274
274
274
274
274
274
274
274
274
274
274
274
274
274
274
274
274
274
274
274.001
274.028
275.686
365.625
876.616
1418.43
1648.73
1790.79
1871.11
2039.36
2201.93
2257.4
2316.42
2422.68
2500.26
274
274
274
274
274
274
274
274
274
274
274
274
274
274
274
274
274
274
274
274
274
274
274
274
274
274
274
274
274
274
274
274
274
274
274
274
274
274
274
274
274
274
274
274
274
274
274
274
274
274
274
274
274
274
274
274
274
274
274
274
274
274
274
274
274
274
274
274
274
274
274
274
274
274
274
274
274
274
274
274
274
274
274
274
274
274
274
274
274
274
274
274
274
274
274
274
274
274
274
274
274
274
274
274
274
274
274
274
274
274
274.001
274.032
276.005
380.943
906.71
1422.45
1626.9
1779.67
1874.14
2047.09
2217.05
2273.23
2328.91
2427.16
2472.93
274
274
274
274
274
274
274
274
274
274
274
274
274
274
274
274
274
274
274
274
274
274
274
274
274
274
274
274
274
274
274
274
274
274
274
274
274
274
274
274
274
274
274
274
274
274
274
274
274
274
274
274
274
274
274
274
274
274
274
274
274
274
274
274
274
274
274
274
274
274
274
274
274
274
274
274
274
274
274
274
274
274
274
274
274
274
274
274
274
274
274
274
274
274
274
274
274
274
274
274
274
274
274
274
274
274
274
274
274
274
274.001
274.063
278.036
453.271
1064.86
1492.39
1596.59
1734.08
1869.67
2026.8
2202.26
2264.32
2316.7
2366.98
2376.64
274
274
274
274
274
274
274
274
274
274
274
274
274
274
274
274
274
274
274
274
274
274
274
274
274
274
274
274
274
274
274
274
274
274
274
274
274
274
274
274
274
274
274
274
274
274
274
274
274
274
274
274
274
274
274
274
274
274
274
274
274
274
274
274
274
274
274
274
274
274
274
274
274
274
274
274
274
274
274
274
274
274
274
274
274
274
274
274
274
274
274
274
274
274
274
274
274
274
274
274
274
274
274
274
274
274
274
274
274
274
274.002
274.132
282.216
552.259
1261.84
1544.96
1569.5
1658.21
1819.04
1973.44
2125.89
2201.07
2236.83
2249.97
2249.46
274
274
274
274
274
274
274
274
274
274
274
274
274
274
274
274
274
274
274
274
274
274
274
274
274
274
274
274
274
274
274
274
274
274
274
274
274
274
274
274
274
274
274
274
274
274
274
274
274
274
274
274
274
274
274
274
274
274
274
274
274
274
274
274
274
274
274
274
274
274
274
274
274
274
274
274
274
274
274
274
274
274
274
274
274
274
274
274
274
274
274
274
274
274
274
274
274
274
274
274
274
274
274
274
274
274
274
274
274
274
274.003
274.218
287.494
632.473
1367.06
1573.71
1549.27
1601.3
1762.61
1925.33
2049.11
2130.76
2164.31
2177.02
2182.18
274
274
274
274
274
274
274
274
274
274
274
274
274
274
274
274
274
274
274
274
274
274
274
274
274
274
274
274
274
274
274
274
274
274
274
274
274
274
274
274
274
274
274
274
274
274
274
274
274
274
274
274
274
274
274
274
274
274
274
274
274
274
274
274
274
274
274
274
274
274
274
274
274
274
274
274
274
274
274
274
274
274
274
274
274
274
274
274
274
274
274
274
274
274
274
274
274
274
274
274
274
274
274
274
274
274
274
274
274
274
274.004
274.294
292.357
680.289
1412.45
1589.17
1546.91
1561.12
1693.31
1881.27
1993.43
2081.29
2125.33
2146.34
2157.41
274
274
274
274
274
274
274
274
274
274
274
274
274
274
274
274
274
274
274
274
274
274
274
274
274
274
274
274
274
274
274
274
274
274
274
274
274
274
274
274
274
274
274
274
274
274
274
274
274
274
274
274
274
274
274
274
274
274
274
274
274
274
274
274
274
274
274
274
274
274
274
274
274
274
274
274
274
274
274
274
274
274
274
274
274
274
274
274
274
274
274
274
274
274
274
274
274
274
274
274
274
274
274
274
274
274
274
274
274
274
274.004
274.345
295.526
702.191
1424.48
1587.89
1543.02
1534.82
1619.48
1808.31
1961.26
2047.43
2109.5
2134.59
2162.12
274
274
274
274
274
274
274
274
274
274
274
274
274
274
274
274
274
274
274
274
274
274
274
274
274
274
274
274
274
274
274
274
274
274
274
274
274
274
274
274
274
274
274
274
274
274
274
274
274
274
274
274
274
274
274
274
274
274
274
274
274
274
274
274
274
274
274
274
274
274
274
274
274
274
274
274
274
274
274
274
274
274
274
274
274
274
274
274
274
274
274
274
274
274
274
274
274
274
274
274
274
274
274
274
274
274
274
274
274
274
274.005
274.353
295.674
699.592
1406.45
1561.62
1531.38
1508.85
1553.75
1705.2
1901.85
2012.37
2090.06
2126.19
2173.42
274
274
274
274
274
274
274
274
274
274
274
274
274
274
274
274
274
274
274
274
274
274
274
274
274
274
274
274
274
274
274
274
274
274
274
274
274
274
274
274
274
274
274
274
274
274
274
274
274
274
274
274
274
274
274
274
274
274
274
274
274
274
274
274
274
274
274
274
274
274
274
274
274
274
274
274
274
274
274
274
274
274
274
274
274
274
274
274
274
274
274
274
274
274
274
274
274
274
274
274
274
274
274
274
274
274
274
274
274
274
274.004
274.315
292.623
672.73
1366.32
1518.56
1510.57
1483.96
1496.32
1599.6
1794.54
1949.8
2046.02
2101.38
2165.39
274
274
274
274
274
274
274
274
274
274
274
274
274
274
274
274
274
274
274
274
274
274
274
274
274
274
274
274
274
274
274
274
274
274
274
274
274
274
274
274
274
274
274
274
274
274
274
274
274
274
274
274
274
274
274
274
274
274
274
274
274
274
274
274
274
274
274
274
274
274
274
274
274
274
274
274
274
274
274
274
274
274
274
274
274
274
274
274
274
274
274
274
274
274
274
274
274
274
274
274
274
274
274
274
274
274
274
274
274
274
274.003
274.229
286.988
612.896
1285.39
1458.33
1476.93
1461.02
1462.25
1517.63
1661.98
1825.81
1943.76
2028.27
2105.47
274
274
274
274
274
274
274
274
274
274
274
274
274
274
274
274
274
274
274
274
274
274
274
274
274
274
274
274
274
274
274
274
274
274
274
274
274
274
274
274
274
274
274
274
274
274
274
274
274
274
274
274
274
274
274
274
274
274
274
274
274
274
274
274
274
274
274
274
274
274
274
274
274
274
274
274
274
274
274
274
274
274
274
274
274
274
274
274
274
274
274
274
274
274
274
274
274
274
274
274
274
274
274
274
274
274
274
274
274
274
274.002
274.179
284.391
582.787
1239.7
1409.98
1445.94
1433.54
1414.04
1424.24
1502.56
1638.19
1772.23
1866.64
1945.33
274
274
274
274
274
274
274
274
274
274
274
274
274
274
274
274
274
274
274
274
274
274
274
274
274
274
274
274
274
274
274
274
274
274
274
274
274
274
274
274
274
274
274
274
274
274
274
274
274
274
274
274
274
274
274
274
274
274
274
274
274
274
274
274
274
274
274
274
274
274
274
274
274
274
274
274
274
274
274
274
274
274
274
274
274
274
274
274
274
274
274
274
274
274
274
274
274
274
274
274
274
274
274
274
274
274
274
274
274
274
274.001
274.095
279.675
495.006
1119.59
1329.97
1420.38
1424.79
1399.54
1395.74
1437.83
1513.88
1546.08
1610.68
1696.1
274
274
274
274
274
274
274
274
274
274
274
274
274
274
274
274
274
274
274
274
274
274
274
274
274
274
274
274
274
274
274
274
274
274
274
274
274
274
274
274
274
274
274
274
274
274
274
274
274
274
274
274
274
274
274
274
274
274
274
274
274
274
274
274
274
274
274
274
274
274
274
274
274
274
274
274
274
274
274
274
274
274
274
274
274
274
274
274
274
274
274
274
274
274
274
274
274
274
274
274
274
274
274
274
274
274
274
274
274
274
274.001
274.037
276.319
391.605
962.465
1249.84
1344.04
1376.91
1338.85
1266.51
1250.04
1284.25
1344.53
1323.16
1317.87
274
274
274
274
274
274
274
274
274
274
274
274
274
274
274
274
274
274
274
274
274
274
274
274
274
274
274
274
274
274
274
274
274
274
274
274
274
274
274
274
274
274
274
274
274
274
274
274
274
274
274
274
274
274
274
274
274
274
274
274
274
274
274
274
274
274
274
274
274
274
274
274
274
274
274
274
274
274
274
274
274
274
274
274
274
274
274
274
274
274
274
274
274
274
274
274
274
274
274
274
274
274
274
274
274
274
274
274
274
274
274
274.017
275.069
333.909
820.185
1188.6
1308.47
1364.42
1288.67
1187.26
1154.39
1146.57
1114.94
1186.03
1272.88
274
274
274
274
274
274
274
274
274
274
274
274
274
274
274
274
274
274
274
274
274
274
274
274
274
274
274
274
274
274
274
274
274
274
274
274
274
274
274
274
274
274
274
274
274
274
274
274
274
274
274
274
274
274
274
274
274
274
274
274
274
274
274
274
274
274
274
274
274
274
274
274
274
274
274
274
274
274
274
274
274
274
274
274
274
274
274
274
274
274
274
274
274
274
274
274
274
274
274
274
274
274
274
274
274
274
274
274
274
274
274
274.012
274.739
313.335
754.287
1169.99
1292.78
1358.99
1278.13
1146.5
1104.83
1086.22
1072.6
1104.8
1177.28
274
274
274
274
274
274
274
274
274
274
274
274
274
274
274
274
274
274
274
274
274
274
274
274
274
274
274
274
274
274
274
274
274
274
274
274
274
274
274
274
274
274
274
274
274
274
274
274
274
274
274
274
274
274
274
274
274
274
274
274
274
274
274
274
274
274
274
274
274
274
274
274
274
274
274
274
274
274
274
274
274
274
274
274
274
274
274
274
274
274
274
274
274
274
274
274
274
274
274
274
274
274
274
274
274
274
274
274
274
274
274
274.001
274.085
279.033
468.563
1020.15
1225.55
1332.82
1293.28
1104.55
1009.98
987.258
955.836
951.721
1003.48
274
274
274
274
274
274
274
274
274
274
274
274
274
274
274
274
274
274
274
274
274
274
274
274
274
274
274
274
274
274
274
274
274
274
274
274
274
274
274
274
274
274
274
274
274
274
274
274
274
274
274
274
274
274
274
274
274
274
274
274
274
274
274
274
274
274
274
274
274
274
274
274
274
274
274
274
274
274
274
274
274
274
274
274
274
274
274
274
274
274
274
274
274
274
274
274
274
274
274
274
274
274
274
274
274
274
274
274
274
274
274
274
274
274.082
280.603
493.38
975.427
1174.74
1260.44
1242.61
1256.08
1283.02
1285.64
1294.48
1381.69
274
274
274
274
274
274
274
274
274
274
274
274
274
274
274
274
274
274
274
274
274
274
274
274
274
274
274
274
274
274
274
274
274
274
274
274
274
274
274
274
274
274
274
274
274
274
274
274
274
274
274
274
274
274
274
274
274
274
274
274
274
274
274
274
274
274
274
274
274
274
274
274
274
274
274
274
274
274
274
274
274
274
274
274
274
274
274
274
274
274
274
274
274
274
274
274
274
274
274
274
274
274
274
274
274
274
274
274
274
274
274
274
274
274
274.095
279.611
432.692
857.292
1050.42
1117.72
1135.05
1166.6
1168.16
1116.27
1025.46
274
274
274
274
274
274
274
274
274
274
274
274
274
274
274
274
274
274
274
274
274
274
274
274
274
274
274
274
274
274
274
274
274
274
274
274
274
274
274
274
274
274
274
274
274
274
274
274
274
274
274
274
274
274
274
274
274
274
274
274
274
274
274
274
274
274
274
274
274
274
274
274
274
274
274
274
274
274
274
274
274
274
274
274
274
274
274
274
274
274
274
274
274
274
274
274
274
274
274
274
274
274
274
274
274
274
274
274
274
274
274
274
274
274
274
274.077
277.032
349.164
637.875
830.847
858.13
845.759
808.824
720.212
619.922
274
274
274
274
274
274
274
274
274
274
274
274
274
274
274
274
274
274
274
274
274
274
274
274
274
274
274
274
274
274
274
274
274
274
274
274
274
274
274
274
274
274
274
274
274
274
274
274
274
274
274
274
274
274
274
274
274
274
274
274
274
274
274
274
274
274
274
274
274
274
274
274
274
274
274
274
274
274
274
274
274
274
274
274
274
274
274
274
274
274
274
274
274
274
274
274
274
274
274
274
274
274
274
274
274
274
274
274
274
274
274
274
274
274
274
274
274.053
275.199
290.475
384.657
521.227
571.128
560.94
503.041
441.188
274
274
274
274
274
274
274
274
274
274
274
274
274
274
274
274
274
274
274
274
274
274
274
274
274
274
274
274
274
274
274
274
274
274
274
274
274
274
274
274
274
274
274
274
274
274
274
274
274
274
274
274
274
274
274
274
274
274
274
274
274
274
274
274
274
274
274
274
274
274
274
274
274
274
274
274
274
274
274
274
274
274
274
274
274
274
274
274
274
274
274
274
274
274
274
274
274
274
274
274
274
274
274
274
274
274
274
274
274
274
274
274
274
274
274
274
274
274.025
274.361
276.798
285.508
298.387
305.039
300.709
290.492
274
274
274
274
274
274
274
274
274
274
274
274
274
274
274
274
274
274
274
274
274
274
274
274
274
274
274
274
274
274
274
274
274
274
274
274
274
274
274
274
274
274
274
274
274
274
274
274
274
274
274
274
274
274
274
274
274
274
274
274
274
274
274
274
274
274
274
274
274
274
274
274
274
274
274
274
274
274
274
274
274
274
274
274
274
274
274
274
274
274
274
274
274
274
274
274
274
274
274
274
274
274
274
274
274
274
274
274
274
274
274
274
274
274
274
274
274
274
274.006
274.079
274.397
275.043
275.648
275.685
275.26
274
274
274
274
274
274
274
274
274
274
274
274
274
274
274
274
274
274
274
274
274
274
274
274
274
274
274
274
274
274
274
274
274
274
274
274
274
274
274
274
274
274
274
274
274
274
274
274
274
274
274
274
274
274
274
274
274
274
274
274
274
274
274
274
274
274
274
274
274
274
274
274
274
274
274
274
274
274
274
274
274
274
274
274
274
274
274
274
274
274
274
274
274
274
274
274
274
274
274
274
274
274
274
274
274
274
274
274
274
274
274
274
274
274
274
274
274
274
274
274
274.011
274.041
274.081
274.095
274.079
274
274
274
274
274
274
274
274
274
274
274
274
274
274
274
274
274
274
274
274
274
274
274
274
274
274
274
274
274
274
274
274
274
274
274
274
274
274
274
274
274
274
274
274
274
274
274
274
274
274
274
274
274
274
274
274
274
274
274
274
274
274
274
274
274
274
274
274
274
274
274
274
274
274
274
274
274
274
274
274
274
274
274
274
274
274
274
274
274
274
274
274
274
274
274
274
274
274
274
274
274
274
274
274
274
274
274
274
274
274
274
274
274
274
274
274
274
274
274
274
273.999
274
274.002
274.003
274.002
274
274
274
274
274
274
274
274
274
274
274
274
274
274
274
274
274
274
274
274
274
274
274
274
274
274
274
274
274
274
274
274
274
274
274
274
274
274
274
274
274
274
274
274
274
274
274
274
274
274
274
274
274
274
274
274
274
274
274
274
274
274
274
274
274
274
274
274
274
274
274
274
274
274
274
274
274
274
274
274
274
274
274
274
274
274
274
274
274
274
274
274
274
274
274
274
274
274
274
274
274
274
274
274
274
274
274
274
274
274
274
274
274
274
274
274
274
274
274
274
274
274
274
274
274
274
274
274
274
274
274
274
274
274
274
274
274
274
274
274
274
274
274
274
274
274
274
274
274
274
274
274
274
274
274
274
274
274
274
274
274
274
274
274
274
274
274
274
274
274
274
274
274
274
274
274
274
274
274
274
274
274
274
274
274
274
274
274
274
274
274
274
274
274
274
274
274
274
274
274
274
274
274
274
274
274
274
274
274
274
274
274
274
274
274
274
274
274
274
274
274
274
274
274
274
274
274
274
274
274
274
274
274
274
274
274
274
274
274
274
274
274
274
274
274
274
274
274
274
274
274
274
274
274
274
274
274
274
274
274
274
274
274
274
274
274
274
274
274
274
274
274
274
274
274
274
274
274
274
274
274
274
274
274
274
274
274
274
274
274
274
274
274
274
274
274
274
274
274
274
274
274
274
274
274
274
274
274
274
274
274
274
274
274
274
274
274
274
274
274
274
274
274
274
274
274
274
274
274
274
274
274
274
274
274
274
274
274
274
274
274
274
274
274
274
274
274
274
274
274
274
274
274
274
274
274
274
274
274
274
274
274
274
274
274
274
274
274
274
274
274
274
274
274
274
274
274
274
274
274
274
274
274
274
274
274
274
274
274
274
274
274
274
274
274
274
274
274
274
274
274
274
274
274
274
274
274
274
274
274
274
274
274
274
274
274
274
274
274
274
274
274
274
274
274
274
274
274
274
274
274
274
274
274
274
274
274
274
274
274
274
274
274
274
274
274
274
274
274
274
274
274
274
274
274
274
274
274
274
274
274
274
274
274
274
274
274
274
274
274
274
274
274
274
274
274
274
274
274
274
274
274
274
274
274
274
274
274
274
274
274
274
274
274
274
274
274
274
274
274
274
274
274
274
274
274
274
274
274
274
274
274
274
274
274
274
274
274
274
274
274
274
274
274
274
274
274
274
274
274
274
274
274
274
274
274
274
274
274
274
274
274
274
274
274
274
274
274
274
274
274
274
274
274
274
274
274
274
274
274
274
274
274
274
274
274
274
274
274
274
274
274
274
274
274
274
274
274
274
274
274
274
274
274
274
274
274
274
274
274
274
274
274
274
274
274
274
274
274
274
274
274
274
274
274
274
274
274
274
274
274
274
274
274
274
274
274
274
274
274
274
274
274
274
274
274
274
274
274
274
274
274
274
274
274
274
274
274
274
274
274
274
274
274
274
274
274
274
274
274
274
274
274
274
274
274
274
274
274
274
274
274
274
274
274
274
274
274
274
274
274
274
274
274
274
274
274
274
274
274
274
274
274
274
274
274
274
274
274
274
274
274
274
274
274
274
274
274
274
274
274
274
274
274
274
274
274
274
274
274
274
274
274
274
274
274
274
274
274
274
274
274
274
274
274
274
274
274
274
274
274
274
274
274
274
274
274
274
274
274
274
274
274
274
274
274
274
274
274
274
274
274
274
274
274
274
274
274
274
274
274
274
274
274
274
274
274
274
274
274
274
274
274
274
274
274
274
274
274
274
274
274
274
274
274
274
274
274
274
274
274
274
274
274
274
274
274
274
274
274
274
274
274
274
274
274
274
274
274
274
274
274
274
274
274
274
274
274
274
274
274
274
274
274
274
274
274
274
274
274
274
274
274
274
274
274
274
274
274
274
274
274
274
274
274
274
274
274
274
274
274
274
274
274
274
274
274
274
274
274
274
274
274
274
274
274
274
274
274
274
274
274
274
274
274
274
274
274
274
274
274
274
274
274
274
274
274
274
274
274
274
274
274
274
274
274
274
274
274
274
274
274
274
274
274
274
274
274
274
274
274
274
274
274
274
274
274
274
274
274
274
274
274
274
274
274
274
274
274
274
274
274
274
274
274
274
274
274
274
274
274
274
274
274
274
274
274
274
274
274
274
274
274
274
274
274
274
274
274
274
274
274
274
274
274
274
274
274
274
274
274
274
274
274
274
274
274
274
274
274
274
274
274
274
274
274
274
274
274
274
274
274
274
274
274
274
274
274
274
274
274
274
274
274
274
274
274
274
274
274
274
274
274
274
274
274
274
274
274
274
274
274
274
274
274
274
274
274
274
274
274
274
274
274
274
274
274
274
274
274
274
274
274
274
274
274
274
274
274
274
274
274
274
274
274
274
274
274
274
274
274
274
274
274
274
274
274
274
274
274
274
274
274
274
274
274
274
274
274
274
274
274
274
274
274
274
274
274
274
274
274
274
274
274
274
274
274
274
274
274
274
274
274
274
274
274
274
274
274
274
274
274
274
274
274
274
274
274
274
274
274
274
274
274
274
274
274
274
274
274
274
274
274
274
274
274
274
274
274
274
274
274
274
274
274
274
274
274
274
274
274
274
274
274
274
274
274
274
274
274
274
274
274
274
274
274
274
274
274
274
274
274
274
274
274
274
274
274
274
274
274
274
274
274
274
274
274
274
274
274
274
274
274
274
274
274
274
274
274
274
274
274
274
274
274
274
274
274
274
274
274
274
274
274
274
274
274
274
274
274
274
274
274
274
274
274
274
274
274
274
274
274
274
274
274
274
274
274
274
274
274
274
274
274
274
274
274
274
274
274
274
274
274
274
274
274
274
274
274
274
274
274
274
274
274
274
274
274
274
274
274
274
274
274
274
274
274
274
274
274
274
274
274
274
274
274
274
274
274
274
274
274
274
274
274
274
274
274
274
274
274
274
274
274
274
274
274
274
274
274
274
274
274
274
274
274
274
274
274
274
274
274
274
274
274
274
274
274
274
274
274
274
274
274
274
274
274
274
274
274
274
274
274
274
274
274
274
274
274
274
274
274
274
274
274
274
274
274
274
274
274
274
274
274
274
274
274
274
274
274
274
274
274
274
274
274
274
274
274
274
274
274
274
274
274
274
274
274
274
274
274
274
274
274
274
274
274
274
274
274
274
274
274
274
274
274
274
274
274
274
274
274
274
274
274
274
274
274
274
274
274
274
274
274
274
274
274
274
274
274
274
274
274
274
274
274
274
274
274
274
274
274
274
274
274
274
274
274
274
274
274
274
274
274
274
274
274
274
274
274
274
274
274
274
274
274
274
274
274
274
274
274
274
274
274
274
274
274
274
274
274
274
274
274
274
274
274
274
274
274
274
274
274
274
274
274
274
274
274
274
274
274
274
274
274
274
274
274
274
274
274
274
274
274
274
274
274
274
274
274
274
274
274
274
274
274
274
274
274
274
274
274
274
274
274
274
274
274
274
274
274
274
274
274
274
274
274
274
274
274
274
274
274
274
274
274
274
274
274
274
274
274
274
274
274
274
274
274
274
274
274
274
274
274
274
274
274
274
274
274
274
274
274
274
274
274
274
274
274
274
274
274
274
274
274
274
274
274
274
274
274
274
274
274
274
274
274
274
274
274
274
274
274
274
274
274
274
274
274
274
274
274
274
274
274
274
274
274
274
274
274
274
274
274
274
274
274
274
274
274
274
274
274
274
274
274
274
274
274
274
274
274
274
274
274
274
274
274
274
274
274
274
274
274
274
274
274
274
274
274
274
274
274
274
274
274
274
274
274
274
274
274
274
274
274
274
274
274
274
274
274
274
274
274
274
274
274
274
274
274
274
274
274
274
274
274
274
274
274
274
274
274
274
274
274
274
274
274
274
274
274
274
274
274
274
274
274
274
274
274
274
274
274
274
274
274
274
274
274
274
274
274
274
274
274
274
274
274
274
274
274
274
274
274
274
274
274
274
274
274
274
274
274
274
274
274
274
274
274
274
274
274
274
274
274
274
274
274
274
274
274
274
274
274
274
274
274
274
274
274
274
274
274
274
274
274
274
274
274
274
274
274
274
274
274
274
274
274
274
274
274
274
274
274
274
274
274
274
274
274
274
274
274
274
274
274
274
274
274
274
274
274
274
274
274
274
274
274
274
274
274
274
274
274
274
274
274
274
274
274
274
274
274
274
274
274
274
274
274
274
274
274
274
274
274
274
274
274
274
274
274
274
274
274
274
274
274
274
274
274
274
274
274
274
274
274
274
274
274
274
274
274
274
274
274
274
274
274
274
274
274
274
274
274
274
274
274
274
274
274
274
274
274
274
274
274
274
274
274
274
274
274
274
274
274
274
274
274
274
274
274
274
274
274
274
274
274
274
274
274
274
274
274
274
274
274
274
274
274
274
274
274
274
274
274
274
274
274
274
274
274
274
274
274
274
274
274
274
274
274
274
274
274
274
274
274
274
274
274
274
274
274
274
274
274
274
274
274
274
274
274
274
274
274
274
274
274
274
274
274
274
274
274
274
274
274
274
274
274
274
274
274
274
274
274
274
274
274
274
274
274
274
274
274
274
274
274
274
274
274
274
274
274
274
274
274
274
274
274
274
274
274
274
274
274
274
274
274
274
274
274
274
274
274
274
274
274
274
274
274
274
274
274
274
274
274
274
274
274
274
274
274
274
274
274
274
274
274
274
274
274
274
274
274
274
274
274
274
274
274
274
274
274
274
274
274
274
274
274
274
274
274
274
274
274
274
274
274
274
274
274
274
274
274
274
274
274
274
274
274
274
274
274
274
274
274
274
274
274
274
274
274
274
274
274
274
274
274
274
274
274
274
274
274
274
274
274
274
274
274
274
274
274
274
274
274
274
274
274
274
274
274
274
274
274
274
274
274
274
274
274
274
274
274
274
274
274
274
274
274
274
274
274
274
274
274
274
274
274
274
274
274
274
274
274
274
274
274
274
274
274
274
274
274
274
274
274
274
274
274
274
274
274
274
274
274
274
274
274
274
274
274
274
274
274
274
274
274
274
274
274
274
274
274
274
274
274
274
274
274
274
274
274
274
274
274
274
274
274
274
274
274
274
274
274
274
274
274
274
274
274
274
274
274
274
274
274
274
274
274
274
274
274
274
274
274
274
274
274
274
274
274
274
274
274
274
274
274
274
274
274
274
274
274
274
274
274
274
274
274
274
274
274
274
274
274
274
274
274
274
274
274
274
274
274
274
274
274
274
274
274
274
274
274
274
274
274
274
274
274
274
274
274
274
274
274
274
274
274
274
274
274
274
274
274
274
274
274
274
274
274
274
274
274
274
274
274
274
274
274
274
274
274
274
274
274
274
274
274
274
274
274
274
274
274
274
274
274
274
274
274
274
274
274
274
274
274
274
274
274
274
274
274
274
274
274
274
274
274
274
274
274
274
274
274
274
274
274
274
274
274
274
274
274
274
274
274
274
274
274
274
274
274
274
274
274
274
274
274
274
274
274
274
274
274
274
274
274
274
274
274
274
274
274
274
274
274
274
274
274
274
274
274
274
274
274
274
274
274
274
274
274
274
274
274
274
274
274
274
274
274
274
274
274
274
274
274
274
274
274
274
274
274
274
274
274
274
274
274
274
274
274
274
274
274
274
274
274
274
274
274.001
274.001
274.001
274.001
274.001
274.001
274.001
274.001
274.001
274.001
274.001
274.001
274.001
274.001
274.001
274.001
274.001
274.001
274.001
274.001
274.001
274.001
274.001
274.001
274.001
274.001
274.001
274.001
274.001
274.001
274.001
274.001
274.001
274.001
274.001
274.001
274.001
274.001
274.001
274.001
274.001
274.001
274.001
274.001
274.001
274.001
274.001
274.001
274.001
274.001
274.001
274.001
274.001
274.001
274.001
274.001
274.001
274.001
274.001
274.001
274.001
274.001
274.001
274.001
274.001
274.001
274.001
274.001
274.001
274.001
274.001
274.001
274.001
274.001
274.001
274.001
274.001
274.001
274.001
274.001
274.001
274.001
274.001
274.001
274.001
274.001
274.001
274.001
274.001
274.001
274.001
274.001
274.001
274.001
274.001
274.001
274.001
274.001
274.001
274.001
274.001
274.001
274.001
274.001
274.001
274.001
274.001
274.001
274.001
274.001
274.001
274.001
274.001
274.001
274.001
274.001
274.001
274.001
274.001
274.001
274.001
274.001
274.001
274.001
274.001
)
;

boundaryField
{
    wall
    {
        type            zeroGradient;
    }
    inlet
    {
        type            fixedValue;
        value           uniform 3673;
    }
    outlet-1
    {
        type            inletOutlet;
        inletValue      uniform 274;
        value           uniform 274;
    }
    outlet-2
    {
        type            inletOutlet;
        inletValue      uniform 274;
        value           nonuniform List<scalar> 
89
(
274.001
274
274
274
274
274
274
274
274
274
274
274
274
274
274
274
274
274
274
274
274
274
274
274
274
274
274
274
274
274
274
274
274
274
274
274
274
274
274
274
274
274
274
274
274
274
274
274
274
274
274
274
274
274
274
274
274
274
274
274
274
274
274
274
274
274
274
274
274
274
274
274
274
274
274
274
274
274
274
274
274
274
274
274
274
274
274
274
274.001
)
;
    }
    frontAndBackPlanes
    {
        type            empty;
    }
}


// ************************************************************************* //
