/*--------------------------------*- C++ -*----------------------------------*\
| =========                 |                                                 |
| \\      /  F ield         | OpenFOAM: The Open Source CFD Toolbox           |
|  \\    /   O peration     | Version:  2112                                  |
|   \\  /    A nd           | Website:  www.openfoam.com                      |
|    \\/     M anipulation  |                                                 |
\*---------------------------------------------------------------------------*/
FoamFile
{
    version     2.0;
    format      ascii;
    arch        "LSB;label=32;scalar=64";
    class       volScalarField;
    location    "0.00288";
    object      T;
}
// * * * * * * * * * * * * * * * * * * * * * * * * * * * * * * * * * * * * * //

dimensions      [0 0 0 1 0 0 0];

internalField   nonuniform List<scalar> 
13875
(
1411.94
1535.37
1482.66
1486.81
1481.06
1483.46
1483.43
1483.11
1483.98
1484.26
1484.38
1484.13
1484.22
1484.14
1483.83
1483.71
1484.25
1482.53
1482.89
1483.14
1480.9
1487.56
1480.76
1533.5
1398.29
1307.02
1356.14
1319.17
1322.07
1316.57
1317.12
1317.03
1317.74
1322.43
1323.24
1323.3
1322.7
1318.56
1318.81
1322.55
1322.91
1322.99
1319.3
1317.12
1316.96
1316.16
1321.98
1319.68
1356.39
1302.04
1307.2
1339.9
1314.53
1311.04
1303.84
1304.24
1303.64
1303.64
1305.17
1306.1
1306.74
1306.08
1306.03
1306.05
1306.18
1306.12
1305.96
1303.17
1303.49
1304.11
1303.49
1310.85
1311.62
1335.93
1296.7
1317.33
1344.82
1314.97
1308.58
1304.98
1304.72
1303.82
1303.75
1304.02
1304.73
1305.31
1305.83
1306.1
1305.81
1305.43
1304.27
1304.32
1303.21
1303.67
1304.51
1304.3
1307.63
1314.05
1343.67
1312.47
1329.49
1341.98
1315.98
1311.64
1303.36
1304.06
1303.89
1303.77
1303.9
1304.63
1305.78
1305.92
1306.35
1306.1
1305.82
1304.45
1304.24
1303.32
1303.77
1304.04
1303.15
1311.54
1312.22
1338.74
1316.88
1332.2
1351.19
1319.15
1309.81
1306.85
1306.09
1304.8
1304.39
1304.28
1304.97
1305.83
1305.91
1306.95
1306.46
1305.96
1304.59
1304.53
1303.88
1304.68
1305.94
1306.15
1308.35
1319.06
1349.22
1326.71
1339.02
1360.4
1329.22
1316.76
1306.81
1306.24
1305.37
1304.92
1304.82
1305.25
1306.48
1306.63
1307.52
1307.26
1306.62
1305.05
1305.13
1304.38
1305.27
1306.21
1306.61
1317.26
1326.04
1358.45
1321.71
1360.15
1384.97
1344.78
1321.37
1316.18
1311.92
1308.94
1307.4
1306.7
1306.46
1307.36
1307.76
1308.68
1308.35
1307.57
1306.19
1306.79
1306.6
1308.51
1311.47
1315
1320.7
1341.64
1381.29
1350.35
1536.3
1507.75
1387.44
1350.77
1323.04
1316.25
1312.56
1310.53
1309.43
1309.12
1309.87
1310.32
1311.37
1311.03
1310.14
1308.99
1309.45
1309.51
1312.08
1315.66
1321.92
1348.3
1384.45
1508.01
1522.88
1839.76
1577.88
1431.83
1364.82
1344.22
1328.01
1321.17
1317.78
1315.75
1315.21
1315.51
1316.12
1317.23
1316.89
1316.08
1315.13
1315.75
1316.64
1320.29
1327.48
1340.38
1363.56
1427.67
1568.22
1831.26
2508.01
1803.41
1526.39
1440.81
1362.8
1345.61
1336.32
1331.66
1329.12
1328.36
1328.38
1328.89
1330.04
1329.78
1329.26
1328.62
1329.47
1330.9
1335.17
1344.71
1360.66
1428.16
1515.38
1809.84
2447.33
2864.87
2279.79
1831.4
1502.73
1438.4
1399.81
1375.59
1367.38
1361.87
1360.07
1359.67
1359.82
1360.82
1360.77
1360.82
1360.91
1362.77
1367.58
1374.61
1402.22
1429.06
1489.01
1759.18
2307.42
2849.12
2829.24
2680.98
2506.38
2339.6
1603.52
1516.24
1493.38
1473.98
1464.68
1461.57
1461
1461.06
1462.38
1462.21
1462.9
1463.52
1466.99
1476.77
1494.97
1526.18
1633.23
2343.85
2418.3
2715.01
2787.7
2728.83
2675.84
2853.12
2828.52
2136.56
2142.9
1948.42
1856.99
1797.72
1782.86
1778.16
1775.82
1779.67
1779.59
1782.36
1788.07
1807.94
1873.95
1987.05
2166.17
2160.73
2845.85
2859.26
2728.25
2709.74
2661.19
2699.95
2826.49
2812.9
2816.57
2976.05
3336.03
3275.96
3440.42
3427.05
3489.2
3464.94
3508.11
3475.89
3495.18
3446.93
3462.01
3320.16
3368.04
3077.13
2858.33
2844.81
2842.26
2704.69
2671.41
2529.48
2608.58
2832.52
2958.28
2997.19
3328.87
3599.58
3702.2
3686.06
3673.58
3643.91
3645.73
3630.68
3647.38
3642.76
3668.8
3689.31
3718.85
3630.64
3377.64
3028.92
2953.52
2856.74
2652.93
2576.4
2463.09
2570.95
2704.65
2880.62
2991.3
3299.55
3574.8
3678.3
3666.81
3654.23
3620.89
3623.87
3611.18
3625.75
3620.67
3651.18
3675.08
3699.58
3618.22
3406.1
3019.31
2939.07
2754.29
2599.75
2487.33
2262.03
2512.08
2832.91
2961.04
2962.47
3198.32
3386.01
3479.37
3492.34
3507.03
3498.47
3502.37
3498.76
3505.54
3502.98
3510.27
3501.15
3481.44
3387.77
3197.68
2973.33
2963.85
2813.87
2499.12
2274.13
2182.45
2265.66
2584.94
2759.51
2740.46
2880.23
3113.89
3305.69
3377.67
3401.32
3404.01
3409.23
3408.51
3413.76
3406.88
3404.68
3396.53
3343.43
3152.06
2899.89
2757.33
2776.04
2610.71
2279.72
2197.65
2280.59
2226.83
2364.7
2505.66
2539.53
2626.24
2842.5
3089.76
3240.11
3301.29
3309.61
3318.76
3318.92
3321.78
3313.34
3311.86
3269.33
3122.23
2858
2641.85
2560.41
2531.39
2324.03
2215.42
2293.71
2912.49
2271.95
2172.87
2308.2
2379.82
2464.31
2665.5
2909.1
3088.33
3181.58
3209.79
3218.57
3220.98
3222.12
3215.27
3194.16
3110.4
2921.7
2665.19
2474.99
2396.24
2313.62
2149.8
2258.47
2949.69
2912.76
2053.34
1971.05
2154.79
2249.96
2351.47
2529.28
2761.62
2955.08
3065.03
3097.68
3113.14
3114.32
3115.86
3100.95
3072.73
2966.01
2761.08
2526.12
2364.8
2260.38
2153.98
1961.37
2040.01
2893.38
2907.04
2062.57
1881.61
2038.27
2148.9
2264.72
2413.02
2627.41
2820.58
2945.64
2990.91
3002.81
3006.92
3005.01
2993.75
2953.39
2832.34
2629.75
2415.37
2280.37
2160.39
2039.59
1852.11
2050.06
2974.12
2824.19
2038.57
1870.57
1982.21
2074.91
2181.04
2323.16
2527.99
2714.83
2834.24
2877.72
2897.26
2898.91
2899.08
2879.2
2840.86
2725.66
2528.86
2320.85
2189.81
2082.85
1984.7
1854.84
2017.54
2831.23
2755.38
2035.49
1897.78
1948.19
2013.14
2101.81
2234.26
2434.38
2609.74
2729.9
2777.66
2790.22
2795.56
2792.37
2779.65
2734.7
2615.26
2429.01
2229.2
2106.52
2029.78
1954.52
1876.85
2031.74
2800.7
2731.74
2053.99
1915.45
1932.59
1967.58
2034.93
2167.35
2356.56
2522.56
2630.77
2672.17
2691.94
2694.14
2694.22
2673.31
2636.01
2531.39
2355.49
2163.7
2036.63
1975.56
1945.31
1896.71
2042.05
2745.84
2704.06
2081.14
1939.98
1926.55
1926.29
1978.84
2102.76
2283.25
2435.02
2539.72
2583.67
2593.14
2599.15
2594.87
2584.32
2543.52
2442.95
2280.99
2099.76
1979.56
1935.83
1938.19
1935.18
2085.48
2731.43
2705.36
2148.61
1978.6
1928.18
1899.42
1937.49
2061.53
2228.27
2367.84
2453.82
2488.16
2505.49
2507.76
2507.97
2487.98
2456.9
2372.09
2222.85
2054.42
1935.48
1903.55
1938.54
1963.86
2139.16
2733.19
2734.05
2159.78
1975.4
1919.57
1882.26
1904.91
2011.68
2165.08
2288.48
2371.76
2411.28
2417.02
2423.9
2417.87
2412.4
2377.05
2300.94
2168.47
2012.96
1908.28
1891.59
1931.31
1984.69
2124.4
2726.6
2776.72
2174.03
1996.18
1926.59
1867.63
1884.25
1991.68
2127.39
2235.08
2300.35
2326.76
2341.82
2342.76
2342.15
2324.99
2302.51
2242.14
2126.15
1987.1
1885.69
1873.45
1933.72
1989.96
2158.86
2769.72
2747.16
2171.46
1980.75
1919.08
1847.98
1874.69
1963.48
2080.8
2169.9
2228.02
2263.18
2261.99
2269.86
2263.04
2261.63
2231.69
2179.68
2081.13
1956.86
1872.94
1858.25
1925.59
1993.95
2157.09
2762.27
2738.3
2178.24
2014.87
1930.5
1840.85
1858.58
1946.31
2050.25
2126.35
2170.66
2187.35
2198.46
2199.2
2198.82
2184.56
2171.53
2135.58
2056.19
1944.76
1858.62
1850.38
1926.96
2000.23
2168.8
2731.91
2711.33
2176.51
2028.29
1913.81
1832.6
1852.33
1926.42
2010.63
2073.1
2106.89
2136.28
2128.56
2136.73
2129.09
2132.43
2108.27
2079.82
2015.33
1923.2
1848.7
1840.18
1922.5
2023.65
2162.82
2724.97
2685.65
2169.61
2076.96
1941.48
1839.19
1840.58
1914.86
1990.68
2040.86
2062.69
2070.31
2075.38
2075.88
2076.05
2065.42
2060.99
2044.14
1994.81
1912.8
1833.65
1841.95
1934.01
2056.36
2167.5
2698.29
2683.6
2179.11
2103.73
1930.27
1847.21
1834.43
1897.7
1955.41
1990.45
2004.76
2029.41
2015.17
2023.08
2015.19
2024.42
2005.13
1994.34
1962.8
1900.94
1828.51
1852.78
1936.76
2116.34
2161.53
2674.78
2661.5
2171.52
2099.19
1962.52
1864.39
1831.64
1882.94
1938.55
1964.63
1972.51
1972.35
1972.57
1971.78
1972.36
1966.79
1969.48
1964.98
1940.52
1888.38
1821.81
1865.11
1963.21
2114.03
2169.23
2646.27
2634.23
2159.67
2097.68
1979.62
1877.48
1838.79
1877.1
1906.01
1918.15
1919.37
1939.85
1919.88
1928.07
1920.31
1935.63
1920.33
1919
1909.46
1882.1
1824.7
1874.73
1989.14
2111.77
2155.2
2619.13
2612.7
2145.12
2090.47
2043.71
1904.55
1852.1
1867.64
1887.73
1894.1
1895.13
1890.53
1886.9
1885.2
1887.29
1886.22
1892.52
1895.8
1888.24
1878.85
1846.83
1895.93
2046.18
2102.34
2139.14
2588.22
2593.52
2135.13
2078.05
2032.17
1918.46
1868.67
1867.38
1859.3
1854.23
1845.63
1863.9
1840.9
1849.5
1842.08
1860.54
1847.64
1855.48
1863.24
1878.83
1864.07
1922.83
2046.07
2089.19
2121.68
2577.47
2561.88
2114.7
2048.42
2033.65
1966.05
1887.7
1877.37
1848.64
1836.05
1831.18
1822.39
1815.15
1813.68
1816.64
1818.23
1827.78
1839.21
1849.71
1892.91
1887.15
1965.21
2040.91
2053.17
2114
2556.26
2550.54
2108.56
2018.58
2017.79
2020.72
1917.11
1892.38
1831.4
1807.21
1785.32
1800.52
1775.48
1784.04
1776.5
1797.92
1787.12
1809.63
1839.1
1912.82
1914.66
2033
2033.75
2021.96
2095.41
2536.76
2524.63
2096.77
1992.44
2008.02
2024.85
1943.29
1892.18
1845.82
1800.23
1782.66
1766.23
1756.22
1754.18
1756.74
1762.45
1780.54
1804.01
1846.67
1924.19
1961.21
2032.79
2018.83
1996.52
2091.77
2515.25
2506.81
2087.4
1973.58
1970.74
2006.65
2002.92
1917.34
1851.74
1788.45
1741.51
1749.62
1721.26
1729.75
1722.5
1747.49
1744.24
1790.17
1853.04
1950.63
2024.64
2012.74
1985.05
1978.97
2085.15
2500.12
2478.98
2080.89
1957.32
1945.01
1997.7
2036.04
1936.05
1869.61
1797.04
1760.85
1725.3
1708
1705.04
1709.07
1721.34
1760.29
1798.25
1865
1988.15
2050.54
2001.59
1956.92
1961.83
2068.71
2470.01
2466.53
2078.07
1950.16
1912.99
1959.53
2019.06
1994.32
1886.56
1797.62
1722.25
1719.04
1680.49
1686.7
1682.03
1717.6
1729.37
1805.59
1887.56
2064.06
2036.87
1954.59
1926.56
1955.86
2068.5
2454.94
2438.8
2056.92
1937.49
1896.47
1929.85
2008.19
2073.6
1939.83
1811.31
1766.38
1715.74
1682.4
1672.5
1682.61
1709.53
1765.13
1818.41
1927.99
2087.81
2011.31
1926.98
1905.85
1944.13
2053.6
2425.16
2426.75
2055.89
1935.11
1876.5
1892.35
1980.3
2055.77
2020.17
1835.59
1731.72
1720.59
1666.77
1667.81
1668.38
1716.81
1735.9
1844.25
2012.91
2072.69
1980.01
1892.07
1890.78
1940.43
2044.82
2414.34
2391.11
2034.68
1921.52
1871.08
1876.87
1940.21
2041.81
2066.19
1881.1
1784.09
1720.6
1683.77
1669.11
1685.73
1714.7
1784.84
1900.22
2058.44
2053.21
1933.38
1877.68
1880.44
1927.94
2029.69
2370.17
2360.56
2023.81
1913.35
1856.95
1854.38
1912.16
2014.33
2049.81
1987.07
1764.55
1734.59
1668.57
1672.28
1670.74
1731.73
1769.14
2009.75
2047.45
2025.97
1904.04
1856.23
1871.28
1920.36
2017.7
2344.02
2219.99
1975.93
1888.17
1852.46
1851.42
1877.66
1974.88
2035.53
2013.53
1866.76
1752.94
1696.74
1680.26
1698.08
1748.45
1863.43
2010.9
2031.38
1985.08
1872.87
1851.29
1860.53
1895.78
1968.55
2202.11
283.184
285.172
284.801
285.352
285.621
286.041
286.579
287.204
287.886
288.738
290.028
291.834
294.16
296.872
299.862
303.098
306.254
308.522
307.424
290.65
278.95
275.332
274.364
274.095
274.021
274.006
273.998
274.001
273.996
274
281.888
283.163
282.741
283.199
283.332
283.743
284.335
285.009
285.67
286.4
287.522
289.247
291.687
294.704
298.138
301.782
305.533
308.946
311.887
313.577
294.386
279.503
275.374
274.355
274.081
274.02
273.997
274.002
273.99
274.01
281.474
282.209
281.695
282.125
282.078
282.558
283.199
283.947
284.656
285.363
286.389
288.055
290.543
293.854
297.843
302.027
306.231
310.378
314.089
317.152
316.782
291.457
278.54
275.085
274.261
274.063
274.004
274.004
273.992
274.009
280.956
280.949
280.779
280.786
280.616
281.093
281.765
282.632
283.411
284.123
285.075
286.766
289.367
292.666
296.658
301.348
306.236
310.648
314.611
317.868
320.229
317.874
288.428
277.563
274.809
274.192
274.033
274.011
273.996
274.006
280.777
280.47
280.48
280.211
280.084
280.398
280.899
281.728
282.629
283.45
284.297
285.844
288.494
291.863
295.802
300.158
305.05
310.305
314.783
318.16
321.161
323.1
316.653
285.507
276.647
274.588
274.123
274.029
274
274.004
280.764
280.468
280.492
280.164
280.065
280.308
280.705
281.406
282.257
283.139
283.963
285.231
287.663
291.001
294.85
299.061
303.661
308.715
313.904
318.229
321.549
324.68
326.049
312.276
282.788
275.871
274.396
274.088
274.012
274.006
281.011
280.849
280.931
280.595
280.516
280.637
280.927
281.557
282.295
283.001
283.578
284.439
286.576
289.787
293.655
297.812
302.242
307.042
312.4
317.647
321.814
325.24
328.376
328.981
304.583
280.329
275.268
274.265
274.05
274.013
281.368
281.322
281.545
281.327
281.238
281.334
281.527
282.048
282.691
283.305
283.714
284.075
285.55
288.357
292.37
296.558
301.02
305.708
310.85
316.458
321.597
325.613
329.245
332.089
331.335
295.81
278.283
274.835
274.163
274.038
281.694
281.776
282.146
282.124
282.087
282.198
282.422
282.824
283.365
283.786
284.082
284.32
284.962
287.186
291.114
295.46
300.011
304.701
309.64
315.1
320.767
325.705
329.664
333.438
335.597
330.014
288.143
276.755
274.522
274.111
281.955
282.195
282.663
282.927
283.165
283.439
283.742
284.018
284.268
284.513
284.612
284.74
284.972
286.558
289.999
294.562
299.198
303.942
308.794
313.978
319.657
325.27
329.99
333.99
337.711
339.061
321.778
283.292
275.686
274.347
282.28
282.568
283.116
283.783
284.613
285.26
285.71
285.863
285.65
285.276
285.107
285.169
285.229
286.395
289.218
293.697
298.473
303.29
308.164
313.174
318.638
324.449
329.908
334.435
338.54
342.068
342.286
307.812
279.74
275.099
282.621
282.908
283.478
284.352
285.308
286.089
286.613
286.871
286.497
285.887
285.528
285.518
285.601
286.364
288.647
292.733
297.68
302.556
307.523
312.532
317.833
323.504
329.334
334.621
339.034
343.29
345.951
343.005
293.573
277.631
283.059
283.329
283.858
284.686
285.671
286.522
287.083
287.461
287.17
286.499
285.976
285.754
285.805
285.983
288.063
291.69
296.741
301.656
306.726
311.837
317.108
322.592
328.433
334.258
339.419
343.838
347.771
349.344
330.38
285.875
283.457
283.75
284.191
285.01
285.93
286.767
287.423
288.029
287.896
287.374
286.793
286.287
286.021
286.09
287.651
290.87
295.739
300.733
305.833
311.025
316.31
321.718
327.465
333.481
339.314
344.375
348.656
352.588
354.173
314.623
284.05
284.253
284.564
285.382
286.166
287.204
288.189
288.858
288.951
288.524
287.824
287.2
286.925
286.946
287.649
290.587
295.08
300.153
305.142
310.3
315.529
320.971
326.639
332.595
338.773
344.614
349.311
354.661
361.947
361.087
284.32
284.691
284.935
285.912
286.932
288.187
289.421
290.236
290.608
290.066
289.265
288.616
288.316
288.381
288.511
290.902
294.99
300.114
304.984
310.074
315.181
320.601
326.09
331.894
338.059
344.429
349.08
356.007
370.745
404.206
284.822
285.204
285.666
287.05
288.467
290.253
291.858
292.868
293.425
292.657
291.717
290.932
290.539
290.319
290.16
291.838
295.538
300.652
305.346
310.277
315.26
320.547
325.843
331.442
337.351
343.834
349.474
359.921
384.009
459.461
284.934
285.699
286.87
289.152
291.771
294.178
296.626
297.969
298.615
297.291
295.845
294.767
293.986
293.258
292.714
293.46
296.938
301.872
306.316
310.991
315.795
320.706
325.82
331.355
337.044
342.162
350.242
366.04
402.394
493.485
285.239
286.709
289.161
293.651
298.666
302.42
306.165
308.026
307.975
305.069
302.852
301.041
299.339
297.863
296.793
296.214
299.238
303.783
308.05
312.357
316.827
321.331
326.119
331.57
337.162
342.367
352.204
373.927
418.735
499.792
285.248
288.088
293.851
303.336
313.83
320.258
325.204
327.021
324.318
319.145
315.105
311.705
308.338
304.231
301.417
299.539
301.791
306.082
310.601
314.601
318.689
322.93
327.297
332.336
337.868
343.925
356.887
385.198
434.73
501.302
286.117
291.006
304.184
328.088
347.997
357.896
361.956
361.933
354.509
344.004
336.212
328.697
320.607
314.261
309.504
305.869
306.279
309.892
313.934
317.655
321.327
325.235
329.373
333.91
339.01
346.494
363.368
402.396
464.996
498.47
285.299
298.077
332.556
392.923
422.26
428.398
425.725
418.157
400.971
381.339
366.173
352.031
339.519
329.798
321.989
316.073
314.065
315.852
318.583
321.345
324.615
327.993
331.878
336.021
340.218
349.966
372.171
424.136
487.327
492.063
295.422
317.251
417.554
518.025
540.132
523.376
512.598
492.573
461.635
427.638
404.339
383.808
365.778
351.222
339.569
330.415
325.436
324.734
325.332
326.261
328.523
331.357
334.803
338.574
343.108
354.27
382.556
450.108
489.789
486.185
279.185
381.356
604.813
669.045
675.363
636.164
624.72
579.798
528.147
486.177
452.845
423.328
398.56
377.704
361.425
348.35
337.156
333.82
333.053
332.947
333.56
335.443
338.234
341.602
346.866
360.316
396.284
478.681
489.876
483.46
313.832
558.399
813.279
820.478
828.524
777.648
739.363
681.694
601.979
557.129
512.314
471.295
439.304
410.165
386.287
366.484
350.431
344.667
342.235
341.507
340.786
341.097
342.513
345.194
351.405
368.159
415.119
501.954
493.255
482.784
274
273.996
274.001
273.998
274.006
274.021
274.093
274.358
275.305
278.847
290.248
307.211
308.438
306.196
303.052
299.82
296.834
294.125
291.801
289.995
288.704
287.851
287.17
286.546
286.009
285.589
285.321
284.774
285.144
283.163
274.01
273.99
274.002
273.997
274.02
274.079
274.348
275.345
279.383
293.876
313.425
311.808
308.881
305.48
301.738
298.1
294.67
291.654
289.213
287.486
286.362
285.631
284.971
284.298
283.706
283.294
283.16
282.702
283.125
281.859
274.009
273.992
274.003
274.004
274.062
274.255
275.061
278.433
290.991
316.528
317.044
314.016
310.319
306.182
301.985
297.808
293.821
290.509
288.018
286.348
285.319
284.613
283.905
283.158
282.516
282.035
282.08
281.654
282.169
281.438
274.006
273.996
274.01
274.032
274.188
274.79
277.472
288.023
317.442
320.092
317.773
314.535
310.589
306.189
301.31
296.623
292.628
289.329
286.723
285.03
284.074
283.363
282.583
281.716
281.043
280.565
280.734
280.721
280.894
280.912
274.004
274
274.028
274.12
274.573
276.575
285.202
315.996
322.946
321.053
318.062
314.705
310.247
305.001
300.112
295.756
291.816
288.447
285.79
284.237
283.389
282.565
281.664
280.846
280.347
280.03
280.152
280.416
280.404
280.714
274.006
274.012
274.086
274.386
275.818
282.539
311.417
325.889
324.566
321.442
318.136
313.834
308.657
303.607
299.009
294.8
290.951
287.613
285.158
283.868
283.058
282.191
281.358
280.657
280.259
280.012
280.105
280.427
280.4
280.702
274.013
274.049
274.258
275.232
280.135
303.602
328.789
328.26
325.137
321.711
317.569
312.338
306.981
302.182
297.754
293.601
289.732
286.519
284.327
283.522
282.971
282.268
281.526
280.891
280.599
280.472
280.542
280.866
280.787
280.96
274.037
274.158
274.811
278.146
295.025
331.03
331.957
329.148
325.507
321.51
316.395
310.795
305.651
300.963
296.504
292.322
288.307
285.494
284.073
283.722
283.302
282.689
282.042
281.513
281.313
281.214
281.291
281.499
281.28
281.337
274.108
274.506
276.665
287.654
329.217
335.453
333.353
329.571
325.618
320.711
315.061
309.599
304.663
299.979
295.43
291.095
287.161
284.981
284.365
284.129
283.818
283.383
282.853
282.443
282.218
282.099
282.125
282.147
281.774
281.678
274.337
275.632
282.989
320.63
338.931
337.634
333.915
329.907
325.217
319.63
313.959
308.777
303.932
299.197
294.562
290.015
286.576
284.998
284.791
284.67
284.511
284.306
284.07
283.822
283.52
283.241
282.998
282.734
282.254
281.974
275.065
279.55
306.706
342.147
342.008
338.489
334.359
329.858
324.441
318.648
313.188
308.185
303.321
298.514
293.743
289.275
286.444
285.242
285.154
285.111
285.319
285.631
285.844
285.941
285.498
284.833
283.965
283.273
282.708
282.379
277.513
292.767
342.533
345.884
343.263
338.978
334.573
329.326
323.531
317.871
312.572
307.567
302.605
297.742
292.802
288.71
286.371
285.466
285.395
285.515
286.068
286.743
287.174
286.96
286.441
285.645
284.662
283.737
283.139
282.798
285.514
329.356
349.264
347.752
343.814
339.378
334.247
328.459
322.638
317.161
311.89
306.779
301.706
296.802
291.757
288.082
285.907
285.849
285.935
286.202
286.821
287.624
287.97
287.462
286.89
286.03
285.04
284.216
283.657
283.329
313.424
353.966
352.566
348.656
344.351
339.309
333.515
327.516
321.772
316.363
311.075
305.882
300.773
295.783
290.912
287.437
286.333
286.289
286.62
287.044
287.759
288.503
288.611
287.939
287.184
286.329
285.393
284.597
284.167
283.813
360.08
361.811
354.678
349.31
344.618
338.804
332.644
326.687
321.015
315.568
310.327
305.17
300.18
295.099
290.628
287.708
287.251
287.256
287.608
288.232
289.064
289.635
289.456
288.734
287.593
286.562
285.798
284.996
284.731
284.518
403.42
370.656
356.026
349.116
344.459
338.101
331.938
326.12
320.622
315.201
310.088
305.003
300.134
295.003
290.99
288.768
288.745
288.701
289.07
289.776
290.761
291.289
290.837
289.984
288.6
287.295
286.292
285.384
285.216
284.864
459.305
383.832
359.875
349.512
343.881
337.38
331.467
325.86
320.562
315.27
310.28
305.353
300.666
295.564
292.004
290.579
290.687
291
291.468
292.371
293.495
294.128
293.395
292.336
290.623
288.82
287.416
286.081
285.785
285.338
493.771
402.294
366.018
350.282
342.231
337.071
331.371
325.834
320.722
315.8
310.987
306.304
301.888
296.976
293.721
293.141
293.721
294.513
295.505
296.667
298.225
299.377
298.466
297.074
294.591
292.193
289.573
287.331
286.254
285.404
500.08
418.745
373.92
352.221
342.408
337.207
331.575
326.119
321.326
316.817
312.328
308
303.792
299.309
296.38
297.122
298.369
299.956
301.917
303.85
306.167
308.902
308.632
306.917
303.112
299.431
294.404
289.781
287.189
285.582
501.595
434.824
385.192
356.891
343.962
337.924
332.325
327.264
322.892
318.637
314.537
310.531
306.14
301.828
299.975
301.995
304.876
308.891
312.72
316.265
320.465
325.53
328.114
326.607
321.695
315.274
304.584
294.811
288.577
285.57
498.778
465.48
402.44
363.377
346.508
339.059
333.862
329.306
325.142
321.193
317.522
313.804
309.991
306.608
306.516
310.309
315.276
321.693
330.043
337.364
345.835
356.153
363.643
364.69
360.555
350.804
330.479
305.579
291.585
286.467
492.362
487.625
424.291
372.147
349.955
340.163
335.938
331.751
327.817
324.389
321.162
318.44
315.94
314.463
316.791
323.034
331.174
341.078
354.066
367.572
383.96
403.391
420.723
429.773
432.694
427.299
398.221
335.199
299.01
285.661
486.536
489.993
450.392
382.617
354.162
342.933
338.411
334.585
331.101
328.258
326.021
325.123
324.649
325.856
331.252
340.818
352.986
367.598
386.752
405.83
431.168
465.664
496.087
518.325
527.587
548.219
526.64
425.12
319.387
296.19
483.843
490.048
479.292
396.349
360.137
346.633
341.342
337.913
335.106
333.277
332.735
333.181
333.93
337.598
349.404
362.932
379.806
400.739
427.172
454.581
488.749
534.773
586.304
630.832
643.161
684.775
679.035
617.252
387.17
280.248
482.923
493.488
502.58
415.389
367.99
351.107
344.823
342.079
340.686
340.499
341.479
342.501
345.647
351.455
367.867
388.303
412.91
442.116
475.895
515.219
558.981
607.958
690.993
742.959
781.439
840.715
834.237
826.909
567.416
315.807
274.002
274.002
274.002
274.002
274.002
274.002
274.002
274.002
274.002
274.002
274.002
274.002
274.002
274.002
274.002
274.002
274.002
274.002
274.002
274.002
274.002
274.002
274.002
274.002
274.002
274.002
274.002
274.002
274.002
274.002
274.002
274.002
274.002
274.002
274.002
274.002
274.002
274.002
274.002
274.002
274.002
274.002
274.002
274.002
274.002
274.002
274.002
274.002
274.002
274.002
274.002
274.003
274.018
274.28
278.421
331.225
569.209
802.215
974.129
1151.3
1189.59
1194.97
1194.42
1193.86
1183.81
1160.83
1130.38
1100.98
1075.88
1053.01
1032.94
1014.79
997.928
982.343
967.803
953.989
940.413
926.527
911.68
895.871
880.086
864.659
849.483
834.093
818.663
803.854
789.799
775.842
762.07
748.728
736.076
724.098
712.596
701.394
690.064
678.5
667.349
656.661
646.358
636.345
626.39
616.485
606.805
597.377
588.319
579.66
571.42
563.742
556.588
549.589
542.962
536.7
530.78
525.4
520.421
515.683
511.048
506.605
502.464
498.672
495.117
491.732
488.523
485.686
483.706
274.001
274.001
274.001
274.001
274.001
274.001
274.001
274.001
274.001
274.001
274.001
274.001
274.001
274.001
274.001
274.001
274.001
274.001
274.001
274.001
274.001
274.001
274.001
274.001
274.001
274.001
274.001
274.001
274.001
274.001
274.001
274.001
274.001
274.001
274.001
274.001
274.001
274.001
274.001
274.001
274.001
274.001
274.001
274.001
274.001
274.001
274.001
274.001
274.001
274.001
274.002
274.022
274.432
282.583
396.545
650.351
761.612
809.962
856.063
923.691
992.942
1049.96
1099.06
1141.9
1217.61
1246.63
1243.2
1234.48
1223.23
1205.14
1183.37
1156.31
1123.71
1087.9
1054.92
1026.07
999.517
975.345
953.088
932.701
913.84
896.225
879.449
863.052
847.712
832.827
818.642
804.907
791.48
778.469
765.784
753.406
741.08
729.06
717.041
704.833
692.51
680.855
669.558
658.659
648.002
637.681
627.845
618.596
609.978
601.912
594.29
586.793
579.409
571.842
564.668
557.746
551.137
544.879
538.882
533.167
527.712
522.568
517.607
512.823
508.156
504.07
501.124
498.934
496.566
274
274
274
274
274
274
274
274
274
274
274
274
274
274
274
274
274
274
274
274
274
274
274
274
274
274
274
274
274
274
274
274
274
274
274
274
274
274
274
274
274
274
274
274
274
274
274
274
274
274.001
274.024
274.579
287.711
469.671
729.204
774.965
788.401
798.354
816.838
841.806
870.918
899.91
928.937
963.839
1005.38
1054.48
1104.23
1157.55
1212
1273.76
1315.14
1318.65
1310.85
1294.18
1261.41
1206.67
1150.58
1099.85
1053.6
1014.38
981.436
955.114
932.429
911.168
890.809
871.669
854.013
837.602
822.303
807.988
794.41
781.392
768.606
756.372
744.327
732.772
721.527
710.325
699.954
689.796
679.727
669.716
659.848
650.289
641.17
632.367
623.853
615.557
607.465
599.241
591.625
583.588
575.565
567.586
560.707
555.843
550.75
545.485
539.807
533.799
528
523.484
519.369
515.46
511.31
274
274
274
274
274
274
274
274
274
274
274
274
274
274
274
274
274
274
274
274
274
274
274
274
274
274
274
274
274
274
274
274
274
274
274
274
274
274
274
274
274
274
274
274
274
274
274
274
274.001
274.023
274.646
291.036
516.408
765.635
788.56
790.566
793.581
799.605
813.284
829.331
846.774
866.63
888.365
910.656
935.708
968.016
1008.85
1057.44
1114.8
1176.03
1242.19
1305.13
1355.62
1392.85
1425.47
1452.75
1421.2
1376.15
1314.11
1235.44
1167.81
1111.38
1063.15
1020.48
983.962
952.884
926.822
903.922
883.732
865.285
848.119
831.84
816.07
801.266
787.406
774.684
763.052
752.147
742.053
732.564
723.335
714.289
705.398
696.566
687.888
679.382
671.213
663.535
656.386
648.994
642.447
635.368
627.883
619.25
609.967
599.956
589.548
579.786
570.634
562.307
553.404
539.257
512.12
481.572
446.961
274
274
274
274
274
274
274
274
274
274
274
274
274
274
274
274
274
274
274
274
274
274
274
274
274
274
274
274
274
274
274
274
274
274
274
274
274
274
274
274
274
274
274
274
274
274
274
274.001
274.02
274.597
290.891
526.572
779.183
797.773
795.943
797.18
801.773
811.517
826.255
841.451
855.185
869.548
884.873
902.033
923.802
954.671
996.449
1047.58
1108.07
1169.5
1228.25
1292.88
1359.2
1414.27
1457.88
1501.98
1531.7
1555.33
1562.25
1568.79
1523.39
1443.57
1350.41
1266.93
1199.84
1143.9
1095.74
1053.22
1016.9
985.664
958.712
934.65
912.488
892.687
875.101
859.37
845.408
832.79
821.52
810.905
800.932
792.001
783.444
775.427
768.019
760.932
754.082
746.911
738.49
728.61
717.799
705.02
691.965
678.591
665.218
649.733
631.063
600.44
563.989
522.353
477.023
436.975
411.765
393.054
378.464
274
274
274
274
274
274
274
274
274
274
274
274
274
274
274
274
274
274
274
274
274
274
274
274
274
274
274
274
274
274
274
274
274
274
274
274
274
274
274
274
274
274
274
274
274
274
274
274.014
274.47
288.032
509.601
782.305
804.357
801.831
801.661
806.42
815.88
828.516
843.926
858.524
871.843
888.949
910.041
939.876
982.224
1043.35
1125.56
1230.62
1354.64
1475.47
1577.01
1654.71
1692.61
1702.77
1706.77
1707.27
1705.5
1705.55
1687.68
1662.91
1652.93
1665.77
1671.68
1644.3
1589.62
1505.85
1414.76
1333.87
1266.93
1211.43
1164.95
1125.89
1091.45
1061.6
1035.96
1013.4
993.386
975.881
960.248
946.17
933.553
922.562
912.795
903.908
895.745
887.302
878.164
867.812
855.499
840.53
820.89
793.5
750.942
700.473
645.9
584.083
522.538
480.2
448.488
423.314
403.407
387.7
374.708
364.357
356.832
274
274
274
274
274
274
274
274
274
274
274
274
274
274
274
274
274
274
274
274
274
274
274
274
274
274
274
274
274
274
274
274
274
274
274
274
274
274
274
274
274
274
274
274
274
274
274.009
274.317
283.969
474.501
777.538
807.777
806.481
806.735
811.165
820.623
832.453
848.076
863.244
877.626
894.77
921.258
960.065
1019.24
1106.01
1222.6
1374.51
1549.86
1696.06
1756.28
1770.49
1769.83
1762.11
1748.67
1734.82
1726.8
1715.95
1695.71
1687.84
1678.27
1667.62
1658.91
1649.91
1639.57
1630.17
1651.17
1663.46
1643.93
1608.52
1565.14
1517.02
1465.06
1412.52
1365.79
1325.52
1291.47
1261.29
1234.88
1210.79
1189.06
1170.49
1154.81
1140.54
1126.32
1110.37
1089.4
1055.28
1006.37
943.997
870.646
787.514
700.239
635.428
582.314
538.368
499.814
468.056
441.999
420.058
402.136
387.451
375.387
365.097
355.86
349.39
274
274
274
274
274
274
274
274
274
274
274
274
274
274
274
274
274
274
274
274
274
274
274
274
274
274
274
274
274
274
274
274
274
274
274
274
274
274
274
274
274
274
274
274
274
274.005
274.185
280.069
426.649
761.734
809.808
809.777
810.641
815.209
824.636
836.293
851.69
867.08
882.35
900.086
930.237
977.974
1051.1
1161.6
1321.49
1530.97
1735.62
1814.59
1832.09
1826.16
1813.46
1796.9
1779.51
1770.96
1760.04
1746.58
1721.72
1689.15
1671.82
1658.57
1645.38
1634.92
1634.33
1627.6
1616.11
1605.27
1593.94
1578.76
1557.79
1537.89
1523.35
1522.96
1520.2
1509.07
1492.06
1473.7
1453.38
1431.33
1408
1379.92
1348.84
1312.97
1271.74
1222.98
1164.14
1094.74
1027.57
963.561
896.176
826.145
757.933
694.238
638.152
588.936
547.257
508.293
475.195
446.881
423.288
404.212
388.397
375.409
364.92
355.96
348.216
274
274
274
274
274
274
274
274
274
274
274
274
274
274
274
274
274
274
274
274
274
274
274
274
274
274
274
274
274
274
274
274
274
274
274
274
274
274
274
274
274
274
274
274
274.002
274.093
277.19
371.813
728.048
810.857
813.024
814.063
818.27
828.462
840.454
855.897
871.263
886.11
905.512
936.439
988.824
1072.1
1199.35
1384.15
1641.8
1832.14
1870.99
1868.7
1857
1838.83
1834.65
1831.81
1841.4
1866.27
1876.17
1849.34
1809.94
1769.91
1736.09
1709.9
1680.54
1651.91
1641.36
1629.91
1622.03
1612.43
1603.07
1586.54
1564.77
1545.53
1521.8
1502.24
1482.18
1457.69
1429.91
1404.7
1381.83
1357.42
1331.37
1304.13
1276.38
1246.87
1215.46
1183.09
1148.79
1111.52
1070.53
1024.53
970.128
909.612
844.519
776.853
711.668
651.476
599.528
550.22
508.403
472.141
442.006
418.067
397.859
380.946
367.803
356.994
348.55
274
274
274
274
274
274
274
274
274
274
274
274
274
274
274
274
274
274
274
274
274
274
274
274
274
274
274
274
274
274
274
274
274
274
274
274
274
274
274
274
274
274
274
274.001
274.04
275.483
321.928
665.881
809.151
815.807
817.267
820.851
829.257
841.093
856.171
873.096
888.721
908.418
940.8
995.289
1082
1216.83
1415.46
1684.22
1863.69
1893.24
1892.52
1892.65
1879.68
1876.44
1898.79
1924.02
1965.05
1972.68
1980.02
1957.32
1939.62
1917.93
1881.49
1846.18
1806.02
1765.77
1736.18
1709.89
1689.62
1669.84
1657.53
1639.61
1620.53
1601.94
1581.59
1560.59
1539.28
1511.74
1479.94
1449.5
1421.29
1392.58
1363.77
1334.5
1306.35
1278.48
1249.89
1221.2
1193.48
1167.76
1141.34
1113.98
1077.07
1026.51
964.786
893.244
817.083
742.247
676.67
613.254
557.857
509.36
469.808
438.69
412.398
390.592
373.571
359.99
349.955
274
274
274
274
274
274
274
274
274
274
274
274
274
274
274
274
274
274
274
274
274
274
274
274
274
274
274
274
274
274
274
274
274
274
274
274
274
274
274
274
274
274
274
274.015
274.619
293.769
566.083
801.578
817.402
819.724
823.359
829.115
839.219
853.662
871.376
889.29
909.269
940.31
993.968
1080.04
1213.49
1409.56
1672.23
1859.37
1895.98
1901.34
1904.63
1918.47
1920.42
1924.06
1938.18
1963.25
2017.48
2026.09
2019.14
1986.48
1971.6
1966
1968.3
1965.15
1954.61
1928.7
1895.53
1860.64
1824.86
1784.17
1750.47
1718.84
1693.09
1666.54
1644.95
1623.95
1595.94
1565.53
1533.86
1503.97
1476.77
1447.84
1417.16
1387.25
1359.75
1332.8
1306.01
1278.28
1250.23
1224.35
1195.9
1168.29
1143.26
1110.7
1063.28
1000.52
927.574
847.574
772.374
696.288
626.462
562.211
508.37
466.347
432.565
404.724
382.302
365.18
352.107
274
274
274
274
274
274
274
274
274
274
274
274
274
274
274
274
274
274
274
274
274
274
274
274
274
274
274
274
274
274
274
274
274
274
274
274
274
274
274
274
274
274
274.005
274.222
281.299
445.466
773.598
817.684
820.995
823.642
828.54
837.062
850.409
867.641
886.646
907.706
937.669
987.706
1068.73
1193.52
1377.78
1623.66
1830.13
1885.37
1896.04
1900.72
1907.81
1929.33
1937
1933.07
1939.87
1967.95
2033.37
2054.12
2022.34
1993.49
1979.11
1976.93
1984.68
1986.88
1989.02
1981.68
1973.41
1963.97
1946.34
1917.81
1880.17
1849.72
1815.39
1781.11
1747.06
1719.12
1689.21
1655.98
1621.14
1588.02
1552
1511.29
1471.57
1432.14
1398.6
1365.62
1334.64
1304.33
1275.02
1249.24
1220.72
1193.04
1171.51
1149.73
1122.05
1086.8
1029.74
951.729
868.518
780.316
696.873
618.626
551.67
501.159
458.632
423.389
395.395
373.52
356.167
274
274
274
274
274
274
274
274
274
274
274
274
274
274
274
274
274
274
274
274
274
274
274
274
274
274
274
274
274
274
274
274
274
274
274
274
274
274
274
274
274
274.002
274.064
276.326
347.513
700.131
815.329
821.392
823.411
827.41
834.741
846.733
862.995
882.093
903.392
932.006
976.277
1047.68
1157.9
1322.22
1549.77
1791.74
1874.83
1880.82
1881.24
1890.93
1898.65
1869.59
1838.78
1844.77
1897.37
1962.74
2019.26
2012.87
1919.49
1900.89
1895.79
1915.63
1938.58
1946.45
1964.99
1973.43
1976.42
1977.94
1979.55
1973.44
1964.15
1959.12
1940.07
1925.1
1903.6
1879.53
1847.12
1814.59
1775.22
1734.43
1688.56
1647.19
1599.42
1549.19
1489.05
1432.98
1383.08
1339.47
1300.73
1266.54
1238.24
1211.37
1190.44
1173.89
1158.66
1132.98
1105.5
1049.98
980.146
893.447
801.061
704.559
616.042
545.534
488.657
443.97
409.153
383.608
362.109
274
274
274
274
274
274
274
274
274
274
274
274
274
274
274
274
274
274
274
274
274
274
274
274
274
274
274
274
274
274
274
274
274
274
274
274
274
274
274
274
274.001
274.016
274.675
294.701
567.787
805.343
822.017
823.923
826.925
833.297
843.454
857.722
875.527
897.017
924.017
961.985
1022.99
1117.71
1256.03
1449.6
1706.56
1870.45
1899.4
1902.6
1906.51
1903.93
1840.76
1814.26
1815.55
1844.29
1930.21
1966
1896.25
1846.59
1735.63
1714.62
1712.36
1725.98
1752.86
1789.02
1859.68
1916.89
1943.87
1977.19
1999.45
2000.05
1988.82
1978.2
1973.23
1970.84
1962.83
1953.18
1938.85
1927.08
1906.1
1880
1842.64
1806.14
1763.18
1722.68
1668.73
1606.64
1541.38
1472.56
1408.45
1353.57
1305.86
1262.38
1230.12
1205.49
1186.82
1173.59
1153.95
1117.78
1071.06
998.971
913.769
810.375
703.956
613.704
538.445
480.14
435.726
400.11
371.726
274
274
274
274
274
274
274
274
274
274
274
274
274
274
274
274
274
274
274
274
274
274
274
274
274
274
274
274
274
274
274
274
274
274
274
274
274
274
274
274
274.004
274.167
279.501
416.416
757.786
820.22
824.448
827.238
832.281
840.193
852.265
868.043
888.378
914.312
948.193
998.628
1076.88
1189.08
1349.97
1573.15
1817.04
1910.44
1923.42
1926.87
1943.02
1944.12
1930.77
1919.36
1913.79
1904.76
1906.74
1887.66
1776.13
1588.83
1480.25
1489.98
1494.05
1524.98
1559.74
1604.39
1682.51
1762.56
1825.13
1884.34
1962.26
1986.04
1936.67
1930.5
1928.46
1926.77
1925.97
1929.64
1928
1925.14
1914.83
1899.19
1872.59
1843.76
1806.55
1779.26
1743.91
1709.95
1680.57
1647.06
1601.43
1538.26
1466.45
1393.59
1327.72
1272.97
1234.65
1209.3
1193.77
1164.88
1130.52
1082.68
1012.53
915.771
805.148
699.6
606.637
531.547
475.376
431.002
394.666
274
274
274
274
274
274
274
274
274
274
274
274
274
274
274
274
274
274
274
274
274
274
274
274
274
274
274
274
274
274
274
274
274
274
274
274
274
274
274
274.001
274.034
275.276
312.729
639.282
811.58
823.421
827.15
830.934
836.98
846.589
860.857
879.298
903.241
934.946
977.61
1036.41
1123.92
1252.68
1438.76
1685.62
1878.9
1923.57
1924.64
1941.41
1958.22
1956.18
1955.91
1963.95
1969.62
1962.9
1947.28
1893.89
1632.03
1456.03
1356.83
1333.04
1325.62
1339.04
1360.05
1379.29
1451.71
1518.09
1584.33
1634.44
1760.9
1794.18
1734.91
1736.89
1734.76
1735.51
1737.76
1767.8
1783.4
1803.02
1819.17
1828.47
1824.06
1807.94
1780.55
1761.91
1734.91
1724.78
1712.31
1699.61
1681
1661.71
1629.03
1583.37
1519.3
1434.47
1355.01
1291.78
1253.53
1213.36
1176.47
1127.87
1083.79
1013.83
905.032
784.07
675.429
587.35
520.745
467.512
422.829
274
274
274
274
274
274
274
274
274
274
274
274
274
274
274
274
274
274
274
274
274
274
274
274
274
274
274
274
274
274
274
274
274
274
274
274
274
274
274
274.006
274.278
282.657
458.418
777.063
820.54
826.431
830.059
834.302
841.268
853.311
870.901
893.473
921.846
958.134
1007.34
1073.82
1173.09
1322.35
1532.86
1789.46
1909.04
1926.45
1923.5
1936.59
1959.51
1957.34
1968.24
1993.99
2059.85
2081.34
2073.52
2008.47
1621.8
1399.47
1266.71
1230.85
1238.1
1240.24
1232.71
1253.96
1269.19
1280.17
1302.09
1320.3
1351.7
1358.26
1281.56
1244.66
1317.68
1304.15
1320.05
1373.93
1449.95
1484.04
1532.78
1554.87
1585.21
1607.33
1627.19
1643.99
1653.32
1681.98
1696.86
1702.32
1696.68
1687
1667.52
1659.09
1639.66
1593.84
1531.2
1454.51
1379.9
1300.98
1243.23
1185.75
1135.63
1082.49
998.775
892.278
776.302
668.763
581.721
512.512
456.749
274
274
274
274
274
274
274
274
274
274
274
274
274
274
274
274
274
274
274
274
274
274
274
274
274
274
274
274
274
274
274
274
274
274
274
274
274
274
274.001
274.05
275.777
327.478
666.673
811.26
823.73
828.154
831.671
837.037
846.432
862.286
884.585
910.966
942.196
983.002
1038.57
1115.1
1228.41
1400.7
1642.56
1862.74
1920.87
1927.23
1919.48
1934.83
1950.76
1960.01
1979.47
2018.73
2109.62
2139.44
2137.5
2086.49
1763.38
1381.71
1240.72
1175.37
1204.37
1200.15
1195.41
1226.68
1210.69
1203
1169.63
1151.58
1115.34
1105.21
1109.81
1101.96
1113.32
1076.07
1062.45
1049.74
1081.18
1120.73
1173.05
1226.71
1307.14
1378.87
1444.03
1496.75
1547.51
1572.43
1639.71
1666.65
1680.79
1679.71
1675.36
1678.76
1668.06
1633.81
1611.15
1579.81
1527.29
1452.71
1376.69
1287.99
1211.06
1137.78
1067.33
969.3
855.514
752.317
652.062
568.063
497.213
274
274
274
274
274
274
274
274
274
274
274
274
274
274
274
274
274
274
274
274
274
274
274
274
274
274
274
274
274
274
274
274
274
274
274
274
274
274
274.009
274.36
284.811
479.887
782.921
821.147
825.513
828.575
832.82
840.596
854.217
875.244
900.972
929.413
962.297
1006.37
1070.1
1161.84
1296.83
1492.53
1748.33
1892.3
1921.67
1929.89
1931.5
1954.62
1959.19
1977.12
1979.62
2032.89
2113.69
2153.11
2168.72
2051.32
1710.97
1234.85
1110.54
1054.46
1047.95
1023.16
1030.2
1021.59
1041.62
1043.24
1041.48
1074.17
1058.17
1046.66
1039.98
1041.68
1062.45
1017.77
1012.22
993.134
990.255
1019.59
1059.84
1086.5
1122.61
1156.84
1213.67
1273.73
1332.52
1376.71
1393.69
1471.37
1550.92
1586.16
1621.44
1641.39
1645.93
1623.48
1611.08
1595.81
1577.57
1547.21
1496.91
1424.04
1338.41
1238.54
1136.71
1035.79
941.809
824.39
718.649
619.064
538.14
274
274
274
274
274
274
274
274
274
274
274
274
274
274
274
274
274
274
274
274
274
274
274
274
274
274
274
274
274
274
274
274
274
274
274
274
274
274.002
274.058
276.009
333.787
675.958
814.321
822.808
824.975
827.925
834.317
846.548
866.168
892.184
920.177
948.748
981.355
1028.36
1101.16
1211.3
1371.96
1594.98
1828.46
1908.12
1924.18
1937.84
1956.1
1964.27
1977.24
1994.02
2008.1
2076.49
2134.95
2148.26
2135.91
1743.25
1270.15
1014.65
946.917
953.358
931.009
937.386
953.008
944.014
980.793
977.465
974.834
994.964
996.049
991.089
987.737
983.284
962.212
938.986
906.25
893.091
890.42
878.711
894.749
933.479
994.171
1068.41
1121.55
1163.27
1184.23
1217.61
1284.53
1323.64
1368.37
1443
1490.63
1554.14
1579.24
1582.95
1585.1
1585.11
1572.83
1567.59
1561.69
1529.8
1474.91
1396.23
1280.1
1162.03
1038.39
910.928
783.165
674.669
588.519
274
274
274
274
274
274
274
274
274
274
274
274
274
274
274
274
274
274
274
274
274
274
274
274
274
274
274
274
274
274
274
274
274
274
274
274
274
274.008
274.34
284.181
472.695
783.024
821.292
822.118
823.293
828.089
838.755
857.038
881.336
907.131
932.57
961.229
1000.46
1057.91
1143.31
1268.3
1442.54
1668.61
1869.77
1929.84
1943.47
1956.17
1979.11
1990.68
2001.16
2012.33
2061.88
2145.95
2182.56
2185.4
2060.28
1662.2
1125.22
987.542
920.18
921.908
905.428
898.395
904.005
903.112
903.705
934.631
959.534
961.828
982.89
986.976
1000.77
1017.28
1001.4
983.252
971.822
914.698
878.507
857.097
847.36
824.587
822.902
844.347
889.551
959.255
1044.39
1121.88
1210.54
1273.51
1300.82
1329.69
1352.93
1376.5
1444.49
1471.71
1484.24
1502.75
1519.81
1526.27
1526.77
1530.18
1526.89
1496.45
1436.59
1336.48
1209.88
1042.47
883.239
756.389
649.209
274
274
274
274
274
274
274
274
274
274
274
274
274
274
274
274
274
274
274
274
274
274
274
274
274
274
274
274
274
274
274
274
274
274
274
274
274.001
274.044
275.55
318.936
649.448
813.091
820.594
820.088
822.902
831.829
849.076
871.349
893.426
913.319
937.013
970.262
1021.71
1096.95
1200.3
1337.45
1515.55
1734.29
1906.39
1955.6
1969.39
1984.77
2009.94
2030.66
2032.6
2043.55
2101.2
2172.95
2225.03
2251.49
2031.75
1537.11
1115.4
1011.01
975.113
975.33
978.186
972.607
975.674
964.06
941.484
932.895
928.893
929.071
928.881
928.09
935.486
965.221
981.11
985.236
987.045
966.311
946.27
898.372
881.949
879.146
866.311
854.041
835.475
830.438
847.764
872.876
924.123
1001.36
1112.12
1207.49
1279.45
1308.32
1330.44
1394.59
1421.73
1444.5
1471.71
1488.71
1494.8
1496.9
1495.72
1510.97
1500.68
1452.65
1349.82
1196.85
1018.46
855.881
713.801
274
274
274
274
274
274
274
274
274
274
274
274
274
274
274
274
274
274
274
274
274
274
274
274
274
274
274
274
274
274
274
274
274
274
274
274
274.005
274.223
280.778
430.344
762.216
818.532
818.354
819.244
826.001
841.492
861.82
879.722
897.531
917.419
945.476
988.008
1053.03
1143.81
1262.78
1411.55
1588.69
1786.87
1932.03
1973.6
1985.74
2004.73
2024.51
2049.12
2061.93
2075.58
2128.89
2184.61
2204.64
2118.63
1709.01
1186.2
1022.99
968.197
955.958
946.91
943.949
939.221
932.815
951.274
961.93
958.772
969.284
964.538
947.764
942.258
950.215
941.369
951.97
948.627
951.455
961.25
975.779
929.386
884.016
878.397
878.052
878.153
893.165
873.894
868.081
860.848
858.434
878.121
898.209
954.134
1033.97
1170.09
1262.54
1310.03
1371.53
1403.16
1440.78
1470.91
1483.53
1486.82
1482.9
1477.49
1492.93
1499.4
1436.06
1332.41
1168.75
978.058
809.944
274
274
274
274
274
274
274
274
274
274
274
274
274
274
274
274
274
274
274
274
274
274
274
274
274
274
274
274
274
274
274
274
274
274
274
274.001
274.026
274.956
300.806
590.647
805.313
817.629
817.371
821.717
833.459
850.539
867.077
884.544
903.634
928.62
964.942
1018.65
1095.86
1197.08
1324.55
1477.05
1656.07
1836.1
1947.09
1979.15
1989.47
2011.03
2036.71
2064.94
2076.61
2089.08
2143.73
2173.09
2174.85
1793.91
1407.16
1037.89
967.795
926.282
915.41
916.396
934.5
940.305
937.516
924.937
926.416
951.578
954.623
959.438
956.291
961.487
982.046
982.283
975.705
973.257
971.927
978.487
978.238
969.762
948.59
867.509
864.632
858.847
860.965
879.47
874.939
888.818
880.376
884.378
881.901
890.194
908.415
946.681
1034.59
1164.02
1276.32
1337.86
1378.24
1427.34
1466.43
1482.81
1487.62
1482.1
1478.89
1487.92
1469.94
1379.15
1249.23
1053.43
881.46
274
274
274
274
274
274
274
274
274
274
274
274
274
274
274
274
274
274
274
274
274
274
274
274
274
274
274
274
274
274
274
274
274
274
274
274.003
274.118
277.717
376.066
721.834
812.137
815.747
818.35
825.691
839.392
856.828
874.534
892.42
914.224
944.384
987.428
1052.04
1143.7
1261.26
1402.73
1563.96
1732.78
1879.99
1958.4
1981.95
1993.92
2021.2
2057.7
2105.42
2119.58
2124.64
2175.48
2205.83
2156.17
1809.48
1273.71
1094.22
1012.86
985.051
962.042
945.921
929.3
925.319
921.903
911.959
909.71
929.761
941.133
951.998
951.316
968.51
991.857
987.866
984.346
989.408
1006.24
1014.9
1003.37
999.856
1000.21
980.561
872.421
879.689
856.386
852.897
856.555
872.628
881.589
884.671
892.407
894.543
894.512
895.327
913.158
957.432
1034.29
1170.63
1308.7
1375.66
1407.65
1450.88
1492.81
1502.03
1503.44
1491.47
1490.5
1419.78
1310.15
1162.18
953.435
274
274
274
274
274
274
274
274
274
274
274
274
274
274
274
274
274
274
274
274
274
274
274
274
274
274
274
274
274
274
274
274
274
274
274
274.012
274.457
287.052
499.696
785.885
813.21
816.071
821.722
832.342
847.997
865.64
882.717
901.071
926.541
965.353
1021.8
1100.76
1203.56
1330.15
1476.09
1637.76
1796.3
1919.34
1970.85
1986.02
2003.71
2036.45
2077.61
2138.07
2170.85
2188.09
2225.82
2251.17
2069.17
1648.08
1159.92
1049.78
1007.17
987.393
978.992
989.477
993.801
997.53
994.491
975.817
956.369
955.929
965.183
956.338
955.678
981.239
994.254
999.43
1001.19
1002.18
1037.19
1046.46
1024.28
1015.05
1033.37
1033.28
1005.11
912.559
918.445
877.666
875.758
864.07
882.343
885.804
892.306
904.531
911.135
918.35
919.077
919.597
936.51
971.426
1044.02
1177.54
1338.36
1417.8
1443.14
1481.38
1518.03
1523.5
1497.31
1463.62
1317.72
1168.52
1023.38
274
274
274
274
274
274
274
274
274
274
274
274
274
274
274
274
274
274
274
274
274
274
274
274
274
274
274
274
274
274
274
274
274
274
274.001
274.043
275.478
316.021
640.592
803.745
813.365
816.958
824.723
837.198
853.027
869.856
888.813
912.768
947.47
997.767
1065.84
1153.34
1263.67
1398.6
1554.77
1723.16
1877.79
1958.93
1985.24
1996.94
2017.04
2048.34
2100.08
2153.94
2186
2203.81
2222
2212.62
1837.87
1400.67
1117.33
1045.7
1012.71
997.487
981.916
968.965
978.534
985.707
978.103
976.57
980.35
999.224
1007.17
991.562
993.557
1004.54
1011.4
1012.86
1013.18
1033.5
1057.23
1058.19
1044.05
1043.04
1071.4
1067.99
1063.68
1030.99
974.289
926.328
893.979
889.802
873.473
885.947
891.979
904.813
912.591
926.335
935.112
945.116
952.372
959.313
967.058
999.162
1057.54
1185.95
1367.78
1475.36
1503.57
1511.62
1542.2
1485.4
1473.33
1139.98
1003.62
274
274
274
274
274
274
274
274
274
274
274
274
274
274
274
274
274
274
274
274
274
274
274
274
274
274
274
274
274
274
274
274
274
274
274.004
274.145
278.508
392.679
732.805
809.041
814.096
819.105
829.277
843.019
858.839
876.488
899.381
929.505
971.039
1027.32
1099.6
1190.19
1303.9
1443.31
1608.36
1788.92
1925.49
1974.25
1989.71
2003.51
2029.11
2064.69
2110.91
2147.83
2171.27
2185.06
2200.81
2116.31
1743.01
1224.44
1079.22
1030.01
1013.52
1006.94
1000.89
1002.43
999.928
1008.69
1010.72
990.907
985.961
1017.48
1026.29
1006.26
1003.9
1022.62
1028.43
1015.62
1021.7
1039.53
1060.76
1062.39
1038.78
1067.02
1097.31
1086.2
1081.4
1091.49
1079.79
1056.64
950.27
936.663
904.217
895.703
886.924
896.486
899.444
914.793
931.549
949.852
958.898
971.827
986.507
999.514
1014.57
1035.64
1090.7
1199.99
1414.4
1526.96
1552.03
1506.95
1489.18
1443.77
968.179
274
274
274
274
274
274
274
274
274
274
274
274
274
274
274
274
274
274
274
274
274
274
274
274
274
274
274
274
274
274
274
274
274
274
274.011
274.426
286.207
491.483
782.407
810.314
815.068
823.408
834.506
848.212
864.739
885.267
912.716
947.365
994.269
1056.36
1135.16
1233.29
1354.02
1499.32
1668.96
1843.01
1949.69
1984.18
1998.17
2015.16
2040.77
2073.11
2104.39
2149.16
2188
2227.11
2262.76
2050.94
1694.74
1235.73
1139.8
1092.99
1069.08
1052.74
1037.48
1023.33
1037.48
1046.11
1035.73
1022.7
1032.88
1062.44
1060.05
1044.89
1049.56
1064.07
1071.08
1057.27
1055.11
1071.52
1094.26
1069.99
1062.16
1099.89
1131.93
1115.43
1101.09
1119.58
1125.93
1124.25
1093.26
1048.09
986.044
957.201
944.358
933.386
929.782
927.976
928.88
938.79
958.526
972.158
990.08
1006.53
1028.9
1051.02
1076.67
1100.67
1158.11
1267.21
1449.7
1572.21
1588.09
1431.92
1383.73
274
274
274
274
274
274
274
274
274
274
274
274
274
274
274
274
274
274
274
274
274
274
274
274
274
274
274
274
274
274
274
274
274
274.001
274.03
275.059
303.124
599.127
798.658
810.668
816.463
826.648
838.943
853.447
871.194
895.559
926.773
967.438
1021.57
1092.57
1183.17
1294.2
1423.36
1568.14
1720.81
1860.33
1961.21
2004.98
2021.86
2037.1
2063.51
2089.67
2134.21
2184.19
2226.8
2267.41
2277.14
1959.83
1500.67
1180.19
1111.03
1085
1072.12
1065.39
1060.81
1049.67
1055.35
1061.98
1057.44
1044.54
1057.68
1079.64
1082.15
1068.48
1075.19
1102.18
1102.22
1089.05
1097.59
1125.29
1122.81
1100.05
1109.72
1138.13
1159.94
1146.23
1135.27
1153.85
1166.03
1153.05
1157.83
1138.21
1110.6
1045.05
1020.78
995.03
993.924
992.406
984.584
979.46
978.16
976.109
979.089
991.192
1011.77
1037.39
1074.11
1113.92
1149.8
1201.51
1246.39
1334.15
1497.86
1680
1760.31
274
274
274
274
274
274
274
274
274
274
274
274
274
274
274
274
274
274
274
274
274
274
274
274
274
274
274
274
274
274
274
274
274
274.002
274.065
276.049
330.448
664.544
802.007
812.321
820.01
831.087
844.117
857.003
877.784
904.313
938.45
983.7
1045.09
1125.71
1226.49
1344.68
1472.08
1606.27
1736.43
1859.78
1962.85
2020.74
2044.24
2058.97
2070.19
2099.72
2141.98
2186.7
2220.07
2232.67
2189.45
1858.04
1384.18
1178.19
1124.7
1105.18
1092.63
1087.82
1080.35
1070.62
1083.85
1090.63
1088.71
1073.79
1088.67
1112.72
1113.88
1096.79
1105.87
1131.25
1135.59
1120.66
1126.02
1157.88
1161.82
1147.78
1155.76
1192.18
1206.11
1183.01
1188.42
1221.96
1229.11
1214.41
1217.41
1216.97
1211.02
1147.56
1110.75
1079.47
1041.34
1060.98
1066.46
1068.23
1084.52
1084.9
1090.32
1090.83
1099.4
1106.52
1135.47
1187.83
1243.56
1339.34
1451.18
1567.24
1623.14
1735.04
1981.21
274
274
274
274
274
274
274
274
274
274
274
274
274
274
274
274
274
274
274
274
274
274
274
274
274
274
274
274
274
274
274
274
274
274.003
274.106
277.211
360.191
698.658
802.415
814.89
824.801
835.693
847.946
859.051
879.225
906.96
943.683
993.369
1060.56
1147.14
1252.64
1372.83
1497.88
1625.06
1746.25
1859.02
1957.8
2024.13
2052.77
2066.18
2075.17
2101.5
2135.45
2180.24
2217.59
2230.64
2163.82
1826.9
1344.13
1183.79
1130.73
1110.55
1102.98
1102.71
1097.93
1092.34
1103.93
1112.32
1112.95
1104.6
1117.25
1144.13
1146.35
1129.3
1135.3
1156.65
1160.18
1144.57
1150.26
1183.53
1188.56
1169.38
1177.47
1218.55
1231.83
1215.57
1206.85
1233.36
1257.72
1248.59
1251.4
1253.11
1252.72
1215.44
1140.34
1134.81
1088.34
1073.41
1091.54
1083
1106.5
1112.82
1131.54
1140.68
1155.86
1162.52
1165.81
1207.28
1252.07
1344.65
1464.52
1612.67
1731.73
1873.55
2024.94
274
274
274
274
274
274
274
274
274
274
274
274
274
274
274
274
274
274
274
274
274
274
274
274
274
274
274
274
274
274
274
274
274
274.005
274.192
279.561
405.296
733.585
805.284
816.388
825.683
836.404
849.479
862.984
882.592
913.204
953.388
1007.07
1078.33
1168.94
1278.37
1401.49
1526.97
1650.35
1765.84
1867.04
1956.7
2024.33
2059.01
2075.7
2088.13
2118.07
2155.63
2201.6
2227.59
2237.5
2103.65
1768.95
1296.06
1175.81
1133.13
1116.06
1113.03
1110.69
1105.33
1101.73
1119.85
1135.63
1132.55
1132.03
1142.89
1167.9
1168.1
1153.05
1161.52
1186.43
1194.24
1181.39
1184.38
1211.86
1214.98
1195.76
1201.07
1233.59
1254.03
1236.89
1238.62
1269.45
1298.62
1285.9
1284.96
1290.17
1288.83
1282.49
1223.71
1161.28
1169.72
1129.13
1147.61
1131.21
1144.16
1143.67
1158.59
1177.33
1199.2
1226.11
1238.82
1263.97
1289.75
1330.98
1402.65
1511.83
1665.27
1815.78
2044.97
274
274
274
274
274
274
274
274
274
274
274
274
274
274
274
274
274
274
274
274
274
274
274
274
274
274
274
274
274
274
274
274
274
274.009
274.32
282.91
448.393
756.288
805.924
817.752
828.376
840.005
853.1
868.703
886.468
917.755
959.205
1014.27
1087.86
1183.64
1301.76
1432.48
1562.73
1683.72
1791.8
1885.12
1962.2
2023.72
2065.34
2080.35
2097.42
2125.27
2159.39
2202.77
2234.35
2255.73
2063.79
1742.58
1285.41
1183.69
1147.14
1129.69
1123.48
1121.88
1119.82
1119.12
1136.99
1142.34
1149.36
1154.67
1159.91
1189.44
1193.69
1185.3
1199.26
1219.36
1234.35
1220.29
1220.35
1249.17
1251.52
1238.37
1242.9
1259.15
1275.6
1268.61
1266.86
1294.27
1318.1
1317.09
1331.08
1343.07
1339.07
1332.97
1330.76
1274.6
1218.79
1221.85
1185.78
1203.26
1182.97
1202.19
1193.51
1224.81
1239.91
1280.43
1312.26
1351.39
1398.12
1447.84
1512.44
1586
1682.79
1795.55
1913.63
274
274
274
274
274
274
274
274
274
274
274
274
274
274
274
274
274
274
274
274
274
274
274
274
274
274
274
274
274
274
274
274
274
274.015
274.538
288.438
500.754
776.651
807.953
817.515
827.55
839.234
852.714
869.993
893.28
923.748
966.067
1024.5
1102.16
1204.45
1329.1
1466.26
1602.25
1722
1822.4
1904.03
1970.76
2028.03
2061.17
2072.97
2095.11
2125.02
2162.06
2208.42
2247.66
2278.71
2015.4
1686.15
1276.87
1189.18
1152.37
1137.3
1131.89
1129.74
1123.55
1128.05
1144.81
1150.17
1155.45
1164.02
1167.47
1194.03
1203.21
1197.97
1211.44
1233.16
1255.11
1251.19
1256.73
1282.75
1298.67
1290.21
1298.97
1317.89
1329.73
1319.07
1318.26
1337.42
1349.8
1342.98
1362.43
1382.82
1392.22
1393.81
1388.34
1382.19
1320.94
1257.79
1271.36
1235.31
1254.37
1229.72
1251.58
1245.82
1277.7
1295.89
1345.29
1377.21
1436.51
1489.24
1562.47
1636.94
1719.84
1782.14
1852.35
274
274
274
274
274
274
274
274
274
274
274
274
274
274
274
274
274
274
274
274
274
274
274
274
274
274
274
274
274
274
274
274
274.001
274.024
274.812
295.35
549.409
784.006
808.002
818.389
830.095
843.321
857.933
875.933
900.115
931.582
974.19
1032.88
1110.86
1214.51
1342.22
1483.03
1620.09
1736.84
1839.11
1918.72
1979.85
2026.94
2060.61
2077.35
2092.14
2113.89
2156.48
2199.19
2232.67
2235.93
1933.06
1584.54
1268.62
1203.78
1170.97
1158.75
1153.07
1150.98
1146.85
1153.92
1165.17
1169.41
1182.68
1189.84
1191.2
1215.53
1227.07
1223.12
1232.63
1251.76
1271.18
1269.53
1273.33
1291.91
1310.93
1315.1
1323.76
1332.23
1361.86
1367.28
1366.81
1382.68
1400.97
1395.49
1410.52
1427.37
1440.3
1459.74
1462.57
1460.57
1445.61
1407.18
1334.92
1348.87
1308.19
1330.61
1301.16
1324.86
1322.46
1365.91
1385.91
1446.76
1489.81
1560.74
1604.72
1674.89
1716.82
1780.86
1819.43
274
274
274
274
274
274
274
274
274
274
274
274
274
274
274
274
274
274
274
274
274
274
274
274
274
274
274
274
274
274
274
274
274.001
274.037
275.213
305.594
597.86
791.427
809.472
818.542
829.577
842.475
857.012
875.29
899.978
932.494
977.004
1037.43
1117.18
1223
1353.02
1496.99
1639.27
1757.47
1857.65
1930.65
1982.3
2021.81
2050.03
2076.71
2090.9
2118.73
2164.11
2202.52
2218.01
2188.94
1896.2
1481.01
1231.92
1180.05
1159.2
1151.19
1149.78
1149.31
1145.74
1162.4
1168.33
1177.46
1191.43
1198.43
1208.84
1229.8
1240.34
1249.34
1260.24
1273.63
1296.28
1302.47
1306.07
1324.25
1341.32
1349.55
1363.07
1368.38
1393.57
1402.67
1406.98
1424.18
1437.2
1442.09
1456.98
1470.29
1485.18
1505.71
1523.14
1530.63
1529.08
1510.01
1488.26
1427.4
1430.4
1390.84
1411.43
1385.58
1414.19
1428.42
1484.59
1515.46
1569.47
1606.66
1660.41
1709.62
1753.22
1807.02
1829.08
274
274
274
274
274
274
274
274
274
274
274
274
274
274
274
274
274
274
274
274
274
274
274
274
274
274
274
274
274
274
274
274
274.002
274.054
275.679
317.68
633.166
793.28
809.217
818.975
831.183
845.345
861.031
880.132
905.073
937.578
982.53
1043.76
1124.66
1231.66
1362.44
1508.49
1655.81
1779.93
1872.83
1939.06
1981.38
2010.07
2046.39
2080.55
2102.95
2139.39
2184.62
2218.88
2230.76
2181.88
1876.85
1433.15
1228.19
1180.71
1160.29
1152.19
1149.79
1148.68
1146.99
1165.19
1171.6
1181.06
1194.15
1202.68
1208.5
1229.27
1245.41
1249.64
1267.72
1284.79
1305.63
1321.36
1327.59
1349.66
1367.37
1378.91
1400.39
1409.48
1427.09
1447.9
1454.77
1473.37
1494.67
1503.85
1516.1
1534.27
1548.36
1563.62
1582.07
1601.31
1621.66
1628.17
1618.71
1587.73
1540.48
1517.58
1501.02
1496.99
1495.03
1504.68
1541.31
1571.65
1622.59
1658.94
1714.54
1748.54
1802.76
1826.65
1855.06
274
274
274
274
274
274
274
274
274
274
274
274
274
274
274
274
274
274
274
274
274
274
274
274
274
274
274
274
274
274
274
274
274.002
274.076
276.302
334.74
664.549
797.011
810.399
819.384
830.949
844.909
860.815
880.19
905.159
938.292
984.763
1048.08
1131.97
1241.83
1373.73
1519.81
1667.29
1795.26
1887.35
1941.16
1970.6
2007.59
2049.05
2087.8
2110.07
2141.25
2176.25
2207.81
2221.1
2164.67
1866.63
1416.24
1226.78
1181.41
1160.81
1152.12
1149.23
1147.92
1143.43
1158.8
1171.45
1175.53
1187.51
1203.08
1206.07
1225.95
1246.08
1253.06
1268.6
1281.38
1301.5
1321.78
1331.16
1351.59
1371.59
1387.59
1411.99
1430.74
1449.06
1474.2
1491.94
1510.77
1528.89
1552.4
1572.94
1589.74
1606.18
1624.77
1647.23
1667.53
1694.75
1718.54
1737.58
1753.25
1713.17
1677.93
1623.6
1634.38
1612.22
1628.63
1625.48
1662.33
1691.48
1742.96
1780.3
1822.63
1858.44
1888.25
1929.5
274
274
274
274
274
274
274
274
274
274
274
274
274
274
274
274
274
274
274
274
274
274
274
274
274
274
274
274
274
274
274
274
274.003
274.1
276.95
351.278
685.034
797.965
810.577
819.92
832.156
847.154
864.316
884.83
910.651
944.846
992.942
1058.05
1143.77
1254.06
1383.98
1527.12
1671.88
1797.37
1886.41
1931.76
1966.99
2006.84
2048.84
2082.34
2100.15
2129.53
2163.33
2195.28
2207.55
2140.11
1833.2
1396.33
1228.57
1187.87
1170.18
1162.96
1160.29
1158.69
1153.2
1165.34
1178.12
1184.44
1195.08
1211.39
1215.97
1231.05
1248.64
1258.15
1277.17
1290.26
1302.59
1326.69
1337.87
1354.1
1373.53
1390.87
1412.18
1433.61
1455.25
1475.95
1502.87
1525.89
1551.29
1580.1
1601.47
1631.01
1657.67
1682.12
1709.42
1736.98
1765.07
1798.27
1831.32
1860.57
1875.21
1879.32
1849.42
1793.59
1775.89
1763.44
1772.35
1776.44
1799.49
1828.79
1870.02
1894.42
1926.83
1961.19
2003.67
274
274
274
274
274
274
274
274
274
274
274
274
274
274
274
274
274
274
274
274
274
274
274
274
274
274
274
274
274
274
274
274
274.004
274.128
277.714
368.792
703.106
800.326
811.934
821.12
833.453
848.77
866.714
888.51
915.745
952.173
1003.74
1073.05
1162.7
1273.92
1400.27
1536.73
1673.4
1790.28
1868.5
1924.92
1966.76
2004.45
2046.06
2076
2097.53
2130.82
2169.74
2203.35
2215.4
2135.79
1825.77
1385.62
1226.82
1187.06
1170.45
1164.86
1163.04
1162.44
1159.23
1166.89
1180.36
1188.7
1202.01
1212.38
1225.23
1239.18
1251.93
1265.14
1282.08
1297.74
1312.11
1330.92
1348.77
1364.58
1384.26
1404.17
1423.46
1442.38
1465.45
1488.63
1512.22
1536.36
1562.78
1590.6
1618.69
1648.23
1678.57
1708.99
1740.46
1772.4
1802.61
1836.45
1872.66
1910.49
1952.19
1990.5
2018.45
2016.16
1991.66
1930.25
1913.41
1890.05
1906.44
1905.82
1928.15
1938.71
1969.55
1985.82
2013.18
274
274
274
274
274
274
274
274
274
274
274
274
274
274
274
274
274
274
274
274
274
274
274
274
274
274
274
274
274
274
274
274
274.004
274.152
278.364
381.754
714.07
801.321
812.777
822.108
834.576
850.09
868.692
891.853
921.165
961.298
1018.54
1094.61
1189.84
1301.48
1421.56
1546.83
1669.38
1772.14
1849.86
1909.67
1957.95
2004.25
2041.75
2069.36
2093.29
2129.21
2170.34
2194.57
2204.05
2115.38
1814.05
1384.5
1234.05
1193.97
1176.45
1170.16
1167.7
1166.6
1163.59
1172.75
1184.4
1192.12
1204.85
1215.66
1228.72
1242.58
1256.37
1271.1
1288.4
1302.55
1320.33
1337.84
1355.39
1374.46
1393.11
1412.47
1434.11
1457.32
1478.95
1502.37
1527.11
1553.39
1580.03
1607.3
1636.5
1667.49
1699.04
1730.26
1763.86
1796.06
1826.16
1858.49
1890.86
1925.83
1965.43
2014.83
2065.05
2109.65
2120.89
2139.87
2038.44
2025.62
1976.04
1965.24
1964.44
1966.02
1976.5
2002.41
1966.73
274
274
274
274
274
274
274
274
274
274
274
274
274
274
274
274
274
274
274
274
274
274
274
274
274
274
274
274
274
274
274
274
274.005
274.175
278.972
392.854
723.727
803.797
814.323
823.077
835.447
851.774
872.467
898.795
931.931
977.139
1040.9
1123.86
1223.6
1333.18
1443.93
1553.89
1658.35
1749.05
1818.28
1878.43
1934.28
1987.87
2030.69
2054.12
2083.08
2128.82
2177.9
2200.26
2209.81
2121.06
1821.58
1389.69
1239.81
1201.02
1183.81
1177.56
1175.22
1174.45
1171.81
1180.27
1193.92
1201.46
1213.9
1225.02
1237.56
1251.74
1265.42
1280.74
1297.63
1313.5
1330.08
1347.22
1365.21
1383.66
1404.18
1424.82
1445.38
1468.3
1490.98
1513.83
1539.38
1565.36
1593
1622.41
1652.44
1682.63
1715.4
1748.94
1781.74
1819.98
1855.54
1890.49
1927.72
1961.53
2000.02
2042.52
2090.72
2146.48
2181.55
2209.37
2214.85
2222.48
2125.57
2081.09
2041.18
2016.14
1989.87
1961.61
1823.59
274
274
274
274
274
274
274
274
274
274
274
274
274
274
274
274
274
274
274
274
274
274
274
274
274
274
274
274
274
274
274
274
274.005
274.188
279.32
398.68
728.483
805.05
814.911
823.272
835.582
852.247
873.922
902.026
937.827
986.952
1055.85
1144.39
1248.16
1357.03
1461.7
1558.41
1647.37
1728.39
1794.42
1855.19
1916.44
1976.49
2023.63
2046.38
2074.65
2120.7
2169.71
2191.36
2199.97
2095.81
1795.29
1369.58
1227.01
1188.7
1172.41
1166.37
1164.38
1164.07
1162.81
1170.92
1181.82
1190.49
1204.85
1214.83
1228.46
1241.98
1256.91
1271.75
1288.98
1304.59
1321.39
1339.7
1358.5
1377.15
1397.38
1418.37
1440.49
1462.79
1485.88
1510.92
1536.69
1562.41
1590.46
1619.74
1648.53
1679.83
1712.23
1744.53
1779.84
1816.91
1854
1893.78
1934.64
1973.98
2012.14
2048.38
2083.03
2119.9
2159.85
2204.49
2224.52
2249.89
2240.77
2232.46
2117.84
2094.97
1889.46
1789.82
1697.66
274
274
274
274
274
274
274
274
274
274
274
274
274
274
274
274
274
274
274
274
274
274
274
274
274
274
274
274
274
274
274
274
274.005
274.195
279.489
401.468
730.813
805.738
815.37
823.742
836.15
852.971
874.925
903.601
940.418
991.139
1061.98
1152.26
1256.94
1365.26
1466.67
1558
1640.82
1715.72
1778.67
1837.92
1900.54
1959.3
2005.01
2030.18
2051.9
2103.91
2171.87
2208.35
2220.65
2142.81
1845.35
1407.68
1249.71
1209.82
1192.43
1186.75
1184.95
1184.56
1184.25
1191.25
1202.07
1210.47
1222.85
1235.07
1248.83
1260.27
1277.16
1292.04
1307.46
1323.36
1340.85
1359.72
1378.11
1396.96
1418.11
1438.9
1459.77
1483.22
1506.87
1530.39
1556.91
1583.27
1610.36
1639.53
1668.63
1699.47
1731.72
1764.26
1799.03
1835.92
1873.59
1913.07
1956.46
1999.61
2041.27
2078.35
2106.67
2128.04
2149.12
2180.18
2228.85
2286.65
2312.42
2322.71
2339.66
2101.61
1858.9
1758.91
1701.5
274
274
274
274
274
274
274
274
274
274
274
274
274
274
274
274
274
274
274
274
274
274
274
274
274
274
274
274
274
274
274
274
274.005
274.189
279.329
398.803
728.389
804.787
814.835
823.417
835.891
852.527
873.899
901.709
937.688
987.333
1056.5
1144.53
1247.65
1356.27
1460.28
1555
1641.43
1719.78
1784.62
1842.91
1904.76
1965.19
2015.15
2042.91
2076.09
2122.27
2171.52
2192.46
2202.3
2103.28
1799.47
1375.88
1230.89
1192.11
1175.6
1169.35
1166.92
1166.1
1165.36
1172.28
1183.3
1192.66
1205.99
1216.54
1230.03
1243.53
1258.58
1273.03
1290.02
1305.14
1322.41
1340.6
1358.43
1377.41
1398.07
1418.38
1440.34
1462.36
1484.89
1509.89
1535.44
1561.44
1589.45
1618.48
1646.49
1677.08
1709.73
1741.99
1777.84
1814.92
1851.71
1891.08
1931.44
1971.18
2008.91
2043.87
2078.51
2114.48
2154.95
2203.17
2225.09
2248.17
2247.24
2214.7
2117.29
2085.82
1900.03
1781.03
1700.06
274
274
274
274
274
274
274
274
274
274
274
274
274
274
274
274
274
274
274
274
274
274
274
274
274
274
274
274
274
274
274
274
274.005
274.176
278.987
393.069
723.537
803.255
814.074
823.221
835.907
852.196
872.358
898.128
931.519
977.515
1041.56
1123.48
1221.97
1330.74
1441.19
1548.33
1646.71
1734
1806.06
1860.09
1914.05
1969.97
2016.95
2046.9
2079.14
2119.98
2165.7
2191.84
2201.65
2111.58
1809.55
1383.1
1233.23
1193.24
1175.49
1169.06
1166.53
1165.7
1163.99
1171.37
1184.56
1193.06
1206.59
1216.99
1229.12
1242.06
1256.49
1271.82
1289.44
1303.49
1321.85
1339.52
1355.74
1375.66
1397.4
1416.08
1438.75
1462.59
1482.44
1507.83
1534.65
1559.28
1588.58
1617.82
1646.69
1677.8
1710.56
1744.08
1779.45
1816.34
1852.56
1889.5
1925.58
1960.59
1998.98
2040.61
2089.16
2146.81
2182.37
2206.93
2224.82
2227.2
2128.7
2067.15
2038.9
2003.62
1980.69
1952.85
1818.5
274
274
274
274
274
274
274
274
274
274
274
274
274
274
274
274
274
274
274
274
274
274
274
274
274
274
274
274
274
274
274
274
274.004
274.153
278.391
382.237
714.056
800.575
812.306
822.117
834.983
850.436
868.391
890.906
920.516
961.412
1018.77
1093.39
1186.83
1297.64
1416.96
1538.68
1655.53
1757.37
1836.3
1893.56
1937.47
1978.79
2027.8
2063.48
2089.66
2124.82
2164.59
2187.92
2196.48
2108.65
1802.57
1381.85
1230.35
1190.8
1173.62
1167.16
1164.87
1163.97
1162.39
1168.91
1181.8
1189.62
1202.51
1212.29
1226.45
1241.35
1255.13
1271.04
1287.61
1302.23
1320.3
1337.76
1355.28
1374.16
1394.68
1414.3
1435.85
1458.82
1479.76
1503.99
1530.11
1555.24
1583.13
1612.22
1640.66
1671.29
1703.02
1734.98
1768.03
1800.7
1831.72
1862.99
1896.2
1931.65
1972.54
2021.11
2073.01
2122.31
2135.98
2158.54
2051.21
2035.13
1983.92
1970.04
1969.83
1971.31
1976.31
1999.8
1968.19
274
274
274
274
274
274
274
274
274
274
274
274
274
274
274
274
274
274
274
274
274
274
274
274
274
274
274
274
274
274
274
274
274.004
274.129
277.75
369.511
703.28
799.494
811.504
821.321
834.095
849.238
866.504
887.785
915.285
952.337
1004.02
1072.01
1159.61
1269.29
1394.34
1527.68
1658.28
1771.49
1856.58
1913.23
1950.23
1985.41
2032.52
2069.32
2093.2
2126.76
2167.18
2200.11
2211.08
2133.04
1820.36
1391.29
1229.7
1189.97
1172.85
1166.31
1164.05
1162.9
1158.25
1170.41
1183.28
1190.94
1203.83
1216.42
1227.41
1243.17
1255.63
1267.94
1285.79
1300.49
1314.44
1333.33
1351.89
1367.65
1387.69
1408.59
1425.68
1449.62
1470.31
1491.13
1518.48
1541.53
1567.66
1595.58
1622.79
1652.23
1681.18
1711.2
1742.46
1772.21
1802.34
1836.44
1872.77
1909.02
1951.67
1995.51
2029.75
2027.6
2010.1
1940.33
1922.66
1893.91
1916.93
1908.84
1932.99
1939.84
1969.68
1983.98
2022.18
274
274
274
274
274
274
274
274
274
274
274
274
274
274
274
274
274
274
274
274
274
274
274
274
274
274
274
274
274
274
274
274
274.003
274.102
276.991
352.205
685.553
797.168
810.175
820.104
832.711
847.494
864.081
884.316
910.428
945.065
993.187
1057.09
1140.52
1248.89
1377.32
1517.38
1656.14
1777.01
1867.29
1925.48
1962.06
1990.38
2034.7
2073.17
2094.83
2121.93
2154.78
2189.14
2202.78
2136.73
1836.02
1407.47
1235.94
1194.04
1175.62
1167.93
1165.32
1164.19
1160.17
1166.86
1179.12
1186.74
1200.71
1214.44
1219.22
1236.75
1254.71
1263.69
1283.11
1296.55
1310.48
1331.35
1342.04
1368.09
1381.13
1396.29
1426.35
1441.56
1460.73
1482.32
1507.93
1529.08
1555.33
1581.67
1605.83
1633.12
1658.56
1684.27
1708.65
1736.11
1769.15
1802.59
1837.28
1869.19
1888.36
1899.89
1868.02
1806.56
1789.61
1771.99
1785.14
1783.24
1810.33
1833.36
1875.81
1894.94
1928.04
1956.87
2001.73
274
274
274
274
274
274
274
274
274
274
274
274
274
274
274
274
274
274
274
274
274
274
274
274
274
274
274
274
274
274
274
274
274.002
274.078
276.34
335.615
665.294
796.173
810.117
819.658
831.422
845.152
860.685
879.965
905.124
938.421
984.682
1046.71
1128.37
1236.25
1366.49
1509.49
1651.39
1775.5
1869.34
1930.78
1970.59
2001.95
2034.65
2076.17
2106.26
2136.3
2170.19
2199.07
2216.35
2167.47
1881.04
1434.03
1234.43
1188.46
1168.32
1159.89
1157.21
1156.36
1152.02
1165.11
1178.47
1182.36
1193.68
1207.29
1211.89
1232.63
1252.61
1258.08
1275.3
1286.54
1304.89
1321.03
1330.84
1355.88
1363.66
1385.69
1412.73
1419.85
1439.58
1469.15
1483.79
1504.35
1526.72
1549.08
1570.91
1595.54
1613.95
1632.86
1657.59
1682.33
1708.27
1734.9
1759.07
1774.53
1731.84
1699.23
1638.48
1648.33
1624.97
1640.93
1637.83
1671.96
1701.8
1751.17
1789.32
1830.96
1868.41
1894.95
1941.22
274
274
274
274
274
274
274
274
274
274
274
274
274
274
274
274
274
274
274
274
274
274
274
274
274
274
274
274
274
274
274
274
274.002
274.055
275.713
318.439
634.376
792.377
808.961
819.204
831.376
845.303
860.943
880.204
905.17
937.475
981.995
1042.01
1120.93
1226.08
1355.29
1498.48
1641.15
1766.58
1863.32
1929.16
1973.29
2007.58
2036.38
2070.13
2100.12
2132.65
2178.4
2215.37
2232.52
2190.11
1886
1454.1
1235.57
1185.74
1164.76
1156.25
1153.58
1152.13
1147.34
1164.48
1172
1180.64
1194.92
1203.07
1208.15
1231.32
1246.43
1246.21
1263.72
1279.94
1301.71
1309.21
1321.47
1348.41
1355.2
1379.22
1399.31
1403.31
1430.64
1454.55
1462.22
1482.89
1504.84
1517.92
1533.14
1548.65
1563.05
1581.78
1599.98
1617.95
1636.07
1641.83
1638.6
1601.24
1558.38
1522.97
1511.4
1501.08
1502.8
1509.66
1542.76
1573.96
1622.84
1658.67
1713.97
1748.84
1801.71
1826.37
1851.96
274
274
274
274
274
274
274
274
274
274
274
274
274
274
274
274
274
274
274
274
274
274
274
274
274
274
274
274
274
274
274
274
274.001
274.038
275.244
306.276
599.618
790.471
809.236
818.79
829.734
842.439
857.105
875.71
900.369
932.362
976.211
1035.75
1114.25
1218.64
1346.88
1488.08
1627.57
1750.25
1848.01
1919.67
1970.92
2010.76
2045.43
2070.26
2092.84
2114.21
2158.51
2197.63
2221.26
2203.44
1907.36
1511.83
1246.02
1190.82
1167.24
1156.58
1152.92
1151.47
1145.82
1162.37
1172.91
1180.04
1193.57
1197.13
1203.37
1231.62
1239.68
1237.19
1254.39
1280.14
1293.38
1296.7
1309.27
1333.91
1336.58
1359.56
1372
1374.24
1406.03
1416.78
1418.38
1441.13
1451.86
1456.36
1470.9
1483.05
1497.01
1511.57
1531.14
1539.81
1538.35
1519.98
1506.15
1447.11
1437.1
1405.44
1416.06
1401.55
1420.17
1439.45
1489.62
1525.98
1576.14
1615.55
1667.14
1713.57
1758.29
1809.37
1831.63
274
274
274
274
274
274
274
274
274
274
274
274
274
274
274
274
274
274
274
274
274
274
274
274
274
274
274
274
274
274
274
274
274.001
274.025
274.838
295.926
551.952
783.151
807.82
818.712
830.26
843.261
858.067
876.508
900.72
931.738
974.133
1032.53
1109.68
1211.66
1337.04
1474.46
1610.13
1729.9
1828.22
1902.81
1962.18
2014.47
2052.88
2075.74
2093.33
2115.5
2154.86
2194
2231.98
2242.55
1928.93
1592.35
1269.81
1203.03
1170.51
1157.64
1152.57
1150.75
1147.91
1147.89
1164.77
1172.16
1178.36
1177.78
1192.4
1220.3
1220.91
1214.52
1232.46
1262.01
1267.5
1267.65
1280.83
1308.17
1316.97
1332.58
1342.49
1344.82
1375.33
1385.19
1381.84
1394.8
1409.75
1405.23
1420.1
1434.13
1445.54
1468.74
1467.77
1468.4
1454.51
1429.49
1372.29
1360.42
1337.59
1338.42
1327.56
1332.08
1338.94
1371.06
1403.53
1454.15
1505.18
1569.27
1622.12
1681.68
1734.97
1788.97
1836.47
274
274
274
274
274
274
274
274
274
274
274
274
274
274
274
274
274
274
274
274
274
274
274
274
274
274
274
274
274
274
274
274
274.001
274.016
274.56
288.963
504.438
776.383
807.695
817.761
827.787
839.33
852.978
870.633
894.549
925.478
967.315
1024.96
1101.11
1201.01
1323.23
1456.82
1588.49
1706.48
1804.14
1881.58
1954.83
2015.34
2057.52
2076.59
2093.64
2126.23
2160.38
2206.04
2247.72
2277.19
2017.26
1689.22
1278
1189.03
1154.3
1140.61
1135.6
1132.17
1126.15
1124.65
1146.65
1155.48
1156.89
1157.32
1176.76
1200.31
1200.53
1200.86
1224.25
1254.05
1259.81
1259.89
1277.38
1301.21
1304.48
1311.89
1317.5
1316.97
1338.37
1337.95
1327.97
1339.73
1351.8
1349.71
1372.55
1386.97
1399.68
1407
1402.39
1400.8
1338.93
1293.68
1278.26
1258.71
1261.76
1247.43
1259.6
1255.82
1286.24
1306.18
1353.4
1386.69
1446.1
1496.43
1572.31
1643.03
1726.2
1788.77
1855.44
274
274
274
274
274
274
274
274
274
274
274
274
274
274
274
274
274
274
274
274
274
274
274
274
274
274
274
274
274
274
274
274
274
274.009
274.338
283.354
452.698
757.296
805.349
817.586
828.615
840.518
853.817
870.505
893.142
922.178
960.936
1015.65
1089.05
1184.5
1300.92
1428.04
1554.92
1673.76
1779.24
1870.76
1949
2014.42
2062.16
2084.02
2098.45
2125.5
2158.17
2199.13
2231.96
2253.38
2062.89
1746.2
1289.59
1186.07
1149.33
1131.42
1125.56
1123.5
1120.94
1116.22
1138.41
1150.14
1153.22
1152.55
1175.49
1201
1200.01
1194.97
1210.74
1236.46
1244.38
1233.74
1238.93
1253.23
1251.53
1254.69
1251.52
1255.99
1284.84
1284.05
1269.32
1290.16
1315
1323.63
1346.91
1354.54
1357.67
1355.62
1352.68
1279.29
1241.63
1226.5
1201.13
1215.33
1194.62
1216.05
1199.45
1233.57
1247.98
1287.93
1316.98
1355.97
1400.27
1447.19
1510.32
1580.18
1676.91
1788.76
1905.12
274
274
274
274
274
274
274
274
274
274
274
274
274
274
274
274
274
274
274
274
274
274
274
274
274
274
274
274
274
274
274
274
274
274.005
274.205
279.889
410.013
735.393
804.411
815.964
825.976
837.311
850.611
867.435
889.759
918.074
955.997
1009.25
1079.32
1168.86
1277.6
1397.36
1520.42
1642.78
1756.21
1856.85
1946.57
2015.37
2055.51
2077.07
2091.35
2121.72
2157.38
2202.36
2232.41
2244.86
2109.73
1772.72
1294.93
1177.61
1137.13
1120.4
1117.1
1114.11
1108.71
1101.7
1119.98
1140.82
1138.34
1134.05
1152.61
1176.36
1172.13
1159.24
1171.25
1197.54
1205.99
1195.74
1200.08
1216.87
1218.63
1216.11
1211.32
1222.36
1261.21
1257.4
1244.11
1274.97
1306.33
1311.83
1312.99
1309.89
1299.34
1298.11
1232.44
1180.3
1184.53
1133
1164.36
1136.27
1158.01
1149.45
1170.99
1182.65
1205.4
1225.52
1235.54
1260.76
1281.64
1325.36
1395.54
1504.31
1657.67
1805.5
2032.67
274
274
274
274
274
274
274
274
274
274
274
274
274
274
274
274
274
274
274
274
274
274
274
274
274
274
274
274
274
274
274
274
274
274.003
274.114
277.413
364.372
701.179
801.085
814.237
825.024
836.847
849.682
865.024
885.343
911.267
946.509
995.751
1062.09
1147.82
1252.73
1369.74
1492.52
1620.07
1742.37
1851.6
1947.76
2017.12
2050.97
2065.6
2075.72
2106.14
2141.21
2183.74
2222
2237.7
2169.23
1834.9
1342.15
1186.05
1135.95
1112.55
1103.67
1100.25
1097.68
1091.2
1106
1116.14
1116.7
1112.04
1129
1153.76
1153.41
1138.05
1147.54
1173.58
1173.92
1157.71
1163.29
1181.28
1191.07
1187.14
1180.05
1202.53
1238.86
1237.55
1223.58
1252.12
1282.36
1265.85
1258.21
1255.6
1259.3
1229.2
1142.87
1159
1097.77
1095.23
1106.51
1092.32
1117.83
1118.8
1135.58
1140.2
1149.22
1150.09
1161.64
1202.03
1244.83
1339.99
1457.52
1604.87
1723.57
1859.78
2016.01
274
274
274
274
274
274
274
274
274
274
274
274
274
274
274
274
274
274
274
274
274
274
274
274
274
274
274
274
274
274
274
274
274
274.002
274.069
276.171
333.432
667.473
799.987
811.528
820.448
832.543
846.477
862.148
882.123
907.576
941.27
986.487
1047.57
1127.52
1227.42
1343.2
1468.91
1604.16
1736.43
1853.57
1952.93
2017.17
2044.79
2057.82
2068.96
2102.75
2144.45
2186.71
2222.22
2237.38
2193.35
1852.48
1369.72
1177.64
1128.32
1107.94
1096.2
1093.1
1088.71
1082.29
1090.34
1101.27
1105.69
1095.2
1109.31
1129.39
1130.24
1111.7
1118.75
1143.31
1148.56
1129.86
1131.66
1155.96
1166.34
1161.34
1161.45
1184.5
1221.25
1217.85
1208.77
1236.2
1247.81
1224.62
1220.16
1221
1220.73
1165.15
1126.26
1104.62
1053.99
1074.24
1070.17
1078.18
1091
1087.27
1088.87
1087.39
1089.77
1102.56
1135.47
1181.92
1236.96
1334.93
1443.95
1559.08
1613.37
1723.08
1973.91
274
274
274
274
274
274
274
274
274
274
274
274
274
274
274
274
274
274
274
274
274
274
274
274
274
274
274
274
274
274
274
274
274
274.001
274.032
275.115
304.453
602.559
795.593
809.958
817.82
828.487
840.529
855.222
873.509
898.105
929.086
968.85
1021.43
1090.22
1178.41
1287.29
1414.21
1557.89
1709.29
1850.64
1953.5
1999.86
2019.33
2036.59
2062.42
2089.05
2137.41
2186.01
2228.31
2269.74
2273.2
1963.76
1491.83
1187.24
1116.1
1087.51
1074.89
1072.23
1071.91
1066.16
1061.26
1068.71
1079.71
1065.75
1068.52
1087.33
1089.9
1071.68
1077.7
1108.03
1112.17
1097.14
1097.97
1123.98
1133.45
1118.24
1115.41
1135.14
1175.75
1171.54
1147.31
1160.97
1172.94
1160.93
1164.14
1151.59
1129.01
1056.69
1040.92
1004.24
1002.93
995.128
987.158
983.387
976.962
974.037
973.908
984.734
1003.64
1030.13
1064.62
1101.82
1141.95
1194.1
1236.42
1322.94
1488.74
1672.48
1755.15
274
274
274
274
274
274
274
274
274
274
274
274
274
274
274
274
274
274
274
274
274
274
274
274
274
274
274
274
274
274
274
274
274
274
274.011
274.444
286.676
495.333
779.302
808.124
816.204
826.194
836.927
849.775
865.846
886.469
914.462
949.853
996.314
1056.8
1133.23
1230
1349.99
1494.2
1659.97
1829.83
1942.31
1981.62
1996.52
2013.8
2042.09
2073.57
2106.88
2153.68
2193.8
2239.16
2277.67
2056.26
1702.71
1243.89
1148.48
1102.67
1083.42
1072.65
1056.03
1033.63
1041.23
1047.74
1048.89
1038.8
1033.73
1060.47
1072.02
1056.01
1049.49
1067.89
1080.83
1067.41
1066.4
1084.77
1108.17
1083.09
1073.35
1102.14
1136.57
1133.79
1109.86
1117.7
1131.37
1131.96
1109.51
1081.48
999.055
973.024
945.699
934.365
928.456
925.505
929.209
938.078
951.054
967.632
981.414
1002.5
1023.07
1049.75
1077.59
1112.58
1163.91
1272.87
1449.62
1569.67
1584.86
1429.19
1377.17
274
274
274
274
274
274
274
274
274
274
274
274
274
274
274
274
274
274
274
274
274
274
274
274
274
274
274
274
274
274
274
274
274
274
274.004
274.151
278.696
396.096
731.966
804.915
813.756
822.611
833.532
845.847
860.131
877.069
899.925
930.535
971.081
1025.26
1095.12
1184.02
1297.28
1437.03
1600.07
1776.58
1918.13
1971.34
1987.68
2001.82
2029.52
2067.83
2116.49
2154.29
2178.01
2196.88
2215.87
2131.79
1766.44
1230.86
1083.82
1031.51
1012.85
1005.11
1002.5
1001.36
992.631
1001.75
1017.11
1004.98
994.61
1020.49
1039
1025.3
1011.29
1030.22
1051.57
1033.37
1033.59
1051.31
1076.1
1077.55
1050.23
1072.32
1100.36
1097.96
1089.98
1095.7
1092.06
1072.88
969.78
957.875
911.403
901.576
890.574
895.952
906.803
922.937
929.775
943.536
951.917
964.715
977.587
993.438
1005.9
1029.51
1090.19
1198.49
1406.71
1520.61
1543.49
1506.47
1502.83
1430.85
955.969
274
274
274
274
274
274
274
274
274
274
274
274
274
274
274
274
274
274
274
274
274
274
274
274
274
274
274
274
274
274
274
274
274
274
274.001
274.045
275.546
318.209
644.379
798.805
810.942
818.859
829.939
842.52
855.876
870.664
889.154
913.982
948.818
998.234
1064.8
1151.49
1262.58
1398.12
1551.7
1715.16
1867.39
1954.5
1982.74
1995.27
2017.33
2050.57
2105.73
2160.73
2194.01
2212.96
2230.23
2220.73
1857.39
1396.8
1121.12
1050.05
1018.4
1005.69
990.648
975.14
977.868
991.092
994.585
995.764
989.39
1005.34
1021.75
1014.05
1005.05
1001.24
1018.66
1012.83
1001.61
1026.38
1049.97
1057.86
1038.12
1034.5
1068.52
1071.42
1069.12
1057.21
1007.36
916.687
905.448
886.566
878.021
880.9
894.319
900.674
912.585
918.254
927.689
935.981
939.215
949.302
956.926
996.337
1060.63
1199.41
1372.07
1468.78
1491.81
1492.9
1520.94
1527.52
1445.8
1123.48
987.815
274
274
274
274
274
274
274
274
274
274
274
274
274
274
274
274
274
274
274
274
274
274
274
274
274
274
274
274
274
274
274
274
274
274
274
274.012
274.478
287.731
506.683
783.565
808.614
815.11
825.692
838.824
852.845
867.312
882.878
901.475
927.59
968.135
1026.81
1106.49
1211.82
1341.5
1489.3
1651.02
1806.3
1923.08
1973.38
1990.34
2006.82
2039.03
2085.08
2147.55
2176.37
2191.76
2230
2259.16
2069.15
1649.3
1161.97
1054.25
1014.61
997.751
994.377
997.737
997.118
1007.9
1009.69
994.035
976.657
970.438
980.886
973.456
960.323
973.691
997.838
1003.25
986.767
1002.89
1040.46
1046.37
1027.49
1029.48
1057.01
1056.76
996.511
979.841
900.289
888.63
874.687
868.797
879.764
884.516
891.425
897.006
908.306
904.089
909.841
907.317
931.427
967.524
1053.75
1195.06
1342.76
1411.08
1430.12
1474.31
1503.69
1505.94
1475.83
1451.86
1303.83
1154.48
1008.25
274
274
274
274
274
274
274
274
274
274
274
274
274
274
274
274
274
274
274
274
274
274
274
274
274
274
274
274
274
274
274
274
274
274
274
274.003
274.124
277.927
381.879
725.469
807.132
812.749
820.329
831.914
846.3
861.509
876.198
892.559
914.353
946.732
992.887
1058.65
1149.06
1266.51
1407.8
1568.75
1737.59
1883.33
1961.07
1987.11
2001.7
2028.1
2063.53
2107.23
2117.66
2122.35
2176.92
2210.96
2155.78
1807.32
1266.9
1098.96
1022.07
997.046
977.933
961.861
947.026
942.875
939.31
927.891
922.375
936.676
948.547
959.853
955.827
972.975
1002.15
1005.63
998.55
1004.07
1029.51
1034.74
1021.7
1018.8
1024.89
966.521
914.015
877.784
861.462
852.533
855.935
873.109
876.72
880.267
880.967
885.838
880.918
884.427
911.65
953.928
1044.94
1192.47
1315.08
1370
1392.67
1447.36
1488.31
1497.73
1493.24
1476.26
1475.64
1401.93
1309.31
1160.32
951.049
274
274
274
274
274
274
274
274
274
274
274
274
274
274
274
274
274
274
274
274
274
274
274
274
274
274
274
274
274
274
274
274
274
274
274
274.001
274.028
275.018
302.919
601.133
802.235
813.153
817.24
827.268
841.988
857.84
871.129
884.971
904.001
930.532
968.545
1022.24
1097.09
1198.34
1325.99
1479.17
1659.6
1840.06
1950.41
1985.89
1995.23
2015.46
2035.62
2063.69
2079.71
2092.91
2147
2176.85
2176.06
1799.64
1385.39
1034.26
970.179
934.8
928.415
925.455
932.495
942.623
941.069
929.003
930.603
954.348
962.604
972.571
968.109
979.566
1012.36
1017.75
993.878
990.757
996.382
1004.05
998.329
983.228
957.422
896.017
869.966
869.48
870.072
875.659
880.754
885.756
877.334
874.04
871.478
875.933
900.578
948.488
1044.33
1178.6
1284.49
1334.29
1377.88
1413.2
1461
1477.54
1482.29
1480.77
1471.42
1482.22
1466.22
1377.49
1245.8
1046.3
875.39
274
274
274
274
274
274
274
274
274
274
274
274
274
274
274
274
274
274
274
274
274
274
274
274
274
274
274
274
274
274
274
274
274
274
274
274
274.006
274.244
281.446
440.789
766.99
814.884
816.345
821.424
832.661
849.635
867.578
881.955
898.606
919.814
950.77
995.639
1057.28
1144.49
1260.86
1408.45
1590.57
1794.18
1939.65
1983.5
1994.02
2011.08
2024.35
2053.61
2070.24
2083.45
2131.8
2189.53
2212.4
2106.46
1686.89
1166.13
1022.5
971.794
963.274
949.511
941.605
939.039
936.631
956.419
959.768
955.826
973.991
977.055
959.061
954.613
962.342
963.845
971.728
952.189
961.674
974.646
979.023
959.783
908.327
883.592
877.108
877.619
876.459
879.401
855.847
849.519
840.992
855.75
887.917
946.405
1041.28
1179.19
1257.97
1304.73
1365.61
1396.4
1434
1460.82
1473.37
1478.23
1475.64
1473.42
1484.56
1490.73
1430.44
1325.31
1160.24
968.969
796.716
274
274
274
274
274
274
274
274
274
274
274
274
274
274
274
274
274
274
274
274
274
274
274
274
274
274
274
274
274
274
274
274
274
274
274
274
274.001
274.05
275.733
325.2
664.008
813.543
818.08
819.299
826.009
839.044
856.242
875.753
895.629
914.757
939.253
974.09
1025.05
1099.09
1203.76
1344.04
1524.88
1741.96
1915.79
1968.63
1981.4
1995.74
2018.3
2039.6
2045.51
2056.93
2106.87
2176.15
2234.51
2264.77
1992.91
1492.15
1117.67
1014.36
984.377
983.072
980.978
975.855
980.328
967.582
949.885
942.178
934.892
930.932
923.682
917.664
927.906
956.374
969.86
977.476
983.646
985.492
961.793
912.504
885.162
872.403
859.003
837.165
827.403
821.329
826.126
866.825
912.568
1006.09
1129.97
1215.19
1283.24
1307.22
1328.88
1394.46
1422.09
1439.67
1466.63
1481.8
1485.97
1487.77
1489.49
1506.15
1494.94
1447.38
1344.06
1191.54
1018.81
853.022
710.833
274
274
274
274
274
274
274
274
274
274
274
274
274
274
274
274
274
274
274
274
274
274
274
274
274
274
274
274
274
274
274
274
274
274
274
274
274
274.01
274.396
285.856
492.749
793.218
821.073
819.714
822.806
832.379
847.469
865.149
884.704
907.887
934.227
967.223
1010.12
1069.57
1159.06
1289.72
1467.92
1694.66
1888.39
1944.73
1956.64
1969.64
1994.21
2004.49
2009.59
2024.04
2061
2140.85
2187.42
2194.22
2043.45
1655.19
1118.63
991.247
932.927
932.199
911.326
905.999
909.663
906.221
904.883
938.019
952.175
957.8
976.115
979.752
998.535
1014.85
1009.16
991.018
973.215
941.488
881.163
849.475
834.122
822.637
807.477
831.453
871.053
941.635
1031.36
1123.25
1201.96
1265.53
1289.92
1326.25
1348.4
1383.02
1442.88
1467.25
1478.96
1494.31
1514.13
1522.62
1522.09
1523.1
1521.13
1495.6
1434.75
1331.92
1205.2
1035.58
881.042
754.238
644.864
274
274
274
274
274
274
274
274
274
274
274
274
274
274
274
274
274
274
274
274
274
274
274
274
274
274
274
274
274
274
274
274
274
274
274
274
274
274.002
274.073
276.522
351.146
705.129
819.644
820.903
822.034
828.011
839.895
855.214
872.795
894.806
921.589
952.37
989.573
1041.57
1116.79
1228.76
1391.24
1614.98
1844.07
1921.34
1935.84
1949.74
1969.64
1976.56
1987.51
1997.59
2008.03
2076.73
2140.96
2156.04
2137.25
1752.03
1233.08
1020.22
956.491
963.159
939.506
949.261
963.516
957.211
989.096
978.825
975.735
992.416
996.488
997.26
995.06
983.907
971.375
944.199
907.163
886.572
883.521
870.612
867.477
922.392
973.711
1070.01
1114.62
1168.4
1187.73
1224.01
1278.57
1323.09
1372.7
1453.62
1494.02
1551.38
1570.13
1572.71
1576.12
1573.1
1565.48
1558.61
1552.75
1519.72
1467.5
1390.57
1276.55
1157.31
1030.73
905.512
780.178
671.987
585.224
274
274
274
274
274
274
274
274
274
274
274
274
274
274
274
274
274
274
274
274
274
274
274
274
274
274
274
274
274
274
274
274
274
274
274
274
274
274
274.012
274.495
288.936
525.423
803.728
823.705
822.01
824.918
833.601
846.617
861.96
880.614
904.743
933.46
967.673
1011.92
1079.99
1178.74
1323.98
1532.17
1793.27
1910.07
1930.12
1936.99
1947.3
1958.64
1960.12
1983.95
1993.92
2046.55
2119.27
2157.85
2177.64
2029.53
1669.06
1228.58
1106.43
1061.8
1056.03
1034.16
1041.12
1031.32
1042.4
1043.6
1046.36
1079.25
1062.23
1053.22
1040.68
1040.99
1062.65
1035.39
1003.27
990.86
972.717
994.004
1040.62
1085.49
1117.51
1156.94
1213.39
1277.48
1327.07
1375.11
1391.1
1474.3
1543.75
1572.94
1612.6
1628.1
1630.85
1612.28
1604.27
1583.99
1571.09
1540.26
1489.53
1415.38
1332.51
1234.58
1129.52
1030.74
931.748
815.672
713.282
613.582
532.647
274
274
274
274
274
274
274
274
274
274
274
274
274
274
274
274
274
274
274
274
274
274
274
274
274
274
274
274
274
274
274
274
274
274
274
274
274
274
274.002
274.075
276.637
355.138
710.866
822.086
823.635
824.472
829.484
839.271
852.994
868.97
888.994
914.698
945.994
985.548
1046.32
1134.21
1262.83
1451.36
1706.97
1891.61
1930.15
1933.44
1932.06
1943.96
1941.5
1965.52
1997.17
2039.6
2116.71
2139.8
2139.11
2048.44
1753.57
1352.4
1237.07
1190.25
1211.88
1198.07
1210.93
1232.49
1212.15
1212.85
1173.81
1158.61
1128.09
1118.68
1114.52
1111.49
1109.46
1074.43
1063.43
1036.78
1061
1097.07
1155.33
1212.37
1288.17
1388.74
1448.08
1503.17
1538.84
1569.15
1629.65
1653.71
1666.06
1661.81
1667.38
1668.29
1653.05
1623.9
1605.69
1570.75
1518.72
1444.82
1370.37
1281.21
1204.08
1128.86
1057.86
959.284
845.742
741.973
645.911
564.015
493.615
274
274
274
274
274
274
274
274
274
274
274
274
274
274
274
274
274
274
274
274
274
274
274
274
274
274
274
274
274
274
274
274
274
274
274
274
274
274
274
274.01
274.417
286.798
506.08
798.458
824.572
825.4
828.124
834.788
845.394
859.861
876.073
897.051
924.883
961.013
1014.73
1089.77
1199.78
1360.2
1584.66
1830.74
1921.42
1932.24
1933.27
1947.33
1948.59
1950.72
1971.62
2012.3
2065.17
2077.57
2071.82
1972.6
1589.81
1393.9
1259.92
1234.09
1235.22
1235.51
1238.06
1262.64
1263.69
1279.33
1304
1316.45
1367.96
1381.46
1370.62
1271.96
1299.31
1340.58
1329.76
1365.21
1435.63
1465.31
1510.15
1539.56
1569.49
1591.92
1611.32
1633.13
1645.55
1677.23
1689.14
1694.25
1690.17
1670.89
1656.16
1647.8
1625.75
1581.22
1522.21
1446.15
1373.28
1295.97
1236.02
1178.59
1127.71
1073.23
989.195
884.238
769.208
662.392
576.043
507.395
452.568
274
274
274
274
274
274
274
274
274
274
274
274
274
274
274
274
274
274
274
274
274
274
274
274
274
274
274
274
274
274
274
274
274
274
274
274
274
274
274
274.001
274.05
275.826
330.759
677.733
817.699
825.012
827.422
831.608
839.65
852.119
867.182
884.613
907.726
938.968
983.242
1051.17
1148.07
1287.19
1483.59
1734.04
1895.21
1929.55
1937.35
1946.26
1946.34
1945.19
1954.55
1961.41
1960.97
1948.25
1940.11
1852.21
1621.57
1434.44
1347.02
1323.06
1313.58
1330.76
1346.27
1377.71
1439.56
1497.89
1568.86
1620.46
1762.3
1809.52
1784.17
1758.88
1757.41
1749.05
1747.41
1768.31
1793.73
1804.4
1821.57
1832.69
1829.28
1805.12
1775.63
1756.51
1733.05
1722.05
1708.49
1697.08
1679.96
1654.73
1620.76
1576.32
1509.95
1427.7
1349.34
1285.69
1247.42
1206.71
1169.55
1118.48
1073.43
1001.23
891.172
771.417
665.385
579.902
515.483
463.464
419.868
274
274
274
274
274
274
274
274
274
274
274
274
274
274
274
274
274
274
274
274
274
274
274
274
274
274
274
274
274
274
274
274
274
274
274
274
274
274
274
274
274.005
274.238
281.575
446.332
774.381
821.815
826.22
829.225
834.616
844.888
859.107
874.87
893.652
918.05
952.328
1009.35
1093.69
1214.15
1385.03
1616.64
1841.33
1913.77
1929.44
1938.68
1944.18
1929.67
1912.39
1907.54
1895.61
1893.36
1895.65
1855.31
1786.84
1544.08
1471.01
1476.08
1478.05
1521.16
1553.5
1596.12
1669.77
1740.89
1808.49
1877.71
1958.95
2002.26
1977.53
1948.43
1940.71
1939.4
1936.32
1935.29
1937.07
1931.77
1920.54
1907.3
1881.95
1844.66
1807.13
1778.99
1741.68
1707.02
1676.81
1642.43
1599.37
1536.6
1462.71
1390.14
1324.5
1271.45
1232.22
1204.41
1187.49
1156.24
1120.06
1071.83
1000.72
904.443
795.39
691.493
600.166
526.555
471.053
427.858
392.301
274
274
274
274
274
274
274
274
274
274
274
274
274
274
274
274
274
274
274
274
274
274
274
274
274
274
274
274
274
274
274
274
274
274
274
274
274
274
274
274
274.001
274.023
274.916
301.733
601.886
807.353
823.129
826.913
830.706
837.973
850.166
865.004
882.093
901.352
928.987
970.729
1037.36
1141.04
1290.78
1497.02
1749.55
1874.84
1900.24
1910.91
1919.14
1903.83
1831.56
1809.88
1813.81
1857.06
1933.18
1945.75
1887.26
1813.93
1717.66
1695.11
1694.54
1716.04
1743.88
1781.94
1854.61
1904.13
1928.9
1966.01
1998.76
2006.81
1999.81
1989.7
1981.9
1972.67
1966.54
1951.65
1942.14
1929.53
1907.76
1882.96
1848.56
1808.28
1764.29
1715.77
1663.34
1601.55
1538.02
1470.8
1408.53
1354.54
1305.51
1260.32
1228.97
1205.58
1185.65
1169.55
1145.87
1106.98
1058.83
985.808
899.719
797.072
693.3
606.012
533.136
476.551
433.138
398.079
370.157
274
274
274
274
274
274
274
274
274
274
274
274
274
274
274
274
274
274
274
274
274
274
274
274
274
274
274
274
274
274
274
274
274
274
274
274
274
274
274
274
274
274.002
274.093
277.189
369.154
720.341
815.359
823.184
826.968
832.007
841.141
854.647
870.615
887.476
907.513
938.357
986.775
1065.16
1188.21
1365.9
1605.92
1818.63
1874.36
1881.09
1888.55
1904.63
1903.92
1882.43
1856.51
1867.1
1916.1
1977.9
2010.08
1984.5
1905.9
1888.38
1882.92
1915.14
1938.93
1947.78
1970.38
1980.47
1983.44
1984.56
1985.15
1979.56
1965.74
1953.43
1941.63
1920.97
1899.16
1869.72
1840.44
1808.05
1766.57
1723.84
1682.57
1645.07
1600.63
1542.59
1481.46
1426.56
1377.69
1335.41
1296.94
1262.69
1234.24
1208.26
1188.66
1171.51
1153.11
1123.69
1094.14
1037.64
967.94
882.187
790.546
695.087
608.885
540.255
484.799
441.341
407.26
382.128
360.898
274
274
274
274
274
274
274
274
274
274
274
274
274
274
274
274
274
274
274
274
274
274
274
274
274
274
274
274
274
274
274
274
274
274
274
274
274
274
274
274
274
274
274.007
274.323
284.163
478.004
783.071
817.814
822.443
826.16
832.686
844.035
858.85
874.743
891.202
912.393
945.975
1000.79
1089.61
1226.84
1425.83
1681.29
1848.61
1885.98
1897.71
1909.03
1919.23
1933.54
1941.61
1941
1943.79
1985.04
2035.21
2060.48
2011.11
1987.55
1975.45
1977.95
1989.2
1992.42
1996.05
1987.77
1981.54
1968.34
1946.73
1916.45
1876.69
1842.98
1813.12
1782.71
1745.39
1715.64
1681.1
1648.4
1614.12
1580.65
1546.89
1506.48
1467.61
1428.51
1393.13
1357.47
1325.3
1295
1266.81
1242.27
1215.76
1189.26
1168.56
1144.56
1112.61
1074.24
1016.48
939.586
857.887
771.041
688.946
612.306
546.871
496.986
456.273
422.159
394.855
373.298
355.871
274
274
274
274
274
274
274
274
274
274
274
274
274
274
274
274
274
274
274
274
274
274
274
274
274
274
274
274
274
274
274
274
274
274
274
274
274
274
274
274
274
274
274.001
274.023
274.923
302.597
606.246
804.428
818.209
821.588
825.823
834.157
847.023
862.034
877.323
893.012
914.757
950.484
1009.55
1103.62
1249.99
1462.73
1732.13
1873.17
1897.83
1904.65
1914.1
1925.03
1929.93
1934.28
1948.66
1994.16
2035.33
2041.49
2018.58
1983.78
1966.65
1964.84
1969.5
1964.34
1952.87
1924.07
1891.53
1859.31
1819.4
1785.48
1755.02
1724.41
1698.76
1674.06
1645.55
1622.25
1588.91
1557.1
1527.21
1497.62
1469.69
1439.7
1408.54
1378.74
1350.87
1322.87
1295.54
1268.39
1241.92
1217.28
1190.43
1164.01
1138.02
1101.22
1050.84
988.398
916.419
838.281
764.386
689.161
620.75
558.233
505.564
464.517
431.425
404.257
382.091
365.274
352.065
274
274
274
274
274
274
274
274
274
274
274
274
274
274
274
274
274
274
274
274
274
274
274
274
274
274
274
274
274
274
274
274
274
274
274
274
274
274
274
274
274
274
274
274.002
274.066
276.325
347.502
700.691
811.171
817.223
819.855
824.87
834.808
848.681
863.599
877.502
892.69
914.925
951.534
1011.38
1110.2
1261.89
1480.92
1756.33
1880.07
1895.32
1898.82
1897.52
1888.5
1895.73
1920.79
1964.26
2001.99
2001.55
1994.88
1964.29
1934.27
1908.15
1867.19
1833.48
1796.25
1763.44
1745.12
1729.11
1711.01
1694.8
1670.95
1641.99
1617.06
1595.14
1568.42
1546.35
1520.98
1490.53
1462.11
1434.88
1407.05
1377.3
1348.33
1320.74
1293.92
1266.34
1237.89
1210.51
1184.12
1159.21
1133.7
1104.89
1065.6
1013.57
952.174
882.025
807.744
734.935
670.859
608.721
554.37
506.802
468.338
437.9
412.149
390.651
373.676
360.29
350.181
274
274
274
274
274
274
274
274
274
274
274
274
274
274
274
274
274
274
274
274
274
274
274
274
274
274
274
274
274
274
274
274
274
274
274
274
274
274
274
274
274
274
274
274
274.004
274.156
279.2
412.227
753.262
811.847
815.131
817.648
823.845
834.641
848.175
860.767
874.974
891.059
913.44
949.502
1009.36
1104.51
1248.58
1457.6
1725.75
1857.72
1876.96
1873.35
1857.93
1845.92
1847.2
1858.57
1880.1
1900.22
1899.05
1855.86
1811.97
1775.77
1738.68
1713.07
1688.69
1671.48
1663.49
1653.57
1633.41
1614.08
1591.91
1564.78
1537.12
1514.13
1490.09
1471.09
1448.21
1422.66
1400.16
1379.21
1356.75
1333.01
1309.07
1284.5
1258.43
1230.3
1200.13
1169.29
1136.17
1099.74
1059.18
1012.63
958.323
898.411
834.783
768.885
705.364
646.796
595.943
547.564
506.54
470.886
441.34
417.976
397.993
381.274
368.147
357.181
348.984
274
274
274
274
274
274
274
274
274
274
274
274
274
274
274
274
274
274
274
274
274
274
274
274
274
274
274
274
274
274
274
274
274
274
274
274
274
274
274
274
274
274
274
274
274
274.008
274.31
283.91
474.606
778.356
810.738
812.746
814.917
821.475
831.099
841.539
856.725
872.784
888.684
909.811
943.458
997.579
1082.1
1209.37
1388.86
1613.09
1778.88
1829.08
1837.09
1830.33
1819.44
1806.62
1795.71
1792.26
1782.99
1754.48
1737.76
1715.76
1690.43
1673.07
1658.84
1644.84
1630.97
1612.38
1588.89
1565.99
1544.59
1526.29
1507.22
1488.28
1473.35
1464.35
1462.5
1457.76
1449.92
1437.71
1421.15
1402.53
1381.94
1356.05
1325.43
1289.82
1248.59
1199.28
1140.12
1074.49
1012.62
950.742
884.371
815.963
749.926
688.215
633.838
585.974
545.162
506.764
474.198
446.395
423.22
404.396
388.906
375.838
365.216
356.344
348.712
274
274
274
274
274
274
274
274
274
274
274
274
274
274
274
274
274
274
274
274
274
274
274
274
274
274
274
274
274
274
274
274
274
274
274
274
274
274
274
274
274
274
274
274
274
274
274.015
274.528
290.198
530.668
788.747
807.311
807.064
809.716
816.302
824.752
836.788
852.87
869.282
884.032
903.215
932.195
977.353
1046.48
1144.38
1276.11
1439.74
1606.44
1730.16
1772.64
1781.94
1779.9
1770.5
1760.75
1748.75
1738.93
1723.93
1700.05
1683.53
1664.96
1641.97
1621.57
1604.04
1589.44
1575.24
1584.91
1604.75
1594.83
1569.42
1535.83
1496.62
1454.93
1409.57
1366.07
1328.82
1295.36
1266.01
1239.96
1215.74
1193.94
1174.88
1158.68
1143.57
1128.05
1110.33
1085.79
1047.82
997.207
934.21
860.577
777.783
693.631
631.475
579.646
536.617
498.698
467.603
441.927
420.115
402.376
387.803
375.709
365.455
356.258
349.895
274
274
274
274
274
274
274
274
274
274
274
274
274
274
274
274
274
274
274
274
274
274
274
274
274
274
274
274
274
274
274
274
274
274
274
274
274
274
274
274
274
274
274
274
274
274
274.001
274.023
274.783
297.258
574.939
789.794
800.813
801.973
806.313
812.075
819.793
832.916
849.124
864.486
878.867
896.122
920.028
954.293
1003.42
1073.76
1164.49
1275.65
1402.89
1529.17
1624.21
1680.02
1702.12
1709.67
1711.94
1708.01
1695.08
1682.33
1649.55
1616.07
1606.62
1617.13
1626.39
1605.12
1561.27
1490.72
1405.68
1329.69
1265.55
1211.34
1165.73
1126.59
1092.33
1063.42
1038.28
1016.29
996.972
979.78
964
949.722
936.731
925.636
915.558
906.311
897.662
888.755
879.283
868.749
856.161
840.74
820.803
792.018
748.832
697.955
642.864
580.637
520.15
479.291
448.071
423.284
403.518
387.936
375.082
364.786
357.216
274
274
274
274
274
274
274
274
274
274
274
274
274
274
274
274
274
274
274
274
274
274
274
274
274
274
274
274
274
274
274
274
274
274
274
274
274
274
274
274
274
274
274
274
274
274
274
274.001
274.032
275.004
302.798
596.163
785.94
795.495
797.664
801.914
807.21
816.71
830.743
846.361
861.039
876.259
891.34
909.36
932.963
967.606
1011.58
1064.6
1125.52
1194.46
1253.83
1315.28
1372.26
1419.44
1456.08
1493.9
1518.22
1534.76
1541.65
1546.15
1503.91
1430.13
1342.26
1263.4
1198.25
1144.06
1096.75
1056.13
1021.02
989.904
962.849
937.816
915.329
895.598
877.956
862.506
848.558
835.898
824.414
813.524
803.371
794.389
785.652
777.437
769.785
762.495
755.384
747.977
739.277
729.241
718.518
705.955
693.246
680.023
666.516
650.743
631.084
599.426
562.574
520.581
475.318
436.492
411.689
393.112
378.611
274
274
274
274
274
274
274
274
274
274
274
274
274
274
274
274
274
274
274
274
274
274
274
274
274
274
274
274
274
274
274
274
274
274
274
274
274
274
274
274
274
274
274
274
274
274
274
274
274.001
274.038
275.094
303.459
587.072
774.573
788.309
793.549
798.478
804.858
819.183
834.388
852.269
873.702
896.002
918.608
944.241
978.834
1020.84
1070.21
1127.23
1194.34
1260.67
1319.3
1362.19
1394.15
1422.86
1441.81
1406.51
1362.43
1300.89
1226.09
1161.59
1107.46
1060.88
1019.38
983.372
952.789
927.105
905.185
885.657
867.562
850.786
834.375
818.64
803.864
790.163
777.564
765.835
754.762
744.527
734.872
725.447
716.11
706.862
697.823
689.022
680.44
672.236
664.518
657.389
649.982
643.494
636.436
628.954
620.262
610.874
600.743
590.286
580.554
571.405
563.033
553.972
538.816
511.404
480.742
446.231
274
274
274
274
274
274
274
274
274
274
274
274
274
274
274
274
274
274
274
274
274
274
274
274
274
274
274
274
274
274
274
274
274
274
274
274
274
274
274
274
274
274
274
274
274
274
274
274
274
274.002
274.038
274.983
297.608
533.815
746.669
777.307
791.994
805.314
825.412
849.403
878.067
908.028
939.126
974.642
1016.83
1066.26
1115.69
1168.78
1223.29
1286.01
1319.43
1318.99
1308.76
1289.6
1252.72
1197.1
1141.97
1092.41
1047.76
1009.46
978.299
953.218
931.078
910.093
890.106
871.295
853.826
837.846
822.968
809.033
795.775
782.813
770.159
757.883
745.935
734.295
722.884
711.498
701.018
690.787
680.658
670.591
660.669
651.042
641.918
633.099
624.558
616.202
608.063
599.778
592.064
583.973
575.979
568.069
561.349
556.48
551.348
546.061
540.329
534.261
528.407
523.784
519.72
515.816
511.406
274.001
274.001
274.001
274.001
274.001
274.001
274.001
274.001
274.001
274.001
274.001
274.001
274.001
274.001
274.001
274.001
274.001
274.001
274.001
274.001
274.001
274.001
274.001
274.001
274.001
274.001
274.001
274.001
274.001
274.001
274.001
274.001
274.001
274.001
274.001
274.001
274.001
274.001
274.001
274.001
274.001
274.001
274.001
274.001
274.001
274.001
274.001
274.001
274.001
274.001
274.002
274.034
274.723
288.519
445.2
680.868
771.635
819.392
871.72
940.773
1006.97
1062.37
1110.25
1155.31
1233.19
1255.38
1250.72
1241.54
1229.25
1210.09
1186.38
1156.96
1122.62
1086.01
1053.44
1024.45
998.018
973.661
951.075
930.889
912.226
894.948
878.301
862.242
847.211
832.626
818.548
804.86
791.464
778.725
766.392
754.292
742.19
730.198
718.121
705.848
693.422
681.535
670.1
659.188
648.454
638.079
628.193
618.938
610.358
602.295
594.659
587.092
579.668
572.058
564.85
557.904
551.285
544.98
538.964
533.278
527.847
522.689
517.749
512.983
508.314
504.204
501.117
498.774
496.356
274.002
274.002
274.002
274.002
274.002
274.002
274.002
274.002
274.002
274.002
274.002
274.002
274.002
274.002
274.002
274.002
274.002
274.002
274.002
274.002
274.002
274.002
274.002
274.002
274.002
274.002
274.002
274.002
274.002
274.002
274.002
274.002
274.002
274.002
274.002
274.002
274.002
274.002
274.002
274.002
274.002
274.002
274.002
274.002
274.002
274.002
274.002
274.002
274.002
274.002
274.002
274.004
274.028
274.456
281.307
362.527
621.955
834.485
1010.31
1167.94
1195.65
1199.16
1198.13
1196.03
1182.9
1158.43
1129.68
1102.51
1077.62
1054.79
1034.09
1015.27
998.084
982.297
967.656
953.349
939.282
924.956
909.562
893.737
877.952
862.374
846.759
831.609
816.842
802.705
788.807
774.944
761.457
748.443
736.18
724.457
713.087
701.835
690.454
678.779
667.535
656.776
646.436
636.373
626.351
616.434
606.807
597.479
588.531
579.93
571.71
564.005
556.828
549.804
543.157
536.879
530.948
525.541
520.557
515.825
511.207
506.749
502.592
498.784
495.221
491.845
488.641
485.765
483.57
)
;

boundaryField
{
    wall
    {
        type            zeroGradient;
    }
    inlet
    {
        type            fixedValue;
        value           uniform 3673;
    }
    outlet-1
    {
        type            inletOutlet;
        inletValue      uniform 274;
        value           nonuniform List<scalar> 
60
(
283.184
285.172
284.801
285.352
285.621
286.041
286.579
287.204
287.885
288.738
290.028
291.834
294.16
296.872
299.862
303.098
306.254
308.523
307.428
290.644
278.948
274
274
274
274
274
274
274
274
274
274
274
274
274
274
274
274
274
274
278.845
290.242
307.215
308.439
306.196
303.052
299.82
296.834
294.125
291.8
289.995
288.704
287.851
287.17
286.546
286.009
285.589
285.321
284.774
285.144
283.163
)
;
    }
    outlet-2
    {
        type            inletOutlet;
        inletValue      uniform 274;
        value           nonuniform List<scalar> 
89
(
274.002
274.001
274
274
274
274
274
274
274
274
274
274
274
274
274
274
274
274
274
274
274
274
274
274
274
274
274
274
274
274
274
274
274
274
274
274
274
274
274
274
274
274
274
274
274
274
274
274
274
274
274
274
274
274
274
274
274
274
274
274
274
274
274
274
274
274
274
274
274
274
274
274
274
274
274
274
274
274
274
274
274
274
274
274
274
274
274
274.001
274.002
)
;
    }
    frontAndBackPlanes
    {
        type            empty;
    }
}


// ************************************************************************* //
