/*--------------------------------*- C++ -*----------------------------------*\
| =========                 |                                                 |
| \\      /  F ield         | OpenFOAM: The Open Source CFD Toolbox           |
|  \\    /   O peration     | Version:  2112                                  |
|   \\  /    A nd           | Website:  www.openfoam.com                      |
|    \\/     M anipulation  |                                                 |
\*---------------------------------------------------------------------------*/
FoamFile
{
    version     2.0;
    format      ascii;
    arch        "LSB;label=32;scalar=64";
    class       volScalarField;
    location    "0.00239";
    object      T;
}
// * * * * * * * * * * * * * * * * * * * * * * * * * * * * * * * * * * * * * //

dimensions      [0 0 0 1 0 0 0];

internalField   nonuniform List<scalar> 
13875
(
1411.85
1535.17
1482.68
1486.7
1481.06
1483.47
1483.48
1483.16
1484.28
1484.29
1484.82
1483.99
1484.26
1484.63
1484.58
1483.88
1484.11
1482.89
1483.28
1483.54
1480.89
1487.55
1480.74
1533.42
1398.05
1307
1356.09
1319.16
1322.06
1316.58
1317.1
1317.06
1317.82
1323.01
1323.67
1324.17
1322.96
1323.69
1324.32
1324.4
1323.14
1322.44
1317.76
1317.02
1317.18
1316.2
1321.98
1319.68
1356.32
1301.98
1307.14
1339.77
1314.6
1311.01
1303.86
1304.22
1303.62
1303.52
1304.27
1305.65
1305.4
1304.42
1304.87
1305.57
1305.45
1306.3
1305.26
1303.43
1303.46
1304.19
1303.51
1310.86
1311.61
1335.95
1296.87
1317.27
1344.91
1315.06
1308.68
1305.03
1304.69
1303.79
1303.57
1303.34
1303.59
1304.47
1304.48
1304.63
1304.84
1304.88
1304.29
1303.82
1303.48
1303.6
1304.58
1304.32
1307.65
1314.05
1343.72
1312.53
1329.44
1341.87
1316.06
1311.63
1303.41
1304.04
1303.88
1303.72
1303.42
1303.63
1304.61
1304.67
1304.71
1304.92
1304.94
1304.13
1303.74
1303.55
1303.71
1304.07
1303.17
1311.53
1312.22
1338.72
1316.85
1332.21
1351.35
1319.29
1309.93
1306.96
1306.12
1304.77
1304.28
1303.81
1303.8
1304.72
1305.01
1304.98
1305.2
1305.18
1304.58
1304.16
1304.17
1304.59
1305.98
1306.18
1308.39
1319.07
1349.2
1326.59
1339.1
1360.46
1329.41
1316.87
1306.94
1306.3
1305.38
1304.92
1304.38
1304.57
1305.38
1305.72
1305.69
1305.92
1305.8
1304.87
1304.72
1304.73
1305.22
1306.27
1306.66
1317.27
1326.04
1358.44
1321.63
1360.94
1385.55
1345.32
1321.69
1316.44
1312.12
1308.96
1307.32
1306.25
1306.19
1306.63
1307.17
1307.12
1307.25
1307.03
1305.94
1306.55
1307.13
1308.57
1311.55
1315
1320.77
1341.68
1381.28
1350.33
1535.37
1508.83
1388.39
1351.57
1323.52
1316.6
1312.96
1310.52
1309.29
1308.99
1309.66
1310.12
1310.01
1310.03
1309.86
1308.74
1309.44
1310.29
1312.21
1315.87
1322.09
1348.35
1384.42
1507.99
1522.96
1850.13
1582.87
1435.16
1366.57
1344.97
1328.5
1321.94
1318.18
1316.22
1315.49
1316.08
1316.32
1316.1
1315.97
1316.03
1315.13
1315.96
1317.78
1320.91
1327.66
1340.24
1363.8
1427.91
1568.31
1831.35
2515.33
1805.8
1533.15
1445.93
1365.26
1347.56
1337.79
1333.02
1330.74
1329.74
1330.03
1329.94
1329.6
1329.33
1329.77
1329.08
1330.06
1332.4
1336.49
1345.63
1361.3
1428.72
1515.74
1809.98
2447.42
2888.97
2274.22
1933.11
1518.29
1442.03
1406.64
1379.76
1371.77
1365.88
1363.93
1363.38
1362.88
1362.58
1362.12
1363.11
1362.88
1364.72
1370.09
1377.41
1404.83
1430.22
1490.22
1761.43
2308.79
2849.23
2848.71
2706.25
2594.42
2362.74
1630.84
1535.89
1507.77
1487.54
1476.2
1472.71
1471.84
1470.43
1472.34
1469.96
1471.83
1472.35
1475.81
1485.74
1504.02
1534.1
1645.05
2355.17
2424.52
2717.84
2788.04
2755.29
2690.04
2866.64
2851.35
2182.94
2138.36
2008.43
1907.01
1843.11
1816.87
1819.91
1800.72
1818.63
1807.06
1814.06
1820
1840.37
1897.92
2010.96
2176.24
2143.92
2854.43
2866.85
2732.86
2710.78
2666.9
2712.06
2850.85
2843.58
2850.05
3145.83
3417.74
3359.48
3568.61
3467.24
3607.11
3499.77
3612.08
3533.87
3586.92
3528.41
3559.62
3413.95
3416.13
3125.19
2874.66
2857.7
2854.26
2707.97
2673.47
2544.42
2624.62
2856.87
2978.11
2995.45
3329.15
3612.58
3694.43
3692.07
3681.92
3633.44
3651.02
3614.55
3650.46
3638.16
3671.07
3690.15
3724.94
3640.83
3407.96
3037.18
2968.69
2876.76
2664.47
2582.31
2478.51
2588.01
2719.78
2920.86
3002.77
3341.13
3583.1
3673.11
3673.15
3663.33
3617.7
3629.25
3603.02
3629.39
3617.69
3651.48
3674.7
3709.44
3632.93
3424.04
3053.64
2973.97
2778.38
2609
2498.21
2283.82
2532.04
2816.35
2942.76
2933.02
3189.53
3376.25
3466.12
3499.06
3508.21
3501.28
3501.65
3499.48
3505.57
3502.96
3513.31
3504.92
3485.95
3398.63
3219.85
2996.45
2991.89
2837.01
2535.83
2298.38
2189.14
2273.54
2582.59
2756.2
2731.89
2868.66
3119.08
3297.8
3380.86
3402.7
3405.22
3404.74
3406.44
3411.42
3404.7
3406.26
3402.69
3359.09
3175.5
2918.18
2767.41
2794.39
2639.44
2310.41
2225.64
2280.81
2226.25
2352.72
2512.6
2542.49
2622.76
2843.9
3085.95
3241.64
3304.93
3312.31
3315.78
3316.18
3319.34
3311.86
3313.73
3278.14
3138.96
2875.9
2657.44
2575.59
2551.33
2336.35
2231.85
2326.12
2924.42
2286.49
2173.22
2314.04
2384.42
2466.71
2667.54
2907.2
3089.04
3185.89
3213.88
3217.28
3218.96
3220.12
3214.38
3197.47
3120.74
2937.87
2682.89
2488.15
2409.8
2330.41
2158.07
2235.78
2878.84
2923.26
2057
1972.7
2164.16
2256.14
2354.17
2532.25
2760.01
2954.9
3070.13
3102.93
3113.51
3112.99
3114.5
3100.8
3076.81
2975.87
2774.48
2537.82
2377.22
2275.28
2166.96
1974.84
2037.61
2873.95
2918.15
2064.32
1881.43
2045.8
2156.73
2268.74
2417.7
2626.9
2820.43
2950.28
2996.38
3003.63
3005.85
3003.75
2994.01
2957.49
2841.19
2639.78
2426.7
2291.52
2175.32
2053.78
1861.72
2048.92
2978.99
2841.25
2039.85
1869.31
1992.36
2080.56
2182.88
2327.34
2527.69
2714.78
2839.97
2883.81
2898.95
2897.67
2897.69
2879.51
2844.91
2733.34
2538.03
2329.39
2199.63
2097.3
1999.28
1864.44
2015.38
2806.86
2763.33
2034.78
1898.43
1955.78
2018.01
2105.41
2239.91
2435.36
2611.59
2735.99
2783.01
2791.27
2794.37
2790.71
2779.77
2738.67
2622.15
2435.59
2237.07
2116.1
2042.34
1971.67
1884.94
2031.49
2781.69
2742.96
2058.88
1916.75
1941.09
1970.75
2036.6
2172.84
2357.42
2524.66
2637.58
2678.21
2693.35
2692.89
2692.31
2672.95
2639.19
2537.72
2362.03
2170.15
2046.45
1988.31
1960.94
1903.43
2033.73
2719.58
2708.75
2085.79
1942.44
1932.57
1926.99
1982.92
2110.36
2286.28
2439.48
2546.51
2588.71
2594.31
2597.49
2592.63
2583.51
2545.76
2448.93
2286.92
2105.66
1987.91
1947.74
1956.3
1935.54
2074.46
2707.06
2708.87
2148.1
1982.66
1931.25
1902.6
1941.31
2068.97
2229.9
2371.78
2460.9
2494.1
2506.58
2505.95
2505.5
2486.72
2458.69
2377.81
2229.02
2060.15
1945.17
1915.84
1953.09
1970.86
2134.03
2708.68
2737.22
2155.8
1980.01
1924.59
1883.67
1910.34
2020.41
2168.23
2294.87
2378.9
2415.63
2417.8
2422.03
2415.29
2410.92
2377.85
2306.32
2174.46
2018.99
1914.99
1903.65
1944.95
1988.52
2120.49
2701.92
2783.39
2172.37
1998.27
1923.82
1871.43
1892.04
1999.13
2128.25
2240.69
2306.74
2331.97
2342.21
2340.88
2339.77
2323.55
2303.3
2246.94
2132.95
1993.28
1895.59
1881.41
1940.86
1999.66
2156.72
2743.7
2749.52
2172.93
1981.92
1925.67
1853.22
1879.98
1969.42
2083.36
2178.18
2233.85
2266.27
2261.93
2268.32
2260.83
2260.16
2232.13
2184.44
2087.73
1963.34
1878.82
1871.93
1940.49
1999.11
2151.56
2736.9
2745.6
2184.43
2019.13
1927.71
1839.75
1866.3
1953
2051.44
2132.06
2174.6
2191.76
2198.48
2197.83
2196.83
2183.39
2172.1
2139.69
2063.08
1952.95
1867.12
1855.33
1933.16
2014.39
2164.64
2706.44
2717.89
2181.81
2029.63
1921.03
1840.65
1857.87
1929.9
2013.01
2079.92
2110.75
2138.27
2128.29
2135.83
2127.52
2131.35
2109
2083.87
2022.51
1929.04
1856.04
1854.87
1939.6
2031.13
2157.49
2700.56
2689.72
2177.91
2086.24
1940.17
1834.74
1846.02
1921.59
1991.67
2043.3
2064.08
2074.24
2075.18
2075.22
2074.86
2064.96
2061.98
2047.9
2002.84
1921.88
1840.59
1845.61
1940.37
2074.77
2164.65
2675.37
2682.25
2184.53
2104.16
1939.39
1857.57
1842.25
1896.68
1955.57
1994.01
2008.16
2030.46
2014.86
2022.88
2014.38
2024.02
2006.46
1998.28
1969.82
1907.6
1836.32
1869.09
1949.03
2116.52
2156.64
2654.59
2657.08
2178.23
2108.29
1960.87
1861
1834.76
1889.39
1937.53
1966
1972.87
1976.61
1972.41
1971.78
1972
1967.04
1971.02
1968.66
1948.62
1898.6
1830.78
1869.05
1970.09
2123.6
2163.88
2628.74
2628.41
2163.33
2097.43
1984.01
1888.44
1845.89
1872.68
1904.04
1920.15
1922.83
1942.29
1919.65
1928.72
1920.2
1935.99
1922.27
1922.75
1914.62
1889.45
1833.52
1889.79
1997.6
2111.43
2149.6
2602.62
2609.57
2148.69
2100.56
2046.36
1902.43
1855.67
1870.04
1888.34
1896.83
1895.67
1896.02
1887.48
1886.11
1887.65
1886.83
1894.34
1899.35
1896.99
1888.5
1856.81
1898.91
2052.93
2114.5
2135.4
2572.67
2592.36
2136.48
2079.07
2038.31
1931.25
1874.81
1864.38
1860.07
1855.97
1849.19
1867.87
1841.6
1851
1842.71
1861.25
1849.98
1859.57
1867.16
1884.63
1872.55
1934.03
2051.24
2090.81
2119.27
2560.22
2564.24
2116.62
2057
2039.38
1966.32
1891.73
1886.91
1852.18
1841.34
1831.43
1828.18
1816.18
1815.43
1817.64
1819.1
1830.2
1843.3
1859.61
1908.57
1896.49
1965.72
2047.45
2065.43
2112.28
2538.65
2552.45
2112.11
2020.1
2024.66
2037.8
1926.29
1892
1835.96
1807.96
1789.64
1805.48
1776.58
1786.22
1777.77
1799.02
1789.65
1813.82
1843.99
1912.84
1920.28
2039.13
2038.06
2026.82
2094.2
2519.82
2526.39
2099.92
1999.97
2014.09
2027.71
1954.85
1906.17
1853.72
1807.08
1782.92
1771.51
1757.48
1756.44
1758.18
1763.7
1783.59
1808.93
1857.82
1934.75
1967.93
2028.53
2024.2
2008.48
2089.92
2498.84
2505.72
2091.21
1974.77
1975.16
2024.8
2023.4
1923.31
1854.32
1789.19
1745.75
1754.85
1722.35
1732.26
1724.15
1749.03
1747.36
1794.66
1859.19
1952.65
2028.75
2018.14
1986.37
1981.91
2082.93
2483.67
2474.21
2084.28
1964.45
1949.83
2000.23
2043.75
1949.48
1877.18
1805.36
1761.12
1730.08
1709.15
1707.53
1710.86
1723.14
1764.59
1806.18
1875.51
1993.99
2045.56
1993.67
1961.58
1973.16
2065.84
2453.83
2459.45
2080.35
1952.47
1917.45
1972.5
2029.57
2002.3
1890.61
1798.03
1728.5
1724.84
1681.61
1689.25
1684.18
1719.74
1733.44
1808.78
1893.79
2064.9
2034.08
1959.45
1928.47
1958.48
2064.7
2437.7
2428.87
2058.5
1943.8
1901.57
1930.72
2012.45
2084.17
1951.9
1822.03
1767.06
1720.08
1684.04
1675.19
1684.89
1711.42
1768.71
1824.8
1938.64
2081.04
2006.42
1920.7
1912.14
1953.37
2049.22
2408.54
2416.32
2057.37
1938.51
1881.87
1904.16
1984.66
2062.53
2032.9
1838.19
1736.22
1725.67
1668.07
1670.99
1670.87
1719.94
1739.35
1846.13
2014.49
2064.62
1976.46
1899.62
1895.26
1944.4
2040.39
2397.68
2381.05
2035.75
1926.23
1877.35
1877.84
1944.36
2047.49
2068.86
1893.48
1786.54
1723.56
1684.99
1672.22
1687.8
1716.08
1787.31
1904.92
2057.39
2048.05
1929.81
1874.01
1889.37
1936.16
2024.67
2355.29
2351.38
2024.72
1919.61
1860.1
1865.23
1916.1
2015.24
2049.64
1993.26
1767.27
1739.2
1669.92
1675.38
1673.4
1734.39
1771.86
2007.59
2043.62
2017.05
1902.36
1863.72
1874.48
1925.75
2013.77
2330.21
2213.63
1976.58
1895.25
1858.91
1852.05
1881.21
1979.44
2037.22
2017.29
1871.79
1757.09
1698.21
1683.34
1700.31
1749.24
1865.01
2007.94
2029.7
1980.28
1871.28
1850.38
1872.39
1903
1964.98
2193.31
274.564
275.377
276.116
276.853
277.604
278.381
279.107
279.524
279.549
279.019
277.794
276.392
275.339
274.698
274.363
274.2
274.12
274.072
274.04
274.02
274.009
274.003
274.001
274
273.998
274
273.995
274.001
273.994
274.002
276.322
278.708
280.485
282.437
284.792
287.158
289.367
290.892
291.468
290.737
286.968
282.527
278.863
276.347
275.038
274.472
274.225
274.114
274.059
274.029
274.013
274.005
274.001
274
273.997
274
273.993
274.002
273.989
274.013
279.792
284.646
288.08
290.929
292.268
293.152
294.318
295.851
297.677
299.687
301.009
297.632
287.486
280.768
276.889
275.118
274.448
274.186
274.081
274.037
274.016
274.006
274.002
274
273.997
274
273.993
274.002
273.992
274.01
286.959
291.337
291.925
292.699
293.086
293.562
294.52
295.992
297.903
300.303
303.124
305.859
306.589
295.249
282.686
277.25
275.099
274.388
274.14
274.052
274.02
274.008
274.002
274
273.998
274
273.995
274.001
273.995
274.007
289.912
291.803
291.87
292.535
292.944
293.482
294.357
295.723
297.709
300.244
303.097
306.182
309.516
311.677
302.747
284.22
277.356
275
274.311
274.097
274.031
274.01
274.003
274
273.998
274
273.996
274.001
273.997
274.004
289.854
291.349
291.074
291.712
292.041
292.522
293.09
294.175
296.248
299.232
302.765
306.295
309.659
313.195
315.643
308.03
284.871
277.142
274.84
274.233
274.063
274.017
274.004
274
273.999
274
273.997
274
273.998
274.003
289.66
289.975
289.414
290.063
290.336
290.843
291.297
292.106
293.919
296.898
300.978
305.525
309.757
313.4
316.972
319.354
310.763
284.451
276.674
274.656
274.163
274.039
274.008
274.001
273.999
274
273.998
274
273.998
274.002
288.623
288.118
287.537
288.066
288.36
288.962
289.359
289.965
291.522
294.332
298.319
303.262
308.652
313.414
317.26
320.827
322.931
310.595
283.081
276.079
274.478
274.108
274.022
274.004
274
274
273.998
274
273.999
274.002
287.165
286.016
285.602
285.845
286.272
286.967
287.446
287.935
289.067
291.725
295.707
300.522
306.195
312.17
317.265
321.177
324.733
326.357
306.857
281.143
275.497
274.326
274.068
274.012
274.001
274
273.999
274
273.999
274.002
285.502
284.082
283.718
283.777
284.322
285.094
285.684
286.145
286.893
289.051
293.139
297.951
303.496
309.721
316.091
321.287
325.183
328.697
329.319
299.397
279.105
275.016
274.209
274.04
274.006
274.001
273.999
274
274
274.002
283.812
282.399
282.09
282.111
282.714
283.538
284.135
284.606
285.082
286.675
290.472
295.484
301.029
307.083
313.804
320.357
325.454
329.344
332.485
330.475
291.156
277.343
274.644
274.126
274.022
274.003
274
274
274
274.002
282.682
281.365
281.052
281.083
281.638
282.371
282.892
283.309
283.574
284.659
287.861
293.026
298.711
304.703
311.259
318.361
324.92
329.749
333.686
335.949
324.189
284.773
276.029
274.382
274.072
274.012
274.001
274
274
274.002
282.133
281.131
280.797
280.832
281.248
281.63
281.966
282.13
282.248
282.762
285.611
290.431
296.501
302.538
309.001
316.002
323.393
329.743
334.264
338.321
339.266
310.603
280.541
275.172
274.213
274.038
274.006
274.001
274
274.002
281.903
281.242
281.204
281.22
281.571
281.654
281.436
281.293
281.309
281.508
283.741
287.982
294.418
300.597
307.112
313.966
321.425
328.878
334.811
339.249
343.151
340.315
295.211
277.666
274.639
274.112
274.019
274.003
274
274.002
282.045
281.881
282.15
282.347
282.539
282.386
281.851
281.634
281.575
281.762
282.474
286.112
292.459
298.945
305.577
312.41
319.659
327.452
334.573
339.839
344.747
346.25
330.443
285.102
275.918
274.328
274.056
274.009
274.001
274.002
281.911
282.032
282.815
283.7
284.138
283.945
283.125
282.683
282.57
282.63
282.644
285.328
290.915
297.821
304.552
311.408
318.432
325.98
333.678
340.324
345.6
350.427
348.877
310.381
279.831
274.956
274.158
274.026
274.004
274.002
282.042
282.26
283.459
285.095
286.522
286.674
285.704
284.793
284.155
283.894
283.827
285.659
290.509
297.439
304.238
311.097
318.051
325.135
332.813
340.34
346.45
352.38
353.712
346.485
290.997
276.807
274.45
274.072
274.012
274.004
281.756
282.43
283.981
286.787
289.488
289.982
289.202
287.965
287.152
286.413
286.109
286.907
290.853
297.583
304.412
311.163
318.116
325.078
332.543
340.24
347.21
353.442
357.951
357.244
325.585
282.197
275.278
274.2
274.031
274.007
282.078
283.118
285.544
290.143
294.033
295.63
295.579
294.049
292.309
290.891
289.903
289.286
292.028
298.48
305.067
311.504
318.355
325.367
332.575
340.252
347.927
354.511
360.895
362.003
358.14
298.251
277.636
274.548
274.083
274.015
281.903
283.943
288.231
296.516
304.195
307.778
306.094
303.895
301.541
298.742
295.886
293.502
294.079
299.892
306.122
312.194
318.97
325.967
332.978
340.52
348.571
355.779
362.403
365.591
365.792
338.141
284.248
275.521
274.224
274.038
283.111
286.189
295.096
314.088
330.082
333.999
329.928
325.892
319.518
312.35
306.388
302.082
300.8
304.59
309.979
315.108
320.867
327.368
334.118
341.288
349.253
356.645
363.867
370.334
370.605
367.724
305.194
278.23
274.596
274.097
282.155
291.597
315.579
365.389
393.699
395.639
379.561
367.142
351.231
336.849
326.144
317.646
313.329
313.772
317.217
320.597
324.532
329.967
336.077
342.806
350.327
357.53
365.497
372.693
374.461
375.314
348.592
285.634
275.616
274.242
291.14
306.524
379.364
485.822
522.648
492.211
454.57
426.481
398.924
374.031
355.389
341.331
332.641
328.571
327.086
327.221
329.162
333
338.571
344.937
351.869
359.675
366.939
374.861
380.54
380.124
377.458
309.551
278.382
274.624
275.452
363.594
580.53
666.176
688.016
608.935
558.893
507.163
465.148
426.067
395.683
373.361
354.775
343.872
340.689
338.221
337.313
338.387
342.189
348.001
354.258
361.98
368.995
377.029
384.449
384.984
385.498
355.247
285.768
275.645
303.052
514.126
833.747
866.839
844.438
783.276
690.387
617.54
544.244
486.498
442.633
409.341
380.693
363.585
358.076
352.349
348.854
347.243
348.15
352.061
357.895
364.814
371.962
378.964
387.368
390.056
390.373
386.823
308.64
278.301
274.002
273.994
274.001
273.995
274
273.998
274
274.001
274.003
274.009
274.02
274.04
274.072
274.12
274.199
274.361
274.692
275.326
276.369
277.764
278.984
279.518
279.497
279.084
278.363
277.59
276.842
276.109
275.373
274.562
274.013
273.989
274.002
273.993
274
273.997
274
274.001
274.005
274.013
274.029
274.059
274.114
274.224
274.469
275.029
276.322
278.814
282.45
286.834
290.616
291.367
290.806
289.296
287.098
284.743
282.404
280.465
278.693
276.315
274.01
273.992
274.002
273.993
274
273.997
274
274.002
274.006
274.016
274.037
274.081
274.185
274.445
275.107
276.855
280.69
287.312
297.43
300.913
299.624
297.626
295.804
294.273
293.106
292.221
290.879
288.032
284.607
279.775
274.007
273.995
274.001
273.995
274
273.998
274
274.002
274.008
274.02
274.052
274.139
274.384
275.086
277.207
282.576
294.953
306.44
305.792
303.073
300.256
297.857
295.948
294.479
293.521
293.046
292.662
291.892
291.302
286.921
274.004
273.997
274.001
273.996
274
273.998
274
274.003
274.01
274.031
274.096
274.308
274.988
277.308
284.082
302.405
311.576
309.45
306.124
303.043
300.194
297.663
295.678
294.314
293.439
292.904
292.498
291.838
291.772
289.886
274.003
273.998
274
273.997
274
273.999
274
274.004
274.017
274.062
274.23
274.829
277.094
284.711
307.654
315.548
313.127
309.595
306.238
302.717
299.191
296.21
294.135
293.047
292.479
292
291.673
291.041
291.318
289.828
274.002
273.998
274
273.998
274
273.999
274.001
274.008
274.038
274.161
274.647
276.63
284.284
310.325
319.25
316.898
313.331
309.699
305.479
300.941
296.862
293.882
292.065
291.253
290.798
290.293
290.022
289.375
289.938
289.622
274.002
273.999
274
273.998
274
274
274.004
274.022
274.107
274.471
276.043
282.929
310.112
322.814
320.738
317.178
313.349
308.602
303.221
298.281
294.293
291.482
289.919
289.311
288.914
288.312
288.021
287.492
288.075
288.588
274.002
273.999
274
273.999
274
274.001
274.012
274.067
274.321
275.472
281.015
306.284
326.217
324.634
321.089
317.192
312.116
306.155
300.483
295.67
291.686
289.027
287.888
287.395
286.916
286.22
285.794
285.55
285.963
287.115
274.002
274
274
273.999
274.001
274.006
274.039
274.206
274.999
279.008
298.865
329.129
328.575
325.081
321.203
316.027
309.668
303.445
297.899
293.09
288.997
286.838
286.086
285.624
285.034
284.262
283.716
283.655
284.017
285.439
274.002
274
274
274
274.003
274.022
274.124
274.632
277.278
290.736
330.102
332.326
329.226
325.354
320.28
313.742
307.026
300.973
295.427
290.421
286.613
285.017
284.539
284.069
283.467
282.643
282.038
282.016
282.319
283.732
274.002
274
274
274.001
274.011
274.07
274.375
275.989
284.546
323.451
335.756
333.548
329.631
324.826
318.285
311.188
304.634
298.643
292.958
287.8
284.581
283.496
283.235
282.822
282.297
281.559
281.007
280.974
281.276
282.583
274.002
274
274.001
274.005
274.037
274.209
275.149
280.4
309.82
339.035
338.17
334.124
329.626
323.296
315.916
308.917
302.453
296.419
290.351
285.541
282.636
282.134
282.034
281.892
281.57
281.194
280.771
280.723
281.04
282.031
274.002
274
274.003
274.018
274.11
274.626
277.584
294.594
339.944
342.99
339.115
334.673
328.766
321.327
313.875
307.022
300.507
294.337
287.904
283.676
281.49
281.299
281.277
281.418
281.646
281.555
281.193
281.153
281.174
281.805
274.002
274.001
274.009
274.055
274.322
275.875
284.838
329.449
345.908
344.614
339.69
334.447
327.341
319.547
312.31
305.485
298.86
292.394
286.063
282.506
281.826
281.631
281.681
281.89
282.42
282.584
282.379
282.169
281.877
282.001
274.002
274.004
274.026
274.155
274.935
279.69
309.507
348.59
350.248
345.486
340.192
333.561
325.872
318.348
311.335
304.501
297.783
290.927
285.344
282.718
282.73
282.675
282.774
283.196
284.041
284.245
283.808
282.909
282.111
281.965
274.004
274.011
274.07
274.44
276.738
290.509
345.688
353.514
352.259
346.324
340.235
332.728
325.086
318.017
311.059
304.231
297.453
290.592
285.728
283.866
283.948
284.261
284.945
285.831
286.842
286.711
285.279
283.634
282.392
282.185
274.007
274.03
274.195
275.247
281.986
324.477
356.974
357.696
353.371
347.112
340.17
332.501
325.073
318.139
311.177
304.457
297.65
290.979
287.019
286.146
286.46
287.245
288.131
289.426
290.266
289.801
287.113
284.259
282.64
282.013
274.015
274.082
274.535
277.542
297.334
357.555
361.82
360.811
354.433
347.864
340.219
332.57
325.402
318.413
311.55
305.117
298.542
292.138
289.403
289.919
290.912
292.394
294.214
295.859
296.014
294.528
290.704
285.996
283.448
282.42
274.037
274.219
275.483
283.99
337.016
365.611
365.382
362.354
355.724
348.542
340.527
333.011
326.016
318.99
312.209
306.103
299.967
293.874
293.451
295.774
298.66
301.678
304.222
306.786
308.52
304.888
297.201
288.699
284.401
282.343
274.095
274.582
278.12
304.113
367.331
370.467
370.271
363.827
356.64
349.248
341.296
334.127
327.346
320.795
315.012
309.874
304.465
300.489
302.114
306.452
312.432
319.53
326.285
331.25
335.372
331.422
315.32
295.763
286.8
283.657
274.237
275.575
285.338
347.464
375.229
374.386
372.684
365.478
357.507
350.306
342.773
336.015
329.845
324.413
320.435
316.996
313.519
312.878
317.683
326.261
337.28
351.412
367.822
381.512
397.268
395.891
367.388
316.717
292.423
282.993
274.609
278.27
308.398
377.181
380.059
380.461
374.86
366.969
359.664
351.848
344.879
338.459
332.835
328.955
326.974
326.807
328.191
332.029
341.39
355.383
374.906
399.155
428.022
456.973
494.806
525.019
489.971
383.03
307.748
292.058
275.606
285.495
354.213
385.486
384.976
384.466
377.046
368.984
361.977
354.206
347.898
342.057
338.174
337.028
337.892
340.243
343.813
354.352
373.351
395.566
427.682
466.006
508.36
561.816
612.429
691.236
672.881
588.435
366.873
276.523
278.204
307.633
386.625
390.403
390.046
387.388
379.017
371.956
364.804
357.827
351.978
347.95
346.959
348.455
351.957
357.471
363.529
380.622
409.646
442.551
488.354
548.233
616.995
693.699
786.947
853.282
873.615
844.218
521.615
304.748
274.002
274.002
274.002
274.002
274.002
274.002
274.002
274.002
274.002
274.002
274.002
274.002
274.002
274.002
274.002
274.002
274.002
274.002
274.002
274.002
274.002
274.002
274.002
274.002
274.002
274.002
274.002
274.002
274.002
274.002
274.002
274.002
274.002
274.002
274.002
274.002
274.002
274.002
274.002
274.002
274.002
274.002
274.002
274.002
274.002
274.002
274.002
274.002
274.002
274.002
274.002
274.002
274.002
274.002
274.002
274.002
274.002
274.002
274.002
274.002
274.002
274.002
274.002
274.002
274.002
274.002
274.002
274.002
274.002
274.002
274.002
274.002
274.002
274.003
274.009
274.045
274.279
275.593
282.823
317.709
430.145
577.736
680.196
743.882
787.663
820.158
846.235
866.555
882.035
892.87
899.239
902.027
902.894
900.02
894.188
887.118
878.831
869.355
858.726
846.994
834.389
820.989
805.952
790.992
775.326
759.133
742.538
725.441
707.943
689.922
671.601
652.698
633.252
613.111
591.895
569.665
546.494
521.727
494.963
466.569
435.679
399.067
351.736
302.667
285.161
274.001
274.001
274.001
274.001
274.001
274.001
274.001
274.001
274.001
274.001
274.001
274.001
274.001
274.001
274.001
274.001
274.001
274.001
274.001
274.001
274.001
274.001
274.001
274.001
274.001
274.001
274.001
274.001
274.001
274.001
274.001
274.001
274.001
274.001
274.001
274.001
274.001
274.001
274.001
274.001
274.001
274.001
274.001
274.001
274.001
274.001
274.001
274.001
274.001
274.001
274.001
274.001
274.001
274.001
274.001
274.001
274.001
274.001
274.001
274.001
274.001
274.001
274.001
274.001
274.001
274.001
274.001
274.001
274.001
274.001
274.001
274.001
274.003
274.021
274.156
275.118
281.744
324.059
472.977
637.902
713.801
728.511
732.913
738.094
747.783
759.555
770.176
777.355
782.346
786.407
791.453
796.535
800.168
802.211
802.774
800.855
796.415
789.509
779.991
768.465
755.466
741.43
726.16
710.309
693.397
675.811
657.638
638.915
619.742
600.233
581.144
562.211
544.382
528.029
512.725
497.022
481.139
465.74
451.376
436.876
424.288
414.721
407.615
393.799
356.243
274
274
274
274
274
274
274
274
274
274
274
274
274
274
274
274
274
274
274
274
274
274
274
274
274
274
274
274
274
274
274
274
274
274
274
274
274
274
274
274
274
274
274
274
274
274
274
274
274
274
274
274
274
274
274
274
274
274
274
274
274
274
274
274
274
274
274
274
274
274
274.001
274.007
274.06
274.539
278.562
310.861
467.457
661.705
741.682
751.392
749.298
745.282
740.182
737.566
736.65
736.779
736.237
732.637
728.986
725.121
720.633
716.482
711.93
707.357
702.333
696.314
689.515
682.113
673.878
664.888
654.989
644.29
632.914
621.013
608.946
595.91
582.177
567.966
553.525
538.907
524.631
510.287
496.569
483.153
471.724
461.815
452.71
443.966
435.932
428.822
421.207
413.328
406.889
401.422
395.761
274
274
274
274
274
274
274
274
274
274
274
274
274
274
274
274
274
274
274
274
274
274
274
274
274
274
274
274
274
274
274
274
274
274
274
274
274
274
274
274
274
274
274
274
274
274
274
274
274
274
274
274
274
274
274
274
274
274
274
274
274
274
274
274
274
274
274
274
274
274.001
274.017
274.171
275.734
291.704
414.469
648.514
759.393
771.389
770.465
767.636
763.012
758.034
753.608
748.201
744.958
739.813
734.14
727.103
721.405
714.32
706.837
700.27
693.88
687.535
680.714
673.269
665.555
657.924
650.24
642.082
632.967
622.775
611.919
600.682
589.65
577.683
564.941
551.715
538.337
524.958
511.842
498.354
485.457
472.715
460.983
451.091
442.894
436.592
431.272
425.878
420.672
414.452
407.478
401.382
395.677
274
274
274
274
274
274
274
274
274
274
274
274
274
274
274
274
274
274
274
274
274
274
274
274
274
274
274
274
274
274
274
274
274
274
274
274
274
274
274
274
274
274
274
274
274
274
274
274
274
274
274
274
274
274
274
274
274
274
274
274
274
274
274
274
274
274
274
274
274.003
274.036
274.449
279.488
339.594
575.736
759.126
787.958
788.985
788.073
785.304
781.321
777.419
773.716
767.257
761.626
755.804
748.457
743.787
736.751
729.629
721.277
711.778
703.797
695.681
687.567
679.137
670.649
662.523
654.928
647.895
640.811
633.286
624.739
615.13
604.645
594.022
582.572
570.247
556.86
542.757
528.505
514.367
499.995
486.715
473.646
461.868
450.783
440.674
431.571
424.098
418.022
412.693
409.197
405.07
401.206
396.831
274
274
274
274
274
274
274
274
274
274
274
274
274
274
274
274
274
274
274
274
274
274
274
274
274
274
274
274
274
274
274
274
274
274
274
274
274
274
274
274
274
274
274
274
274
274
274
274
274
274
274
274
274
274
274
274
274
274
274
274
274
274
274
274
274
274
274
274.005
274.073
275.076
289.865
438.731
709.476
797.559
804.064
804.37
804.574
802.528
799.504
796.69
793.509
789.452
786.508
782.846
777.359
770.823
764.37
758.461
752.405
743.642
734.903
726.456
718.204
709.133
700.037
691.221
683.216
675.715
668.955
662.003
654.349
645.495
635.788
625.124
614.207
601.757
588.195
573.441
557.801
541.903
525.783
509.402
494.276
479.576
465.678
452.316
440.751
429.983
420.166
412.179
406.01
400.702
396.104
392.919
390.368
274
274
274
274
274
274
274
274
274
274
274
274
274
274
274
274
274
274
274
274
274
274
274
274
274
274
274
274
274
274
274
274
274
274
274
274
274
274
274
274
274
274
274
274
274
274
274
274
274
274
274
274
274
274
274
274
274
274
274
274
274
274
274
274
274
274
274.008
274.133
276.377
314.959
565.553
784.895
814.292
818.111
820.367
820.596
819.489
817.278
815.648
814.065
813.847
813.651
811.63
809.571
805.988
802.013
795.226
788.089
781.447
774.732
766.847
759.667
751.464
742.19
733.588
725.848
718.766
711.946
705.43
698.467
690.683
681.707
671.347
659.462
646.661
632.159
615.859
597.91
579.283
560.635
541.47
522.212
504.541
487.746
471.879
456.048
442.541
430.298
419.219
409.343
400.816
394.378
389.339
385.494
381.778
274
274
274
274
274
274
274
274
274
274
274
274
274
274
274
274
274
274
274
274
274
274
274
274
274
274
274
274
274
274
274
274
274
274
274
274
274
274
274
274
274
274
274
274
274
274
274
274
274
274
274
274
274
274
274
274
274
274
274
274
274
274
274
274
274
274.011
274.218
278.706
364.684
677.436
817.227
828.643
832.251
836.134
836.666
835.843
834.919
835.294
837.092
840.214
843.218
844.421
846.307
848.059
847.31
845.249
840.38
835.394
829.623
826.98
820.68
815.723
809.074
801.186
794.286
788.508
782.639
776.879
770.684
763.969
756.496
747.255
736.018
722.246
705.994
686.555
664.93
641.318
616.793
592.649
568.242
544.285
522.195
501.496
482.409
463.354
447.343
432.634
420.059
409.024
398.983
390.063
383.546
378.788
375.19
274
274
274
274
274
274
274
274
274
274
274
274
274
274
274
274
274
274
274
274
274
274
274
274
274
274
274
274
274
274
274
274
274
274
274
274
274
274
274
274
274
274
274
274
274
274
274
274
274
274
274
274
274
274
274
274
274
274
274
274
274
274
274
274
274.013
274.316
281.955
423.052
748.194
833.134
841.233
845.567
850.44
851.399
851.338
851.927
855.19
861.779
870.635
877.76
885.354
891.313
899.7
909.525
913.948
915.733
918.905
918.801
916.344
913.649
909.742
906.714
902.137
897.381
892.711
889.16
884.787
880.465
874.83
868.88
862.32
854.116
842.858
826.918
806.15
779.901
749.385
716.311
681.97
648.187
614.586
582.775
553.519
526.217
501.136
477.077
457.461
439.131
423.832
410.829
399.09
388.909
379.833
373.203
368.442
274
274
274
274
274
274
274
274
274
274
274
274
274
274
274
274
274
274
274
274
274
274
274
274
274
274
274
274
274
274
274
274
274
274
274
274
274
274
274
274
274
274
274
274
274
274
274
274
274
274
274
274
274
274
274
274
274
274
274
274
274
274
274
274.014
274.397
285.201
469.913
788.457
843.921
851.268
856.191
861.7
864.393
865.664
868.557
875.264
886.416
902.603
921.911
939.659
958.094
978.6
1001.59
1020.91
1035.61
1046.36
1056.69
1060.45
1059.66
1057.6
1054.48
1051.56
1046.56
1044.09
1040.1
1036.81
1032.5
1028.29
1023.11
1017.76
1011.9
1004.29
993.167
976.027
951.902
920.074
879.987
834.328
786.405
738.924
691.144
646.5
606.121
568.614
533.893
501.554
476.004
452.362
433.093
416.34
401.656
389.549
379.034
369.373
362.457
274
274
274
274
274
274
274
274
274
274
274
274
274
274
274
274
274
274
274
274
274
274
274
274
274
274
274
274
274
274
274
274
274
274
274
274
274
274
274
274
274
274
274
274
274
274
274
274
274
274
274
274
274
274
274
274
274
274
274
274
274
274
274.013
274.425
287.094
497.307
809.921
852.593
859.878
864.876
870.127
874.484
879.091
885.024
895.83
913.815
938.816
968.74
1006.06
1048
1093.71
1143.99
1188.54
1225.95
1251.53
1267.13
1281.18
1285.52
1281.97
1276.64
1268.38
1260.01
1248.26
1240.63
1233.76
1228.17
1220.02
1211.75
1203.98
1196.24
1188.04
1178.8
1167.95
1151.86
1127.66
1094.4
1050.81
996.58
934.835
871.774
806.551
744.224
688.124
636.104
587.442
542.275
506.771
475.042
450.12
428.136
408.687
392.973
379.844
368.426
358.44
274
274
274
274
274
274
274
274
274
274
274
274
274
274
274
274
274
274
274
274
274
274
274
274
274
274
274
274
274
274
274
274
274
274
274
274
274
274
274
274
274
274
274
274
274
274
274
274
274
274
274
274
274
274
274
274
274
274
274
274
274
274.01
274.385
286.715
503.054
818.964
859.427
867.157
872.003
877.142
883.038
890.324
901.136
917.557
940.925
976.083
1022.52
1081.99
1158.77
1249.29
1349.22
1444.98
1517.95
1558.61
1573.27
1573.71
1564.73
1559.71
1543.7
1522.72
1499.48
1481.25
1462.54
1446.32
1432.76
1421.06
1406.16
1389.35
1374.4
1360.65
1347.26
1333.1
1318.99
1302.99
1283.26
1258.45
1223.23
1172.72
1108.68
1038.58
960.881
880.738
805.612
734.364
666.745
603.972
554.183
510.256
476.75
447.742
422.18
401.253
383.746
369.638
357.461
274
274
274
274
274
274
274
274
274
274
274
274
274
274
274
274
274
274
274
274
274
274
274
274
274
274
274
274
274
274
274
274
274
274
274
274
274
274
274
274
274
274
274
274
274
274
274
274
274
274
274
274
274
274
274
274
274
274
274
274
274.007
274.294
284.24
485.425
818.175
864.276
872.613
877.808
882.821
890.266
900.049
914.863
936.363
968.165
1012.67
1075.77
1164.2
1282.18
1439.26
1595.09
1695.43
1731.85
1741.25
1740.01
1743.22
1732
1716.62
1703.17
1686.72
1673.14
1654.07
1630.25
1604.11
1578.82
1560.26
1542.54
1520.27
1496.64
1476.3
1454.69
1433.78
1411.7
1392.12
1373.96
1356.73
1338.81
1321.83
1297.36
1252.27
1195.11
1124.17
1039.04
951.737
864.275
776.437
690.817
621.172
560.195
514.495
475.549
442.829
415.501
392.26
373.544
358.9
274
274
274
274
274
274
274
274
274
274
274
274
274
274
274
274
274
274
274
274
274
274
274
274
274
274
274
274
274
274
274
274
274
274
274
274
274
274
274
274
274
274
274
274
274
274
274
274
274
274
274
274
274
274
274
274
274
274
274
274.004
274.188
280.829
446.504
803.41
866.813
876.569
882.043
887.468
896.039
908.284
926.812
953.404
991.667
1047.49
1126.61
1238.76
1400.84
1613.66
1778.09
1823.79
1814.33
1792.32
1774.71
1780.42
1796.93
1797.46
1789.92
1768.75
1756.72
1751.72
1739.25
1717.42
1684.2
1654.5
1626.37
1604.12
1577.34
1550.33
1527.37
1502.41
1478.94
1455.17
1434.73
1415.27
1398.08
1379.29
1364.42
1353.58
1334.07
1301.3
1250.75
1177.39
1095.61
1006.38
907.493
800.826
708.939
626.571
565.374
513.484
470.835
436.463
405.949
381.142
362.886
274
274
274
274
274
274
274
274
274
274
274
274
274
274
274
274
274
274
274
274
274
274
274
274
274
274
274
274
274
274
274
274
274
274
274
274
274
274
274
274
274
274
274
274
274
274
274
274
274
274
274
274
274
274
274
274
274
274
274.002
274.101
277.809
392.484
770.115
865.835
878.446
885.174
890.875
899.722
914.843
936.709
967.843
1011.85
1075.56
1167.53
1297.86
1481.5
1714.07
1838.09
1863.79
1852.64
1832.13
1809.9
1794.08
1840.43
1905.56
1958.6
1960.22
1944.44
1936.09
1915.45
1882.45
1841.31
1799.9
1767.56
1737.57
1716.67
1686.69
1656.64
1634.19
1609.8
1586.79
1560.84
1536.32
1507.02
1474.19
1444.88
1419.94
1400.61
1381
1360.47
1328.59
1272.53
1202.55
1127.31
1034.86
920.687
812.33
708.368
629.157
561.963
507.304
463.579
426.211
394.203
369.826
274
274
274
274
274
274
274
274
274
274
274
274
274
274
274
274
274
274
274
274
274
274
274
274
274
274
274
274
274
274
274
274
274
274
274
274
274
274
274
274
274
274
274
274
274
274
274
274
274
274
274
274
274
274
274
274
274
274.001
274.045
275.828
337.536
709.883
861.515
877.807
886.01
892.668
901.884
918.461
943.614
978.108
1025.34
1093.19
1191.97
1332.9
1525.79
1748.41
1841.21
1859.57
1869.42
1855.26
1845.98
1846.81
1863.36
1956.64
1995.86
2044.95
2088.9
2101.46
2089.95
2055.36
2020.51
1987.35
1967.18
1949.49
1925.66
1906.36
1883.16
1863.74
1848.39
1830.09
1814.45
1792.58
1767.01
1723.23
1674.65
1621.25
1559.53
1500.82
1454.98
1423.97
1390.79
1338.24
1276.15
1204.61
1125.75
1017.04
905.713
789.7
698.101
616.861
550.309
496.253
450.604
412.035
380.505
274
274
274
274
274
274
274
274
274
274
274
274
274
274
274
274
274
274
274
274
274
274
274
274
274
274
274
274
274
274
274
274
274
274
274
274
274
274
274
274
274
274
274
274
274
274
274
274
274
274
274
274
274
274
274
274
274.001
274.017
274.78
300.69
612.237
851.933
874.971
884.624
892.767
902.655
919.052
945.865
982.611
1030.06
1096.99
1195.82
1338.07
1533.56
1750.54
1835.05
1846.11
1847.99
1844.32
1872.14
1883.53
1893.29
1943.66
1998.63
2004.46
2050.3
2092.45
2101.08
2079.58
2050.15
2024.52
2014.67
2015.96
2016.89
2019.02
2021.59
2026.34
2030.68
2031.96
2030.83
2025.46
2008.3
1982.16
1945.88
1903.09
1843.51
1779.04
1714.26
1645.1
1558.37
1484.3
1410.42
1338.82
1269.23
1196.19
1097.77
1001.32
881.349
777.433
680.016
598.178
531.397
474.535
428.743
391.394
274
274
274
274
274
274
274
274
274
274
274
274
274
274
274
274
274
274
274
274
274
274
274
274
274
274
274
274
274
274
274
274
274
274
274
274
274
274
274
274
274
274
274
274
274
274
274
274
274
274
274
274
274
274
274
274
274.006
274.288
284.074
488.129
824.812
869.585
880.785
890.719
902.096
918.407
943.957
980.671
1026.96
1089.13
1180.4
1315.41
1509.53
1740.06
1832.76
1836.72
1827.92
1823.72
1828.93
1867.48
1898.54
1891.18
1923.01
1919.77
1901.33
1948.55
1980.69
1979.72
1977.92
1985
1985.26
2016.66
2018.67
2010.37
2018.39
2027.33
2042.36
2049.16
2049.07
2045.44
2034.43
2019.03
1996.68
1971.12
1945.34
1901.95
1847.85
1793.63
1732.36
1690.78
1632.94
1537.02
1445.28
1357.45
1272.14
1174.64
1076.57
966.808
871.107
768.358
675.649
594.239
522.17
464.236
417.301
274
274
274
274
274
274
274
274
274
274
274
274
274
274
274
274
274
274
274
274
274
274
274
274
274
274
274
274
274
274
274
274
274
274
274
274
274
274
274
274
274
274
274
274
274
274
274
274
274
274
274
274
274
274
274
274.002
274.086
277.276
379.258
756.21
861.674
875.243
886.303
899.507
916.665
940.6
974.102
1017.57
1073.41
1152
1271.1
1451.81
1699.14
1840.85
1853.25
1857.48
1869.15
1901.62
1919.27
1916.99
1889.7
1798.65
1782.18
1667.35
1670.38
1757.12
1832.85
1869.4
1899.45
1961.55
1984.64
1911.71
1882.35
1856.85
1854.04
1853.32
1879.14
1892.96
1898.18
1893.42
1874.59
1850.52
1832.92
1824.7
1820.89
1808.45
1768.49
1741.64
1727.37
1722.26
1698.84
1671.61
1627.41
1563.64
1471.05
1344.52
1240.53
1097.86
977.955
857.964
759.291
670.006
583.319
511.363
456.2
274
274
274
274
274
274
274
274
274
274
274
274
274
274
274
274
274
274
274
274
274
274
274
274
274
274
274
274
274
274
274
274
274
274
274
274
274
274
274
274
274
274
274
274
274
274
274
274
274
274
274
274
274
274
274.001
274.022
274.958
305.954
632.664
849.388
869.176
880.875
895.064
912.771
935.524
965.319
1003.93
1052.9
1118.6
1217.7
1372.76
1605.15
1826.15
1883.55
1895.5
1911.79
1932.84
1958.88
1972.82
1980.17
1975.29
1741.24
1560.9
1507.94
1521.02
1577.89
1639.11
1679.2
1737.04
1797.78
1767.38
1687.35
1582.39
1448.96
1381.09
1328.57
1307.33
1364.66
1374.37
1356.98
1400.07
1450.07
1493.7
1521.92
1536.02
1533.84
1564.27
1579.14
1595.96
1648.09
1667.59
1675.27
1669.41
1665.69
1634.21
1558.62
1478.03
1338.36
1209.7
1048.1
901.953
767.955
664.398
574.782
502.722
274
274
274
274
274
274
274
274
274
274
274
274
274
274
274
274
274
274
274
274
274
274
274
274
274
274
274
274
274
274
274
274
274
274
274
274
274
274
274
274
274
274
274
274
274
274
274
274
274
274
274
274
274
274
274.005
274.253
282.706
470.143
812.833
861.487
874.407
889.911
908.192
929.211
955.78
989.187
1030.45
1084.99
1165.4
1290.79
1481.76
1740.02
1886.51
1909.18
1920.64
1934.63
1952.69
1973.02
1989.65
2000.15
2005.8
1782.05
1580.5
1490.69
1408.45
1362.52
1420.03
1416.91
1393.26
1383.48
1306.22
1234.58
1240.49
1202.09
1145.46
1088.76
1075.4
1096.55
1112.25
1128.87
1187.31
1236.92
1297.5
1373.75
1407.16
1463.52
1493.34
1504.84
1485.7
1469.61
1494.41
1555.38
1580.22
1610.44
1616.41
1609
1577.66
1511.33
1423.84
1276.66
1097.19
927.818
766.369
647.43
559.446
274
274
274
274
274
274
274
274
274
274
274
274
274
274
274
274
274
274
274
274
274
274
274
274
274
274
274
274
274
274
274
274
274
274
274
274
274
274
274
274
274
274
274
274
274
274
274
274
274
274
274
274
274
274.001
274.053
276.073
342.69
709.427
850.394
868.118
884.587
904.036
923.519
945.856
975.123
1011.48
1057.05
1122.36
1221.87
1373.2
1593.15
1826.21
1904.88
1920.43
1930.28
1941.53
1958.35
1966.52
1976.8
2005.52
2009.67
1746.18
1554.26
1348.45
1272.32
1287.35
1301.61
1285.58
1269.96
1200.96
1169.22
1130.38
1057.18
1092.44
1043.76
991.338
949.632
932.91
917.675
900.075
902.843
918.542
956.618
1017.85
1107.87
1220.46
1349.96
1450.16
1492.3
1494.34
1451.64
1436.65
1455.04
1486.7
1512.72
1522.92
1536.13
1560.89
1535.72
1463.83
1318.21
1155.17
936.9
771.933
645.933
274
274
274
274
274
274
274
274
274
274
274
274
274
274
274
274
274
274
274
274
274
274
274
274
274
274
274
274
274
274
274
274
274
274
274
274
274
274
274
274
274
274
274
274
274
274
274
274
274
274
274
274
274
274.01
274.475
289.185
529.707
824.675
862.166
880.543
899.988
918.592
937.239
961.595
993.632
1033.82
1088.67
1169.94
1289.39
1460.02
1687.61
1861.58
1911.85
1926.7
1931.9
1938.89
1948.54
1962.66
1980.12
1999.79
1914.63
1706.05
1366.08
1248.85
1211.11
1169.01
1140.39
1140.68
1127.95
1116.49
1064.48
1037.07
990.503
967.864
975.257
921.525
878.273
842.81
829.455
820.095
814.116
810.877
812.826
822.874
850.04
892.71
944.651
1033.45
1155.28
1292
1379.36
1416.06
1422.26
1423.75
1446.17
1457.47
1466.3
1471.29
1495.87
1509.97
1473.87
1355.93
1172.77
947.411
763.858
274
274
274
274
274
274
274
274
274
274
274
274
274
274
274
274
274
274
274
274
274
274
274
274
274
274
274
274
274
274
274
274
274
274
274
274
274
274
274
274
274
274
274
274
274
274
274
274
274
274
274
274
274.002
274.09
277.249
372.975
737.955
852.19
876.333
895.788
912.306
928.51
949.554
977.433
1012.71
1060.88
1130.74
1229.42
1363.4
1540.91
1754.97
1888.6
1925.1
1936.8
1940.24
1937.74
1951.62
1969.09
1980.22
1956.54
1676.21
1285.52
1099.74
1060.61
1067.7
1035.88
1024.8
1023.06
998.303
1033.84
1051.89
1052.69
1040.74
1012.74
1022.12
937.633
903.934
881.337
884.276
885.512
884.807
882.205
880.461
874.117
872.02
874.97
890.117
920.167
987.206
1077.51
1192.61
1311.76
1365.53
1410.75
1432.11
1446.97
1454.23
1450.26
1438.79
1449.49
1505.97
1461.37
1333.89
1118.02
875.48
274
274
274
274
274
274
274
274
274
274
274
274
274
274
274
274
274
274
274
274
274
274
274
274
274
274
274
274
274
274
274
274
274
274
274
274
274
274
274
274
274
274
274
274
274
274
274
274
274
274
274
274
274.015
274.647
294.07
563.169
833.108
871.746
890.526
904.594
918.258
936.801
961.912
994.053
1037.66
1101.84
1190.87
1305.93
1447.66
1617.7
1801.83
1911.09
1947.15
1964.45
1978.54
1977.33
1979.18
2000.6
2017.79
1853.97
1570.99
1153.64
1056.72
1013.43
1006.21
1005.05
1002.99
1008.45
1038.92
1024.98
994.373
1005.27
1027.91
1030.08
1020.54
985.649
926.867
871.252
850.98
848.781
841.069
850.275
850.484
853.338
852.541
847.404
845.287
843.782
854.567
890.614
947.501
1049.06
1211.58
1330.37
1404.69
1427.41
1451.64
1461.09
1452.9
1438.08
1477.87
1490.98
1413.38
1273.84
1016.26
274
274
274
274
274
274
274
274
274
274
274
274
274
274
274
274
274
274
274
274
274
274
274
274
274
274
274
274
274
274
274
274
274
274
274
274
274
274
274
274
274
274
274
274
274
274
274
274
274
274
274
274.002
274.102
277.578
379.41
746.259
862.459
883.517
896.846
908.9
924.485
946.422
976.217
1017.03
1077
1161.11
1266.86
1392.32
1531.55
1690.21
1845.51
1932.16
1963.74
1980.88
2002.32
2014.31
2013.6
2025.74
2017.29
1800.88
1410.19
1200.85
1137.96
1119.39
1100.07
1089.38
1072.06
1036.39
1027.88
1051.27
1059.77
1058.83
1051.21
1061.67
1070.36
1071.64
1003.97
968.808
887.464
883.818
867.073
848.285
852.383
855.967
871.568
879.915
889.723
896.225
896.588
887.581
899.908
912.762
955.825
1059.09
1192.31
1359.81
1433.61
1476.32
1489.59
1476.48
1453.05
1456.91
1401.06
1250.98
1078.73
274
274
274
274
274
274
274
274
274
274
274
274
274
274
274
274
274
274
274
274
274
274
274
274
274
274
274
274
274
274
274
274
274
274
274
274
274
274
274
274
274
274
274
274
274
274
274
274
274
274
274
274.013
274.547
290.72
537.153
834.879
876.368
889.157
899.312
912.348
931.772
959.756
998.032
1052.09
1129.81
1229.02
1347.05
1477.15
1620.59
1772.09
1899.13
1954.36
1977.65
1995.49
2017.32
2027.09
2022.55
2031.18
1772.96
1552.28
1220.91
1119.9
1074.67
1048.43
1027.92
1036.34
1031.74
1043.86
1057.76
1041.73
1043.93
1050.29
1049.84
1065.04
1063.61
1081.94
1086.47
1025.81
1054.69
945.038
931.325
913.419
889.492
882.155
881.698
886.428
897.496
912.9
921.101
930.715
940.421
954.117
961.861
996.839
1050.26
1154.5
1328.98
1450.2
1498.03
1502.83
1509.46
1435.4
1435.87
1173.07
1053.62
274
274
274
274
274
274
274
274
274
274
274
274
274
274
274
274
274
274
274
274
274
274
274
274
274
274
274
274
274
274
274
274
274
274
274
274
274
274
274
274
274
274
274
274
274
274
274
274
274
274
274.002
274.065
276.313
345.124
708.729
861.921
881.078
890.665
902.021
919.694
945.61
980.472
1027.27
1092.87
1179.7
1285.97
1412.32
1556.81
1716.74
1868.39
1943.46
1970.13
1984.42
2010.61
2034.29
2047.74
2049.73
2000.18
1697.85
1353.15
1175.9
1126.94
1112.24
1106.43
1103.48
1099.98
1091.47
1075.99
1053.37
1053.85
1074.49
1073.85
1070.42
1065.26
1074.3
1088.59
1083.69
1095.18
1097.32
1079.43
957.717
975.466
940.592
934.39
919.853
917.785
916.251
916.439
922.299
937.668
941.013
952.459
956.746
973.66
1001.14
1049.87
1107.58
1211.58
1374.04
1513.44
1541.71
1476.26
1425.39
1389.43
976.94
274
274
274
274
274
274
274
274
274
274
274
274
274
274
274
274
274
274
274
274
274
274
274
274
274
274
274
274
274
274
274
274
274
274
274
274
274
274
274
274
274
274
274
274
274
274
274
274
274
274
274.007
274.306
283.583
471.722
813.59
871.554
882.422
892.094
907.894
931.857
963.008
1000.75
1051.07
1119.48
1207.06
1319.15
1460.47
1627.37
1805.34
1920.18
1956.4
1970.02
1994.92
2027.54
2065.83
2082.6
2083.49
1991.25
1705.58
1395.21
1267.44
1208.26
1177.24
1146.65
1128.87
1120.77
1116.74
1123.12
1120.25
1107.91
1115.96
1132.19
1136.29
1116.54
1117.25
1132.64
1115.91
1101.47
1119.93
1122.45
1104.16
1049.65
1004.05
976.241
954.487
949.845
944.632
943.108
941.344
939.878
945.721
952.001
969.873
974.57
982.17
989.61
1025.77
1080.16
1168.09
1267.84
1428.32
1561.57
1573.73
1400.04
1356.67
274
274
274
274
274
274
274
274
274
274
274
274
274
274
274
274
274
274
274
274
274
274
274
274
274
274
274
274
274
274
274
274
274
274
274
274
274
274
274
274
274
274
274
274
274
274
274
274
274
274.001
274.03
275.131
307.287
625.026
851.762
874.297
883.672
897.91
920.22
949.366
984.001
1027.15
1086.12
1165.43
1263.86
1386.15
1531.01
1692.13
1847.93
1933.01
1961.08
1971.32
1996.58
2033.82
2074.88
2092.86
2097.05
1920
1650.1
1315.75
1210.94
1172.83
1156.33
1148.87
1144.29
1134.17
1129.73
1124.7
1115.24
1109.21
1127.97
1131.26
1110.98
1122.81
1172.95
1182.29
1154.11
1147.6
1158.24
1157.46
1156.47
1139.04
1120.69
1049.4
1028.84
994.981
1002.08
996.981
999.359
1004.57
1008.88
1013.22
1014.8
1024.8
1042.52
1061.2
1089.18
1109.56
1139.95
1195.53
1247.04
1325.49
1503.48
1668.3
1742.37
274
274
274
274
274
274
274
274
274
274
274
274
274
274
274
274
274
274
274
274
274
274
274
274
274
274
274
274
274
274
274
274
274
274
274
274
274
274
274
274
274
274
274
274
274
274
274
274
274
274.002
274.085
276.831
357.541
723.41
858.453
875.479
888.984
908.19
932.519
961.632
998.713
1048.35
1117.29
1204.88
1308.13
1429.73
1568.67
1717.21
1855.93
1938.88
1969.36
1981.96
2009.99
2050.11
2074.37
2085.61
2091.6
1805.7
1600.58
1326.5
1254.23
1221.54
1203.61
1194.9
1187.52
1177.43
1173.17
1169.13
1160.15
1158.67
1180.49
1185.95
1171.7
1171.37
1212.65
1234.19
1213.65
1220.09
1246.93
1227.76
1212.71
1215.87
1216.11
1153.83
1118.78
1089.65
1054.47
1068.58
1071.27
1073.71
1086.82
1086.03
1092.55
1093.57
1099.92
1106.72
1137.12
1185.77
1239.09
1336.36
1444.12
1563.48
1628.28
1732.36
1974.64
274
274
274
274
274
274
274
274
274
274
274
274
274
274
274
274
274
274
274
274
274
274
274
274
274
274
274
274
274
274
274
274
274
274
274
274
274
274
274
274
274
274
274
274
274
274
274
274
274
274.004
274.151
278.846
402.018
766.078
863.509
880.936
895.209
912.872
935.371
965.401
1006.57
1063.61
1139.64
1229.65
1332.36
1449.84
1582.35
1722.15
1853.15
1939.61
1974.14
1989.22
2016.74
2055.78
2080.68
2091.34
2074.21
1783.31
1571.35
1334.91
1261.28
1226.73
1211.2
1202.58
1199.7
1197.27
1193.92
1192.51
1181.31
1182.9
1207.3
1205.23
1186.82
1197.49
1241.54
1247.73
1226.75
1245.93
1277.28
1268.48
1250.17
1248.92
1246.34
1212.41
1142.01
1138.59
1100.55
1088.39
1103.07
1094.29
1118.72
1120.06
1140.84
1147.93
1161.62
1166.02
1168.35
1206.52
1247.93
1342.75
1458.03
1603.38
1739.65
1881.2
2018.53
274
274
274
274
274
274
274
274
274
274
274
274
274
274
274
274
274
274
274
274
274
274
274
274
274
274
274
274
274
274
274
274
274
274
274
274
274
274
274
274
274
274
274
274
274
274
274
274
274
274.007
274.305
283.322
466.226
808.91
869.042
882.436
895.617
914.472
940.142
975.209
1021.88
1085.23
1166.47
1258.96
1361.67
1475.34
1600.16
1730.23
1849.56
1940.57
1983.77
2004.11
2025.76
2057.05
2070.11
2075.37
2041.4
1772.2
1522.07
1351.71
1299.07
1275.59
1255.54
1234.82
1225.04
1221.62
1222.68
1223.9
1210.04
1219.58
1243.11
1243.05
1223.61
1224.9
1257.41
1261.99
1242.1
1267.23
1321.9
1320.71
1302.62
1303.46
1290.64
1286.5
1219.02
1162.78
1170.26
1138.16
1154.95
1135.43
1149.36
1144.9
1167.75
1182.25
1209.04
1231.53
1248.01
1267.46
1288.96
1330.63
1396.44
1499.83
1655.44
1811
2039.35
274
274
274
274
274
274
274
274
274
274
274
274
274
274
274
274
274
274
274
274
274
274
274
274
274
274
274
274
274
274
274
274
274
274
274
274
274
274
274
274
274
274
274
274
274
274
274
274
274
274.014
274.569
290.613
531.999
835.082
872.676
884.885
900.023
920.002
946.367
983.101
1033.01
1101.68
1189.02
1287.72
1395.91
1508.59
1624.71
1740.62
1846.32
1935.2
1991.4
2017.52
2033.35
2059.62
2081.27
2090.86
2043.5
1786.37
1519.99
1354.54
1305.46
1286.87
1279.96
1277.12
1272.05
1269.96
1272.21
1270.69
1245.95
1255.62
1275.03
1271.56
1255.09
1263
1279.88
1274.17
1257.39
1284.12
1330.91
1329.27
1322.62
1352.25
1352.66
1337.54
1334.41
1277.95
1214.39
1219.47
1193.76
1211.22
1190.91
1207.97
1199.23
1230.86
1246.24
1288.13
1315.66
1360.51
1403
1452.99
1520.24
1590.25
1686.89
1797.45
1913.94
274
274
274
274
274
274
274
274
274
274
274
274
274
274
274
274
274
274
274
274
274
274
274
274
274
274
274
274
274
274
274
274
274
274
274
274
274
274
274
274
274
274
274
274
274
274
274
274
274.001
274.028
275.041
304.081
610.801
852.723
875.527
884.848
898.774
918.46
946.22
985.3
1038.55
1113.02
1207.78
1316.39
1432.99
1546.07
1653.05
1754.28
1848.34
1933.24
1993.74
2021.91
2036.57
2057.37
2076.11
2080.22
2014.81
1766.52
1478.99
1338.82
1300.1
1280.41
1273.21
1266.82
1254.61
1261.42
1278.9
1281.33
1272.01
1299.61
1325.43
1324.83
1312.51
1329.13
1339
1329.88
1324.36
1348.74
1365.47
1346.88
1348.28
1384.32
1401.89
1394.92
1393.04
1386.51
1333.46
1261.55
1273.93
1243.34
1258.3
1238.29
1251.56
1251.1
1277.94
1305.91
1344.72
1385.54
1440.63
1493.13
1570.23
1641.85
1726.71
1789.64
1855.37
274
274
274
274
274
274
274
274
274
274
274
274
274
274
274
274
274
274
274
274
274
274
274
274
274
274
274
274
274
274
274
274
274
274
274
274
274
274
274
274
274
274
274
274
274
274
274
274
274.001
274.05
275.713
324.35
669.713
856.795
877.131
889.396
905.727
927.144
956.708
997.306
1051.16
1126.16
1221.33
1332.88
1454.46
1571.31
1676.03
1771.33
1859.49
1939.76
1993.21
2016.26
2027.6
2041.89
2057.53
2062.19
1992.51
1794.77
1538.87
1390.47
1349.78
1326.98
1310.75
1304.02
1296.25
1287.91
1287.96
1294.79
1292.42
1304.26
1328.49
1328.56
1324.51
1348.43
1370.94
1369.95
1374.25
1401.58
1410.04
1390.72
1396.71
1434.84
1446.41
1456.24
1465.29
1461.01
1447.08
1410.9
1332.44
1352.18
1308.9
1336.42
1297.34
1330.57
1325.2
1367.25
1389.1
1449.37
1491.13
1564.18
1610.6
1678.94
1724.79
1786.37
1825.59
274
274
274
274
274
274
274
274
274
274
274
274
274
274
274
274
274
274
274
274
274
274
274
274
274
274
274
274
274
274
274
274
274
274
274
274
274
274
274
274
274
274
274
274
274
274
274
274
274.002
274.086
276.841
356.486
722.702
862.975
878.568
889.625
905.127
926.391
956.952
998.515
1054.58
1131.1
1227.52
1342.98
1469.28
1590.05
1696.38
1789.47
1872.57
1944.6
1994.68
2018.62
2032.45
2049.39
2060.36
2061.04
1962.04
1733.93
1479.25
1376.93
1351.26
1345.16
1344.12
1343.73
1339.82
1333.66
1332.47
1335.15
1334.42
1346.82
1373.6
1375.6
1369.73
1386.75
1410.99
1409.32
1412.29
1433.2
1452.84
1447.96
1457.74
1473.56
1479.57
1505.38
1526.9
1530.81
1527.76
1509.23
1492.7
1419.55
1434.84
1388.41
1420.78
1380.14
1425.75
1434.91
1499.08
1521.65
1578.91
1613.9
1668.28
1716.03
1758.3
1809.5
1837.62
274
274
274
274
274
274
274
274
274
274
274
274
274
274
274
274
274
274
274
274
274
274
274
274
274
274
274
274
274
274
274
274
274
274
274
274
274
274
274
274
274
274
274
274
274
274
274
274
274.003
274.136
278.326
390.094
755.727
863.277
879.434
892.869
910.347
933.583
966.045
1007.57
1063.34
1138.44
1235.47
1353.92
1483.24
1605.18
1711.71
1804.52
1885.64
1952.14
1994.27
2013.7
2023.9
2035.26
2042.41
2043.09
1929.45
1706.6
1463.84
1368.21
1335.26
1321.42
1316.33
1315.64
1316.67
1311.75
1327.37
1340.08
1340.02
1354.58
1387.48
1395.91
1394.66
1411.76
1447.89
1454.97
1461.09
1482.94
1506.94
1510.54
1521.91
1541.04
1548.69
1564.95
1586.28
1600.12
1620.67
1626.13
1614.63
1583.87
1538.31
1519.47
1493.36
1502.1
1490.39
1512.69
1537.57
1578.95
1619.26
1660.34
1710.71
1750.83
1801.37
1826.59
1859.24
274
274
274
274
274
274
274
274
274
274
274
274
274
274
274
274
274
274
274
274
274
274
274
274
274
274
274
274
274
274
274
274
274
274
274
274
274
274
274
274
274
274
274
274
274
274
274
274
274.005
274.211
280.486
427.178
785.009
867.469
881.155
893.034
909.827
933.729
967.049
1008.68
1064.81
1140.65
1239.61
1361.45
1493.73
1617.47
1724.48
1816.17
1893.55
1952.31
1986.71
2003.9
2018.46
2039.51
2055.09
2057.76
1940.16
1724.37
1473.23
1382.85
1355.8
1344.38
1339.84
1337.19
1335.78
1333.45
1335.58
1352.04
1357.28
1363.93
1395.86
1417.9
1423.76
1435.47
1469.01
1485.99
1493.73
1514.86
1543.51
1552.98
1572.34
1598.05
1614.72
1628.59
1647.72
1669.6
1692.16
1716.92
1739.3
1753.64
1713.57
1681.22
1630.47
1634.49
1621.03
1629.35
1630.15
1663.79
1695.25
1744.36
1783.43
1829.81
1859.36
1894.84
1929.49
274
274
274
274
274
274
274
274
274
274
274
274
274
274
274
274
274
274
274
274
274
274
274
274
274
274
274
274
274
274
274
274
274
274
274
274
274
274
274
274
274
274
274
274
274
274
274
274
274.007
274.296
282.84
457.314
802.478
868.72
881.935
894.267
912.309
938.564
974.136
1016.44
1073.25
1148.42
1247.3
1369.72
1501.76
1623.94
1728.78
1818.82
1894.48
1950.33
1984.48
2004.96
2023.48
2047.47
2065.05
2068.19
1951.94
1742.48
1481.36
1385.95
1358.54
1347.04
1342.53
1340.53
1339.43
1334.28
1345.82
1361.13
1363.86
1375.4
1403.15
1424.94
1430.64
1445.11
1471.19
1498.69
1512.15
1535.35
1562.67
1585.65
1607.67
1634.17
1660.76
1683.95
1709.59
1735.35
1765.89
1799.29
1830.45
1861.14
1876.33
1882.04
1850.39
1795.22
1779.19
1767.85
1772.96
1779.56
1802.77
1830.43
1870.34
1895.56
1926.26
1962.18
2001.06
274
274
274
274
274
274
274
274
274
274
274
274
274
274
274
274
274
274
274
274
274
274
274
274
274
274
274
274
274
274
274
274
274
274
274
274
274
274
274
274
274
274
274
274
274
274
274
274
274.01
274.401
285.722
486.756
819.342
872.363
883.682
895.381
914.04
942.405
979.767
1023.06
1081.46
1158.62
1259.61
1382.36
1510.98
1626.96
1726.27
1813.94
1890.11
1947.52
1983.22
2003.68
2020.45
2040.58
2052.17
2053.5
1933.96
1727.57
1481.36
1389.48
1361.61
1348.76
1343.34
1341.16
1340.56
1343.75
1352.9
1370.31
1377.8
1385.11
1407.42
1433.79
1442.22
1455.24
1480.52
1506.78
1521.69
1545.61
1573.88
1598.03
1622.19
1653.15
1682.78
1711.72
1743.81
1772.48
1802.56
1837.43
1872.68
1909.42
1952.71
1992.16
2019.7
2018.9
2000.02
1936.87
1915.8
1894.71
1907.78
1910.11
1929.86
1940.6
1970.25
1987.66
2011.72
274
274
274
274
274
274
274
274
274
274
274
274
274
274
274
274
274
274
274
274
274
274
274
274
274
274
274
274
274
274
274
274
274
274
274
274
274
274
274
274
274
274
274
274
274
274
274
274
274.013
274.499
288.299
508.979
830.2
874.833
884.163
895.304
914.572
945.264
986.065
1033.99
1097.25
1178.41
1280.91
1400.63
1520.58
1625.79
1717.45
1804.13
1884.4
1945.35
1976.1
1990.04
2001.35
2026.72
2043.74
2049.41
1938.13
1741.22
1485.14
1390.38
1363.11
1351.58
1347.64
1346.2
1345.38
1345.12
1357.1
1377.76
1387.8
1399.17
1419.38
1438
1455.03
1475.15
1493.47
1518.76
1540.73
1561.64
1588
1615.31
1640.43
1671.58
1700.99
1731.09
1766.01
1796.86
1827.47
1859.04
1890.74
1924.41
1963.83
2013.61
2064.11
2108.6
2124.16
2142.34
2040.84
2026.66
1979.66
1969.1
1965.42
1966.24
1976.82
2001.69
1967.78
274
274
274
274
274
274
274
274
274
274
274
274
274
274
274
274
274
274
274
274
274
274
274
274
274
274
274
274
274
274
274
274
274
274
274
274
274
274
274
274
274
274
274
274
274
274
274
274
274.016
274.595
290.865
529.742
839.931
878.426
886.15
897.532
918.52
952.88
998.538
1054.31
1124.39
1209.32
1311.13
1423.08
1528.53
1618.36
1700.15
1786.49
1873.91
1937.35
1962.62
1970.76
1994.01
2025.7
2049.82
2057.83
1952.98
1758.56
1497.5
1399.66
1369.61
1355.22
1349.28
1347.16
1346.86
1349.59
1366.04
1383.08
1396.54
1413.15
1433.04
1446.2
1461.41
1487.07
1505.09
1527.59
1556.81
1578.18
1605.65
1635.12
1660.27
1693.25
1720.47
1752.73
1787.16
1821.26
1858.56
1892.16
1926.37
1960.74
1998.74
2041.14
2088.75
2143.17
2179.63
2206.71
2212.54
2220.56
2124.1
2079.39
2042.8
2017.61
1993.14
1965.53
1830.07
274
274
274
274
274
274
274
274
274
274
274
274
274
274
274
274
274
274
274
274
274
274
274
274
274
274
274
274
274
274
274
274
274
274
274
274
274
274
274
274
274
274
274
274
274
274
274
274.001
274.017
274.655
292.457
541.523
844.113
879.407
886.705
898.831
921.121
957.453
1005.8
1067.73
1143.52
1232.15
1333.72
1439.52
1533.81
1611.49
1685.79
1772.2
1865.57
1931
1954.61
1961.22
1988.11
2025.74
2052.79
2060.06
1953.68
1756.64
1496.43
1396.93
1367.26
1353.51
1348.13
1345.8
1344.53
1343.24
1353.68
1374.02
1386.61
1400.87
1422.79
1440.74
1458.61
1480.37
1498.1
1521.93
1548.45
1571.81
1598.89
1628.26
1653.5
1684.01
1715.52
1747.49
1783.08
1818.26
1855.19
1893.83
1933.43
1972.36
2010.42
2047.67
2081.65
2118.11
2159.06
2202.43
2222.12
2246.25
2238.2
2232.14
2123.29
2100.14
1897.28
1793.41
1700.05
274
274
274
274
274
274
274
274
274
274
274
274
274
274
274
274
274
274
274
274
274
274
274
274
274
274
274
274
274
274
274
274
274
274
274
274
274
274
274
274
274
274
274
274
274
274
274
274.001
274.018
274.685
293.275
547.465
846.399
879.911
886.931
899.548
922.637
959.811
1009.09
1072.66
1150.65
1240.77
1341.87
1444.89
1534.52
1607.38
1678.64
1764.01
1858.26
1922.41
1945.53
1952.2
1975.18
2019.05
2056.41
2067.63
1976.92
1788.24
1516.64
1412.2
1383.56
1371.39
1367.9
1367.15
1367.38
1370.42
1386.63
1401.67
1411.63
1422.82
1441.67
1459.67
1479.49
1502.77
1522.75
1545.82
1569.57
1593.36
1617.48
1647.03
1676.86
1705.01
1737.93
1769.99
1802.85
1838.87
1874.68
1915.68
1957.47
2000.13
2042.15
2078.69
2106.68
2128.46
2150.56
2180.94
2228.8
2287.5
2313.52
2323.32
2341.77
2102.24
1861.64
1761.73
1704.5
274
274
274
274
274
274
274
274
274
274
274
274
274
274
274
274
274
274
274
274
274
274
274
274
274
274
274
274
274
274
274
274
274
274
274
274
274
274
274
274
274
274
274
274
274
274
274
274.001
274.018
274.661
292.624
542.959
844.677
879.281
886.499
898.962
921.515
957.652
1005.93
1067.1
1143.86
1232.94
1333.52
1438.25
1532.15
1609.83
1682.78
1766.01
1857.5
1923.25
1948.31
1956.8
1984.32
2025.38
2054.43
2061.63
1953.23
1757.27
1496.58
1395.9
1365.48
1351.4
1346.38
1345.29
1344.36
1344.32
1357.18
1376.55
1389.05
1403.58
1422.99
1442.61
1460.24
1478.81
1499.98
1523.27
1547.88
1573.63
1600.04
1628.41
1656.4
1684.65
1715.49
1748.08
1783
1817.74
1854.41
1892.26
1932.17
1972.22
2011.53
2046.48
2077.42
2110.61
2152.68
2202.87
2226.52
2243.71
2249.53
2208.7
2122.58
2083.22
1902.62
1781.72
1703.17
274
274
274
274
274
274
274
274
274
274
274
274
274
274
274
274
274
274
274
274
274
274
274
274
274
274
274
274
274
274
274
274
274
274
274
274
274
274
274
274
274
274
274
274
274
274
274
274
274.016
274.606
291.186
532.624
840.835
878.112
886.044
898.171
919.352
952.712
997.282
1053.38
1125.27
1210.5
1310.21
1420.24
1525.15
1614.82
1694.59
1776.58
1860.88
1924.97
1952.33
1962.97
1988.46
2024.97
2051.59
2058.1
1949.02
1752.39
1492.02
1392.33
1362.69
1349.04
1343.79
1342.19
1342.02
1344.6
1361.29
1377.17
1393.47
1409.45
1427.07
1443.08
1461.54
1480.11
1495.45
1525.8
1550.52
1570.47
1601.15
1628.98
1656.02
1688.75
1718.73
1750.44
1785.66
1820.13
1856.3
1891.57
1926.58
1961.94
2000.67
2042.28
2088.18
2144.4
2181.01
2202.92
2223.77
2225.29
2127.48
2062.88
2036.56
2001.29
1978.2
1948.95
1821.01
274
274
274
274
274
274
274
274
274
274
274
274
274
274
274
274
274
274
274
274
274
274
274
274
274
274
274
274
274
274
274
274
274
274
274
274
274
274
274
274
274
274
274
274
274
274
274
274
274.013
274.513
288.718
513.056
831.702
874.532
884.171
896.243
915.516
944.597
983.35
1032.6
1098.22
1179.54
1279.99
1397.65
1516.52
1621.09
1710.42
1792.72
1870.54
1931.81
1966.4
1983.18
1998.26
2027.87
2047.99
2051.42
1943.14
1744.55
1484.81
1387.61
1360.02
1348.14
1343.97
1342.65
1342.44
1343.15
1357.57
1374.69
1389.72
1402.81
1421.31
1440.55
1460.82
1475.73
1492.78
1523.34
1545.13
1565.47
1595.24
1623.49
1648.62
1679.99
1710.09
1740.88
1774.74
1805.84
1835.72
1866.98
1899.38
1934.71
1974.72
2023.65
2074.24
2123.53
2138.61
2160.95
2053.71
2035.3
1985.14
1969.62
1968.62
1968.31
1972.97
1995.08
1964.17
274
274
274
274
274
274
274
274
274
274
274
274
274
274
274
274
274
274
274
274
274
274
274
274
274
274
274
274
274
274
274
274
274
274
274
274
274
274
274
274
274
274
274
274
274
274
274
274
274.011
274.417
286.171
491.296
821.768
872.235
883.757
896.352
914.93
941.675
976.611
1022.45
1083.32
1160.35
1259.32
1379.69
1506.5
1621.19
1718.24
1802.35
1876.65
1934.87
1972.29
1996.32
2018
2046.05
2060.49
2062.16
1941.95
1730.47
1481.3
1386.89
1359.16
1346.93
1342.17
1340.48
1340.27
1342.72
1352.68
1371.33
1384.41
1392.79
1411.57
1434.52
1451.71
1461.21
1483.12
1515.14
1529.88
1550.38
1580.32
1605.82
1628.75
1657.9
1687.53
1715.79
1746.94
1775.55
1804.01
1838.75
1873.58
1908.67
1951.51
1995.48
2028.86
2028.52
2018.56
1943.96
1925.02
1895.26
1917.94
1912.24
1931.74
1939.91
1968.14
1982.45
2014.6
274
274
274
274
274
274
274
274
274
274
274
274
274
274
274
274
274
274
274
274
274
274
274
274
274
274
274
274
274
274
274
274
274
274
274
274
274
274
274
274
274
274
274
274
274
274
274
274
274.008
274.31
283.274
462.606
805.728
868.82
882.282
895.361
913.109
937.839
970.774
1015.14
1074.58
1149.82
1247.02
1366.95
1496.77
1617.06
1719.73
1806.8
1881.01
1937.5
1973.56
1996.89
2019.64
2051.1
2069.63
2072.69
1958.21
1742.81
1483.52
1385.59
1357.92
1345.95
1341.28
1339.13
1337.89
1335.16
1342.65
1367.16
1376.86
1381.15
1405.69
1432.27
1441.43
1452.69
1476.67
1506.18
1518.09
1539.2
1568.42
1590.7
1611.94
1637.86
1663.89
1686.38
1712.16
1739.02
1768.49
1803.64
1837.26
1867.33
1887.38
1900.28
1870.58
1808.98
1792.94
1776.63
1786.55
1784.94
1812.56
1837.22
1875.82
1897.62
1927.14
1958.29
1998.86
274
274
274
274
274
274
274
274
274
274
274
274
274
274
274
274
274
274
274
274
274
274
274
274
274
274
274
274
274
274
274
274
274
274
274
274
274
274
274
274
274
274
274
274
274
274
274
274
274.006
274.224
280.866
432.911
788.97
867.734
881.714
894.018
910.421
933.26
965.262
1006.65
1065.66
1141.58
1238.68
1357.84
1487.52
1609.25
1714.78
1804.41
1880.41
1939.31
1977.06
1998.37
2016.14
2040.69
2057.26
2060.31
1946.7
1731.69
1480.54
1384.67
1357.93
1346.79
1342.46
1339.66
1338
1335.61
1336.17
1358.64
1365.97
1372.28
1401.15
1419.72
1423.89
1433.18
1462.74
1489.14
1496.42
1513.39
1545.22
1557.64
1575.96
1601.43
1618.34
1635.64
1657.26
1679.56
1705.05
1731.82
1759.65
1773.54
1733.86
1698.26
1645.29
1650.51
1630.04
1647.04
1641.92
1672.99
1704.64
1751.15
1789.68
1833.15
1867.75
1895.26
1936.33
274
274
274
274
274
274
274
274
274
274
274
274
274
274
274
274
274
274
274
274
274
274
274
274
274
274
274
274
274
274
274
274
274
274
274
274
274
274
274
274
274
274
274
274
274
274
274
274
274.004
274.146
278.631
396.164
761.103
864.002
880.198
893.59
910.656
933.336
964.94
1005.31
1062.92
1138.44
1234.15
1349.89
1476.33
1596.41
1702.25
1794
1873.66
1938.92
1984.19
2007.64
2020.55
2036.08
2047.37
2048.92
1937.44
1709.92
1465.79
1369.01
1338.03
1325.14
1321.44
1322.14
1324.18
1318.84
1332.26
1340.15
1340.1
1357.98
1388.55
1393.28
1393.96
1415.27
1452.27
1461.77
1465.8
1485.08
1513.89
1519.83
1531.97
1550.34
1563.63
1582.35
1600.05
1617.11
1636.02
1641.51
1635.93
1602.87
1555.77
1527.74
1514.31
1505.46
1506.64
1517.13
1548.8
1580.04
1627.84
1663.44
1715.67
1751.59
1803.62
1828.06
1855.3
274
274
274
274
274
274
274
274
274
274
274
274
274
274
274
274
274
274
274
274
274
274
274
274
274
274
274
274
274
274
274
274
274
274
274
274
274
274
274
274
274
274
274
274
274
274
274
274
274.002
274.094
277.077
362.492
730.151
864.006
879.236
890.134
905.392
926.499
956.68
997.261
1053.48
1130.38
1226.22
1339.7
1462.91
1581.43
1687.76
1780.89
1862.57
1932.76
1985.06
2015.35
2031.75
2051.08
2065.99
2067.62
1968.22
1732.61
1478.81
1380.03
1355.61
1350.46
1350.34
1348.8
1341.3
1334.36
1332.89
1334.47
1334.34
1352.63
1377.13
1378.6
1374.74
1396.6
1421.79
1420.98
1421.58
1442.44
1466.22
1465.68
1471.65
1487.69
1496.18
1510.08
1533.66
1538.84
1538.18
1525.69
1506.43
1448.62
1439.01
1410.18
1424.39
1403.26
1431.01
1444.65
1499.95
1532.7
1582.98
1621.96
1672.91
1717.57
1764.37
1809.87
1838.45
274
274
274
274
274
274
274
274
274
274
274
274
274
274
274
274
274
274
274
274
274
274
274
274
274
274
274
274
274
274
274
274
274
274
274
274
274
274
274
274
274
274
274
274
274
274
274
274
274.001
274.055
275.873
329.013
679.282
858.357
877.915
889.888
906.198
927.69
956.996
996.576
1049.83
1124.99
1220.06
1330.26
1449.17
1563.77
1669.15
1764.88
1851.35
1928.19
1985.52
2013
2026.41
2042.42
2061.1
2066.49
1995.43
1791.94
1538.05
1394.12
1353.66
1330.51
1313.76
1307.26
1298.63
1293.24
1294.21
1299.75
1295.41
1313.04
1334.96
1333.86
1328.1
1350.67
1380.17
1381.38
1385.4
1411.33
1422.73
1404.37
1409.34
1444.22
1459.63
1463.75
1477.43
1476.26
1464.26
1428.9
1377.39
1362.37
1343.43
1343.87
1331.77
1338.71
1342.3
1376.12
1405.63
1458.7
1508.81
1573.5
1625.4
1688.16
1736.89
1800.35
1840.27
274
274
274
274
274
274
274
274
274
274
274
274
274
274
274
274
274
274
274
274
274
274
274
274
274
274
274
274
274
274
274
274
274
274
274
274
274
274
274
274
274
274
274
274
274
274
274
274
274.001
274.032
275.147
307.14
622.639
855.028
876.501
885.373
899.272
919.208
946.788
984.715
1036.88
1111.27
1206.65
1315.03
1429.49
1540.12
1648.04
1750.07
1842.98
1924.97
1986.97
2019.86
2036.43
2057.52
2079.41
2084.09
2016.23
1756.21
1469.33
1335.94
1299.29
1281.87
1275.34
1270.01
1259.93
1263.57
1284.91
1288.8
1280.42
1303.7
1330.59
1330.38
1316.14
1331.62
1348.79
1339.46
1332.3
1353.29
1374.74
1353.37
1351.58
1391.87
1411.95
1403.95
1406.8
1401.91
1345.45
1301.21
1286.2
1265.37
1268.22
1253.13
1262.94
1262.92
1289.17
1310.35
1356.86
1390.34
1450.39
1500.11
1577.04
1648.63
1730.12
1795.97
1860.43
274
274
274
274
274
274
274
274
274
274
274
274
274
274
274
274
274
274
274
274
274
274
274
274
274
274
274
274
274
274
274
274
274
274
274
274
274
274
274
274
274
274
274
274
274
274
274
274
274
274.016
274.633
292.363
545.002
838.883
874.046
885.615
900.492
920.669
946.956
982.444
1030.85
1099.45
1187.82
1286.87
1393.02
1503.29
1620
1736.78
1842.7
1929.18
1987.33
2017.04
2033.65
2058.58
2082.95
2093.39
2043.95
1786.48
1512.63
1352.35
1304.26
1286.47
1279.95
1276.77
1271.64
1269.53
1273.88
1274.56
1250.37
1261.53
1279.09
1273.6
1260.65
1269.99
1289.28
1282.81
1269.29
1296.13
1338.59
1329.36
1329.09
1364.75
1368.01
1360.52
1358.66
1288.6
1244.2
1233.1
1206.36
1221.5
1201.65
1221.36
1208.05
1238.08
1251.65
1290.92
1320.62
1360.71
1405.09
1451.57
1516.15
1584.09
1678.82
1788.89
1902.87
274
274
274
274
274
274
274
274
274
274
274
274
274
274
274
274
274
274
274
274
274
274
274
274
274
274
274
274
274
274
274
274
274
274
274
274
274
274
274
274
274
274
274
274
274
274
274
274
274
274.008
274.345
284.445
477.995
815.618
870.667
883.289
895.988
914.795
940.559
974.664
1019.9
1083.31
1166.3
1259.59
1360.8
1471.9
1595.44
1726.63
1847.2
1937.6
1982.94
2005.01
2026.69
2058.27
2073.04
2078.86
2040.54
1768.51
1507.77
1350.15
1299.96
1277.89
1258.64
1239.35
1227.78
1224.03
1223.38
1222.35
1217.54
1227.08
1240.49
1240.53
1225.74
1237.49
1267.87
1262.63
1243.09
1273.36
1329.7
1329.39
1316.63
1321.64
1306.75
1302.86
1231.23
1178.91
1187.97
1142.81
1171.25
1144.79
1163.76
1153.24
1174.24
1184.35
1209.74
1228.43
1241.28
1264.5
1279.65
1322.21
1383.54
1491.02
1641.89
1800.76
2021.14
274
274
274
274
274
274
274
274
274
274
274
274
274
274
274
274
274
274
274
274
274
274
274
274
274
274
274
274
274
274
274
274
274
274
274
274
274
274
274
274
274
274
274
274
274
274
274
274
274
274.004
274.173
279.513
413.901
775.737
865.407
882.194
896.004
913.303
935.674
964.876
1003.44
1061
1138.32
1229.02
1331.58
1447.42
1578.63
1719.1
1852.21
1938.34
1973.52
1989.58
2016.93
2056.86
2087.19
2095.95
2072.87
1784.41
1568.5
1338.19
1263.93
1229.13
1215.13
1204.72
1201.98
1199.73
1195.14
1188.81
1188.02
1195.02
1209.61
1206.53
1191.22
1210.84
1246.39
1247.13
1232.77
1258.92
1295.94
1284.59
1260.78
1257.45
1263.1
1231.2
1148.25
1169.11
1110.53
1104.07
1114.56
1096.42
1121.98
1122.03
1141.93
1147.75
1155.8
1157.78
1165.16
1197.55
1237.35
1330.66
1444.33
1598.14
1727.67
1869.29
2004.64
274
274
274
274
274
274
274
274
274
274
274
274
274
274
274
274
274
274
274
274
274
274
274
274
274
274
274
274
274
274
274
274
274
274
274
274
274
274
274
274
274
274
274
274
274
274
274
274
274
274.003
274.098
277.256
368.697
737.097
860.739
877.051
890.381
908.783
932.338
960.759
994.712
1045.71
1115.8
1203.81
1308.12
1428.46
1565.83
1714.35
1855.43
1938.32
1969.19
1981.84
2009.66
2050.46
2081.33
2090.36
2091.7
1799.93
1590.13
1324.17
1255.28
1222.42
1205.68
1196.24
1187.6
1177.2
1172.26
1159.34
1165.89
1177.09
1183.86
1185.78
1171.01
1191.26
1233.02
1233.39
1218.92
1239.25
1261.17
1242.04
1220.48
1225.53
1227.12
1175.38
1136.43
1117.91
1065.15
1080.98
1078.56
1080.59
1094.73
1090.43
1092.89
1091.37
1092.16
1102.36
1131.81
1174.05
1229.49
1324.59
1432
1556.3
1614.17
1721.77
1962.2
274
274
274
274
274
274
274
274
274
274
274
274
274
274
274
274
274
274
274
274
274
274
274
274
274
274
274
274
274
274
274
274
274
274
274
274
274
274
274
274
274
274
274
274
274
274
274
274
274
274.001
274.036
275.316
313.381
646.249
855.907
875.531
884.514
898.84
920.682
948.858
981.185
1026.6
1087.51
1166.63
1266.34
1386.75
1528.98
1689.17
1846.44
1932.05
1960.77
1971.83
1996.81
2039.94
2085.36
2100.56
2107.16
1921.11
1657.04
1318.78
1211.96
1172.44
1155.18
1147.51
1142.22
1133.38
1127.98
1125.51
1118.69
1127.5
1134.55
1130.92
1108.17
1130.35
1184.8
1188.27
1157.07
1161.09
1173.54
1167.29
1167.56
1155.16
1141.81
1057.19
1048.47
1004.9
1004.36
992.269
987.801
983.719
980.251
979.158
980.966
996.802
1015.8
1047.14
1080.55
1103.75
1130.37
1184.3
1230.78
1318.41
1495.67
1661.68
1738.35
274
274
274
274
274
274
274
274
274
274
274
274
274
274
274
274
274
274
274
274
274
274
274
274
274
274
274
274
274
274
274
274
274
274
274
274
274
274
274
274
274
274
274
274
274
274
274
274
274
274
274.009
274.371
285.507
492.431
826.108
873.316
882.448
892.943
909.276
931.807
960.962
1001.38
1053.8
1122.93
1210.98
1322.55
1460.74
1625.81
1802.21
1921.08
1960.13
1973.4
1996.74
2033.73
2073.76
2084.41
2083.36
1979.04
1698.62
1387.29
1267.89
1212.55
1180.77
1150.62
1131.85
1119.94
1115.51
1122.59
1121.88
1119.83
1122.94
1126.92
1130.63
1127.07
1141.3
1147.19
1124.96
1115.93
1134.3
1136.23
1116.02
1088.23
1013.73
997.392
966.92
965.53
956.587
952.976
952.037
953.169
965.274
969.948
984.976
992.731
1001.13
1004.46
1012.6
1050.7
1139.62
1245.9
1426.51
1557.94
1569.15
1397.11
1346.03
274
274
274
274
274
274
274
274
274
274
274
274
274
274
274
274
274
274
274
274
274
274
274
274
274
274
274
274
274
274
274
274
274
274
274
274
274
274
274
274
274
274
274
274
274
274
274
274
274
274
274.002
274.082
276.889
361.656
732.225
866.532
882.015
890.76
902.824
920.589
945.078
979.369
1025.82
1091.11
1176.34
1283.31
1410.84
1556.15
1714.46
1869.01
1948.9
1976.37
1990.39
2016.69
2038.91
2049.78
2047.68
1995.46
1691.75
1335.24
1164.85
1114.8
1101
1098
1098.11
1100.24
1095.5
1084.29
1064.99
1067.99
1080.63
1075.42
1067.49
1079.47
1098.83
1098.36
1091.4
1101.44
1103.58
1085.78
971.983
984.445
932.46
931.934
917.673
918.963
917.314
918.563
919.407
926.042
927.764
946.299
962.643
979.477
997.964
1030.93
1098.97
1245.87
1404.52
1514.04
1549.47
1472.51
1429.26
1371.86
966.588
274
274
274
274
274
274
274
274
274
274
274
274
274
274
274
274
274
274
274
274
274
274
274
274
274
274
274
274
274
274
274
274
274
274
274
274
274
274
274
274
274
274
274
274
274
274
274
274
274
274
274
274.017
274.7
295.228
569.694
846.053
879.776
889.493
899.005
913.069
932.236
958.035
994.417
1049.71
1126.95
1227.18
1348.97
1484.72
1631
1781.09
1906.89
1964.36
1989.67
2011.32
2029.81
2033.96
2022.69
2036.19
1755.38
1548.79
1224.88
1132.08
1088.99
1057.24
1036.25
1040.13
1028.72
1046.89
1060.93
1055.24
1055.48
1045.84
1055.91
1075.07
1068.53
1082.92
1087.87
1031.18
1057.92
937.705
930.717
901.493
879.802
865.938
870.256
863.686
869.697
879.789
897.173
907.86
920.243
928.572
930.64
950.316
998.014
1102.3
1308.99
1439.73
1482.15
1496.07
1496.34
1429.31
1424.94
1154.55
1038.33
274
274
274
274
274
274
274
274
274
274
274
274
274
274
274
274
274
274
274
274
274
274
274
274
274
274
274
274
274
274
274
274
274
274
274
274
274
274
274
274
274
274
274
274
274
274
274
274
274
274
274
274.003
274.14
278.763
404.626
771.42
869.762
885.82
895.886
907.78
923.866
945.545
973.278
1013.11
1074.66
1161.68
1274.66
1407.04
1551.02
1709.61
1859.42
1942.35
1974.54
1996.66
2020.62
2025.12
2018.06
2028.37
2007.9
1789.25
1380.99
1202.78
1141.53
1124.28
1109.27
1103.06
1081.53
1055.67
1052.85
1051.5
1059.53
1064.88
1054.07
1060.28
1065.53
1068.86
1012.37
977.423
888.891
880.743
862.318
846.512
844.502
845.883
858.648
864.032
874.095
886.344
895.513
899.785
918.86
935.925
991.873
1110.84
1269.79
1389.88
1442.24
1446.13
1477.52
1474.93
1440.14
1443.06
1384.44
1239
1064.35
274
274
274
274
274
274
274
274
274
274
274
274
274
274
274
274
274
274
274
274
274
274
274
274
274
274
274
274
274
274
274
274
274
274
274
274
274
274
274
274
274
274
274
274
274
274
274
274
274
274
274
274.001
274.021
274.877
301.223
605.309
847.24
877.15
890.443
901.699
916.041
936.104
960.289
991.134
1036.21
1103.03
1196.29
1316.41
1461.1
1633.44
1815.09
1921.25
1960.37
1978.93
1993.25
1985.83
1987.89
2011.76
2028.89
1806.13
1514.44
1139.96
1053.22
1017.24
1007.38
1005.31
996.312
1015.81
1052.22
1038.29
1013.09
1016.72
1034.37
1038.39
1035.99
993.843
934.671
871.899
848.128
845.314
838.95
846.388
846.868
857.161
858.808
855.614
859.966
856.563
870.394
902.501
958.864
1058.26
1243.79
1331.64
1399.44
1435.37
1447.88
1449.03
1448.47
1438.18
1453.89
1477.28
1408.04
1268.64
1010.37
274
274
274
274
274
274
274
274
274
274
274
274
274
274
274
274
274
274
274
274
274
274
274
274
274
274
274
274
274
274
274
274
274
274
274
274
274
274
274
274
274
274
274
274
274
274
274
274
274
274
274
274
274.003
274.132
278.622
404.324
770.991
862.087
879.883
894.392
909.483
927.427
949.549
976.443
1012.94
1065.15
1140.24
1245.28
1385.43
1564.47
1771.23
1896.18
1936.04
1950.47
1961.08
1955.83
1964.21
1978.13
1986.89
1944.32
1651.96
1260.17
1104.91
1080.02
1074.73
1047.44
1052.4
1032.4
1004.4
1033.34
1054.01
1057.28
1055.25
1018.26
1031.02
946.838
905.581
878.863
880.179
888.775
883.453
885.531
884.958
885.512
877.13
878.444
893.509
916.787
978.7
1066.67
1184.6
1305.21
1354.47
1397.84
1423.7
1444.12
1449.12
1449.4
1450.93
1460.88
1510.43
1463.18
1333.92
1116.41
875.869
274
274
274
274
274
274
274
274
274
274
274
274
274
274
274
274
274
274
274
274
274
274
274
274
274
274
274
274
274
274
274
274
274
274
274
274
274
274
274
274
274
274
274
274
274
274
274
274
274
274
274
274
274
274.016
274.686
295.844
580.321
841.513
869.169
882.746
898.701
917.197
938.134
962.607
993.964
1035.79
1094.64
1181.18
1306.97
1483.13
1708.56
1872.85
1918.02
1927.45
1939.18
1943.99
1948.68
1962.15
1981.94
2000.46
1887.89
1694.77
1363.71
1263.54
1222.42
1177.05
1143.11
1136.05
1131.2
1128.32
1080.46
1033.87
998.243
975.46
975.056
924.364
880.782
847.569
834.129
828.785
815.107
814.582
817.709
828.14
847.905
889.973
937.393
1022.63
1136.11
1275.58
1368.32
1405.84
1410.56
1409.68
1445.32
1459.95
1464.74
1479.47
1502.59
1509.9
1467
1345.02
1168.48
943.933
760.9
274
274
274
274
274
274
274
274
274
274
274
274
274
274
274
274
274
274
274
274
274
274
274
274
274
274
274
274
274
274
274
274
274
274
274
274
274
274
274
274
274
274
274
274
274
274
274
274
274
274
274
274
274
274.002
274.082
277.079
372.031
746.543
859.315
873.835
887.202
904.481
924.792
948.643
977.5
1013.37
1060.64
1129.48
1234.67
1394.39
1619.82
1836.52
1905.09
1918.19
1926.09
1945.36
1956.2
1963.55
1979.93
1999.64
1973.05
1726.2
1505.19
1329.97
1252.94
1287.08
1301.8
1302.85
1283.9
1222.05
1174.72
1136.39
1065.85
1104.94
1045.14
996.283
955.495
939.484
930.592
911.616
901.887
919.887
957.029
1015.94
1093.46
1213.27
1334.03
1439.05
1481.69
1483.99
1438.74
1425.32
1448.61
1482.97
1509.72
1515.16
1519.32
1550.52
1516.28
1445.77
1304.56
1146.95
936.655
770.077
641.206
274
274
274
274
274
274
274
274
274
274
274
274
274
274
274
274
274
274
274
274
274
274
274
274
274
274
274
274
274
274
274
274
274
274
274
274
274
274
274
274
274
274
274
274
274
274
274
274
274
274
274
274
274
274
274.008
274.38
286.697
513.029
832.413
868.538
879.337
892.981
910.975
932.864
960.186
994.368
1036.75
1092.37
1176.27
1308.6
1508.86
1765.66
1884.82
1903.4
1910.61
1927.17
1952.86
1973
1990.68
2001.27
1991.88
1739.75
1542.96
1474.35
1392.42
1380.4
1441.91
1427
1417.71
1414.87
1323.72
1254.35
1241.08
1222.34
1159.22
1104.2
1079.12
1100.27
1114.4
1138.35
1171.85
1243.49
1292.57
1368.57
1398.09
1457.01
1485.44
1498.11
1482.02
1465.83
1491.5
1548.52
1572.24
1587.89
1588.49
1579.88
1548.31
1490.35
1406.25
1263.83
1095.56
930.167
767.609
646.796
558.466
274
274
274
274
274
274
274
274
274
274
274
274
274
274
274
274
274
274
274
274
274
274
274
274
274
274
274
274
274
274
274
274
274
274
274
274
274
274
274
274
274
274
274
274
274
274
274
274
274
274
274
274
274
274
274.001
274.034
275.414
322.303
680.325
858.817
874.986
885.278
898.668
915.921
938.915
970.533
1011.66
1062.19
1130.66
1235.63
1400.11
1642.18
1836.8
1872.85
1877.53
1896.91
1926.51
1954.13
1972.38
1982.93
1972.48
1699.15
1538.52
1505.27
1533.82
1602.34
1651.59
1679.55
1734.94
1825.86
1819.23
1726.48
1634.68
1489.71
1427.99
1356.3
1321.58
1352.17
1387.66
1391.02
1389.08
1448.79
1496.49
1522.56
1534.73
1535.75
1563.59
1576.7
1587.54
1639.66
1658.7
1660.41
1646.55
1637.49
1603.79
1538.62
1466.82
1333.27
1206.4
1049.59
904.933
768.483
664.493
575.509
502.964
274
274
274
274
274
274
274
274
274
274
274
274
274
274
274
274
274
274
274
274
274
274
274
274
274
274
274
274
274
274
274
274
274
274
274
274
274
274
274
274
274
274
274
274
274
274
274
274
274
274
274
274
274
274
274
274.003
274.133
278.945
416.927
790.323
869.634
880.896
890.667
902.691
919.4
944.5
980.375
1026.39
1085.92
1170.06
1296.96
1488.78
1734.38
1838.11
1842.95
1840.81
1854.75
1891.02
1913.12
1917.32
1917.52
1801.33
1772.16
1675.22
1716.12
1807.64
1843.5
1864.79
1904.45
1962.98
2003.18
1930.75
1898.6
1881.7
1884.27
1879.41
1894.99
1905.78
1908.82
1908.15
1884.56
1861.98
1843.01
1829.22
1821.57
1798.68
1753.75
1730.73
1719.8
1717.08
1690.32
1660.52
1613.91
1550.65
1465.88
1342.65
1241.33
1098.4
976.094
855.833
758.183
670.803
583.657
511.134
455.872
274
274
274
274
274
274
274
274
274
274
274
274
274
274
274
274
274
274
274
274
274
274
274
274
274
274
274
274
274
274
274
274
274
274
274
274
274
274
274
274
274
274
274
274
274
274
274
274
274
274
274
274
274
274
274
274
274.009
274.433
288.962
538.962
844.841
876.791
885.991
894.293
905.009
921.984
949.101
987.525
1036.58
1104.61
1203.18
1347.48
1555.58
1765.5
1827.59
1825.22
1813.84
1809.1
1813.39
1860.91
1902.32
1904.85
1948.77
1932.28
1932.07
1996.76
2010.85
2009.81
2004.24
2008.92
2002.79
2016.02
2023.73
2020.14
2028.41
2041.37
2050.36
2056.54
2057.59
2053.63
2042.56
2023.6
2001.4
1976.22
1946.55
1906.15
1849.95
1793.72
1729.67
1687.65
1629.88
1539.86
1446.35
1354.94
1269.14
1171.51
1075.51
964.38
871.105
768.596
675.719
594.298
521.938
463.819
417.228
274
274
274
274
274
274
274
274
274
274
274
274
274
274
274
274
274
274
274
274
274
274
274
274
274
274
274
274
274
274
274
274
274
274
274
274
274
274
274
274
274
274
274
274
274
274
274
274
274
274
274
274
274
274
274
274
274.001
274.027
275.16
314.462
663.493
862.775
880.947
888.825
896.116
906.313
923.727
951.56
989.81
1040.89
1114.27
1220.87
1374.31
1583.99
1776.46
1831.83
1839
1836.04
1836.65
1864.53
1869.2
1894.44
1969.01
2001.65
2022.17
2067.11
2108.56
2106.84
2087.44
2068.43
2046.36
2025.71
2023.33
2022.85
2024.1
2028.25
2030.68
2032.79
2034.61
2032.42
2028.48
2009.92
1982.3
1947.76
1902.82
1844.04
1777.79
1713.14
1639.55
1555.58
1481.09
1407.85
1337.57
1266.34
1192.78
1094.1
998.938
880.706
777.651
680.884
599.235
532.188
474.981
428.99
391.542
274
274
274
274
274
274
274
274
274
274
274
274
274
274
274
274
274
274
274
274
274
274
274
274
274
274
274
274
274
274
274
274
274
274
274
274
274
274
274
274
274
274
274
274
274
274
274
274
274
274
274
274
274
274
274
274
274
274.002
274.071
276.783
367.738
751.322
870.026
882.932
889.898
896.399
906.193
923.571
949.451
985.865
1037.24
1111.45
1218.87
1371.77
1581.13
1778.97
1840.8
1858.35
1866.23
1842.39
1841.46
1845.68
1879.69
1963.85
2006.45
2053.97
2086.55
2095.32
2082.8
2061.39
2031.91
1994.53
1965.81
1943.03
1917.45
1893.15
1868.39
1849.06
1835.12
1817.22
1804.05
1785.43
1759.82
1718.64
1672.33
1618.29
1557.19
1498.1
1450.41
1416.89
1383.34
1330.19
1269.35
1199.08
1120.17
1013.16
903.115
788.889
697.974
617.1
550.956
497.251
451.446
412.931
381.298
274
274
274
274
274
274
274
274
274
274
274
274
274
274
274
274
274
274
274
274
274
274
274
274
274
274
274
274
274
274
274
274
274
274
274
274
274
274
274
274
274
274
274
274
274
274
274
274
274
274
274
274
274
274
274
274
274
274
274.003
274.157
279.863
433.866
802.453
873.274
883.212
889.014
894.939
904.519
920.029
942.878
976.16
1024.15
1093.73
1194.53
1337.35
1537.3
1754.86
1844.44
1858.2
1835.81
1825.3
1805.24
1802.96
1856.02
1907.34
1925.14
1912.57
1906.5
1907.96
1894.91
1867.21
1833.55
1790.5
1755.99
1729.27
1701.48
1673.29
1645.88
1623.22
1597.36
1574.01
1552.2
1529.23
1501.53
1471.12
1440.69
1415.04
1396.88
1377.37
1354.32
1322.99
1266.74
1197.45
1122.69
1031.02
918.303
811.349
708.636
629.926
562.91
508.286
464.457
426.966
394.817
370.314
274
274
274
274
274
274
274
274
274
274
274
274
274
274
274
274
274
274
274
274
274
274
274
274
274
274
274
274
274
274
274
274
274
274
274
274
274
274
274
274
274
274
274
274
274
274
274
274
274
274
274
274
274
274
274
274
274
274
274
274.006
274.291
284.441
492.551
829.599
873.489
881.098
886.106
891.648
900.64
913.316
932.897
961.401
1003.12
1063.93
1150.66
1274.43
1450.01
1661.1
1788.69
1811.77
1805.42
1784.9
1774.9
1793.08
1789.89
1782.04
1768.77
1750.69
1748.63
1744.1
1732.08
1712.89
1677.4
1648.57
1622.89
1598.58
1574.25
1547.48
1522.87
1495.67
1469.56
1447.76
1429.1
1410.23
1393.64
1375.54
1361.81
1350.58
1327.79
1293.07
1244.43
1172.32
1091.36
1003.47
905.575
800.057
708.933
627.259
566.365
514.566
471.883
437.369
406.616
381.688
363.331
274
274
274
274
274
274
274
274
274
274
274
274
274
274
274
274
274
274
274
274
274
274
274
274
274
274
274
274
274
274
274
274
274
274
274
274
274
274
274
274
274
274
274
274
274
274
274
274
274
274
274
274
274
274
274
274
274
274
274
274
274.011
274.452
289.493
535.573
838.698
870.521
877.061
881.588
886.747
894.185
904.516
919.942
943.237
977.138
1026.43
1096.4
1191.28
1314.62
1470.87
1608.93
1688.72
1720.73
1730.76
1729.46
1726.3
1709.17
1698.04
1680.94
1667.32
1654.18
1636.42
1613.32
1585.46
1567.23
1551.89
1531.9
1511.43
1489.62
1468.57
1445.96
1423.55
1403.76
1385.68
1368.1
1351.4
1334.08
1316.6
1288.6
1242.85
1186.93
1118.51
1034.97
949.141
862.916
775.613
690.606
621.381
560.852
515.368
476.452
443.679
416.175
392.749
373.901
359.221
274
274
274
274
274
274
274
274
274
274
274
274
274
274
274
274
274
274
274
274
274
274
274
274
274
274
274
274
274
274
274
274
274
274
274
274
274
274
274
274
274
274
274
274
274
274
274
274
274
274
274
274
274
274
274
274
274
274
274
274
274
274.016
274.588
293.062
554.601
837.113
865.337
871.258
875.621
880.767
886.139
893.49
904.967
921.915
947.922
986.887
1036.05
1099.92
1178.25
1262.6
1350.86
1434.24
1491.81
1516.16
1527.86
1524.67
1518.64
1506.63
1490.45
1474.43
1458.91
1446.6
1432.05
1421.48
1410.68
1396.46
1382.6
1370.48
1358.15
1346.03
1333.49
1320.89
1308.12
1293.11
1273.48
1248.63
1211.74
1161.19
1099.43
1031.7
956.934
878.281
804.384
733.948
666.637
604.229
554.684
510.96
477.534
448.521
422.851
401.741
384.092
369.895
357.711
274
274
274
274
274
274
274
274
274
274
274
274
274
274
274
274
274
274
274
274
274
274
274
274
274
274
274
274
274
274
274
274
274
274
274
274
274
274
274
274
274
274
274
274
274
274
274
274
274
274
274
274
274
274
274
274
274
274
274
274
274
274.001
274.019
274.644
293.456
546.862
828.541
858.153
864.024
868.411
873.141
876.536
880.674
887.752
899.749
919.682
946.103
978.219
1015.24
1055.69
1097.18
1140.99
1177.2
1205.84
1223.31
1237.39
1244.47
1243.72
1241.1
1238.1
1233.92
1228.76
1221.87
1215.16
1211.03
1204.41
1198.67
1193.36
1186.99
1180.61
1173.7
1165.36
1154.82
1138.95
1115.63
1083.28
1039.73
987.285
928.144
867.189
804.134
742.95
687.785
636.153
587.619
542.699
507.339
475.714
450.811
428.741
409.15
393.305
380.068
368.637
358.596
274
274
274
274
274
274
274
274
274
274
274
274
274
274
274
274
274
274
274
274
274
274
274
274
274
274
274
274
274
274
274
274
274
274
274
274
274
274
274
274
274
274
274
274
274
274
274
274
274
274
274
274
274
274
274
274
274
274
274
274
274
274
274.001
274.021
274.596
290.526
513.908
810.428
849.4
855.582
859.933
864.097
865.74
866.854
870.454
878.265
891.08
906.725
925.218
942.916
959.323
978.449
997.485
1013.31
1021.5
1033.01
1037.3
1037.63
1036.5
1034.93
1032.39
1030.3
1027.62
1024.67
1022.36
1019.03
1016.11
1012.72
1007.96
1004.03
999.206
991.999
981.21
964.812
941.748
910.975
872.062
828.237
782.018
736.025
689.673
645.841
606.197
568.914
534.296
502.096
476.621
452.99
433.654
416.759
401.959
389.759
379.222
369.519
362.514
274
274
274
274
274
274
274
274
274
274
274
274
274
274
274
274
274
274
274
274
274
274
274
274
274
274
274
274
274
274
274
274
274
274
274
274
274
274
274
274
274
274
274
274
274
274
274
274
274
274
274
274
274
274
274
274
274
274
274
274
274
274
274
274.001
274.019
274.47
285.705
461.911
775.384
838.84
845.455
849.575
852.691
852.874
852.747
853.292
856.076
862.219
870.479
878.377
885.412
891.863
900.057
909.407
911.441
913.102
911.29
908.21
904.602
901.682
896.923
893.877
889.483
884.308
880.866
876.929
873.095
868.827
863.677
858.884
852.915
844.906
833.907
818.691
798.858
773.642
744.12
712.489
679.263
646.489
613.915
582.708
553.935
526.701
501.636
477.654
458.036
439.64
424.228
411.115
399.282
389.095
379.978
373.271
368.452
274
274
274
274
274
274
274
274
274
274
274
274
274
274
274
274
274
274
274
274
274
274
274
274
274
274
274
274
274
274
274
274
274
274
274
274
274
274
274
274
274
274
274
274
274
274
274
274
274
274
274
274
274
274
274
274
274
274
274
274
274
274
274
274
274.001
274.016
274.319
280.912
396.712
713.438
824.947
833.735
836.509
839.421
839.36
837.978
835.651
834.678
835.582
838.064
841.678
843.394
846.007
847.604
845.146
841.874
836.045
831.084
824.941
821.987
815.214
808.988
800.665
793.391
786.922
780.748
775.084
769.627
763.762
757.799
750.577
741.534
730.392
717.064
701.382
682.726
661.794
639.13
615.32
591.827
568.164
544.609
522.78
502.036
482.92
463.852
447.776
432.962
420.309
409.212
399.132
390.191
383.622
378.836
375.176
274
274
274
274
274
274
274
274
274
274
274
274
274
274
274
274
274
274
274
274
274
274
274
274
274
274
274
274
274
274
274
274
274
274
274
274
274
274
274
274
274
274
274
274
274
274
274
274
274
274
274
274
274
274
274
274
274
274
274
274
274
274
274
274
274
274
274.011
274.191
277.446
333.732
610.015
800.617
820.445
822.928
824.834
824.37
822.141
818.479
814.996
812.867
811.364
811.035
809.928
807.41
803.46
797.579
791.972
785.261
779.267
772.156
764.414
756.314
746.64
738.046
729.4
721.595
714.603
708.33
702.073
695.239
687.441
678.567
668.279
656.57
643.987
629.988
614.145
596.824
578.624
560.388
541.704
522.671
505.119
488.23
472.303
456.382
442.777
430.464
419.363
409.466
400.916
394.438
389.384
385.518
381.8
274
274
274
274
274
274
274
274
274
274
274
274
274
274
274
274
274
274
274
274
274
274
274
274
274
274
274
274
274
274
274
274
274
274
274
274
274
274
274
274
274
274
274
274
274
274
274
274
274
274
274
274
274
274
274
274
274
274
274
274
274
274
274
274
274
274
274
274.007
274.102
275.517
296.4
479.235
738.01
804.488
808.885
808.827
808.392
805.461
801.754
798.147
794.641
789.045
784.907
779.943
774.653
767.454
762.794
756.55
749.999
741.591
733.16
725.095
716.392
707.383
697.983
689.261
681.384
674.35
667.764
660.575
652.747
643.862
634.167
623.674
612.839
600.677
587.399
573.024
557.635
541.926
526.059
509.794
494.71
479.936
465.92
452.452
440.821
430.051
420.219
412.208
406.03
400.711
396.115
392.876
390.346
274
274
274
274
274
274
274
274
274
274
274
274
274
274
274
274
274
274
274
274
274
274
274
274
274
274
274
274
274
274
274
274
274
274
274
274
274
274
274
274
274
274
274
274
274
274
274
274
274
274
274
274
274
274
274
274
274
274
274
274
274
274
274
274
274
274
274
274
274.004
274.05
274.62
281.737
363.696
613.037
772.264
792.152
792.3
791.1
788.246
784.17
779.496
774.814
766.111
759.915
753.831
749.944
743.275
735.846
727.535
718.741
709.948
702.706
695.015
686.96
678.431
669.821
661.843
654.426
647.58
640.331
632.662
624.052
614.409
604.014
593.414
582.09
569.903
556.711
542.728
528.586
514.602
500.245
486.957
473.814
461.89
450.746
440.646
431.518
424.025
417.957
412.613
409.112
405.008
401.15
396.807
274
274
274
274
274
274
274
274
274
274
274
274
274
274
274
274
274
274
274
274
274
274
274
274
274
274
274
274
274
274
274
274
274
274
274
274
274
274
274
274
274
274
274
274
274
274
274
274
274
274
274
274
274
274
274
274
274
274
274
274
274
274
274
274
274
274
274
274
274
274.002
274.022
274.234
276.391
297.966
444.162
672.328
765.126
773.91
772.835
770.457
765.844
759.986
754.767
749.3
746.778
741.914
733.867
726.753
720.096
712.466
705.001
699.339
693.34
686.961
680.178
672.65
665.039
657.407
649.729
641.51
632.302
622.063
611.165
599.97
588.989
577.094
564.434
551.294
538.005
524.696
511.651
498.237
485.372
472.589
460.833
450.997
442.76
436.366
431.084
425.714
420.523
414.323
407.396
401.315
395.626
274
274
274
274
274
274
274
274
274
274
274
274
274
274
274
274
274
274
274
274
274
274
274
274
274
274
274
274
274
274
274
274
274
274
274
274
274
274
274
274
274
274
274
274
274
274
274
274
274
274
274
274
274
274
274
274
274
274
274
274
274
274
274
274
274
274
274
274
274
274
274.001
274.009
274.081
274.714
280.025
322.644
493.508
676.638
745.329
753.236
751.337
747.281
741.565
738.888
738.154
737.779
735.797
731.913
727.911
723.53
718.928
715.479
711.215
706.601
701.414
695.541
688.867
681.331
672.943
663.977
654.021
643.314
631.902
620.033
608.039
595.086
581.444
567.315
552.964
538.411
524.193
509.912
496.23
482.822
471.405
461.533
452.425
443.688
435.698
428.623
421.049
413.207
406.762
401.324
395.703
274.001
274.001
274.001
274.001
274.001
274.001
274.001
274.001
274.001
274.001
274.001
274.001
274.001
274.001
274.001
274.001
274.001
274.001
274.001
274.001
274.001
274.001
274.001
274.001
274.001
274.001
274.001
274.001
274.001
274.001
274.001
274.001
274.001
274.001
274.001
274.001
274.001
274.001
274.001
274.001
274.001
274.001
274.001
274.001
274.001
274.001
274.001
274.001
274.001
274.001
274.001
274.001
274.001
274.001
274.001
274.001
274.001
274.001
274.001
274.001
274.001
274.001
274.001
274.001
274.001
274.001
274.001
274.001
274.001
274.001
274.001
274.001
274.004
274.027
274.203
275.417
283.63
334.763
490.338
646.732
716.024
729.699
733.797
738.896
748.41
759.673
769.559
776.198
781.148
785.203
789.975
795.008
798.24
800.359
800.567
798.886
794.443
787.342
777.467
766.061
753.168
739.273
724.083
708.325
691.567
674.099
656.051
637.423
618.391
598.996
580.037
561.189
543.43
527.168
512.003
496.398
480.642
465.356
451.08
436.661
424.141
414.571
407.516
394.059
357.107
274.002
274.002
274.002
274.002
274.002
274.002
274.002
274.002
274.002
274.002
274.002
274.002
274.002
274.002
274.002
274.002
274.002
274.002
274.002
274.002
274.002
274.002
274.002
274.002
274.002
274.002
274.002
274.002
274.002
274.002
274.002
274.002
274.002
274.002
274.002
274.002
274.002
274.002
274.002
274.002
274.002
274.002
274.002
274.002
274.002
274.002
274.002
274.002
274.002
274.002
274.002
274.002
274.002
274.002
274.002
274.002
274.002
274.002
274.002
274.002
274.002
274.002
274.002
274.002
274.002
274.002
274.002
274.002
274.002
274.002
274.002
274.002
274.002
274.003
274.01
274.056
274.343
275.898
284.246
323.326
439.153
583.692
683.41
744.903
787.203
818.683
844.746
864.566
879.757
890.436
896.709
899.404
900.108
897.19
891.523
884.611
876.393
866.939
856.393
844.731
832.216
818.886
803.945
789.052
773.467
757.325
740.783
723.714
706.275
688.305
670.063
651.241
631.887
611.86
590.774
568.709
545.724
521.14
494.552
466.337
435.64
399.332
352.417
303.242
285.374
)
;

boundaryField
{
    wall
    {
        type            zeroGradient;
    }
    inlet
    {
        type            fixedValue;
        value           uniform 3673;
    }
    outlet-1
    {
        type            inletOutlet;
        inletValue      uniform 274;
        value           nonuniform List<scalar> 
60
(
274
274
276.116
276.853
277.604
278.381
279.107
279.524
279.549
279.018
277.794
276.392
274
274
274
274
274
274
274
274
274
274
274
274
274
274
274
274
274
274
274
274
274
274
274
274
274
274
274
274
274
274
274
274
274
274
274
274
276.368
277.763
278.983
279.518
279.496
279.084
278.363
277.589
276.841
276.109
274
274
)
;
    }
    outlet-2
    {
        type            inletOutlet;
        inletValue      uniform 274;
        value           nonuniform List<scalar> 
89
(
274.002
274.001
274
274
274
274
274
274
274
274
274
274
274
274
274
274
274
274
274
274
274
274
274
274
274
274
274
274
274
274
274
274
274
274
274
274
274
274
274
274
274
274
274
274
274
274
274
274
274
274
274
274
274
274
274
274
274
274
274
274
274
274
274
274
274
274
274
274
274
274
274
274
274
274
274
274
274
274
274
274
274
274
274
274
274
274
274
274.001
274.002
)
;
    }
    frontAndBackPlanes
    {
        type            empty;
    }
}


// ************************************************************************* //
