/*--------------------------------*- C++ -*----------------------------------*\
| =========                 |                                                 |
| \\      /  F ield         | OpenFOAM: The Open Source CFD Toolbox           |
|  \\    /   O peration     | Version:  2112                                  |
|   \\  /    A nd           | Website:  www.openfoam.com                      |
|    \\/     M anipulation  |                                                 |
\*---------------------------------------------------------------------------*/
FoamFile
{
    version     2.0;
    format      ascii;
    arch        "LSB;label=32;scalar=64";
    class       volScalarField;
    location    "0.00285";
    object      T;
}
// * * * * * * * * * * * * * * * * * * * * * * * * * * * * * * * * * * * * * //

dimensions      [0 0 0 1 0 0 0];

internalField   nonuniform List<scalar> 
13875
(
1411.93
1535.36
1482.68
1486.77
1481.05
1483.5
1483.46
1483.16
1484.06
1483.8
1484.38
1484.11
1484.13
1484.2
1484.42
1483.63
1484.2
1482.49
1483.28
1483.45
1480.86
1487.54
1480.74
1532.56
1396.87
1307.02
1356.13
1319.18
1322.08
1316.53
1317.15
1317.06
1317.81
1322.59
1323.08
1323.54
1322.81
1319.47
1318.68
1322.77
1322.87
1322.83
1318.36
1317.04
1317.05
1316.19
1322.02
1319.72
1355.99
1303.8
1307.2
1339.89
1314.54
1311.01
1303.82
1304.21
1303.61
1303.5
1304.85
1306.27
1306.95
1306.36
1305.97
1305.82
1306.33
1306.08
1305.9
1303.24
1303.48
1304.1
1303.49
1310.89
1311.6
1336.51
1298.42
1317.33
1344.83
1314.98
1308.58
1304.97
1304.66
1303.79
1303.63
1303.77
1304.52
1305.74
1305.72
1306.1
1305.67
1305.77
1304.3
1304.21
1303.27
1303.62
1304.48
1304.31
1307.62
1314.09
1343.96
1311.92
1329.49
1341.97
1315.98
1311.63
1303.37
1304.01
1303.88
1303.71
1303.57
1304.46
1305.92
1305.68
1306.32
1305.99
1306.01
1304.49
1304.14
1303.38
1303.79
1304.01
1303.14
1311.52
1312.27
1338.45
1315.86
1332.21
1351.2
1319.16
1309.78
1306.87
1306.05
1304.78
1304.27
1304.16
1304.72
1305.76
1306.25
1306.79
1306.39
1305.89
1304.61
1304.5
1303.94
1304.65
1305.9
1306.14
1308.36
1319.12
1349.02
1325.89
1339.04
1360.41
1329.23
1316.78
1306.83
1306.24
1305.37
1304.82
1304.63
1305.01
1306.47
1306.79
1307.29
1307.04
1306.61
1305.22
1305.02
1304.45
1305.27
1306.19
1306.6
1317.28
1326.12
1358.36
1321.52
1360.21
1385.01
1344.81
1321.36
1316.19
1311.94
1308.91
1307.34
1306.45
1306.5
1307.31
1307.89
1308.63
1308.43
1307.56
1306.32
1306.65
1306.73
1308.5
1311.45
1314.98
1320.71
1341.65
1381.18
1350.92
1536.49
1507.94
1387.49
1350.83
1323.05
1316.3
1312.63
1310.56
1309.25
1309.09
1309.82
1310.42
1311.49
1311.32
1310.25
1309.05
1309.38
1309.67
1312.1
1315.69
1321.91
1348.3
1384.44
1508.08
1524.01
1840.27
1578.14
1432.04
1364.85
1344.14
1328.03
1321.4
1318
1315.78
1315.14
1315.44
1316.11
1317.5
1317.22
1316.2
1315.12
1315.77
1316.81
1320.41
1327.61
1340.34
1363.57
1427.66
1568.24
1831.36
2508.34
1803.63
1526.75
1441.11
1362.94
1345.92
1336.8
1332
1329.36
1328.35
1328.18
1328.75
1330.53
1330.05
1329.29
1328.49
1329.51
1331.02
1335.35
1344.87
1360.79
1428.32
1515.38
1809.95
2446.34
2869.74
2276.68
1840.46
1504.23
1438.62
1400.83
1376.45
1368.06
1362.34
1360.19
1359.38
1359.58
1361.53
1360.97
1360.71
1360.75
1362.84
1367.72
1374.88
1402.59
1429.37
1489.35
1759.55
2307.64
2848.81
2830.04
2680.55
2520.79
2344.65
1605.25
1517.94
1495.13
1475.49
1465.51
1462.04
1461.01
1461.08
1463.43
1462.57
1462.9
1463.57
1467.41
1477.39
1495.89
1527.1
1633.8
2344.05
2418.91
2715.48
2787.79
2729.35
2673.63
2854.85
2830.85
2138.12
2143.74
1952.23
1860.52
1800.21
1785.04
1779.96
1777
1781.86
1781.01
1783.56
1789.7
1810.74
1875.95
1988.4
2167.28
2160.08
2846.51
2860.31
2728.93
2710.16
2660.55
2698.55
2827.76
2813.29
2819.49
2984.26
3344.86
3281.63
3451.03
3430.26
3496.49
3467.33
3514.27
3479.75
3500.5
3451.47
3473.95
3331.4
3371.61
3079.65
2859.51
2846.09
2843.62
2705.36
2671.99
2529.01
2607.62
2833.77
2957.63
2995.58
3328.56
3600.03
3701.61
3685.96
3674.7
3642.87
3645.07
3628.12
3646.78
3641.62
3668.41
3689.81
3720.02
3630.55
3380.43
3030.51
2954.56
2858.76
2654.4
2577.3
2462.79
2570.22
2703.59
2886.17
2994.5
3305.22
3575.76
3677.71
3665.74
3654.87
3619.85
3623.37
3609.11
3625.1
3619.64
3650.67
3675.16
3700.73
3618.52
3407.07
3020.52
2942.11
2756.38
2600.58
2488.27
2263.04
2513.15
2830.07
2958.5
2964.27
3196.13
3386.32
3479.32
3492.05
3506
3497.98
3501.37
3497.61
3504.48
3502.66
3510.09
3501.29
3481.2
3388.26
3197.88
2973.95
2966.59
2817.06
2503.08
2276.64
2182.61
2266.37
2584.53
2759.83
2741.2
2878.81
3115.33
3307.37
3378.65
3401.17
3404.45
3409.09
3408.58
3413.36
3406.52
3404.23
3395.74
3343.29
3152.96
2900.63
2758.57
2776.3
2613.08
2282.19
2199.55
2279.83
2226.76
2363.75
2505.75
2539.83
2626
2842.99
3092.16
3242.67
3302.68
3310.91
3319.34
3319.6
3321.95
3313.19
3311.61
3269.61
3123.99
2860.52
2643.85
2561.86
2532.41
2323.61
2216.05
2296.15
2912.03
2271.18
2173.66
2307.71
2380.01
2464.54
2665.83
2911.39
3090.4
3183.02
3211.2
3219.45
3221.97
3222.78
3215.38
3194.37
3111.46
2924.18
2667.93
2476.49
2397.34
2313.9
2149.87
2254.07
2936.54
2906.15
2051.25
1971.19
2154.64
2249.95
2352.06
2529.16
2762.47
2956.22
3066.27
3099.02
3114.07
3115.37
3116.82
3101.47
3073.47
2967.53
2763.67
2528.8
2366.32
2261.55
2154.57
1962.74
2039.25
2892.04
2905.55
2061.78
1882.46
2038.88
2150.13
2265.58
2412.56
2627.09
2820.29
2945.59
2991.68
3003.4
3007.98
3006.11
2994.62
2954.39
2833.72
2631.77
2417.51
2281.78
2161.93
2039.95
1852.87
2049.53
2971.54
2826.67
2038.48
1870.56
1982.81
2075.36
2181.42
2321.84
2526.79
2713.15
2833.88
2878.33
2897.66
2899.76
2900.15
2880.27
2842.02
2726.81
2530.47
2322.38
2191.05
2083.72
1985.56
1855.81
2017.53
2834.49
2757.52
2034.92
1897.49
1949.18
2014.16
2102.12
2232.57
2432.29
2607.96
2729.34
2777.77
2790.4
2796.21
2793.23
2780.72
2735.71
2616.13
2429.89
2230.3
2107.55
2030.79
1955.24
1877.03
2032.28
2805.73
2733.56
2054.84
1917.42
1934.19
1968.33
2034.56
2165.06
2354.19
2520.69
2630.04
2672.22
2692.14
2694.43
2694.77
2674.19
2636.93
2531.91
2355.91
2164.23
2037.56
1975.98
1946.27
1896.8
2040.25
2744.87
2704.49
2082.72
1940.54
1927.35
1926.35
1977.86
2100.49
2281.84
2434.1
2538.98
2583.71
2593.34
2599.27
2595.06
2584.97
2544.15
2443.1
2280.87
2099.91
1980.4
1936.8
1938.88
1934.65
2083.86
2728.69
2705.28
2150.98
1979.98
1928.83
1899.66
1936.28
2060.41
2227.72
2366.53
2453.32
2488.74
2505.73
2507.7
2507.89
2488.25
2457.32
2372.14
2222.38
2053.93
1935.77
1903.86
1939.3
1964.66
2138.58
2730.44
2733.02
2159.84
1976.8
1921.11
1882.19
1904.17
2011.81
2164.76
2287.55
2372.27
2412.1
2417.39
2423.66
2417.6
2412.39
2377.1
2300.88
2167.79
2012.7
1908.5
1892.15
1931.73
1984.31
2123.96
2724.47
2774.88
2173.36
1996.98
1926.76
1868.19
1884.75
1992.87
2126.91
2235.68
2301.56
2328.06
2342.05
2342.48
2341.73
2324.78
2302.36
2242.03
2125.65
1986.07
1885.4
1873.64
1933.69
1989.97
2159.13
2769.16
2745.9
2171.17
1982.42
1920.72
1848.68
1875.95
1964
2080.91
2172.03
2229.85
2264.45
2262.16
2269.53
2262.54
2261.23
2231.26
2179.46
2080.45
1956.99
1872.89
1858.47
1926.71
1994.24
2156.94
2761.85
2739.17
2178.17
2016.26
1931.29
1841.52
1859.74
1947.43
2051.94
2130.06
2172.36
2188.59
2198.48
2198.85
2198.28
2184.03
2170.99
2135.32
2055.79
1944.05
1858.62
1850.16
1927.56
2001.04
2168.76
2731.1
2718.25
2177.26
2029.26
1915.33
1833.46
1854.21
1927.49
2013.95
2076.62
2108.09
2136.99
2128.4
2136.34
2128.54
2131.92
2107.6
2079.38
2015.04
1923.32
1848.69
1840.33
1923.41
2024.78
2162.13
2721.91
2689.3
2171.33
2077.79
1941.84
1840.48
1841.29
1917.72
1994.32
2042.87
2063.27
2070.74
2075.09
2075.45
2075.54
2064.94
2060.39
2043.68
1994.69
1913.1
1834.1
1842.16
1934.79
2056.07
2166.91
2694.24
2685.59
2179.97
2103.67
1930.27
1847.71
1835.71
1897.81
1957.8
1990.69
2005.06
2029.12
2014.81
2022.71
2014.7
2024.08
2004.6
1994.1
1962.48
1900.89
1828.6
1853.16
1937.66
2116.68
2160.32
2670.54
2661.69
2171.75
2098.6
1962.59
1864.73
1831.36
1884.93
1938.14
1963.88
1972.26
1972.18
1972.31
1971.46
1972.06
1966.68
1969.06
1964.57
1941.09
1889.49
1822.3
1865.61
1963.41
2114.92
2168.18
2642.7
2631.14
2159.92
2096.05
1978.25
1876.62
1837.92
1875.52
1903.24
1916.51
1918.95
1939.35
1919.67
1927.94
1920.08
1935.67
1920.19
1919.06
1909.09
1882.64
1825.41
1875.49
1990.88
2112.12
2154.88
2617.25
2609.17
2144.31
2088.8
2042.28
1902.47
1850.52
1862.02
1883.4
1892.85
1894.72
1890.44
1886.88
1885.17
1887.3
1886.47
1892.52
1895.82
1889.2
1880.05
1848.11
1896.91
2047.06
2102.93
2138.51
2587.74
2590.32
2135.08
2077.84
2030.44
1916.42
1863.79
1861.96
1856.57
1852.59
1845.16
1864.02
1840.95
1849.66
1842.18
1860.93
1847.96
1855.82
1863.97
1880.26
1865.56
1923.38
2046.85
2089.99
2120.97
2577.76
2561.45
2114.2
2048.9
2032.82
1963.67
1885.66
1870.89
1844.83
1836.01
1830.74
1822.68
1815.36
1813.96
1816.89
1818.73
1828.23
1839.66
1849.99
1894.75
1889.01
1966.32
2041.48
2053.65
2113.06
2557.32
2552.77
2109.01
2019.51
2017.25
2018.39
1911.22
1889.08
1832.37
1806.63
1785.13
1801.17
1775.79
1784.43
1776.84
1798.5
1787.81
1810.31
1840.88
1914.71
1916.59
2034.17
2034.46
2022.1
2094.65
2537.84
2528.02
2098.07
1993.09
2008.27
2023.46
1942.41
1890.06
1846.76
1799.86
1782.71
1766.85
1756.59
1754.67
1757.13
1763.07
1781.29
1804.75
1847.74
1926.2
1963.12
2033.78
2019.62
1996.72
2091.61
2515.83
2511.89
2088.46
1974.07
1971.75
2007.07
2004.42
1918.91
1852.46
1788.84
1741.71
1750.52
1721.69
1730.28
1723.02
1748.22
1745.12
1791.53
1853.8
1952.24
2026.59
2013.68
1985.42
1979.31
2085.29
2500.44
2482.98
2082.71
1957.91
1945.56
1999.05
2039.15
1939.1
1871.9
1797.01
1761.22
1726.16
1708.43
1705.69
1709.59
1722.02
1761.05
1799.21
1865.55
1988.73
2051.03
2001.96
1957.27
1962.29
2069
2469.15
2470.41
2079.29
1951.09
1913.16
1960.67
2023.13
1999.42
1887.98
1798.24
1722.78
1720.18
1680.9
1687.26
1682.59
1718.37
1730.6
1806.44
1888.13
2064.78
2037.1
1954.67
1926.92
1956.47
2068.85
2454.68
2440.47
2058.08
1937.36
1896.04
1931.25
2010.79
2079.09
1942.2
1811.94
1767.21
1716.58
1682.83
1673.19
1683.31
1710.22
1765.58
1819.21
1928.71
2087.82
2011.1
1926.95
1906.29
1944.57
2053.87
2424.74
2427.06
2056.3
1935.26
1876.68
1893.98
1983.57
2060.69
2024.09
1836.43
1732.36
1721.49
1667.09
1668.32
1668.73
1717.63
1736.43
1844.73
2013.42
2072.59
1978.71
1892.09
1890.99
1941.29
2045.33
2413.89
2389.06
2035.13
1920.4
1870.61
1878.54
1943.27
2045.18
2067.88
1881.57
1784.76
1721.46
1683.99
1669.53
1686.1
1715.09
1785.07
1900.54
2058.5
2052.14
1932.31
1877.5
1880.7
1928.09
2029.77
2369.77
2357.9
2023.92
1913
1857.43
1856.42
1914.55
2016.69
2051.62
1987.95
1764.93
1735.07
1668.56
1672.56
1670.59
1731.84
1768.47
2009.41
2047.47
2024.66
1903.01
1855.89
1871.36
1921.05
2017.72
2343.48
2216.98
1975.72
1886.89
1851.48
1852.49
1879.86
1976.09
2036.54
2013.91
1867.09
1753.26
1696.48
1680.35
1697.98
1748.16
1863.57
2010.94
2030.72
1983.78
1872.03
1850.37
1861.09
1896.15
1968.45
2201.53
283.239
285.582
285.349
285.882
286.2
286.641
287.182
287.797
288.491
289.404
290.798
292.716
295.122
297.892
300.945
304.18
306.938
308.231
300.64
282.796
276.65
274.73
274.199
274.051
274.011
274.003
273.997
274.001
273.996
274
282.126
283.608
283.25
283.7
283.886
284.341
284.942
285.601
286.25
287.037
288.309
290.221
292.81
295.911
299.375
303.021
306.641
309.858
312.533
307.876
284.524
276.918
274.737
274.19
274.041
274.011
273.995
274.002
273.99
274.01
282.006
282.763
282.279
282.649
282.706
283.171
283.824
284.553
285.241
285.988
287.171
289.058
291.816
295.36
299.38
303.48
307.703
311.65
315.165
317.107
307.409
283.245
276.357
274.58
274.136
274.033
273.999
274.002
273.992
274.009
281.713
281.645
281.314
281.418
281.237
281.796
282.456
283.267
284.023
284.767
285.896
287.816
290.611
294.114
298.378
303.195
307.831
312.01
315.667
318.623
319.968
305.014
281.714
275.809
274.422
274.1
274.013
274.005
273.995
274.006
281.635
281.043
280.91
280.664
280.518
280.927
281.557
282.417
283.285
284.097
285.077
286.904
289.741
293.253
297.308
301.826
306.93
311.934
315.856
318.962
321.822
322.593
300.472
280.08
275.33
274.304
274.06
274.015
273.998
274.004
281.567
280.957
280.879
280.536
280.415
280.702
281.185
282.044
282.978
283.836
284.667
286.131
288.825
292.25
296.185
300.509
305.272
310.472
315.4
319.221
322.388
325.158
324.756
294.463
278.475
274.946
274.199
274.044
274.004
274.004
281.468
281.161
281.161
280.791
280.706
280.885
281.233
281.897
282.672
283.416
284.067
285.204
287.502
290.929
294.849
299.087
303.643
308.681
314.15
319.04
322.746
326.113
328.403
324.812
288.579
277.114
274.633
274.133
274.023
274.007
281.577
281.461
281.607
281.316
281.255
281.354
281.59
282.151
282.787
283.334
283.713
284.197
286.212
289.379
293.447
297.733
302.286
307.142
312.548
318.152
322.865
326.55
330.051
331.593
319.877
284.263
276.045
274.412
274.079
274.019
281.753
281.782
282.103
281.968
281.906
282.017
282.226
282.676
283.228
283.651
283.91
284.13
285.232
287.934
292.154
296.54
301.171
305.972
311.132
316.831
322.374
326.876
330.681
334.102
334.858
310.075
280.932
275.306
274.251
274.054
281.918
282.135
282.576
282.712
282.798
283.002
283.276
283.604
283.923
284.173
284.312
284.479
284.938
286.999
290.961
295.557
300.282
305.109
310.111
315.566
321.397
326.771
331.095
335.068
338.184
337.545
298.504
278.394
274.799
274.166
282.152
282.49
283.016
283.522
284.16
284.662
285.091
285.199
285.093
284.965
284.839
284.914
285.059
286.616
289.982
294.731
299.547
304.442
309.409
314.619
320.336
326.19
331.322
335.538
339.617
341.946
335.627
288.536
276.625
274.518
282.448
282.8
283.37
284.252
285.193
285.985
286.507
286.627
286.174
285.58
285.345
285.334
285.385
286.525
289.294
293.838
298.804
303.778
308.817
313.939
319.448
325.318
331.056
335.969
340.197
344.201
345.413
323.439
282.793
275.646
282.85
283.177
283.74
284.632
285.64
286.511
287.083
287.332
286.874
286.164
285.64
285.541
285.703
286.394
288.649
292.786
297.931
302.952
308.104
313.291
318.7
324.382
330.329
335.951
340.72
345.142
348.574
348.168
305.645
279.464
283.217
283.572
284.077
284.96
285.965
286.898
287.468
287.923
287.546
286.883
286.32
286.021
285.893
285.95
288.068
291.773
296.963
302.018
307.244
312.522
317.916
323.467
329.394
335.433
340.977
345.699
350.088
352.707
343.59
291.418
283.791
284.076
284.465
285.336
286.187
287.176
288.015
288.673
288.498
287.96
287.294
286.786
286.45
286.526
287.908
291.259
296.185
301.287
306.438
311.723
317.108
322.652
328.502
334.629
340.761
346.233
350.802
355.521
358.896
330.788
284.085
284.508
284.825
285.786
286.765
288.067
289.188
289.985
290.082
289.455
288.726
288.133
287.814
287.824
288.403
291.372
295.983
301.121
306.166
311.372
316.595
322.155
327.862
333.895
340.223
346.4
351.317
357.241
366.855
375.596
284.639
285.07
285.468
286.804
288.194
289.967
291.508
292.484
292.795
291.958
291.074
290.302
289.893
289.842
289.854
292.143
296.345
301.561
306.388
311.455
316.555
322.031
327.527
333.335
339.555
346.195
351.019
358.681
375.68
417.411
284.78
285.543
286.564
288.784
291.35
293.838
296.15
297.444
297.735
296.445
295.063
293.965
293.181
292.684
292.162
293.66
297.613
302.721
307.198
312.032
316.974
322.148
327.481
333.183
339.122
345.623
351.658
363.481
390.051
465.902
285.151
286.498
288.779
293.251
298.173
301.908
305.348
307.118
306.725
304.001
301.836
300.08
298.427
297.106
295.998
296.288
299.77
304.589
308.743
313.242
317.908
322.662
327.72
333.385
339.145
344.369
352.77
369.552
408.083
499.696
285.124
287.88
293.356
302.764
313.015
319.383
323.861
325.519
322.701
317.648
313.723
310.404
307.143
303.109
300.56
299.355
302.297
306.891
311.382
315.405
319.672
324.107
328.725
334.089
339.8
344.929
355.133
377.74
423.845
507.26
285.964
290.756
303.568
327.11
346.697
356.439
360.104
359.724
352.265
341.989
334.292
326.759
319.034
313.009
308.527
305.472
306.962
310.811
314.784
318.481
322.254
326.364
330.68
335.505
340.988
346.926
360.051
389.082
439.244
509.365
285.079
297.695
331.422
390.932
420.189
426.224
422.915
415.303
398.347
378.425
363.216
349.663
337.665
328.385
320.802
315.372
314.51
316.846
319.481
322.273
325.55
329.058
333.115
337.452
342.4
349.816
366.859
405.945
464.588
507.079
295.033
316.481
414.596
515.71
538.849
521.761
509.584
489.63
458.385
424.106
400.884
381.15
363.682
349.608
338.073
329.425
325.761
325.532
326.038
327.094
329.494
332.393
335.989
339.904
343.948
353.528
375.496
426.94
493.781
501.091
278.746
379.654
601.48
668.168
675.666
634.865
622.652
577.898
524.826
481.974
448.911
420.373
396.026
375.763
359.445
346.754
337.296
333.959
333.288
333.491
334.354
336.412
339.381
342.887
347.095
358.077
385.844
451.78
499.794
495.768
313.047
556.245
813.121
820.817
829.647
778.161
737.927
680.409
598.577
552.441
508.121
467.535
435.687
407.203
383.204
364.502
348.819
344.999
342.569
341.835
341.335
341.864
343.581
346.415
351.23
364.142
398.744
481.029
500.193
493.253
274
273.996
274.001
273.997
274.003
274.01
274.051
274.196
274.717
276.598
282.64
300.282
308.114
306.869
304.13
300.902
297.853
295.086
292.682
290.765
289.37
288.457
287.763
287.149
286.609
286.169
285.852
285.322
285.555
283.216
274.01
273.99
274.002
273.995
274.011
274.04
274.186
274.723
276.855
284.311
307.433
312.45
309.792
306.585
302.976
299.335
295.875
292.777
290.188
288.275
287
286.213
285.564
284.905
284.305
283.849
283.663
283.213
283.572
282.097
274.009
273.992
274.002
273.999
274.032
274.133
274.568
276.302
283.045
306.856
316.984
315.087
311.588
307.652
303.436
299.343
295.328
291.785
289.024
287.134
285.947
285.199
284.512
283.784
283.131
282.664
282.605
282.235
282.721
281.97
274.006
273.995
274.005
274.013
274.098
274.413
275.766
281.53
304.344
319.822
318.521
315.585
311.947
307.782
303.156
298.345
294.08
290.575
287.778
285.854
284.721
283.977
283.223
282.414
281.75
281.189
281.369
281.263
281.596
281.672
274.004
273.998
274.015
274.058
274.297
275.298
279.921
299.723
322.403
321.703
318.861
315.771
311.87
306.88
301.781
297.264
293.209
289.697
286.855
285.025
284.041
283.23
282.364
281.5
280.873
280.464
280.607
280.849
280.981
281.581
274.004
274.004
274.043
274.194
274.922
278.349
293.821
324.477
325.019
322.278
319.122
315.323
310.411
305.217
300.458
296.136
292.202
288.777
286.07
284.599
283.769
282.908
281.975
281.129
280.652
280.361
280.477
280.813
280.888
281.493
274.007
274.022
274.13
274.616
277.021
288.095
324.201
328.239
326.005
322.637
318.951
314.081
308.618
303.582
299.028
294.793
290.873
287.446
285.089
283.961
283.344
282.619
281.858
281.192
280.842
280.657
280.735
281.092
281.093
281.41
274.018
274.076
274.4
275.982
283.951
318.942
331.432
329.938
326.442
322.764
318.078
312.487
307.081
302.225
297.673
293.392
289.323
286.154
284.144
283.695
283.327
282.779
282.136
281.566
281.325
281.221
281.271
281.55
281.406
281.54
274.053
274.244
275.267
280.708
308.942
334.687
334.002
330.589
326.774
322.299
316.78
311.084
305.923
301.126
296.499
292.122
287.898
285.208
284.155
283.945
283.665
283.243
282.694
282.229
282.021
281.9
281.952
282.081
281.76
281.729
274.162
274.775
278.248
297.587
337.27
338.073
334.989
331
326.697
321.352
315.534
310.078
305.082
300.263
295.54
290.959
286.997
284.969
284.536
284.389
284.214
283.96
283.653
283.334
283.057
282.852
282.754
282.617
282.169
281.919
274.502
276.537
288.029
334.788
341.824
339.552
335.46
331.251
326.157
320.33
314.619
309.415
304.457
299.571
294.758
290.028
286.66
285.09
284.97
284.871
285.013
285.069
285.202
285.249
284.82
284.309
283.65
283.139
282.599
282.224
275.594
282.512
322.232
345.31
344.156
340.145
335.9
331.022
325.326
319.474
313.967
308.851
303.82
298.859
293.899
289.364
286.581
285.306
285.208
285.293
285.694
286.352
286.776
286.842
286.32
285.506
284.531
283.591
282.998
282.598
279.289
304.612
348.027
348.535
345.123
340.664
335.915
330.334
324.417
318.747
313.341
308.154
303.003
297.994
292.861
288.704
286.294
285.64
285.594
285.766
286.394
287.228
287.77
287.453
286.879
285.995
284.975
284.064
283.471
283.091
290.897
342.775
352.644
350.083
345.676
340.951
335.447
329.437
323.52
317.971
312.577
307.299
302.065
297.019
291.831
288.047
286.05
286.049
286.267
286.564
287.215
288.098
288.503
287.913
287.31
286.357
285.328
284.477
283.959
283.541
329.553
358.786
355.507
350.806
346.218
340.774
334.672
328.553
322.704
317.156
311.761
306.473
301.319
296.211
291.294
287.77
286.792
286.8
287.175
287.653
288.453
289.173
289.303
288.571
287.59
286.615
285.747
284.885
284.539
284.224
374.705
366.705
357.263
351.338
346.415
340.26
333.943
327.901
322.183
316.62
311.387
306.185
301.137
295.988
291.423
288.584
288.162
288.155
288.565
289.183
290.095
290.757
290.591
289.76
288.456
287.132
286.19
285.264
285.013
284.611
416.769
375.531
358.689
351.05
346.231
339.589
333.369
327.547
322.047
316.566
311.458
306.394
301.569
296.351
292.257
290.127
290.226
290.325
290.794
291.646
292.728
293.505
293.061
292.05
290.345
288.544
287.167
285.904
285.652
285.176
465.851
389.883
363.444
351.698
345.675
339.149
333.207
327.497
322.162
316.976
312.029
307.199
302.725
297.624
293.881
292.545
293.088
293.725
294.616
295.788
297.302
298.525
297.917
296.639
294.246
291.719
289.158
286.994
286.133
285.298
499.987
408.015
369.533
352.812
344.447
339.183
333.395
327.731
322.667
317.905
313.222
308.716
304.579
299.822
296.452
296.329
297.581
298.974
300.9
302.81
305.054
307.672
307.686
306.036
302.48
298.875
293.898
289.323
287.007
285.517
507.565
423.874
377.739
355.148
344.962
339.849
334.086
328.707
324.088
319.64
315.353
311.292
306.921
302.431
299.735
301.139
303.711
307.622
311.342
314.794
318.95
323.881
326.554
325.222
320.664
314.353
303.946
294.295
288.348
285.484
509.674
439.353
389.096
360.045
346.948
341.01
335.473
330.636
326.3
322.159
318.364
314.643
310.858
307.075
305.96
309.33
313.922
320.062
328.028
335.385
343.783
353.865
361.296
362.632
358.913
349.342
329.41
304.949
291.346
286.297
507.39
465.035
406.026
366.866
349.773
342.32
337.404
333.024
328.918
325.348
322.081
319.306
316.883
314.753
315.954
321.789
329.577
339.071
351.528
364.62
381.164
400.674
417.726
426.711
430.381
425.105
396.18
334.153
298.644
285.408
501.399
494.232
427.098
375.513
353.521
343.935
339.779
335.81
332.152
329.201
326.8
325.79
325.441
326.047
330.058
339.246
351.115
365.319
383.902
402.414
427.646
462.161
493.071
515.189
525.804
546.514
523.963
422.085
318.606
295.747
496.212
500.084
452.089
385.878
357.96
346.882
342.673
339.085
336.076
334.04
333.231
333.316
333.805
337.656
347.539
360.6
377.638
398.076
423.91
450.656
484.799
531.27
583.624
628.268
641.392
684.714
677.849
613.815
385.339
279.703
493.739
500.355
481.463
398.785
363.941
350.947
346.08
343.161
341.451
341.03
341.756
342.691
345.628
349.651
365.677
384.978
409.719
438.393
471.958
510.972
554.43
604.924
688.831
740.947
782.516
842.624
834.349
826.553
564.652
314.928
274.002
274.002
274.002
274.002
274.002
274.002
274.002
274.002
274.002
274.002
274.002
274.002
274.002
274.002
274.002
274.002
274.002
274.002
274.002
274.002
274.002
274.002
274.002
274.002
274.002
274.002
274.002
274.002
274.002
274.002
274.002
274.002
274.002
274.002
274.002
274.002
274.002
274.002
274.002
274.002
274.002
274.002
274.002
274.002
274.002
274.002
274.002
274.002
274.002
274.002
274.002
274.002
274.003
274.011
274.141
276.186
303.708
481.076
735.744
893.584
1045.22
1164.9
1189.03
1193.35
1193.73
1192.21
1178.95
1152
1121.02
1093.1
1068.47
1045.79
1024.28
1004.48
986.147
969.198
953.223
937.842
922.324
906.675
891.35
876.42
861.618
846.5
831.3
816.625
802.598
788.549
774.592
761.039
748.178
735.972
724.206
712.733
701.258
689.424
677.81
666.75
656.164
645.874
635.621
625.425
615.499
605.87
596.632
587.793
579.382
571.57
564.322
557.217
550.494
544.132
538.158
532.732
527.549
522.592
517.893
513.523
509.583
505.943
502.406
499.064
496.094
493.781
493.226
274.001
274.001
274.001
274.001
274.001
274.001
274.001
274.001
274.001
274.001
274.001
274.001
274.001
274.001
274.001
274.001
274.001
274.001
274.001
274.001
274.001
274.001
274.001
274.001
274.001
274.001
274.001
274.001
274.001
274.001
274.001
274.001
274.001
274.001
274.001
274.001
274.001
274.001
274.001
274.001
274.001
274.001
274.001
274.001
274.001
274.001
274.001
274.001
274.001
274.001
274.001
274.001
274.012
274.216
278.151
341.559
589.497
746.127
798.516
833.411
883.933
949.257
1012.4
1065.36
1107.96
1146.15
1211.92
1240.9
1236.6
1226.72
1214.34
1195.25
1171.32
1142.67
1110.06
1074.69
1040.46
1011.4
985.514
962.045
940.874
921.273
902.882
885.157
868.824
853.16
838.296
824.084
810.304
796.986
783.966
771.224
758.52
746.1
733.653
721.049
708.409
696.019
684.18
672.88
661.869
651.179
640.989
631.354
622.28
613.659
605.42
597.336
589.549
581.784
574.522
567.429
560.555
553.891
547.617
541.845
536.337
531.048
525.904
521.174
516.768
513.828
510.728
507.113
503.248
274
274
274
274
274
274
274
274
274
274
274
274
274
274
274
274
274
274
274
274
274
274
274
274
274
274
274
274
274
274
274
274
274
274
274
274
274
274
274
274
274
274
274
274
274
274
274
274
274
274
274.001
274.013
274.291
280.732
395.775
685.164
774.429
788.88
794.694
806.673
828.182
854.288
882.979
910.157
938.376
970.244
1007.87
1053.52
1101.22
1151.11
1200.48
1251.47
1293.2
1294.14
1285.61
1270.89
1241.24
1189.52
1136.48
1089.47
1045.96
1007.64
974.698
946.811
923.033
902.511
883.728
866.001
849.262
833.424
818.419
804.187
790.383
777.289
764.463
752.185
740.264
728.539
717.582
707.074
696.61
686.189
676.014
666.226
656.984
648.152
639.591
631.033
622.49
613.507
605.266
597.35
590.086
583.612
577.59
571.727
565.522
558.673
551.625
544.894
539.712
535.076
530.394
522.323
505.913
274
274
274
274
274
274
274
274
274
274
274
274
274
274
274
274
274
274
274
274
274
274
274
274
274
274
274
274
274
274
274
274
274
274
274
274
274
274
274
274
274
274
274
274
274
274
274
274
274
274
274.013
274.334
282.764
435.974
737.436
792.014
794.604
794.718
797.363
807.305
822.838
838.613
857.113
875.836
895.948
917.046
941.76
973.07
1013.51
1059.41
1108.18
1162.07
1217.62
1262.04
1297.16
1324.7
1348.43
1379.69
1367.88
1329.48
1285.15
1219.91
1158.76
1106.27
1061.86
1022.28
987.369
956.333
929.447
905.813
885
866.248
848.826
832.851
817.99
804.265
791.594
779.663
768.81
758.75
748.841
739.027
729.782
721
712.804
705.224
698.052
691.091
683.864
676.291
668.517
658.933
648.286
636.846
625.935
615.439
605.108
595.553
585.393
569.801
542.636
511.996
477.499
442.035
415.745
274
274
274
274
274
274
274
274
274
274
274
274
274
274
274
274
274
274
274
274
274
274
274
274
274
274
274
274
274
274
274
274
274
274
274
274
274
274
274
274
274
274
274
274
274
274
274
274
274
274.011
274.324
283.225
450.763
755.921
800.509
800.85
799.941
800.94
808.624
822.244
836.769
850.905
865.337
877.721
892.044
910.509
935.228
967.538
1009.61
1056.52
1104.52
1154.71
1202
1238.43
1269.58
1303.55
1332.78
1365.66
1389.61
1411.66
1428.29
1445.66
1441.17
1403.58
1343.45
1271.85
1207.83
1152.59
1106.93
1068.47
1035.06
1005.04
977.522
953.133
931.83
913.13
896.849
882.514
869.491
857.662
846.802
837.269
828.308
819.727
811.379
802.626
793.513
783.627
772.755
761.328
749.554
735.461
719.61
701.507
676.748
641.476
601.473
556.757
508.591
465.3
436.728
413.885
395.507
381.795
371.672
274
274
274
274
274
274
274
274
274
274
274
274
274
274
274
274
274
274
274
274
274
274
274
274
274
274
274
274
274
274
274
274
274
274
274
274
274
274
274
274
274
274
274
274
274
274
274
274
274.008
274.267
282.068
443.848
757.85
804.132
805.559
805.982
806.828
812.613
825.631
840.363
854.52
869.09
883.319
902.585
927.324
964.334
1015.34
1084.37
1173.94
1269.28
1366.04
1464.88
1544.1
1577.86
1586.32
1584.21
1567.2
1553.69
1523.03
1491.18
1468.94
1457.88
1445.02
1441.98
1458.25
1476.29
1466.03
1438.42
1400.05
1351.3
1296.77
1247.41
1202.71
1163.96
1131.19
1103.22
1078.84
1057.82
1039.17
1022.84
1008.21
995.466
984.192
973.39
962.632
950.803
936.746
918.387
891.527
851.541
802.312
745.376
683.274
616.742
560.185
517.859
482.912
453.734
429.726
410.782
395.475
382.457
371.234
362.46
355.922
274
274
274
274
274
274
274
274
274
274
274
274
274
274
274
274
274
274
274
274
274
274
274
274
274
274
274
274
274
274
274
274
274
274
274
274
274
274
274
274
274
274
274
274
274
274
274
274.005
274.188
279.921
417.863
748.714
807.173
809.546
810.383
813.888
817.692
830.122
844.878
859.554
873.863
890.952
914.279
949.265
1002.61
1077.3
1177.53
1307.43
1466.61
1605.46
1692.21
1727.39
1733.34
1724.73
1715.26
1700.05
1681.08
1656.07
1634.24
1607.24
1579.03
1547.35
1514.44
1482.82
1454.01
1431.26
1416.09
1400.09
1388.07
1391.31
1400.98
1400.24
1388.32
1371.79
1353.51
1335.08
1314.67
1293.72
1272.04
1249.2
1223.88
1196.5
1166.36
1131.22
1088.82
1036.93
973.684
898.935
820.318
755.514
696.459
641.167
592.739
550.791
516.464
484.874
457.961
434.591
414.751
398.669
385.319
374.139
364.499
356.75
350.482
274
274
274
274
274
274
274
274
274
274
274
274
274
274
274
274
274
274
274
274
274
274
274
274
274
274
274
274
274
274
274
274
274
274
274
274
274
274
274
274
274
274
274
274
274
274
274.003
274.113
277.701
378.264
725.999
810.509
814.279
814.655
818.304
824.089
837.215
851.782
866.172
880.183
897.761
924.806
968.808
1036.38
1137.05
1278.52
1464.95
1663.94
1774.41
1804.46
1804.5
1790.44
1776.47
1763.01
1752.67
1735.34
1723.29
1692.04
1665.75
1641.63
1626.55
1609.05
1595.2
1575.56
1548.25
1519.77
1488.49
1453.71
1418.23
1388.45
1362.75
1343.32
1324.05
1304.7
1285.12
1268.77
1254.19
1237.66
1219.37
1199.23
1176.05
1149.01
1119.52
1086.85
1049.52
1006.44
957.202
902.329
843.68
784.998
727.587
672.258
621.707
576.443
537.983
501.526
470.741
444.375
421.956
403.609
388.398
375.722
365.407
356.571
349.013
274
274
274
274
274
274
274
274
274
274
274
274
274
274
274
274
274
274
274
274
274
274
274
274
274
274
274
274
274
274
274
274
274
274
274
274
274
274
274
274
274
274
274
274
274
274.001
274.059
276.021
335.96
683.916
811.751
818.014
818.493
822.205
827.617
840.408
855.179
869.806
885.138
903.65
934.16
983.291
1061.16
1179.29
1351.63
1591.58
1798.46
1853.69
1853.33
1837.26
1819.18
1806.16
1802.33
1806.87
1816.63
1808.56
1777.67
1754.85
1727.73
1703.39
1678.97
1648.04
1633.96
1618.81
1605.21
1588.8
1570.81
1545.15
1516.6
1489.69
1460.15
1435.72
1409.9
1381.22
1351.75
1325.88
1302.7
1278.65
1254.17
1230.14
1206.76
1182.59
1157.49
1132.67
1106.47
1077.13
1043.09
1002.06
950.805
892.152
828.797
762.99
699.898
642.034
592.024
544.363
504.213
469.326
440.419
417.036
397.317
380.948
368.134
357.428
349.141
274
274
274
274
274
274
274
274
274
274
274
274
274
274
274
274
274
274
274
274
274
274
274
274
274
274
274
274
274
274
274
274
274
274
274
274
274
274
274
274
274
274
274
274
274.001
274.026
274.989
304.635
615.013
809.764
820.764
821.618
824.328
830.654
840.076
856.728
872.614
887.865
907.971
940.288
993.426
1076.79
1205.3
1393.2
1654.8
1846.96
1885.51
1885.02
1870.1
1853.57
1852.59
1867.81
1904.95
1938.33
1957.19
1956.74
1924.63
1902.26
1862.68
1829.94
1796.09
1753.68
1725.31
1700.96
1680.02
1659.47
1644.46
1625.84
1607.69
1589.18
1566.67
1543.66
1519.77
1489.69
1456.97
1426.91
1400.02
1372.26
1344.71
1317.48
1291.67
1266.13
1239.54
1212.58
1186.61
1162.25
1136.77
1109.4
1070.65
1017.81
954.057
881.187
805.385
732.449
668.783
606.653
552.802
505.749
467.312
437.011
411.407
390.184
373.58
360.253
350.275
274
274
274
274
274
274
274
274
274
274
274
274
274
274
274
274
274
274
274
274
274
274
274
274
274
274
274
274
274
274
274
274
274
274
274
274
274
274
274
274
274
274
274
274
274.01
274.427
287.686
518.954
800.109
822.266
823.177
825.281
831.289
840.82
857.018
873.32
889.322
908.734
941.501
994.665
1080.46
1211.69
1401.84
1659.45
1852.75
1892.09
1896.01
1896.69
1894.85
1897.23
1910.45
1933.25
1992.44
2027.01
2022.78
2001.48
1975.86
1960.15
1956.25
1948.24
1934.88
1910.28
1870
1837.64
1805.87
1768.25
1738.84
1714.11
1691.76
1672.16
1649.33
1624.87
1595.31
1564.3
1532.34
1502.54
1474.97
1445.87
1416.74
1388.49
1362.14
1335.56
1308.52
1280.13
1251.67
1225.33
1196.79
1171.47
1147.55
1112.73
1061.79
996.745
921.819
841.468
766.066
689.475
619.77
556.613
504.663
464.418
431.398
403.935
381.897
365.193
352.283
274
274
274
274
274
274
274
274
274
274
274
274
274
274
274
274
274
274
274
274
274
274
274
274
274
274
274
274
274
274
274
274
274
274
274
274
274
274
274
274
274
274
274
274.004
274.156
279.314
416.98
764.541
822.256
823.706
825.575
830.322
839.643
854.234
871.064
888.368
908.611
939.329
991.167
1073.75
1200.11
1381.99
1624.17
1829.09
1885.25
1897.24
1895.68
1904.81
1916.39
1916.95
1923.66
1946.24
2006.98
2053.48
2058.03
2000.32
1980.94
1968.74
1972.09
1974.63
1980.25
1977.02
1965.85
1955.02
1941.21
1912.65
1869.24
1831.23
1800.25
1772
1741.77
1715.64
1685.13
1650.59
1618.61
1587.25
1547.96
1506.77
1468.92
1432.97
1401.72
1369.85
1339.58
1309.18
1279.47
1253.11
1225.59
1197.43
1175.7
1152.65
1123.03
1083.22
1021.02
940.057
857.228
771.106
689.682
613.534
550.712
499.765
456.753
421.993
394.622
373.308
356.271
274
274
274
274
274
274
274
274
274
274
274
274
274
274
274
274
274
274
274
274
274
274
274
274
274
274
274
274
274
274
274
274
274
274
274
274
274
274
274
274
274
274
274.001
274.047
275.771
331.745
684.307
819.017
823.539
825.062
829.138
837.444
850.045
866.563
885.07
905.882
934.343
981.176
1056.24
1170.45
1336.32
1563.5
1796.02
1873.15
1881.19
1880.33
1889.24
1905.58
1911.52
1906.59
1920.21
1943.59
2006.59
2041.34
2007.95
1939.89
1931.18
1930.74
1962.57
1973.28
1973.82
1977.1
1977.43
1976
1976.36
1972.78
1960.86
1944.4
1929.76
1907.33
1886.18
1864.29
1831.81
1797.13
1758.45
1721.9
1680.58
1637.75
1589.09
1542.52
1486.48
1432.97
1385.16
1343.03
1305.54
1272.36
1241.02
1213.54
1193.24
1177.35
1161.57
1135.41
1105.03
1044.83
972.105
883.454
789.456
693.219
608.355
540.229
484.926
441.913
410.305
383.843
361.922
274
274
274
274
274
274
274
274
274
274
274
274
274
274
274
274
274
274
274
274
274
274
274
274
274
274
274
274
274
274
274
274
274
274
274
274
274
274
274
274
274
274
274.012
274.536
290.896
547.081
806.935
823.482
824.619
828.337
835.274
845.806
860.607
879.223
900.648
927.663
968.836
1033.91
1131.49
1273.06
1473.98
1731.67
1869.75
1889.61
1892.18
1893.96
1877.19
1834
1812.55
1810.87
1852.62
1925.32
1962.16
1927.28
1843.61
1801.73
1790.33
1798.25
1827.95
1844.43
1878.41
1925.64
1952.5
1966.79
1979.93
1984.68
1981.07
1975.02
1972.25
1961.57
1954.38
1949.74
1939.35
1929.13
1905.79
1877.65
1842.52
1808.44
1764.02
1723.01
1671.65
1608.33
1541.51
1470.1
1406.98
1352.86
1306.47
1262.43
1229.92
1205.16
1188.08
1175.34
1153.5
1115.62
1066.93
992.6
903.765
797.807
693.166
604.404
530.865
474.758
431.887
397.19
369.173
274
274
274
274
274
274
274
274
274
274
274
274
274
274
274
274
274
274
274
274
274
274
274
274
274
274
274
274
274
274
274
274
274
274
274
274
274
274
274
274
274
274.003
274.134
278.566
401.843
752.962
822.175
824.598
827.8
833.31
841.937
854.471
871.775
892.6
919.099
955.688
1009.3
1088.97
1208.03
1377.65
1608.5
1838.8
1911.85
1926.65
1931.26
1931.45
1931.71
1902.55
1880.02
1869.4
1885.63
1889.65
1822.03
1836.95
1590.1
1546.47
1552
1573.18
1616.5
1653.94
1701.54
1788.85
1867.44
1919.35
1958.03
2002.44
1987.49
1960.27
1949.27
1942.83
1939.5
1941.14
1941.15
1940.05
1926.45
1906.02
1879.49
1856.66
1824.86
1792.31
1756.72
1716.98
1682.2
1644.56
1595.66
1530.38
1458.23
1386.42
1322.29
1269.04
1232.45
1208.65
1193.23
1162.15
1126.48
1075.85
1002.8
902.751
791.154
686.953
596.828
524.886
470.742
427.04
391.715
274
274
274
274
274
274
274
274
274
274
274
274
274
274
274
274
274
274
274
274
274
274
274
274
274
274
274
274
274
274
274
274
274
274
274
274
274
274
274
274
274.001
274.028
275.093
307.455
626.486
814.314
825.13
827.731
832.109
838.928
849.381
864.347
883.61
908.271
941.42
987.725
1050.05
1144.04
1282.47
1476.9
1727.46
1892.94
1930.93
1939.08
1940.9
1947.99
1963.07
1955.51
1944.08
1933.86
1917.26
1913.77
1764.63
1627.59
1427.88
1393.41
1385.38
1388.82
1433.6
1451.28
1488.96
1567.8
1650.14
1692.53
1747.1
1863.89
1827.69
1783.04
1780.28
1776.71
1776.52
1796.74
1809.9
1835.19
1847.12
1845.87
1837.71
1826.47
1805.89
1781.4
1746.47
1729.58
1714.66
1699.56
1678.97
1658.71
1623.59
1574.33
1508.75
1426.91
1350.63
1292.11
1256.22
1215.23
1175.35
1125.67
1079.55
1003.45
891.018
771.376
665.943
580.714
515.03
462.832
418.708
274
274
274
274
274
274
274
274
274
274
274
274
274
274
274
274
274
274
274
274
274
274
274
274
274
274
274
274
274
274
274
274
274
274
274
274
274
274
274
274
274.006
274.244
281.692
446.694
774.679
824.403
828.415
831.355
835.874
843.995
856.856
875.018
898.268
927.564
966.242
1019.31
1091.61
1196.51
1353.7
1574.23
1819.94
1915.42
1933.06
1934.45
1939.43
1956.22
1972.7
1970.45
1985.99
2021.71
2035.57
2028.44
1828.86
1544.18
1364.24
1264.75
1247.99
1255.68
1264.68
1268.66
1284.28
1302.56
1342.23
1375.09
1418.49
1481.51
1427.25
1362.64
1347.2
1386.89
1421.64
1447.6
1514.19
1550.33
1586.11
1617.11
1633.02
1644.84
1650.45
1658.72
1661.38
1680.51
1696.36
1702.79
1696.02
1687.21
1666.94
1656.06
1639.23
1594.61
1530.23
1454.28
1380.32
1301.03
1243.43
1185.7
1133.9
1076.44
988.678
880.125
763.959
658.105
573.265
506.39
452.317
274
274
274
274
274
274
274
274
274
274
274
274
274
274
274
274
274
274
274
274
274
274
274
274
274
274
274
274
274
274
274
274
274
274
274
274
274
274
274
274.001
274.045
275.625
322.6
659.133
815.895
827.038
830.208
833.464
839.146
849.727
866.776
889.365
916.435
949.602
991.931
1049.75
1133.93
1257.14
1437.48
1689.22
1879.25
1924.15
1929.23
1929.19
1935.33
1949.81
1972.36
1980.34
2039.46
2106.6
2128.63
2137.24
1922.46
1626.59
1326.23
1205.52
1182.75
1205.15
1187.78
1186.21
1197.26
1198.07
1198.06
1178.56
1169.3
1116.16
1080.46
1114.04
1124.55
1083.92
1070.75
1066.91
1099.58
1142.73
1208.89
1271.97
1341.96
1398.09
1462.02
1499.24
1544.9
1567.97
1634.01
1665.19
1681.98
1681.28
1672
1676.74
1672.54
1642.69
1619.39
1586.29
1527.85
1450.8
1373.85
1285.11
1208.62
1132.67
1057.69
955.107
842.731
739.592
642.581
560.892
492.049
274
274
274
274
274
274
274
274
274
274
274
274
274
274
274
274
274
274
274
274
274
274
274
274
274
274
274
274
274
274
274
274
274
274
274
274
274
274
274
274.008
274.336
284.237
475.371
786.348
824.738
827.903
830.473
835.025
843.479
858.57
880.458
906.426
935.318
969.496
1016.42
1084.33
1183.23
1329.05
1535.64
1790.8
1901.92
1919.97
1925.7
1942.82
1949.48
1964.5
1968.67
1981.73
2051.75
2116.4
2142.24
2176.32
1926.23
1535.31
1228.7
1131.3
1109.28
1101.86
1078.2
1084.99
1077.68
1078.17
1071.61
1073.27
1083.23
1073.58
1070.44
1048.72
1081.78
1053.57
1018.29
1012.84
1002.58
1017.55
1061.6
1087.56
1125.21
1163.81
1219.88
1277.43
1330.59
1376.85
1394.83
1472.39
1553.13
1587.72
1617.78
1644.73
1652.22
1636.56
1618.19
1603.47
1583.04
1551.46
1496.11
1419.93
1330.73
1229.25
1123.86
1022.1
924.659
809.851
707.94
611.337
533.014
274
274
274
274
274
274
274
274
274
274
274
274
274
274
274
274
274
274
274
274
274
274
274
274
274
274
274
274
274
274
274
274
274
274
274
274
274
274
274.001
274.054
275.922
332.382
678.131
818.857
824.941
826.537
829.903
837.246
850.656
871.898
897.73
925.892
954.473
989.008
1040.6
1120.56
1239.91
1412.76
1648.44
1857.74
1913.17
1922.41
1935.89
1953.53
1958.01
1969.6
1978.25
2009.69
2083.2
2130.38
2146.4
2068.22
1632.36
1139.08
1007.02
964.647
967.626
945.66
966.25
955.875
967.18
1005.17
979.076
995.287
1002.69
994.096
986.953
975.027
963.287
947.556
917.943
893.803
895.117
883.527
895.509
940.633
991.77
1062.87
1125.14
1172.62
1199.09
1217.35
1282.56
1326.23
1374.82
1449.29
1491.42
1559.73
1590.01
1594.61
1596.03
1594.57
1581.22
1572.83
1565.77
1531.99
1475.22
1392.81
1274.72
1152.85
1023.74
899.97
775.431
669.927
584.284
274
274
274
274
274
274
274
274
274
274
274
274
274
274
274
274
274
274
274
274
274
274
274
274
274
274
274
274
274
274
274
274
274
274
274
274
274
274
274.008
274.328
283.961
472.669
788.47
825.091
823.823
824.467
829.912
841.908
861.552
886.716
913.331
939.212
969.781
1011.73
1072.57
1164.17
1297.82
1483.09
1719.3
1890.66
1931.66
1942.44
1957.55
1974.08
1981.36
1987.31
2006.21
2076.1
2153.05
2173.29
2179.06
1863.59
1457.38
1042.05
941.818
924.041
918.626
897.943
908.048
904.846
904.095
918.986
942.312
962.589
986.587
995.517
995.789
1006.08
998.853
991.792
983.435
912.466
877.267
853.564
843.482
821.223
820.248
837.728
879.675
945.043
1041.19
1120.25
1212.97
1276.61
1302.1
1332.61
1355.14
1371.65
1443.98
1473.89
1488.64
1501.26
1519.54
1527.95
1529.12
1534.59
1530.71
1498.99
1438.53
1333.01
1202.83
1035.7
879.426
752.922
644.42
274
274
274
274
274
274
274
274
274
274
274
274
274
274
274
274
274
274
274
274
274
274
274
274
274
274
274
274
274
274
274
274
274
274
274
274
274
274.001
274.043
275.544
319.408
653.25
817.087
822.724
821.301
824.196
834.7
853.109
876.929
899.211
919.945
944.914
981.787
1037.48
1116.07
1222.83
1366.78
1556.72
1783.19
1922.39
1957.11
1969.5
1985.98
1999.24
2016.41
2022.61
2052.65
2126.37
2193.47
2223.3
2192.3
1854.71
1264.84
1069.28
978.533
961.461
964.628
959.405
962.255
975.442
955.036
941.168
934.88
928.189
932.027
947.537
943.027
965.457
991.046
999.779
1000.28
973.42
952.28
899.788
880.637
879.16
867.157
855.26
839.399
832.655
850.072
875.717
921.373
1001.18
1118.33
1210.71
1280.08
1309.21
1323.49
1392.12
1421.81
1444.29
1466.41
1486.89
1493.85
1498.26
1499.39
1514.97
1507.27
1459.58
1354.69
1200.46
1019.67
853.875
709.752
274
274
274
274
274
274
274
274
274
274
274
274
274
274
274
274
274
274
274
274
274
274
274
274
274
274
274
274
274
274
274
274
274
274
274
274
274
274.006
274.227
280.978
434.415
766.693
820.179
819.443
820.628
829.147
846.728
867.28
886.429
903.95
925.535
954.918
1001.94
1071.2
1166.65
1290.34
1443.64
1628.15
1830.65
1946.08
1975.22
1986.12
2008.18
2024.63
2045.64
2052.75
2078.73
2140.19
2189.44
2212.77
2008.69
1576.25
1114
1018.61
981.832
973.44
967.331
965.345
950.394
945.145
962.705
960.889
957.121
966.291
965.262
954.976
954.328
939.142
947.863
965.711
963.43
964.503
980.463
934.472
877.507
879.509
879.237
877.423
893.095
875.282
869.636
863.836
856.014
874.547
896.977
950.708
1030.16
1161.03
1256.47
1305.21
1366.65
1403.65
1435.53
1467.87
1481.64
1486.05
1483.48
1475.18
1493.27
1502.18
1443.8
1339.63
1171.94
976.85
808.161
274
274
274
274
274
274
274
274
274
274
274
274
274
274
274
274
274
274
274
274
274
274
274
274
274
274
274
274
274
274
274
274
274
274
274
274
274.001
274.027
275
302.224
597.194
807.364
818.975
818.963
824.776
838.815
857.355
874.534
890.109
909.421
936.447
975.087
1032.85
1113.52
1219.65
1351.63
1510.55
1695.5
1872.15
1957.64
1980.99
1991.06
2014.52
2040.39
2059.08
2066.47
2098.49
2149.19
2159.93
2111.21
1743.39
1216.2
1000.29
947.199
926.047
915.734
919.456
939.123
949.725
952.479
943.761
949.991
961.92
975.611
976.335
967.238
967.899
982.387
987.195
988.175
978.048
969.68
980.154
976.332
938.315
869.893
867.661
856.098
858.303
882.202
876.384
887.39
877.377
883.855
879.032
884.602
909.768
943.986
1027.71
1155.6
1270.29
1339.53
1377.17
1425.65
1464.9
1481.28
1486.14
1479.43
1469.83
1486.21
1472.32
1384.13
1252.47
1054.07
882.216
274
274
274
274
274
274
274
274
274
274
274
274
274
274
274
274
274
274
274
274
274
274
274
274
274
274
274
274
274
274
274
274
274
274
274
274
274.003
274.126
277.987
381.74
726.669
814.469
818.731
821.944
831.163
846.461
864.142
880.135
896.664
919.815
952.09
999.076
1068.86
1164.5
1286.98
1433.65
1598.28
1766.16
1902.26
1964.87
1984.53
1998.26
2021.69
2070.51
2099.29
2102.81
2125.84
2189.45
2209.77
1980.51
1644.71
1163.15
1064.93
999.893
978.613
960.324
943.532
925.812
926.185
920.575
906.474
916.86
928.384
951.062
965.966
961.459
976.658
999.41
996.926
995.787
991.043
1000.08
1009.81
1006.15
994.022
973.299
875.713
875.529
850.708
854.735
859.284
869.833
880.467
884.925
891.837
894.351
894.598
899.261
911.756
952.467
1027.89
1159.71
1304.3
1375.28
1408.51
1447.81
1490.53
1498.77
1496.56
1487.48
1487.11
1423.86
1313.07
1167.51
959.041
274
274
274
274
274
274
274
274
274
274
274
274
274
274
274
274
274
274
274
274
274
274
274
274
274
274
274
274
274
274
274
274
274
274
274
274
274.013
274.491
287.912
505.702
789.849
817.342
820.387
826.443
838.578
854.905
870.388
886.741
906.146
933.748
975.337
1035.94
1118.97
1226.85
1357.98
1508.23
1671.26
1823.72
1932.16
1975
1989.99
2005.19
2037.98
2094.62
2142.67
2158.37
2183.56
2226.76
2233.37
1899.37
1391.68
1109.24
1025.47
1001.28
984.365
980.177
983.818
982.132
992.578
995.412
979.189
960.846
953.702
968.129
959.717
956.761
978.481
997.527
1016.96
1004
994.134
1026.74
1044.08
1026.63
1024.01
1026.73
1001.47
914.016
911.347
881.482
878.146
861.994
880.608
887.445
891.6
903.55
909.325
917.977
920.637
920.789
934.585
971.528
1038.43
1170.89
1335.83
1417.26
1442.66
1477.97
1513.83
1518.25
1490.73
1466.32
1323.13
1174.24
1027.15
274
274
274
274
274
274
274
274
274
274
274
274
274
274
274
274
274
274
274
274
274
274
274
274
274
274
274
274
274
274
274
274
274
274
274
274.001
274.047
275.58
318.59
647.135
809.213
817.802
820.941
829.227
842.841
858.728
874.99
893.659
919.049
956.359
1010.37
1082.34
1174.56
1290.48
1431.11
1590.84
1757.33
1899.63
1965.31
1986.88
1998.47
2020.8
2067.06
2113.67
2156.18
2178.29
2200.3
2221.46
2122.8
1723.35
1241.08
1096.57
1039.14
1018.79
1006.44
989.2
972.479
982.147
993.59
996.178
988.958
982.128
997.983
1005.88
997.231
995.721
1003.58
1022.11
1028.56
1023.21
1036.11
1056.18
1076.83
1056.09
1046.42
1070.99
1070.73
1029.21
976.164
930.606
898.697
891.72
871.807
885.756
892.705
905.617
911.943
923.043
935.468
944.598
952.769
961.446
969.109
999.059
1055.68
1182.36
1363.18
1472.82
1502.41
1508.49
1537.64
1483.92
1473.93
1143.75
1005.63
274
274
274
274
274
274
274
274
274
274
274
274
274
274
274
274
274
274
274
274
274
274
274
274
274
274
274
274
274
274
274
274
274
274
274
274.004
274.157
278.817
398.091
740.911
814.831
817.677
822.428
833.117
848.547
863.799
882.299
905.879
938.06
982.472
1042.05
1118.46
1213.9
1333.55
1479.3
1648.01
1824.67
1942.06
1979.56
1993.34
2007.36
2037.21
2074.85
2116.73
2153.43
2172.31
2202.91
2228.6
1909.82
1551.56
1138.04
1053.9
1016.82
1000.88
997.604
997.534
996.374
993.398
1011.77
1019.1
997.533
985.868
1013.86
1030.24
1012.89
1008.13
1023.96
1032.17
1025.75
1027.1
1037.72
1078.14
1085.78
1056.12
1066.59
1090.52
1093.08
1089.09
1068.01
1064.02
950.409
932.532
904.742
895.303
885.927
897.708
903.358
916.526
927.755
948.965
958.243
972.226
986.487
1001.87
1014.7
1038.16
1092.31
1200.5
1415.52
1525.77
1551.25
1505.18
1485.61
1444.58
968.76
274
274
274
274
274
274
274
274
274
274
274
274
274
274
274
274
274
274
274
274
274
274
274
274
274
274
274
274
274
274
274
274
274
274
274
274.012
274.466
287.154
498.173
788.782
816.447
819.599
826.232
837.433
853.254
870.255
892.773
921.76
959.133
1008.47
1073.07
1155.28
1258.18
1384.08
1534.25
1707.3
1876.21
1963.71
1990.2
2000.62
2017.78
2043.64
2074.03
2116.15
2161.65
2194.92
2221.9
2205.58
1911.43
1402.41
1172.39
1108.8
1082.68
1069.07
1059.27
1039.67
1020.52
1035.55
1050.45
1048.7
1026.45
1030.15
1059.11
1065.87
1054.33
1049.79
1063.14
1072.83
1067.07
1051.92
1067.92
1106.1
1089.57
1072.39
1095.98
1128.62
1121.27
1110.32
1121.03
1123.17
1095.64
1048.6
987.905
958.079
941.082
932.462
929.19
928.54
932.891
937.046
956.652
971.823
989.402
1007.87
1029.62
1051.81
1076.64
1099.85
1154.05
1264.54
1443.62
1567.85
1585
1429.9
1382.69
274
274
274
274
274
274
274
274
274
274
274
274
274
274
274
274
274
274
274
274
274
274
274
274
274
274
274
274
274
274
274
274
274
274
274.001
274.035
275.183
305.958
606.79
803
816.897
821.969
830.307
841.992
859.214
879.655
905.254
937.052
978.705
1035.13
1109.5
1204.13
1319.65
1452.77
1601.42
1754.92
1892.67
1974.3
2006.71
2021.32
2039.58
2063.14
2103.38
2148.64
2189.88
2226.35
2246.1
2183.48
1839.44
1318.69
1157.04
1102.36
1082.21
1074.05
1070.9
1065.37
1053.29
1060.89
1066.28
1068.15
1054.21
1059.6
1082.52
1092.55
1079.49
1081.15
1103.11
1113.13
1098.04
1097.9
1127.31
1137.14
1114.62
1108.72
1132.69
1171.29
1163.28
1139.31
1153.76
1159.75
1158.39
1135.83
1110.86
1046.3
1021.59
995.927
994.789
993.33
985.248
981.951
979.688
976.797
979.133
990.573
1011.29
1037.3
1074.48
1113.53
1150.42
1201.46
1246.37
1334.39
1496.93
1678.1
1758.42
274
274
274
274
274
274
274
274
274
274
274
274
274
274
274
274
274
274
274
274
274
274
274
274
274
274
274
274
274
274
274
274
274
274
274.002
274.076
276.364
338.849
675.725
804.379
816.682
825.417
836.827
850.752
867.66
888.027
910.245
946.632
995.703
1060.53
1144.79
1249.44
1370.71
1500.46
1636.86
1769.54
1885.2
1976.99
2027.71
2047.14
2058.61
2085.61
2113.37
2147.05
2185.74
2216.15
2239.45
2064.09
1739.56
1275.86
1164.56
1119.64
1104.24
1096.95
1093.02
1081.99
1074.82
1082.67
1097.87
1095.23
1080.91
1084.17
1111.37
1118.92
1104.56
1105.76
1130.65
1146.53
1133.75
1132.34
1162.47
1174.32
1160.39
1159.36
1190.37
1221.97
1210.32
1205.44
1218.11
1221.97
1217.93
1216.71
1211.36
1147.21
1110.49
1077.8
1041.6
1061.57
1067.32
1068.83
1084.85
1085.11
1091.01
1091.43
1099.01
1106.9
1136.57
1186.88
1242.68
1339.45
1449.9
1566.93
1623.04
1732.77
1979.27
274
274
274
274
274
274
274
274
274
274
274
274
274
274
274
274
274
274
274
274
274
274
274
274
274
274
274
274
274
274
274
274
274
274
274.003
274.125
277.756
372.353
710.002
805.18
818.909
829.684
841.055
854.128
870.825
891.722
913.437
951.759
1004.96
1076.25
1167.09
1276.13
1398.07
1524.21
1652.89
1776.01
1883.78
1973.08
2031.06
2055.49
2066.08
2089.25
2109.27
2138.34
2178.96
2218.58
2251.64
1988.29
1688.8
1264.25
1172.48
1132.38
1112.74
1108.3
1106.86
1100.49
1099.7
1107.68
1118.83
1119.81
1106.31
1108.93
1141.6
1150.81
1138.48
1136.35
1157.35
1169.63
1154.64
1152.05
1183.4
1199.95
1184.12
1183.48
1216.01
1247.32
1230.37
1222.14
1246.06
1254.91
1251.99
1252.4
1252.98
1216.93
1141.21
1133.04
1089.19
1073.68
1092.64
1084.48
1108
1113.39
1132.33
1141.2
1155.68
1162.53
1165.9
1207.28
1251.1
1344.71
1463.36
1612.24
1731.47
1871.16
2022.53
274
274
274
274
274
274
274
274
274
274
274
274
274
274
274
274
274
274
274
274
274
274
274
274
274
274
274
274
274
274
274
274
274
274
274.006
274.229
280.57
420.58
744.104
808.667
820.268
830.124
841.4
855.29
873.402
897.035
922.557
961.924
1019.8
1095.71
1191.22
1304.14
1427.66
1552.21
1674.95
1789.75
1891.11
1971.73
2032.79
2062.63
2075.81
2097.71
2115.77
2160.12
2205.74
2235.79
2245.07
1903.87
1547.01
1226.51
1160.57
1133.48
1120.6
1118.84
1116.25
1113.56
1107.99
1127.45
1139.99
1143.74
1135.94
1141.45
1172.34
1180.61
1166.86
1165.29
1186.21
1200.92
1188.97
1187.05
1211.91
1226.64
1210.58
1205.21
1237.5
1269.99
1256.63
1249.33
1277.7
1301.74
1288.56
1288.7
1289.29
1284.66
1220.54
1162.29
1171.01
1129.45
1147.95
1130.71
1144.36
1144.66
1160.54
1178.22
1199.37
1226.34
1240.87
1263.02
1289.78
1331.17
1401.53
1511.32
1665.42
1814.85
2042.6
274
274
274
274
274
274
274
274
274
274
274
274
274
274
274
274
274
274
274
274
274
274
274
274
274
274
274
274
274
274
274
274
274
274
274.01
274.382
284.538
465.206
765.541
809.777
821.936
832.904
844.835
858.501
876.286
900.77
931.099
968.832
1028.23
1108.35
1210.32
1331.1
1460.9
1587.43
1705.2
1811.03
1903.42
1978.99
2033.12
2064.66
2082.02
2097.59
2121.58
2168.17
2214.06
2237.39
2215.83
1918.09
1488.01
1227.87
1169
1145.67
1134.9
1129.47
1128.28
1124.7
1131.23
1145.37
1152.74
1166.68
1164.07
1168.98
1200.78
1210.28
1202.54
1205.43
1224.32
1244.88
1232.37
1228.35
1249.99
1262.19
1247.69
1244.16
1258.72
1284.67
1278.45
1272.87
1300.91
1332.75
1335.66
1336.94
1341.01
1334.04
1329.13
1274.22
1221.31
1222.66
1186.82
1205.46
1182.79
1201.93
1194.69
1226.16
1241.65
1279.91
1312.82
1352.3
1398.02
1448.25
1512.46
1585.14
1682.31
1795
1913.2
274
274
274
274
274
274
274
274
274
274
274
274
274
274
274
274
274
274
274
274
274
274
274
274
274
274
274
274
274
274
274
274
274
274.001
274.018
274.64
291.075
521.839
783.397
811.9
821.88
832.091
843.784
857.688
876.319
902.234
935.861
980.727
1041.72
1123.11
1229.84
1358.1
1495.55
1627.18
1742.23
1839.88
1920.49
1984.4
2030.84
2060.95
2078.39
2090.84
2129.05
2177.27
2222.61
2243.97
2204.92
1922.63
1441.5
1229.24
1176.45
1154.1
1143.36
1139.53
1135.77
1128.46
1140.82
1153.78
1157.6
1171.22
1173.69
1177.16
1202.63
1216.26
1214.99
1219.01
1239.81
1267.84
1264.48
1266.83
1289.97
1307.81
1299.22
1302.19
1318.14
1336.87
1328.8
1325.29
1341.15
1359.23
1363.19
1375.25
1393.71
1393.62
1387.39
1383.26
1322.2
1257.39
1270.8
1236.39
1255.4
1229.52
1250.16
1247.3
1279.19
1295.55
1343.84
1379.08
1436.08
1489.88
1563.11
1636.3
1719.36
1781.28
1851.93
274
274
274
274
274
274
274
274
274
274
274
274
274
274
274
274
274
274
274
274
274
274
274
274
274
274
274
274
274
274
274
274
274
274.001
274.029
274.964
299.296
571.068
789.116
811.999
823.006
834.923
848.103
863.049
882.343
908.505
942.262
988.243
1051.26
1134.45
1243.19
1373.43
1513.66
1649.61
1766.81
1860.63
1926.04
1982.54
2031.69
2064.39
2077.69
2093.81
2125.02
2165.01
2200.91
2213.93
2139.31
1838.9
1401.43
1237.86
1194.51
1175.29
1165.52
1161
1156.81
1151.41
1165.64
1173.73
1176.59
1195.06
1197.99
1201.06
1221.38
1239.09
1238.27
1239.94
1258.11
1283.74
1284.53
1286.74
1303.71
1322.32
1331.62
1335.18
1340.74
1374.46
1377.5
1377.37
1392.99
1407.92
1407.75
1425.07
1442.57
1458.27
1461.81
1459.96
1444.82
1409.94
1336.97
1348.99
1309.83
1331.08
1299.16
1326.88
1322.15
1365.18
1387.34
1447.02
1489.57
1562.87
1605.31
1674.35
1717.23
1781.07
1819.37
274
274
274
274
274
274
274
274
274
274
274
274
274
274
274
274
274
274
274
274
274
274
274
274
274
274
274
274
274
274
274
274
274
274.001
274.045
275.443
311.736
618.755
795.716
813.302
823.086
834.366
847.164
862.034
881.687
908.332
942.996
990.476
1055.1
1140.66
1252.31
1385.61
1529.78
1669.84
1789.09
1880.12
1938.17
1983.74
2026.06
2059.47
2074.78
2095.88
2128.35
2168.05
2193.22
2203.76
2078.65
1783.9
1347.4
1216.1
1178.31
1163.43
1158.26
1156.86
1156.12
1158.18
1173.33
1178.22
1188.53
1203.51
1207.92
1221.91
1237.75
1253.69
1265.44
1271.43
1283.83
1311.47
1317.58
1321.41
1337.46
1349.93
1368.03
1374.63
1379.21
1406.85
1414.28
1420.2
1436.3
1446.47
1453.63
1469.43
1483.94
1503.15
1524.57
1531.92
1529.22
1510.72
1489.99
1425.57
1430.71
1392.57
1410.69
1386.01
1415.03
1429.15
1485.13
1515.83
1569.63
1607.6
1660.56
1708.84
1753.36
1807.11
1829.36
274
274
274
274
274
274
274
274
274
274
274
274
274
274
274
274
274
274
274
274
274
274
274
274
274
274
274
274
274
274
274
274
274
274.002
274.065
276.009
326.97
652.708
797.135
812.965
823.634
836.232
850.346
866.325
886.69
913.439
948.089
996.059
1061.36
1147.79
1260.36
1394.64
1541.77
1686.35
1807.98
1895.75
1948.64
1982.27
2020.98
2055.82
2077.67
2107.71
2147.58
2185.29
2205.34
2215.98
2049.26
1748.21
1325.59
1214.43
1178.34
1163.95
1159.33
1157.59
1154.31
1160.27
1176.93
1183.24
1195.36
1211.27
1217.19
1223.24
1245.06
1258.87
1269.2
1283.27
1293.62
1324.6
1335.57
1344.08
1365.59
1379.29
1398.56
1414.86
1421.83
1445.88
1461.08
1469.05
1489.16
1508.83
1518.3
1530.63
1546.38
1564.66
1582.86
1602.68
1622.23
1628.58
1617.48
1586.9
1540.06
1517.48
1501.35
1495.42
1496.67
1505.35
1540.82
1572.78
1622.13
1658.6
1715.02
1748.72
1803.06
1827.06
1856.38
274
274
274
274
274
274
274
274
274
274
274
274
274
274
274
274
274
274
274
274
274
274
274
274
274
274
274
274
274
274
274
274
274
274.003
274.093
276.781
347.66
682.496
800.691
814.051
823.852
835.937
850.006
866.173
886.673
913.437
948.867
998.496
1066.07
1155.49
1270.21
1405.07
1552.55
1697.33
1818.05
1902.72
1953.78
1986.71
2016.69
2055.09
2083.47
2115.26
2148.83
2177.84
2198.4
2212.44
2021.61
1735.71
1319.3
1215.42
1180.05
1165.65
1160.01
1157.45
1155.79
1153.7
1172.25
1182.06
1185.7
1204.09
1214.27
1219.05
1238.77
1256.79
1272.2
1286.29
1295.31
1318.77
1337.69
1349.7
1372.6
1388.38
1408.29
1434.33
1450.86
1471.81
1494.22
1514.01
1531.04
1548.46
1569.21
1591.47
1609.39
1623.67
1645.89
1668.53
1695.28
1718.7
1736.66
1752.75
1714
1679.84
1624.13
1633.73
1611.5
1630.82
1625.77
1661.5
1692.07
1743.15
1780.25
1822.42
1856.74
1888.62
1929.51
274
274
274
274
274
274
274
274
274
274
274
274
274
274
274
274
274
274
274
274
274
274
274
274
274
274
274
274
274
274
274
274
274
274.003
274.123
277.587
366.432
701.624
801.546
814.214
824.347
837.248
852.482
869.885
891.424
919.015
955.595
1006.97
1076.44
1167.45
1281.8
1414.19
1559.01
1701.39
1819.56
1901.33
1950.08
1984.75
2017.44
2050.97
2080.74
2105.12
2133.8
2162.5
2185.27
2204.22
1975.13
1701.44
1311.56
1218.44
1186.04
1173.63
1169.43
1167.57
1165.31
1163.1
1178.62
1190.25
1194.8
1209.96
1223.24
1229.18
1246.21
1259.88
1274.34
1294.98
1305.23
1321.67
1342.19
1356.37
1375.42
1392.9
1411.63
1432.79
1456.67
1476.82
1500.63
1527.63
1548.04
1579.7
1604.38
1628.67
1657.9
1683.37
1708.41
1736.74
1765.5
1797.17
1831.52
1860.76
1875.23
1880.13
1851.82
1793.79
1774.45
1764.12
1773.18
1776.78
1800.72
1828.25
1869.06
1895.18
1925.8
1960.36
2004.28
274
274
274
274
274
274
274
274
274
274
274
274
274
274
274
274
274
274
274
274
274
274
274
274
274
274
274
274
274
274
274
274
274
274.004
274.158
278.538
385.702
718.758
803.898
815.604
825.551
838.555
854.183
872.471
895.288
924.241
963.232
1018.39
1092.2
1186.56
1300.72
1428.88
1566.96
1701.58
1813.05
1891
1937.83
1972.02
2017.62
2054.93
2078.11
2104.74
2135.16
2168.75
2194.56
2216.89
1960.23
1688.6
1306.72
1218.03
1186.45
1174.72
1171.2
1170.35
1170.25
1168.82
1181.03
1190.28
1201.54
1214.24
1226.23
1238.52
1253.75
1266.88
1279.65
1298.59
1313.07
1328.63
1348.33
1366.05
1383.55
1402.29
1424.54
1444.13
1464.97
1487.33
1512.21
1537.31
1561.89
1590.33
1618.84
1648.05
1678.79
1709.6
1739.33
1771.79
1803.15
1835.77
1872.77
1912.02
1952.53
1989.2
2019.02
2016.41
1992.94
1931.45
1914.44
1890.37
1905.8
1906.08
1928.11
1938.81
1968.96
1985.24
2014.31
274
274
274
274
274
274
274
274
274
274
274
274
274
274
274
274
274
274
274
274
274
274
274
274
274
274
274
274
274
274
274
274
274
274.005
274.188
279.344
399.669
729.039
805.008
816.507
826.521
839.607
855.51
874.651
898.89
930.017
973.114
1034.48
1115.06
1213.93
1326.99
1447.77
1574.21
1695.26
1797.12
1871.52
1917.13
1966.05
2016.6
2053.65
2074.62
2102.57
2135.52
2169.58
2187.32
2209.59
1929.51
1664.55
1308.89
1225.39
1194.4
1181.84
1177.56
1175.93
1175.04
1173.76
1187.22
1194.7
1206.23
1217.74
1229.44
1242.92
1257.71
1270.66
1287.43
1303.94
1319.61
1337.9
1355.65
1374.66
1394.4
1414.21
1433.42
1456.08
1479.4
1503.03
1527
1552.63
1580.09
1607.95
1636.5
1666.32
1698.95
1730.6
1762.28
1796.35
1826.84
1857.73
1890.13
1926.3
1965.19
2013.96
2065.2
2109.42
2121.13
2139.86
2038.71
2025.64
1975.65
1965.83
1964.65
1966.26
1976.21
2002.31
1967.54
274
274
274
274
274
274
274
274
274
274
274
274
274
274
274
274
274
274
274
274
274
274
274
274
274
274
274
274
274
274
274
274
274
274.006
274.216
280.098
411.546
738.387
807.579
817.949
827.314
840.462
857.521
879.06
906.525
941.497
990.053
1058.39
1145.59
1247.54
1356.86
1467.12
1577.03
1680.26
1768.96
1839.16
1891.64
1944.85
1999.98
2039.49
2061.8
2094.72
2137.48
2176.55
2192.83
2217.4
1937.92
1673.79
1313.11
1230.58
1201.13
1189.9
1185.68
1183.88
1183.25
1181.44
1195.11
1204.11
1215.34
1227.49
1238.43
1252.39
1266.23
1280.44
1296.04
1313.39
1330.4
1347.83
1366
1384.38
1403.33
1424.89
1445.87
1467.79
1492.05
1515.4
1539.84
1565.72
1592.66
1621.06
1651.87
1682.97
1714.27
1749.71
1782.34
1817.9
1856.48
1890.37
1926.56
1961.95
1999.09
2041.63
2091.01
2145.82
2180.37
2208.49
2214.77
2222.84
2124.57
2081.32
2042.04
2016.08
1990.5
1961.85
1824.32
274
274
274
274
274
274
274
274
274
274
274
274
274
274
274
274
274
274
274
274
274
274
274
274
274
274
274
274
274
274
274
274
274
274.006
274.233
280.529
417.743
743.013
808.871
818.435
827.423
840.563
858.099
880.815
910.223
948.034
1000.8
1074.49
1167.02
1272.1
1379.72
1482.51
1578.31
1666.98
1746.58
1814.55
1872.32
1929.34
1989.52
2031.51
2052.75
2084.82
2130.8
2168.84
2185.27
2205.3
1905.4
1637.68
1298.84
1218.86
1189.33
1177.91
1173.69
1172.66
1172.4
1171.87
1184.73
1192.74
1204.72
1216.95
1229.06
1242.48
1256.9
1271.58
1287.48
1305.27
1321.93
1339.37
1358.38
1377.87
1397.78
1418.37
1440.31
1463.6
1486.77
1510.58
1536.85
1563.29
1589.77
1619.26
1649.03
1679.08
1712.1
1745.43
1779.18
1816.44
1854.56
1893.33
1934.5
1974.28
2011.41
2047.62
2082.84
2119.52
2159.16
2204.07
2224.48
2249.61
2240.6
2232.54
2117.77
2095.22
1889.67
1789.81
1697.51
274
274
274
274
274
274
274
274
274
274
274
274
274
274
274
274
274
274
274
274
274
274
274
274
274
274
274
274
274
274
274
274
274
274.007
274.241
280.74
420.715
745.255
809.58
818.913
827.901
841.135
858.825
881.874
911.947
950.912
1005.4
1081
1175.09
1280.85
1387.52
1486.65
1576.7
1658.92
1733.06
1798.44
1857.29
1913.03
1971.07
2012.17
2034.02
2065.32
2123.22
2176.02
2201.42
2223.69
1975.91
1707.83
1328.49
1241.65
1209.96
1197.81
1193.85
1192.57
1192.48
1193.2
1205.27
1214.48
1224.38
1235.21
1249.6
1262.58
1275.49
1292.15
1308.03
1324.85
1340.71
1358.87
1378.57
1397.63
1417.39
1439.61
1461.07
1482.91
1507.6
1531.39
1556.39
1583.58
1610.44
1639.18
1668.91
1699.08
1731.56
1764.96
1799.02
1835.48
1874.36
1913.36
1955.87
1999.86
2040.86
2077.65
2106.72
2127.86
2148.51
2179.5
2228.65
2286.7
2312.48
2322.58
2339.69
2101.27
1858.43
1758.52
1701.38
274
274
274
274
274
274
274
274
274
274
274
274
274
274
274
274
274
274
274
274
274
274
274
274
274
274
274
274
274
274
274
274
274
274.006
274.234
280.543
417.882
742.867
808.621
818.424
827.651
840.922
858.317
880.64
909.872
948.072
1001.36
1075
1166.93
1271.66
1379.09
1480.92
1574.44
1660.3
1737.32
1803.11
1861.63
1917.24
1977.58
2024.38
2053.77
2085.26
2134.06
2169.52
2186.17
2207.31
1916.21
1648.91
1303.35
1222.38
1192.31
1180.93
1177.03
1175.56
1174.9
1174.68
1186.04
1194.7
1206.11
1218.36
1230.62
1244.03
1258.55
1273.19
1289.29
1306.44
1322.37
1340.59
1359.35
1377.72
1398.04
1418.77
1440.28
1463.66
1486.23
1509.69
1535.47
1561.75
1588.26
1618
1647.96
1676.98
1709.6
1742.44
1776.34
1814.12
1852.41
1891.54
1931.65
1970.58
2008.1
2043.5
2078.41
2113.86
2153.16
2202.2
2225.53
2248.63
2247.33
2212.98
2116.85
2084.91
1899.67
1780.73
1699.82
274
274
274
274
274
274
274
274
274
274
274
274
274
274
274
274
274
274
274
274
274
274
274
274
274
274
274
274
274
274
274
274
274
274.006
274.217
280.12
411.782
738.088
807.034
817.806
827.614
841.016
857.839
878.679
905.811
941.387
990.682
1058.73
1144.64
1245.94
1354.74
1464.23
1570.45
1667.47
1752.29
1821.6
1877.92
1928.06
1980.85
2027.88
2055.94
2088.02
2127.67
2165.75
2184.54
2206.58
1929.69
1663.42
1307.31
1224.83
1194.4
1181.9
1177.03
1175.12
1174.44
1172.82
1185.75
1194.88
1206.32
1219.02
1231.03
1243.82
1257.56
1270.74
1288.29
1305.09
1320.65
1340.11
1358.5
1375.02
1396.39
1417.9
1437.05
1462.38
1486.03
1507.25
1534.29
1560.2
1586.96
1617.08
1647.51
1678.1
1710.51
1744.36
1778.7
1815.75
1853.2
1889.29
1925.17
1959.93
1997.99
2040.17
2088.68
2145.54
2181.01
2205.99
2224.36
2226.53
2128.23
2067.47
2038.92
2002.78
1980.41
1951.81
1818.1
274
274
274
274
274
274
274
274
274
274
274
274
274
274
274
274
274
274
274
274
274
274
274
274
274
274
274
274
274
274
274
274
274
274.005
274.189
279.379
400.172
728.848
804.235
816.168
826.734
840.126
855.724
874.059
897.925
929.692
973.453
1034.31
1113.06
1210.74
1323.43
1442.99
1564.72
1679.7
1776.47
1850.74
1905.93
1953.46
1999.36
2038.43
2066.98
2097.88
2130.79
2162.89
2179.63
2199.54
1929.29
1663.66
1306.21
1221.93
1191.47
1178.88
1174.66
1173.29
1172.69
1171.21
1184.84
1192.69
1204.49
1215.73
1226.63
1241.01
1255.95
1270.06
1287.34
1303.71
1319.85
1338.01
1356.68
1374.64
1394.47
1415.35
1435.47
1458.67
1481.98
1504.16
1529.33
1555.77
1581.98
1611.29
1641.16
1671.35
1703.27
1735.51
1767.88
1800.71
1832.36
1862.72
1895.77
1931.79
1972.25
2020.39
2072.44
2121.99
2135.62
2158.19
2052.27
2035.39
1983.82
1969.77
1969.52
1971.06
1976.21
1999.29
1967.09
274
274
274
274
274
274
274
274
274
274
274
274
274
274
274
274
274
274
274
274
274
274
274
274
274
274
274
274
274
274
274
274
274
274.004
274.159
278.584
386.478
718.765
803.072
815.358
825.987
839.235
854.445
872.021
894.586
924.01
963.542
1018.35
1090.39
1183
1296.24
1422.87
1556.67
1684.77
1791.86
1870.41
1923.34
1965.07
2007.27
2043.78
2071.41
2099.69
2130.69
2163.69
2189.11
2208.1
1970.77
1694.41
1310.75
1220.24
1188.94
1177.24
1173.57
1172.25
1171.44
1169.88
1184.22
1192.9
1203.38
1217.41
1229.55
1241.19
1257.99
1270.28
1283.55
1303.32
1317.23
1332.34
1351.59
1370.1
1387.17
1408.77
1427.75
1447.53
1473
1491.56
1516.5
1542.32
1567.04
1595.15
1622.82
1652.23
1682.21
1711.23
1741.6
1772.81
1802.85
1834.83
1872.99
1910.77
1951.58
1994.5
2029.44
2028.02
2010.53
1940.41
1923.54
1894.16
1917.53
1909.54
1932.8
1939.95
1970.69
1983.54
2020.74
274
274
274
274
274
274
274
274
274
274
274
274
274
274
274
274
274
274
274
274
274
274
274
274
274
274
274
274
274
274
274
274
274
274.003
274.125
277.642
367.539
702.117
800.79
813.981
824.73
837.786
852.59
869.476
890.982
918.934
955.862
1006.92
1074.66
1163.53
1276.72
1407.52
1548.05
1684.19
1798.52
1881.26
1934.49
1972.92
2011.82
2049.49
2075.61
2101.12
2125.57
2150.98
2177.77
2194.56
1985.87
1708.18
1319.55
1224.66
1192.1
1179.79
1175.26
1172.86
1172.05
1170.12
1183.68
1189.15
1199.71
1215.09
1226.99
1232.58
1251.6
1266.28
1280.94
1300.55
1310.74
1331.37
1346
1361.83
1388.31
1399.52
1418.43
1443.69
1463.63
1482.02
1506.89
1530.1
1552.85
1581.05
1606.1
1632.69
1659
1685.36
1711.41
1736.1
1766.55
1801.71
1837
1870.35
1888.92
1899.95
1868.95
1807.26
1789.23
1772.16
1786.25
1783.76
1811.93
1834.28
1875.52
1895.36
1928.03
1956.38
2001.55
274
274
274
274
274
274
274
274
274
274
274
274
274
274
274
274
274
274
274
274
274
274
274
274
274
274
274
274
274
274
274
274
274
274.003
274.095
276.833
348.803
683.22
799.968
813.928
824.212
836.333
850.07
865.963
886.525
913.497
948.994
998.097
1063.92
1151.23
1264.65
1397.71
1540.97
1680.08
1797.76
1883.87
1939.72
1978.43
2015.34
2052.47
2083.21
2109.87
2142.98
2169.32
2190.07
2203.94
2039.76
1754.19
1331.88
1222.41
1186.33
1172.11
1167.02
1165.21
1164.05
1160.27
1179.35
1190.02
1193.93
1210.52
1219.78
1224.62
1245.04
1261.73
1276.83
1290.07
1298.88
1325.89
1334.87
1352.84
1372.48
1378.77
1406.17
1429.42
1440.13
1461.88
1486.68
1506.24
1527.4
1549.49
1568.61
1591.96
1616.09
1634.35
1655.28
1682.77
1710.68
1734.23
1757.93
1774.97
1732.05
1699.95
1640.33
1648.22
1624.96
1642.08
1638.05
1672.08
1702.69
1752.2
1789.69
1831.01
1868.26
1894.72
1940.26
274
274
274
274
274
274
274
274
274
274
274
274
274
274
274
274
274
274
274
274
274
274
274
274
274
274
274
274
274
274
274
274
274
274.002
274.067
276.057
328.072
653.944
796.41
812.869
823.839
836.301
850.268
866.345
886.866
913.564
947.924
995.233
1058.91
1143.33
1254.44
1386.97
1530.39
1670.09
1789.33
1878.61
1939.1
1981.6
2018.37
2049.77
2075.6
2101.12
2141.58
2181.21
2204.64
2214.42
2066.44
1764.47
1338.62
1221.05
1183.55
1167.67
1162.95
1161.61
1158.7
1160.11
1176.28
1181.75
1192.51
1211.91
1216.55
1221.3
1244.08
1258.69
1264.61
1277.03
1293.03
1319.53
1324.23
1342.4
1361.45
1366.79
1402.82
1416.1
1422.46
1450.21
1470.02
1480.57
1501.29
1520.06
1534.22
1549.46
1562.93
1579.84
1600.71
1619.4
1635.6
1640.95
1638.38
1600.79
1560.25
1523.85
1512.27
1501.89
1501.96
1511.05
1543.29
1574.07
1623.91
1659.28
1714.07
1749.4
1801.95
1826.38
1851.41
274
274
274
274
274
274
274
274
274
274
274
274
274
274
274
274
274
274
274
274
274
274
274
274
274
274
274
274
274
274
274
274
274
274.001
274.047
275.487
312.735
620.837
794.972
813.195
823.275
834.405
847.164
862.325
882.247
908.681
942.706
989.298
1052.51
1136.5
1246.98
1378.63
1519.73
1655.83
1772.74
1864.32
1931.47
1981.4
2021.43
2050.4
2075.63
2093.63
2125.53
2164.94
2192.3
2203.32
2097.55
1801.73
1364.38
1226.15
1187.2
1171.05
1164.94
1162.29
1159.32
1155.48
1174.17
1181.01
1191.44
1207.74
1208.86
1212.18
1241.75
1255.29
1253.85
1267.98
1289.53
1310.92
1311.41
1328.45
1345.15
1349.24
1379.17
1385.31
1389.64
1419.76
1427.44
1431.67
1453.3
1460.4
1467.62
1481.37
1497.5
1512.9
1531.48
1539.31
1537.87
1520.59
1506.53
1447.93
1437.2
1406.91
1416.5
1401.38
1421.22
1439.53
1490.21
1526.34
1576.27
1616.69
1667.3
1713.9
1758.53
1809.4
1831.17
274
274
274
274
274
274
274
274
274
274
274
274
274
274
274
274
274
274
274
274
274
274
274
274
274
274
274
274
274
274
274
274
274
274.001
274.03
275
300.112
574.024
788.516
811.963
823.225
834.933
848.074
863.402
883.067
908.972
941.923
986.974
1049.04
1131.54
1239.53
1368.29
1505.51
1637.4
1751.94
1845.41
1919.09
1977.64
2019.67
2056.5
2080.08
2092.42
2125.45
2162.98
2199.75
2214.07
2146.06
1842.44
1402.33
1236.11
1192.2
1172.5
1163.49
1159.74
1157.95
1153.52
1159.15
1172.18
1181.39
1191.93
1187.49
1198.7
1231.3
1237.9
1230.14
1241.79
1267.85
1283.27
1282.53
1295.47
1317.15
1328.02
1351.85
1356.43
1357.53
1385.05
1394.73
1391.26
1404.59
1409.24
1413.54
1435.76
1446.66
1467.64
1469.2
1468.61
1454.37
1430.08
1373.53
1361.06
1337.94
1339.31
1328.92
1331.69
1339.23
1371.41
1403.09
1455.14
1506.11
1569.44
1623.72
1681.79
1734.91
1789.82
1836.04
274
274
274
274
274
274
274
274
274
274
274
274
274
274
274
274
274
274
274
274
274
274
274
274
274
274
274
274
274
274
274
274
274
274.001
274.019
274.67
291.78
526.15
783.273
811.809
822.076
832.187
843.853
858.031
876.953
902.614
935.458
979.937
1041.26
1122.58
1228.14
1353.51
1486.85
1614.76
1728.04
1823.76
1904.31
1972.41
2019.91
2057.58
2080.59
2095.53
2127.73
2172.87
2220.76
2245.25
2206.91
1920.06
1446.29
1231.6
1177.68
1155.94
1146.45
1143.02
1139.7
1133.44
1136.09
1152.47
1165.29
1171.53
1168.27
1183.34
1213.41
1218.41
1215.94
1232.83
1260.95
1277.28
1275.78
1290.2
1308.61
1314.36
1322.51
1319.39
1316.24
1343.12
1342.94
1334.67
1348.31
1353.77
1368.82
1389
1398.75
1407.25
1404.03
1399.59
1338.54
1293.84
1279.23
1258.36
1262.84
1248.26
1259.38
1256.18
1286.43
1306.3
1353.83
1387.3
1447.08
1496.86
1573.08
1643.34
1726.46
1789.09
1856.46
274
274
274
274
274
274
274
274
274
274
274
274
274
274
274
274
274
274
274
274
274
274
274
274
274
274
274
274
274
274
274
274
274
274
274.011
274.405
285.097
470.191
766.62
809.429
821.939
833.144
845.15
858.901
876.804
901.261
932.206
973.483
1031.47
1109.31
1209.8
1329.16
1456.13
1580.17
1695.64
1798.56
1889.9
1968.13
2025.57
2061.42
2085.79
2102.68
2121.47
2166.06
2209.81
2235.88
2214.48
1919.19
1491.09
1232.54
1172.65
1148.91
1137.41
1132.45
1131.01
1128.33
1127.48
1144.01
1161.43
1168.31
1164.05
1180.79
1213.21
1219.87
1210.89
1217.38
1237.17
1254.2
1243.65
1246.39
1251.37
1260.42
1262.85
1253.96
1258.32
1290.22
1291.9
1280.32
1301.92
1326.03
1348.07
1356.03
1358.36
1355.59
1353.54
1279.43
1243.09
1228.99
1202.32
1215.52
1195.32
1216.99
1199.55
1234.06
1248.35
1287.94
1317.52
1356.37
1401.08
1447.58
1510.62
1580.05
1676.16
1788.36
1904.87
274
274
274
274
274
274
274
274
274
274
274
274
274
274
274
274
274
274
274
274
274
274
274
274
274
274
274
274
274
274
274
274
274
274
274.007
274.245
280.989
426.001
746.171
808.042
820.102
830.516
842.022
855.771
873.752
897.7
927.577
967.314
1023.53
1098.16
1192.16
1303.46
1423.52
1545.68
1666.27
1778.5
1880.07
1962.91
2026.46
2062.24
2078.76
2100.42
2118.88
2161.48
2206.38
2241.44
2251.96
1912.84
1550.38
1226.21
1160.8
1136.08
1125.07
1122.41
1120.61
1117.2
1107.95
1128.06
1145.21
1147.77
1140.78
1148.3
1182.46
1187.13
1171.22
1175.12
1196.09
1213.02
1202.6
1204.74
1215.65
1228.92
1230.65
1216.01
1227.44
1273.39
1274.37
1264.09
1290.44
1317.61
1316.5
1311.32
1299.94
1298.17
1232.93
1179.84
1185.59
1133.69
1164.2
1135.45
1157.89
1149.49
1171.11
1182.46
1205.47
1226.03
1236.05
1260.45
1282.5
1324.89
1395.92
1503.47
1657.34
1804.41
2030.78
274
274
274
274
274
274
274
274
274
274
274
274
274
274
274
274
274
274
274
274
274
274
274
274
274
274
274
274
274
274
274
274
274
274
274.004
274.136
278.026
377.596
713.162
804.198
818.488
830.022
841.914
854.885
871.168
892.746
920.048
956.689
1009.33
1079.67
1169.4
1277.07
1394.98
1518.48
1646.27
1768.12
1877.59
1964.62
2025.35
2054.18
2069.24
2090.17
2113.56
2142.63
2180.69
2224.01
2261.5
1988.47
1685.59
1262.69
1172.46
1136.48
1117.17
1109.26
1105.73
1102.3
1102.68
1114.18
1120.35
1125.95
1120.79
1123.93
1157.78
1165.99
1148.8
1150.62
1171.21
1184.14
1166.89
1163.53
1178.24
1201.59
1200.29
1187.56
1204.92
1254.05
1258.84
1246.98
1267.48
1273.04
1262.9
1256.72
1259.71
1227.95
1142.03
1158.35
1098.02
1094.87
1105.44
1091.95
1118.36
1119.57
1136.11
1140.34
1149.01
1149.79
1160.76
1202.65
1244.68
1339.75
1457.99
1604.02
1722.92
1858.59
2014.59
274
274
274
274
274
274
274
274
274
274
274
274
274
274
274
274
274
274
274
274
274
274
274
274
274
274
274
274
274
274
274
274
274
274
274.002
274.082
276.528
342.774
679.22
802.86
816.28
825.99
837.988
851.784
868.144
889.061
915.797
950.943
998.787
1063.39
1147.12
1250.63
1368.76
1496.58
1633.33
1765.1
1882.96
1971.37
2020.76
2044.6
2062.19
2083.63
2114.63
2149.11
2187.18
2220.5
2247.61
2063.2
1733.07
1267.03
1163.1
1124.14
1107.93
1101.35
1097.96
1094.27
1090.26
1095.66
1106.62
1113.69
1104.96
1105.76
1130.88
1139.24
1119.86
1118.46
1138.59
1158.2
1142.22
1137.81
1158.58
1177.49
1175.55
1168.24
1187.32
1230.75
1239.72
1228.64
1233.04
1233.49
1222.81
1221.15
1220.39
1163.47
1125.83
1104.18
1053.66
1073.55
1069.05
1078.15
1091.27
1087.8
1089.3
1087.76
1090.15
1102.39
1134.72
1182.93
1236.48
1334.77
1444.04
1558.22
1613.52
1721.16
1972.44
274
274
274
274
274
274
274
274
274
274
274
274
274
274
274
274
274
274
274
274
274
274
274
274
274
274
274
274
274
274
274
274
274
274
274.001
274.038
275.258
307.675
610.786
800.474
816.548
823.232
831.917
843.576
860.268
880.494
906.631
938.996
980.303
1035.63
1108.01
1200.57
1314
1444.71
1591.15
1742.98
1881.42
1968.55
2003.44
2017.93
2037.7
2061.87
2106.58
2150.04
2190.13
2227.34
2248.87
2177.57
1841.87
1321.47
1170.79
1114.71
1090.31
1076.67
1076.81
1074.48
1071.77
1066.72
1073.12
1084.25
1073.03
1068.27
1088.99
1100.27
1082.34
1080.89
1103.83
1120.69
1108.67
1103.17
1126.24
1146.14
1135.49
1118.38
1133.79
1180.46
1182.86
1153.59
1158.21
1165.73
1166.49
1155.23
1127.31
1058.25
1042.02
1005.28
1004.8
996.276
987.838
984.609
977.988
975.021
974.858
984.94
1003.05
1029.36
1063.61
1101.83
1140.64
1194.27
1236.29
1322.58
1485.92
1670.82
1753.35
274
274
274
274
274
274
274
274
274
274
274
274
274
274
274
274
274
274
274
274
274
274
274
274
274
274
274
274
274
274
274
274
274
274
274
274.013
274.49
287.686
501.382
785.37
815.009
821.253
828.836
839.373
854.58
871.223
893.755
922.976
960.471
1009.34
1072.54
1152.94
1254.74
1380.44
1529.96
1698.07
1862.27
1956.46
1986.88
1999.61
2017.38
2043.44
2078.07
2121.08
2165.63
2202.2
2230.1
2214.84
1926.89
1405.2
1180.71
1118.91
1093.42
1080.4
1074.09
1056.12
1037.15
1034.79
1047.12
1056.33
1042.59
1034.97
1055.33
1075.85
1069.6
1053.48
1068.21
1081.8
1077.79
1063.69
1084.32
1117.55
1103.83
1087.44
1098.78
1130.59
1134.35
1118.26
1126.01
1132.14
1110.03
1079.37
1001.23
972.578
946
935.352
930.197
927.632
931.101
939.53
952.5
968.903
979.988
1001.74
1023.5
1049.72
1077.86
1112.74
1164.95
1273.51
1447.45
1567.35
1584.01
1427.81
1377.09
274
274
274
274
274
274
274
274
274
274
274
274
274
274
274
274
274
274
274
274
274
274
274
274
274
274
274
274
274
274
274
274
274
274
274
274.004
274.164
279.007
400.637
738.473
811.251
818.658
826.435
836.93
850.821
864.808
882.767
907.104
939.583
982.726
1039.94
1113.5
1207.24
1326.24
1472.03
1638.78
1812.62
1935.72
1976.7
1991.2
2007.27
2038.35
2077.35
2124.81
2163.23
2183.92
2215.93
2243.72
1920.02
1562.69
1145.84
1060.11
1020.83
1002.03
996.479
998.878
997.894
988.017
1003.7
1020.38
1012.84
999.043
1017.14
1040.17
1036.63
1016.91
1031.57
1051.42
1040.46
1035.75
1041.13
1083.74
1093.58
1065.09
1068.32
1091.77
1101.66
1098.32
1092.21
1067.54
969.109
957.306
910.945
900.077
889.007
894.311
903.203
920.785
930.452
944.158
951.267
963.292
975.985
993.279
1006.94
1027.47
1088.98
1194.49
1402.01
1518.96
1542.23
1503.3
1495.76
1433.55
956.738
274
274
274
274
274
274
274
274
274
274
274
274
274
274
274
274
274
274
274
274
274
274
274
274
274
274
274
274
274
274
274
274
274
274
274
274.001
274.049
275.641
320.279
648.987
803.903
816.371
824.146
834.777
847.327
860.677
875.75
895.077
921.388
958.699
1011.24
1081.6
1172.8
1289.21
1429.48
1585.15
1746.69
1890.8
1962.52
1986.21
1999.29
2023.71
2071.3
2120.62
2163.71
2187.1
2209.85
2230.33
2123.17
1732.78
1239.96
1100.74
1044.61
1026.22
1017.23
1002.35
985.472
986.227
1001.07
1008.64
1007.47
996.008
1005.42
1018.18
1022.15
1008.42
1003.71
1028.06
1024.59
1011.26
1024.06
1053.26
1072.97
1048.64
1042.36
1072.37
1076.21
1064.53
1006.69
917.861
906.14
886.565
878.278
880.42
893.787
899.726
912.224
917.887
927.496
936.199
938.991
947.873
957.446
993.701
1057.52
1192.12
1369.07
1465.81
1491.11
1492.95
1517.08
1512.79
1449.63
1126.1
989.441
274
274
274
274
274
274
274
274
274
274
274
274
274
274
274
274
274
274
274
274
274
274
274
274
274
274
274
274
274
274
274
274
274
274
274
274
274.013
274.506
288.429
510.574
785.943
813.286
821.296
832.125
845.127
858.958
872.768
887.469
906.859
935.549
978.97
1041.2
1125.35
1234.94
1368.79
1519.77
1683.11
1832.21
1936.2
1978.75
1994.4
2009.76
2045.9
2106.77
2149.71
2161.64
2182.97
2226.89
2229.9
1910.71
1378.35
1112.82
1031.51
1008.72
994.062
994.867
995.62
989.927
1000.51
1008.6
998.606
977.651
968.378
983.001
977.227
963.982
974.103
1007.44
1024.48
1005.15
1006.34
1042.48
1055.81
1039.63
1043.72
1056.25
1006.85
977.525
899.394
888.351
874.191
868.04
879.612
886.072
891.278
897.721
907.592
906.017
909.882
906.321
928.4
965.921
1046.94
1188.65
1340.49
1410.77
1429.97
1471.68
1501.64
1504.42
1476.1
1443.67
1308.58
1159.39
1011.13
274
274
274
274
274
274
274
274
274
274
274
274
274
274
274
274
274
274
274
274
274
274
274
274
274
274
274
274
274
274
274
274
274
274
274
274
274.003
274.13
278.118
385.073
726.989
809.194
817.074
825.725
838.268
852.876
868.001
882.945
898.738
920.958
955.093
1004.7
1074.11
1168.73
1290.57
1436.01
1601
1767.59
1904.13
1969.26
1991.89
2006.26
2030.07
2076.41
2099.25
2101.65
2125.79
2194.49
2216.47
1959.09
1628.01
1160.7
1067.5
1006.86
987.618
972.869
958.241
942.133
938.886
934.309
921.421
926.225
933.222
956.126
971.405
967.541
986.22
1014.02
1022.89
1018.56
1014.1
1024.84
1036.84
1030.84
1024.32
967.466
914.372
872.072
861.287
853.823
855.557
870.882
875.29
883.267
880.652
884.207
881.002
883.611
905.98
947.889
1036.46
1176.61
1310.34
1370.91
1395.79
1443.51
1485.01
1494.88
1491.31
1475.66
1477.01
1406.39
1311.72
1164.4
954.125
274
274
274
274
274
274
274
274
274
274
274
274
274
274
274
274
274
274
274
274
274
274
274
274
274
274
274
274
274
274
274
274
274
274
274
274
274.001
274.029
275.048
303.757
603.462
802.493
815.414
820.935
832.071
847.575
863.656
878.987
893.569
909.974
937.405
978.409
1035.5
1114.18
1219.2
1351.58
1511.39
1696.26
1873.62
1962.5
1988.28
1997.52
2018.55
2039.63
2061.65
2072.87
2101.13
2153.14
2168.44
2112.67
1735.63
1200.3
1001.2
948.194
931.376
927.474
927.869
934.082
948.688
951.542
946.693
951.488
962.547
981.145
987.424
975.318
974.902
1002.41
1014.92
1005.6
989.817
985.323
1000.43
993.616
956.453
901.691
871.978
866.526
873.598
876.639
879.02
881.866
880.437
874.039
870.268
874.391
896.277
941.353
1035.24
1166.8
1275.31
1332.04
1381.9
1411.86
1458.23
1474.6
1479.62
1479.87
1468.87
1483.24
1471.19
1380.1
1248.52
1047.62
876.295
274
274
274
274
274
274
274
274
274
274
274
274
274
274
274
274
274
274
274
274
274
274
274
274
274
274
274
274
274
274
274
274
274
274
274
274
274
274.006
274.246
281.535
442.457
768.273
815.889
818.501
824.444
836.925
854.916
873.962
888.453
905.511
928.288
960.977
1007.61
1072.64
1163.69
1286.08
1440.73
1631.02
1836.51
1953.07
1984.5
1992.89
2010.83
2030.66
2053.87
2063.52
2085.01
2139.65
2195.33
2223.54
2001.69
1552.77
1108.36
1019.28
987.176
981.473
972.835
966.298
951.404
951.136
966.26
960.189
955.389
971.701
973.043
959.93
955.446
941.178
965.756
968.987
959.041
969.217
978.376
960.289
905.686
884.69
876.332
874.832
872.765
877.65
856.639
848.821
839.838
850.348
882.841
939.299
1028.24
1171.68
1253.71
1297.76
1362.06
1396.04
1430.69
1458.66
1472.1
1477.18
1477.02
1475.44
1486.72
1494.38
1434.8
1329.35
1161.75
967.792
795.157
274
274
274
274
274
274
274
274
274
274
274
274
274
274
274
274
274
274
274
274
274
274
274
274
274
274
274
274
274
274
274
274
274
274
274
274
274
274.001
274.048
275.709
324.963
664.697
814.917
819.901
822.065
830.05
844.36
862.807
881.24
899.897
921.014
947.873
985.557
1040.08
1117.85
1227.91
1375.94
1566.81
1789.84
1932.05
1968.27
1979.2
1995.52
2013.31
2033.63
2039.59
2063.14
2127.31
2194.37
2222.91
2180.79
1828.17
1246.09
1075.35
989.77
974.767
974.172
964.818
972.313
979.472
957.179
947.315
942.468
936.252
936.281
938.691
931.897
953.6
978.826
987.667
990.865
978.371
960.123
912.935
880.527
872.175
858.283
833.864
824.003
820.186
825.077
863.657
909.302
1000.68
1128.59
1215.05
1286.4
1310.64
1326.12
1394.69
1422.73
1443.07
1463.65
1482.56
1488.25
1491.03
1494.52
1511.53
1500.24
1450
1343.75
1193.55
1019.14
851.385
706.686
274
274
274
274
274
274
274
274
274
274
274
274
274
274
274
274
274
274
274
274
274
274
274
274
274
274
274
274
274
274
274
274
274
274
274
274
274
274
274.009
274.378
285.424
488.932
794.952
823.832
822.267
825.74
836.285
851.828
870.389
891.473
915.462
942.53
975.912
1020.9
1085.61
1182.18
1321.12
1510.01
1746.58
1907.85
1944.95
1954.09
1969.39
1990.39
1993.48
2001.75
2018.59
2076.78
2151.86
2175.75
2182.51
1820.01
1408.06
1042.94
949.529
937.901
928.05
908.593
915.444
914.563
909.343
923.608
941.636
959.403
984.618
993.092
998.711
1012.14
1005.28
1002.64
976.148
932.251
879.797
854.263
829.822
817.547
805.81
823.742
860.332
933.005
1030.63
1123.85
1207.45
1270.45
1293.08
1330.18
1351.73
1380.08
1445.61
1471.12
1481.83
1495.08
1515.96
1526.64
1527.54
1529.41
1525.91
1496.78
1435.24
1328.68
1199.61
1029.47
877.563
751.379
640.562
274
274
274
274
274
274
274
274
274
274
274
274
274
274
274
274
274
274
274
274
274
274
274
274
274
274
274
274
274
274
274
274
274
274
274
274
274
274
274.002
274.067
276.345
346.277
701.035
823.72
824.389
824.765
831.466
843.16
858.801
877.612
900.668
927.636
958.255
998.812
1055.05
1136.24
1256.96
1430.99
1667.88
1872.35
1924.44
1932.99
1945.55
1965.68
1970.04
1977.23
1982.78
2015.03
2088.78
2142.3
2163.69
2038.39
1612.49
1127.9
1013.58
974.553
973.86
954.058
975.345
965.432
983.117
1010.61
983.689
999.493
1001.47
999.745
997.172
985.882
971.759
960.133
910.488
890.845
890.9
875.964
868.68
921.156
963.731
1058.7
1113.98
1175.46
1200.25
1227.13
1280.67
1329.45
1375.85
1456.54
1495.4
1558
1581.71
1585.5
1587.4
1582.3
1566.98
1560.69
1555.53
1520.9
1467.07
1386.71
1270.95
1148.35
1019.92
896.149
772.486
667.762
581.227
274
274
274
274
274
274
274
274
274
274
274
274
274
274
274
274
274
274
274
274
274
274
274
274
274
274
274
274
274
274
274
274
274
274
274
274
274
274
274
274.011
274.448
287.676
513.933
805.308
827.641
826.029
829.114
838.169
850.712
865.261
884.484
908.765
938.617
976.214
1026.86
1098.5
1201.11
1358
1586.38
1832.64
1917.56
1930.88
1936.86
1947.52
1954.68
1967.07
1973.99
1993.76
2061.26
2128.17
2153.88
2170.6
1902.32
1471.01
1223.49
1130.45
1113.71
1102.53
1084.52
1101.23
1082.67
1079.63
1071.71
1077.08
1082.21
1075.87
1072.36
1055.4
1068.69
1073.8
1025.78
1011.81
989.476
992.508
1034.29
1074.73
1118.64
1158.61
1215.78
1281.37
1326.37
1374.83
1392.36
1473.04
1543.99
1572.39
1607.41
1631.54
1636.69
1622.72
1611.14
1590.45
1574.95
1541.33
1488.34
1411.69
1327.51
1227.26
1118.39
1018.62
917.656
802.865
702.33
605.616
527.733
274
274
274
274
274
274
274
274
274
274
274
274
274
274
274
274
274
274
274
274
274
274
274
274
274
274
274
274
274
274
274
274
274
274
274
274
274
274
274
274.002
274.066
276.346
347.263
703.341
824.862
826.909
828.28
833.979
844.645
857.718
871.978
891.922
918.481
953.899
1000.21
1063.35
1153.62
1291.99
1492.36
1751.98
1906.08
1933.66
1934.12
1935.66
1942.4
1959.46
1970.64
1989
2047.96
2115.05
2143.72
2154.27
1844.63
1552.08
1300.94
1202.82
1201.03
1204.24
1185.73
1202.43
1204.71
1206.07
1205.86
1180.05
1171.38
1117.83
1105.13
1126.35
1133.09
1101.09
1085.54
1061.85
1088.87
1127.48
1188.64
1257.62
1322.59
1395.01
1455.56
1506.03
1539.37
1568.85
1629.53
1655.7
1670.38
1663.18
1659.97
1664.53
1655.07
1628.65
1610.57
1574.37
1519.33
1443.91
1369.13
1278.66
1201.48
1123.72
1047.64
944.097
832.545
730.419
636.618
556.416
488.462
274
274
274
274
274
274
274
274
274
274
274
274
274
274
274
274
274
274
274
274
274
274
274
274
274
274
274
274
274
274
274
274
274
274
274
274
274
274
274
274
274.008
274.363
285.261
490.183
796.377
826.782
828.082
831.55
838.96
851.029
864.205
879.82
901.73
932.216
973.898
1028.11
1107.18
1225.02
1394.14
1627.45
1856.66
1927.26
1936.84
1939.26
1946.2
1958.91
1958.36
1960.24
1991.48
2028.23
2046.16
2039.82
1733.61
1512.75
1335.76
1263.6
1248.76
1250.69
1254.37
1267.87
1289.1
1300.56
1341.56
1359.23
1421.9
1483.66
1500.13
1457.48
1383.33
1414.3
1444.01
1458.41
1507.8
1545.02
1569.67
1601.36
1616.23
1630.54
1639
1644.79
1650.72
1677.93
1692.35
1696.95
1693.06
1675.23
1655.84
1645.64
1625.55
1582.21
1522.33
1447.26
1374.39
1296.07
1236.59
1178.76
1126.43
1067.24
978.914
871.579
756.031
651.597
567.694
501.555
448.301
274
274
274
274
274
274
274
274
274
274
274
274
274
274
274
274
274
274
274
274
274
274
274
274
274
274
274
274
274
274
274
274
274
274
274
274
274
274
274
274
274.001
274.042
275.568
322.498
663.545
818.648
826.893
829.523
834.115
843.718
856.902
870.905
888.174
912.403
947.082
996.014
1064
1165.59
1313.03
1518.52
1769.69
1905.15
1933.25
1939.83
1942.55
1949.36
1952.67
1939.58
1936.17
1922.38
1919.13
1920.3
1698.25
1589.96
1409.11
1387.42
1373.26
1385.67
1423.12
1435.26
1481.79
1559.43
1634.02
1678.64
1735.06
1861.19
1858.12
1821.88
1811.09
1799.5
1794.94
1798.64
1824.35
1843.81
1853.18
1854.06
1846.28
1830.81
1802.09
1772.37
1745.72
1728.41
1713.96
1700.21
1680.87
1654.55
1617.85
1570.09
1503.23
1422.49
1346.91
1287.92
1250.96
1208.29
1168.45
1115.55
1067.95
989.819
876.926
758.778
655.805
572.776
509.924
459.052
416.045
274
274
274
274
274
274
274
274
274
274
274
274
274
274
274
274
274
274
274
274
274
274
274
274
274
274
274
274
274
274
274
274
274
274
274
274
274
274
274
274
274
274.005
274.197
280.399
430.331
767.023
822.891
826.97
830.314
836.982
848.605
862.421
878.086
896.653
923.175
962.554
1020.85
1105.28
1233.75
1414.51
1655.02
1856.7
1912.33
1927.87
1935.56
1937.02
1921.27
1873.71
1863.61
1863.09
1890.31
1888.74
1788.14
1783.08
1566.42
1536.93
1536.07
1561.07
1612.26
1646.53
1697.67
1778.46
1849.79
1907.14
1956.98
1996.08
2003.78
1976.1
1970.72
1955.02
1947.73
1942.64
1943.8
1943.76
1931.04
1913.09
1889.89
1860.89
1824.26
1793.33
1754.88
1714.65
1680.08
1641.74
1595.45
1530.2
1456.2
1384.52
1320.22
1268.03
1229.75
1203.34
1186.24
1152.68
1115.78
1064.66
990.479
891.067
781.223
678.602
590.348
519.768
467.006
424.273
389.732
274
274
274
274
274
274
274
274
274
274
274
274
274
274
274
274
274
274
274
274
274
274
274
274
274
274
274
274
274
274
274
274
274
274
274
274
274
274
274
274
274
274.001
274.019
274.759
297.093
580.253
807.09
823.573
826.795
831.116
839.971
852.884
868.33
884.428
904.218
933.191
978.266
1048.44
1154.08
1310.03
1523.02
1772.48
1873.77
1889.94
1898.78
1904.47
1889.07
1839.81
1813.21
1815.32
1859.39
1927.5
1949.52
1895.46
1826.3
1788.74
1777.42
1788.75
1822.68
1844.09
1879.78
1927.8
1952.66
1965.16
1984.8
1992.56
1993.98
1979.33
1973.25
1967.7
1954.91
1944.8
1935.66
1925.86
1903.62
1876.75
1845.88
1808.07
1765.12
1717.99
1664.51
1602.88
1537.56
1469.31
1407.68
1354.13
1306.5
1261.84
1230.26
1205.46
1185
1169.98
1144.9
1104.93
1053.91
979.014
890.09
785.331
683.524
597.381
526.408
471.699
429.65
395.429
367.862
274
274
274
274
274
274
274
274
274
274
274
274
274
274
274
274
274
274
274
274
274
274
274
274
274
274
274
274
274
274
274
274
274
274
274
274
274
274
274
274
274
274
274.002
274.072
276.551
353.316
707.072
817.148
823.867
827.08
832.627
843.137
857.492
873.231
889.256
910.225
941.818
993.297
1075.27
1199.33
1379.09
1619.14
1821.1
1872.39
1880.54
1885.42
1905.69
1923.3
1923.37
1919.11
1930.36
1960.97
2013.44
2041.35
1980.11
1934.65
1924.38
1922.66
1965.4
1974.12
1977.01
1983.95
1987.03
1986.15
1982.38
1978.97
1964.78
1940.82
1925.12
1905.04
1879.94
1854.34
1822.63
1788.23
1748.16
1711.48
1676.69
1633.59
1590.05
1536.01
1478.4
1425.36
1379.32
1338.67
1301.57
1269.34
1238.7
1211.87
1191.66
1174.02
1154.78
1125.5
1093.31
1032.45
960.13
872.338
778.914
684.563
601.759
535.346
481.493
439.339
408.281
382.827
361.204
274
274
274
274
274
274
274
274
274
274
274
274
274
274
274
274
274
274
274
274
274
274
274
274
274
274
274
274
274
274
274
274
274
274
274
274
274
274
274
274
274
274
274
274.005
274.242
281.879
452.659
779.358
820.935
823.936
827.142
834.569
846.653
861.609
876.667
892.685
914.478
948.581
1005.1
1096.25
1232.45
1429.11
1682.47
1848.45
1886.61
1898.06
1898.76
1918.6
1926.32
1926.83
1934.55
1970.4
2044.59
2058.91
2049.57
1992.62
1973.88
1964.24
1970.68
1977.57
1987.62
1981.43
1974.08
1961.35
1937.16
1906.91
1866.85
1826.62
1798.4
1773.67
1746.63
1719.27
1685.14
1649.92
1616.08
1581.7
1544.12
1502.81
1464.99
1429.04
1395.96
1361.67
1330.3
1300.05
1271.92
1247
1221.33
1194.01
1171.72
1145.72
1112.14
1069.95
1007.81
928.356
847.032
762.278
682.205
607.471
545.872
496.736
455.069
421.246
394.336
373.262
356.143
274
274
274
274
274
274
274
274
274
274
274
274
274
274
274
274
274
274
274
274
274
274
274
274
274
274
274
274
274
274
274
274
274
274
274
274
274
274
274
274
274
274
274
274
274.016
274.668
295.118
573.182
806.285
820.986
822.658
827.005
836.139
849.529
863.902
878.192
893.713
916.112
952.05
1010.79
1104.36
1247.85
1455.66
1723.84
1868.6
1893.81
1898.12
1897.51
1904.54
1909.91
1925.97
1962.34
2027.61
2047.93
2041.07
1998.98
1973.46
1954.33
1951.42
1942.04
1930.31
1901.66
1864.45
1836.79
1802.59
1771.78
1742.91
1718.19
1696.29
1672.63
1645.82
1621.55
1588.56
1556.91
1526.79
1496.76
1468.58
1438.6
1408.62
1380.7
1353.77
1325.8
1298.06
1270.66
1244.22
1219.2
1191.87
1166.45
1140.98
1101.77
1049.2
984.794
911.074
832.341
758.196
683.174
614.996
553.15
502.273
462.743
430.679
403.679
381.987
365.47
352.396
274
274
274
274
274
274
274
274
274
274
274
274
274
274
274
274
274
274
274
274
274
274
274
274
274
274
274
274
274
274
274
274
274
274
274
274
274
274
274
274
274
274
274
274
274.001
274.043
275.588
325.16
671.226
812.156
818.615
820.753
826.315
836.842
849.311
863.419
877.265
893.205
915.407
951.118
1010.65
1105.39
1250.01
1459.95
1733.9
1868.33
1886.65
1884.95
1872.34
1860.8
1871.32
1901.36
1946.31
1981.76
1986.23
1962.89
1927.97
1898.75
1853.47
1823.7
1787.1
1749.54
1734.08
1719.56
1701.43
1682.86
1655.85
1625.22
1599.85
1577.83
1551.25
1528.55
1501.2
1469.43
1441.15
1414.33
1386.96
1358.58
1331.71
1306.37
1281.61
1255.94
1229.32
1203.56
1178.48
1154.49
1129.13
1099.61
1058.5
1004.51
941.536
870.426
796.664
725.751
663.608
602.677
549.817
503.625
466.245
436.484
411.412
390.413
373.842
360.632
350.582
274
274
274
274
274
274
274
274
274
274
274
274
274
274
274
274
274
274
274
274
274
274
274
274
274
274
274
274
274
274
274
274
274
274
274
274
274
274
274
274
274
274
274
274
274
274.002
274.097
277.344
375.128
729.728
812.057
814.54
816.238
823.23
834.557
847.446
861.372
875.457
890.364
912.112
946.809
1003.2
1092.16
1227.45
1422.96
1677.69
1829.71
1859.99
1857.62
1834.24
1824.07
1820.62
1824.24
1836.23
1841.05
1822.11
1785.74
1762.19
1734.51
1713.52
1687.63
1664.3
1651.02
1636.32
1610.56
1584.4
1554.68
1521.35
1489.25
1462.44
1434.43
1410.21
1382.23
1353.78
1330.17
1308.35
1285.25
1261.71
1239.09
1216.86
1194.41
1170.95
1146.79
1122.99
1097.1
1067.6
1032.93
990.846
939.447
881.472
819.647
755.559
694.17
637.922
589.066
542.237
502.718
468.387
440.038
417.152
397.625
381.433
368.565
357.691
349.576
274
274
274
274
274
274
274
274
274
274
274
274
274
274
274
274
274
274
274
274
274
274
274
274
274
274
274
274
274
274
274
274
274
274
274
274
274
274
274
274
274
274
274
274
274
274
274.005
274.185
280.11
426.812
760.489
809.844
811.131
813.739
820.447
830.713
843.164
857.111
869.994
885.076
905.235
937.222
988.374
1065.35
1181.75
1340.22
1539.23
1718.8
1797.4
1809.56
1808.65
1797.8
1785.82
1777.96
1767.55
1749.84
1735.7
1712.32
1679.86
1655.97
1634.74
1611.34
1586.12
1556.03
1520.69
1484.44
1447.42
1411.4
1378.75
1351.08
1327.03
1306.49
1287.99
1270.57
1257.17
1244.11
1230.42
1215.76
1199.62
1180.64
1158.81
1133.25
1104.93
1072.86
1035.85
993.284
944.58
890.687
833.58
776.577
720.994
667.238
618.127
574.095
536.461
500.484
470.311
444.252
422.106
404.02
388.953
376.23
365.753
356.961
349.498
274
274
274
274
274
274
274
274
274
274
274
274
274
274
274
274
274
274
274
274
274
274
274
274
274
274
274
274
274
274
274
274
274
274
274
274
274
274
274
274
274
274
274
274
274
274
274
274.008
274.3
283.517
468.561
776.545
808.851
808.872
810.765
814.508
823.385
836.554
851.367
865.259
879.825
898.026
925.517
965.822
1026.79
1111.72
1223.9
1358.74
1512.56
1655.04
1719.14
1739.79
1738.65
1731.79
1722.74
1703.43
1678.01
1646.09
1619.19
1585.51
1548.21
1512.16
1476.72
1442.03
1410.16
1386.67
1370.06
1354.28
1343.3
1340.89
1352.77
1359.31
1354.77
1343.82
1331.09
1315.33
1297.73
1278.89
1258.37
1236.62
1211.31
1184.28
1153.86
1117.97
1074.69
1021.93
957.978
883.578
809.968
747.739
690.809
637.086
590.156
549.233
515.552
484.374
457.77
434.649
415.019
399.104
385.764
374.532
364.995
357.217
350.929
274
274
274
274
274
274
274
274
274
274
274
274
274
274
274
274
274
274
274
274
274
274
274
274
274
274
274
274
274
274
274
274
274
274
274
274
274
274
274
274
274
274
274
274
274
274
274
274
274.013
274.419
286.656
497.387
783.143
807.135
805.42
806.04
810.01
818.286
830.84
845.893
860.396
873.86
890.878
912.404
940.101
982.82
1040.97
1115.01
1208.77
1313.3
1413.91
1500.62
1559.42
1583.15
1584.8
1574.3
1549.71
1529.13
1488.98
1449.44
1430.17
1417.07
1405.34
1403.73
1416.84
1437.49
1432.64
1411.57
1381.36
1341.97
1293.38
1245.77
1202.41
1165.31
1133.57
1106.12
1082.36
1061.57
1042.79
1026.34
1011.48
998.563
986.825
975.537
964.183
951.653
936.707
917.473
888.298
847.365
797.876
740.934
678.631
612.253
558.208
516.782
482.26
453.511
429.825
411.099
395.799
382.798
371.667
362.858
356.276
274
274
274
274
274
274
274
274
274
274
274
274
274
274
274
274
274
274
274
274
274
274
274
274
274
274
274
274
274
274
274
274
274
274
274
274
274
274
274
274
274
274
274
274
274
274
274
274
274.001
274.017
274.504
288.418
508.316
781.422
802.597
800.332
800.693
805.1
813.625
827.465
841.821
855.774
870.177
884.18
898.663
918.822
946.472
980.941
1025.41
1074.64
1123.93
1170.63
1210.96
1242.38
1268.88
1299.43
1324.68
1352.82
1374.11
1394.3
1409.83
1426.17
1422.25
1388.48
1334.78
1267.83
1205.76
1152.68
1108.46
1070.45
1037.46
1007.09
979.771
955.961
934.911
916.727
900.566
886.209
872.984
860.889
849.842
840.041
830.637
821.68
812.931
803.885
794.475
784.469
773.607
762.34
750.812
736.74
720.929
702.521
676.226
640.327
599.808
554.605
506.395
464.503
436.555
413.909
395.551
382.002
371.87
274
274
274
274
274
274
274
274
274
274
274
274
274
274
274
274
274
274
274
274
274
274
274
274
274
274
274
274
274
274
274
274
274
274
274
274
274
274
274
274
274
274
274
274
274
274
274
274
274
274.001
274.019
274.521
287.886
493.275
766.48
793.863
794.593
796.567
802.086
813.214
828.645
843.96
862.183
882.492
903.439
925.354
951.579
984.082
1025.05
1070.71
1120.86
1174.33
1225.26
1265.42
1294.89
1319.18
1341.04
1369.3
1355.57
1318.28
1275.39
1212.94
1154.05
1103.44
1060.06
1021.6
987.334
957.623
931.377
907.808
887.188
868.134
850.714
834.811
820.115
806.506
793.784
781.783
770.798
760.557
750.526
740.617
731.218
722.317
714.046
706.434
699.272
692.275
685.052
677.388
669.554
659.928
649.337
637.936
627.008
616.464
606.046
596.406
586.036
569.306
541.953
511.139
476.49
441.28
415.605
274
274
274
274
274
274
274
274
274
274
274
274
274
274
274
274
274
274
274
274
274
274
274
274
274
274
274
274
274
274
274
274
274
274
274
274
274
274
274
274
274
274
274
274
274
274
274
274
274
274
274.001
274.019
274.454
284.827
445.869
722.786
779.096
790.648
798.004
814.315
836.881
862.501
890.416
917.885
947.527
979.955
1018.73
1063.62
1109.82
1159.47
1209.36
1260.49
1294.44
1291.96
1281.24
1264.79
1231.97
1179.63
1128.18
1082.46
1040.95
1004.15
972.433
945.069
921.844
901.704
883.183
865.931
849.666
834.219
819.544
805.38
791.781
778.693
765.959
753.559
741.443
729.535
718.482
707.899
697.372
686.918
676.76
667
657.822
648.993
640.361
631.666
623.013
613.981
605.801
598.001
590.853
584.407
578.314
572.399
566.122
559.234
552.136
545.388
540.178
535.549
530.68
522.065
505.202
274.001
274.001
274.001
274.001
274.001
274.001
274.001
274.001
274.001
274.001
274.001
274.001
274.001
274.001
274.001
274.001
274.001
274.001
274.001
274.001
274.001
274.001
274.001
274.001
274.001
274.001
274.001
274.001
274.001
274.001
274.001
274.001
274.001
274.001
274.001
274.001
274.001
274.001
274.001
274.001
274.001
274.001
274.001
274.001
274.001
274.001
274.001
274.001
274.001
274.001
274.001
274.001
274.017
274.334
280.669
377.17
634.661
759.746
805.734
845.151
899.365
964.704
1025.64
1076.53
1119.15
1159.89
1226.64
1248.89
1243.45
1233.23
1219.09
1197.62
1171.47
1141.6
1108.32
1071.8
1038.13
1009.18
982.795
959.67
938.615
919.366
901.22
883.939
867.962
852.595
837.882
823.738
809.997
796.944
784.249
771.789
759.349
747.004
734.52
721.86
709.154
696.556
684.595
673.3
662.223
651.497
641.267
631.64
622.612
613.999
605.753
597.607
589.787
582
574.711
567.587
560.683
553.966
547.696
541.956
536.472
531.191
526.071
521.346
516.888
513.888
510.704
506.921
503.069
274.002
274.002
274.002
274.002
274.002
274.002
274.002
274.002
274.002
274.002
274.002
274.002
274.002
274.002
274.002
274.002
274.002
274.002
274.002
274.002
274.002
274.002
274.002
274.002
274.002
274.002
274.002
274.002
274.002
274.002
274.002
274.002
274.002
274.002
274.002
274.002
274.002
274.002
274.002
274.002
274.002
274.002
274.002
274.002
274.002
274.002
274.002
274.002
274.002
274.002
274.002
274.002
274.003
274.015
274.216
277.417
319.027
535.129
774.175
919.772
1076.64
1174.83
1195.42
1196.79
1195.84
1192.44
1178.15
1152.51
1122.41
1094.52
1069.14
1045.72
1024.22
1004.37
985.924
968.622
952.287
936.538
920.468
904.71
889.294
874.155
858.877
843.994
829.426
815.336
801.39
787.411
773.775
760.583
748.121
736.152
724.475
712.901
701.35
689.437
677.773
666.664
656.041
645.708
635.423
625.27
615.449
605.946
596.819
588.027
579.625
571.779
564.508
557.39
550.652
544.282
538.299
532.845
527.651
522.721
518.038
513.637
509.681
506.041
502.517
499.17
496.145
493.789
493.266
)
;

boundaryField
{
    wall
    {
        type            zeroGradient;
    }
    inlet
    {
        type            fixedValue;
        value           uniform 3673;
    }
    outlet-1
    {
        type            inletOutlet;
        inletValue      uniform 274;
        value           nonuniform List<scalar> 
60
(
283.239
285.582
285.349
285.882
286.2
286.641
287.182
287.797
288.491
289.404
290.798
292.716
295.122
297.892
300.945
304.18
306.938
308.233
300.641
282.793
274
274
274
274
274
274
274
274
274
274
274
274
274
274
274
274
274
274
274
274
282.637
300.283
308.117
306.869
304.13
300.902
297.853
295.086
292.682
290.765
289.37
288.457
287.763
287.149
286.609
286.169
285.852
285.322
285.555
283.217
)
;
    }
    outlet-2
    {
        type            inletOutlet;
        inletValue      uniform 274;
        value           nonuniform List<scalar> 
89
(
274.002
274.001
274
274
274
274
274
274
274
274
274
274
274
274
274
274
274
274
274
274
274
274
274
274
274
274
274
274
274
274
274
274
274
274
274
274
274
274
274
274
274
274
274
274
274
274
274
274
274
274
274
274
274
274
274
274
274
274
274
274
274
274
274
274
274
274
274
274
274
274
274
274
274
274
274
274
274
274
274
274
274
274
274
274
274
274
274
274.001
274.002
)
;
    }
    frontAndBackPlanes
    {
        type            empty;
    }
}


// ************************************************************************* //
