/*--------------------------------*- C++ -*----------------------------------*\
| =========                 |                                                 |
| \\      /  F ield         | OpenFOAM: The Open Source CFD Toolbox           |
|  \\    /   O peration     | Version:  2112                                  |
|   \\  /    A nd           | Website:  www.openfoam.com                      |
|    \\/     M anipulation  |                                                 |
\*---------------------------------------------------------------------------*/
FoamFile
{
    version     2.0;
    format      ascii;
    arch        "LSB;label=32;scalar=64";
    class       volScalarField;
    location    "0.00183";
    object      T;
}
// * * * * * * * * * * * * * * * * * * * * * * * * * * * * * * * * * * * * * //

dimensions      [0 0 0 1 0 0 0];

internalField   nonuniform List<scalar> 
13875
(
1411.75
1534.95
1482.69
1486.75
1481.08
1483.43
1483.49
1483.12
1483.84
1483.23
1484.41
1483.67
1483.71
1483.73
1482.94
1483.27
1483.71
1482.51
1483.29
1483.55
1480.88
1487.54
1480.73
1533.28
1397.71
1306.97
1356.04
1319.13
1322.04
1316.64
1317.07
1317.03
1317.88
1322.58
1322.47
1323.05
1317.98
1317.49
1317.56
1317.49
1321.79
1322.11
1317.68
1316.97
1317.14
1316.2
1321.98
1319.66
1356.24
1302.19
1307.07
1339.64
1314.67
1311.11
1303.95
1304.27
1303.7
1303.79
1305.11
1303.44
1305.73
1303.82
1303.7
1303.39
1303.34
1302.71
1304.82
1303.28
1303.34
1304.17
1303.52
1310.84
1311.59
1336.04
1297.13
1317.2
1345.01
1315.13
1308.74
1305.12
1304.75
1303.9
1303.91
1303.77
1302.2
1303.71
1303.87
1303.72
1303.46
1303.35
1302.01
1302.87
1303.45
1303.51
1304.55
1304.32
1307.62
1314.03
1343.77
1312.43
1329.38
1341.76
1316.15
1311.75
1303.5
1304.11
1304
1303.94
1303.47
1302.32
1303.99
1304.06
1303.88
1303.67
1303.57
1302.32
1303.02
1303.33
1303.63
1304.09
1303.17
1311.47
1312.21
1338.66
1316.67
1332.2
1351.51
1319.41
1310.01
1307.07
1306.22
1304.93
1304.55
1303.98
1302.63
1303.98
1304.32
1304.27
1304.05
1303.86
1302.45
1303.12
1304.12
1304.49
1306
1306.17
1308.34
1319.07
1349.15
1326.43
1339.18
1360.52
1329.67
1317.08
1307.12
1306.42
1305.5
1304.96
1304.3
1303.35
1304.71
1305.07
1305.03
1304.86
1304.54
1303.22
1303.74
1304.5
1305.08
1306.29
1306.65
1317.2
1326.05
1358.43
1321.58
1361.64
1386.17
1345.78
1322
1316.77
1312.38
1309.18
1307.39
1306.23
1305.04
1305.78
1306.43
1306.61
1306.41
1305.95
1304.57
1305.4
1306.9
1308.35
1311.53
1314.99
1320.72
1341.72
1381.3
1350.43
1534.88
1509.01
1389.48
1352.48
1324.08
1316.91
1313.05
1310.35
1309.41
1308.15
1308.7
1309.52
1309.88
1309.68
1309.04
1307.76
1308.63
1309.87
1311.9
1315.82
1322.03
1348.33
1384.47
1508.13
1523.29
1859.86
1588.88
1438.28
1368.22
1346.02
1329.4
1322.17
1318.29
1316.55
1314.93
1315.26
1316.05
1316.68
1316.43
1315.66
1314.64
1315.55
1317.51
1320.56
1327.44
1340.26
1363.78
1428.05
1568.56
1831.74
2521.32
1803.87
1540.17
1448.31
1367.35
1348.32
1338.7
1334.3
1331.62
1329.79
1330.05
1330.48
1331.38
1331.07
1330.37
1329.75
1330.52
1333.54
1337.02
1345.54
1361.2
1429
1515.88
1809.92
2448.02
2891.45
2304.69
2085.94
1530.67
1446.59
1410.26
1383.24
1375.41
1368.64
1366.07
1366
1365.37
1366.76
1366.02
1365.75
1365.89
1367.27
1373.25
1380.04
1405.86
1430.19
1490.32
1762.54
2309.79
2849.63
2851.19
2760.18
2629.98
2387.17
1645.09
1547.1
1520.87
1500.24
1487.55
1484.01
1484.07
1480.29
1484.71
1480.56
1481.1
1482.33
1485.13
1495.25
1513.45
1542.92
1655.07
2368.02
2429.36
2716.02
2788.6
2767.13
2739.02
2859.04
2852.68
2218.18
2240.72
2037.37
1944.19
1896.56
1851.59
1875.86
1829.48
1866.36
1838.07
1846.54
1851.39
1869.6
1923.95
2036.83
2193.66
2153.56
2861.71
2871.07
2735.47
2710.98
2655.46
2737.16
2862.66
2848.99
2876.98
3173.24
3439.42
3409.63
3681.7
3522.18
3668.38
3558.8
3654.25
3595.58
3640.91
3597.11
3623.2
3493.42
3454.35
3182.62
2902.58
2866.55
2859.07
2698.75
2674.24
2537.77
2657.05
2872.25
2980.85
2994.84
3323
3597.36
3682.14
3688.97
3673.93
3620.96
3646.9
3600.79
3638.64
3632.3
3661.53
3681.36
3719.55
3647.02
3440.13
3049.05
2982.24
2889.66
2683.08
2587.24
2478.91
2604.88
2738.6
2939.27
3029.24
3345.53
3571.66
3665.57
3665.3
3653.43
3611.18
3625.87
3594.61
3620.48
3613.55
3640.89
3665.25
3707.66
3638.62
3446.71
3102.6
3001.62
2796.4
2608.86
2505.49
2292.1
2571.65
2833.98
2945.62
2947.82
3195.18
3367.25
3458.75
3503.07
3501.28
3503.1
3496.41
3496.59
3498.05
3498.35
3506.77
3499.02
3482.58
3406.81
3242.8
3022.84
3018.06
2853.51
2581.48
2323.72
2209.4
2303
2611.6
2763.94
2738.31
2872.58
3119.04
3292.33
3381.57
3399.34
3405.34
3404.77
3407.29
3408.97
3403.54
3402.97
3403.04
3371.89
3198.35
2935.3
2784.09
2827.23
2662.99
2342.84
2256.62
2300.64
2242.06
2364.03
2530.79
2554.25
2629.47
2845.9
3083.91
3243.62
3302.02
3310.69
3314.9
3318.46
3319.09
3314.38
3316.47
3286.33
3155
2890.46
2671.01
2593.27
2575.9
2358.11
2260.38
2356.82
2902.93
2262.33
2185.54
2332.35
2398.45
2474.37
2668.63
2905.9
3090.87
3184.95
3215.57
3219.57
3222.24
3222.37
3218.76
3201.61
3129.95
2950.56
2693.87
2503.34
2426.66
2351.17
2169.99
2221.64
2799.93
2851.73
2043.16
1987.46
2178.2
2270.49
2366.31
2534.88
2760.47
2958.46
3069.82
3102.56
3114.37
3115.85
3116.54
3104.98
3081.89
2984.31
2785.21
2548.87
2393.9
2289.45
2180.3
1992.28
2035.48
2842.12
2870.57
2051.2
1890.39
2061.63
2170.57
2278.07
2421.82
2627.31
2823.26
2950.87
2997.53
3004.54
3007.72
3005.55
2997.76
2961.08
2847.23
2647.47
2437.43
2305.32
2191.75
2071.15
1874.83
2047.88
2956.39
2818.71
2036.97
1878.26
2006.47
2094.6
2195.04
2330.88
2530.19
2719.02
2840.91
2884.36
2899.82
2899.21
2898.86
2882.49
2848.73
2738.69
2543.52
2338.26
2216.83
2113.43
2013.56
1873.16
2014.85
2789.13
2747.03
2032.48
1907.23
1972.62
2030.51
2114.18
2243.87
2436.59
2614.36
2736.93
2785.31
2791.11
2794.64
2791.62
2782.65
2741.7
2625.61
2439.18
2245.81
2130.13
2058.94
1991.17
1894.44
2035.8
2768.24
2719.43
2055.04
1924.26
1956.14
1982.16
2047.81
2175.71
2360.42
2528.84
2637.99
2677.47
2693.52
2693.69
2692.63
2674.48
2641.86
2540.96
2365.23
2175.15
2063.26
2003.41
1975
1911.94
2028.53
2701.45
2694.32
2085.55
1949.35
1951.47
1939.17
1990.58
2113.29
2287.83
2442.17
2547.33
2592.23
2594.43
2597.79
2593.22
2586.12
2547.68
2451.27
2288.3
2111.72
2001.04
1965.87
1975.36
1940.3
2064.01
2683.87
2696.24
2150.94
1995.23
1946.17
1911.7
1950.19
2070.76
2232.99
2375.13
2460.57
2492.94
2506.07
2507.14
2505.68
2487.56
2460.81
2380.78
2231.19
2061.49
1958.36
1928.14
1961.25
1969.61
2121.85
2683.41
2726.78
2168.29
1994.27
1935.53
1894.52
1917.53
2022.83
2170.78
2297.61
2379.43
2419.95
2419.03
2422.62
2416.16
2413.83
2380.03
2308.98
2176.16
2022.89
1925.98
1919.51
1959.05
2002.33
2122.85
2676.64
2768.18
2178.51
2012.83
1941.6
1880.38
1898.56
1999.99
2132.19
2243.51
2307.28
2331.45
2341.59
2342.3
2339.79
2324.19
2305.56
2250.23
2134.71
1991.41
1903.74
1893.6
1951.65
2002.13
2150.15
2724.13
2738.24
2178.34
1999.89
1935.43
1861.95
1886.83
1972.87
2086.95
2180.5
2234.09
2270.87
2263.76
2269.6
2262.51
2263.39
2234.83
2187.77
2090.58
1965.84
1886.37
1883.41
1953.14
2012.28
2152.11
2720.87
2733.73
2183.02
2030.83
1937.83
1853.54
1871.3
1954.1
2056.83
2135.38
2176.21
2192.12
2199
2199.72
2197.21
2184.55
2175.43
2144.68
2066.65
1947.8
1871.47
1865.14
1939.12
2016.62
2155.18
2693.82
2701.63
2182.67
2043.97
1931.34
1849.5
1861.46
1934.15
2018
2082.24
2111.53
2143.17
2129.96
2138.08
2129.81
2134.54
2111.14
2087.04
2028.94
1932.81
1858.83
1863.94
1952.02
2039.92
2154.31
2687.28
2673.42
2173.91
2093.19
1948.46
1847.51
1849.23
1923.5
1997.27
2046.46
2066.94
2075.81
2077.74
2078.2
2076.77
2067.07
2066.16
2052.99
2007.11
1915.69
1843.5
1849.68
1940.14
2068.83
2159.04
2661.04
2671.54
2184.04
2112.41
1947.66
1865.57
1842.66
1902.66
1960.76
1996.75
2009.63
2036.2
2017.21
2026.5
2017.84
2028.09
2007.9
2001.65
1979.23
1909.23
1840.53
1875.57
1958.07
2121.46
2153.36
2635.45
2649.19
2178.47
2120.3
1970.26
1869.55
1837.71
1890.32
1942.03
1968.91
1977.19
1979.12
1976.59
1976.48
1975.96
1970.82
1975.68
1971.72
1949.2
1892.62
1832.89
1869.55
1976.85
2130.62
2160.46
2611.54
2621.3
2164.95
2109.75
1987.52
1894.14
1845.7
1879.78
1909.54
1924.93
1925.47
1948.49
1923.76
1933.93
1924.95
1941.14
1924.93
1928.26
1924.95
1889.79
1836.81
1897.46
2002.31
2118.39
2147.97
2591.15
2599.72
2150.02
2115.33
2052.56
1907.21
1857.01
1871.09
1892.45
1899.36
1901.1
1899.01
1892.4
1892.15
1893.38
1891.8
1899.87
1900.98
1895.39
1883.81
1855.33
1897
2059.48
2121.16
2134.59
2564.56
2579.53
2137.81
2089.04
2041.04
1932.91
1874
1872.3
1865.45
1862.51
1853.06
1874.75
1846.85
1857.42
1848.49
1867.98
1855.8
1865.64
1878.76
1885.61
1874.61
1936.93
2050.88
2095.87
2117.23
2552.45
2550.59
2120
2067.52
2044.66
1967.92
1894.98
1884.02
1855.6
1843.41
1837.35
1832.12
1822.03
1822.05
1824.31
1824.63
1836.83
1844.03
1855.87
1893.62
1888.36
1963.07
2051.56
2071.01
2109.22
2532.26
2540.34
2112.75
2031.43
2027.15
2030.79
1918.59
1901.99
1841.9
1816.31
1793.53
1812.26
1782.2
1792.96
1784.15
1806.33
1796.7
1819.51
1854.52
1918.65
1912.39
2033.56
2036.95
2031.8
2089.61
2509.48
2514.5
2100.26
2008.86
2017.49
2030.78
1958.01
1904.1
1854.99
1808.84
1789.11
1775.72
1763.38
1762.78
1764.53
1769.28
1791.77
1807.35
1849.07
1921.57
1950.9
2027.94
2026.36
2013.3
2085.95
2489.26
2496.34
2092.32
1984.68
1978.55
2015.48
2007.27
1930.36
1857.52
1797.53
1749.92
1760.87
1728.1
1738.68
1730.35
1755.57
1751.14
1801.01
1865.59
1947.93
1991.51
2009.82
1990.07
1989.71
2079.39
2476.67
2467.34
2082.65
1971.82
1951.01
2003.68
2047.04
1951.44
1877.69
1805.91
1766.19
1733.52
1714.73
1713.28
1716.9
1727.19
1773.71
1801.57
1864.69
1976.76
2050.04
1998.23
1967.85
1978.16
2063.48
2448.11
2455.6
2083.19
1964.2
1925.38
1967.06
2024.82
2003.66
1889.27
1806.97
1732.42
1729.64
1686.91
1695.09
1689.79
1723.9
1733.45
1813.64
1892.37
2039.49
2026.59
1956.48
1939.76
1970.37
2064.48
2438.99
2426.31
2059.12
1952.42
1899.73
1936.21
2014.99
2087.48
1941.78
1821.23
1771.75
1721.68
1688.11
1680.55
1690.29
1714.94
1778.32
1817.97
1910.77
2086.11
2008.06
1932.08
1915.37
1956.89
2050.92
2412.37
2413.34
2058.82
1950.49
1895.91
1900.96
1986.03
2060.32
2024.41
1843.61
1741.02
1731.33
1673.84
1675.92
1677.08
1723.08
1737.57
1847.32
1984.58
2059.5
1977.32
1899.12
1910.04
1954.57
2044.95
2401.44
2376.51
2036.27
1935.59
1876.5
1884.18
1945.26
2051.12
2067.32
1889.81
1790.48
1725.97
1690.37
1677.23
1694
1721.25
1797.47
1897.24
2066.01
2049.72
1933.57
1885.51
1888.63
1939.21
2030.79
2359.51
2345.34
2026.54
1929.3
1876.27
1866.05
1915.06
2014.96
2054.32
1989.98
1771.98
1744.73
1675.99
1680.43
1680.11
1736.35
1768.44
1999.56
2053.11
2014
1902.94
1865.71
1887.95
1934.09
2020.18
2333.14
2206.9
1974.52
1905.67
1857.92
1856.04
1881.72
1981.13
2034.96
2027.73
1877.33
1760.12
1703.13
1688.24
1706.17
1754.1
1874.75
2029.16
2036.53
1980.54
1874.05
1855.02
1870.33
1908.9
1965.97
2192.92
273.893
273.944
273.996
274.046
274.048
274.042
274.04
274.083
274.166
274.227
274.245
274.212
274.152
274.093
274.05
274.024
274.011
274.004
274.001
274
274
274
274
274
273.998
274
273.995
274.003
273.992
274.007
274.084
274.116
274.165
274.241
274.245
274.224
274.201
274.224
274.306
274.352
274.354
274.298
274.212
274.13
274.07
274.034
274.015
274.006
274.002
274
274
274
273.999
273.999
273.998
274
273.993
274.004
273.988
274.015
274.259
274.256
274.298
274.366
274.364
274.311
274.239
274.245
274.333
274.38
274.391
274.334
274.24
274.148
274.08
274.039
274.017
274.007
274.002
274
274
274
273.999
273.999
273.998
274
273.994
274.003
273.992
274.011
274.333
274.319
274.366
274.453
274.456
274.373
274.276
274.265
274.345
274.402
274.422
274.363
274.262
274.162
274.088
274.043
274.019
274.007
274.002
274.001
274
274
273.999
273.999
273.998
274
273.996
274.003
273.996
274.007
274.38
274.393
274.467
274.604
274.629
274.508
274.373
274.336
274.383
274.439
274.455
274.388
274.28
274.173
274.094
274.046
274.02
274.008
274.003
274.001
274
274
274
273.999
273.999
274
273.997
274.002
273.998
274.005
274.491
274.574
274.718
274.97
275.053
274.929
274.735
274.604
274.55
274.534
274.502
274.411
274.292
274.18
274.098
274.048
274.021
274.008
274.003
274.001
274
274
274
273.999
273.999
274
273.998
274.002
273.999
274.003
274.77
275.057
275.374
275.909
276.239
276.211
275.895
275.46
275.077
274.795
274.618
274.452
274.305
274.185
274.1
274.049
274.021
274.008
274.003
274.001
274
274
274
274
273.999
274
273.999
274.001
273.999
274.003
275.517
276.38
277.155
278.338
279.317
279.718
279.4
278.317
276.833
275.619
274.949
274.568
274.341
274.193
274.101
274.049
274.021
274.008
274.003
274.001
274
274
274
274
274
274
273.999
274.001
274
274.002
277.617
279.554
281.067
283.445
286.769
288.968
289.074
286.372
282.42
278.582
276.09
274.939
274.453
274.222
274.108
274.05
274.021
274.008
274.003
274.001
274
274
274
274
274
274
273.999
274.001
274
274.002
282.211
286.863
290.036
293.436
296.093
299.295
302.758
305.16
301.328
288.309
280.41
276.321
274.836
274.324
274.131
274.054
274.022
274.008
274.002
274.001
274
274
274
274
274
274
274
274
274
274.002
291.814
294.84
294.838
295.229
296.698
299.717
303.694
308.406
313.082
314.44
297.368
281.783
276.308
274.683
274.217
274.072
274.025
274.008
274.002
274
274
274
274
274
274
274
274
274
274
274.002
293.594
295.077
294.699
295.161
296.262
299.053
303.423
308.442
313.571
318.634
321.687
304.54
282.201
276.031
274.518
274.137
274.037
274.01
274.002
274
274
274
274
274
274
274
274
274
274
274.002
292.929
294.034
293.661
293.918
294.075
295.984
300.946
307.244
313.519
318.846
324.086
327.201
306.812
281.418
275.591
274.362
274.081
274.017
274.003
274
274
274
274
274
274
274
274
274
274
274.002
290.991
291.566
291.313
291.324
291.337
292.178
296.643
303.39
311.429
318.723
324.367
329.688
332.16
303.2
279.791
275.129
274.232
274.045
274.008
274.001
274
274
274
274
274
274
274
274
274
274.002
287.755
288.07
288.288
288.194
288.336
288.584
291.898
298.8
307.182
316.358
324.386
330.147
335.439
335.818
295.753
277.95
274.724
274.137
274.023
274.003
274
274
274
274
274
274
274
274
274
274.002
285.08
284.759
285.271
285.291
285.314
285.506
287.537
293.924
302.779
312.269
322.398
330.465
336.308
340.78
333.125
287.452
276.397
274.421
274.074
274.011
274.001
274
274
274
274
274
274
274
274
274.002
280.931
281.056
282.176
282.714
282.557
282.894
283.797
289.051
298.661
308.21
318.967
329.334
336.995
342.888
345.737
321.702
282.013
275.328
274.223
274.036
274.004
274
274
274
274
274
274
274
274
274.001
279.079
279.722
280.846
280.764
281.236
281.606
281.674
285.34
294.606
304.761
315.445
326.87
336.714
343.749
349.686
348.23
301.895
278.241
274.67
274.108
274.015
274.001
274
274
274
274
274
274.001
274.001
274.003
280.292
280.645
280.416
280.855
282.422
282.624
282.637
284.389
292.63
303.248
313.354
323.976
335.292
344.253
351.228
353.013
341.015
286.831
276.021
274.309
274.048
274.006
274
274
274
274.001
274
274
274.001
274.002
279.324
280.565
282.136
284.848
287.831
288.328
287.877
287.017
292.912
302.96
312.8
322.711
333.54
344.321
352.382
357.53
356.571
316.505
279.993
274.881
274.131
274.019
274.002
274
274
274
274.001
274
274
274.001
280.837
282.735
289.628
296.427
303.372
304.104
299.994
295.754
297.175
305.161
313.932
323.065
333.08
343.911
353.459
361.099
361.763
352.944
290.502
276.468
274.35
274.05
274.006
274
274
274
274.001
274.001
274.001
274.003
277.049
286.105
305.522
333.842
350.722
344.112
329.245
318.579
313.78
315.96
321.152
326.825
334.913
344.485
354.459
363.396
365.565
365.529
324.339
280.704
274.923
274.128
274.018
274.002
274
274
274
274.001
274.001
274.002
288.028
298.614
357.145
436.665
460.008
428.472
386.781
363.669
346.512
336.446
335.195
334.864
338.931
346.499
356.265
366.049
370.097
370.657
360.48
291.004
276.394
274.316
274.043
274.005
274
274
274
274
274
274.001
263.959
341.716
547.089
665.623
658.087
563.803
490.313
435.89
391.353
367.733
358.869
351.836
350.338
352.975
360.336
369.233
376.007
375.839
375.804
323.905
279.941
274.757
274.099
274.013
274.001
274
274
274
274
274.001
286.615
451.49
826.458
964.871
887.099
750.261
622.756
518.118
449.284
413.548
392.619
375.075
367.321
365.598
367.85
374.549
382.043
382.421
382.316
360.853
287.582
275.789
274.225
274.029
274.003
274
274
274
274
274.002
274.007
273.992
274.003
273.995
274
273.998
274
274
274
274
274
274.001
274.004
274.011
274.024
274.05
274.093
274.152
274.212
274.244
274.227
274.166
274.083
274.04
274.042
274.048
274.046
273.996
273.945
273.893
274.015
273.988
274.004
273.993
274
273.998
273.999
273.999
274
274
274
274.002
274.006
274.015
274.034
274.07
274.13
274.212
274.298
274.353
274.352
274.306
274.224
274.201
274.224
274.245
274.241
274.165
274.117
274.084
274.011
273.992
274.003
273.994
274
273.998
273.999
273.999
274
274
274
274.002
274.007
274.017
274.039
274.08
274.148
274.24
274.334
274.391
274.379
274.333
274.245
274.238
274.311
274.364
274.366
274.298
274.256
274.259
274.007
273.996
274.003
273.996
274
273.998
273.999
273.999
274
274
274.001
274.002
274.007
274.019
274.043
274.088
274.162
274.262
274.363
274.422
274.402
274.344
274.265
274.276
274.373
274.456
274.453
274.366
274.319
274.333
274.005
273.998
274.002
273.997
274
273.999
273.999
274
274
274
274.001
274.003
274.008
274.02
274.046
274.094
274.173
274.28
274.388
274.455
274.439
274.383
274.335
274.373
274.507
274.629
274.604
274.467
274.392
274.38
274.003
273.999
274.002
273.998
274
273.999
273.999
274
274
274
274.001
274.003
274.008
274.021
274.048
274.098
274.18
274.292
274.411
274.501
274.534
274.549
274.603
274.734
274.928
275.052
274.969
274.717
274.574
274.491
274.003
273.999
274.001
273.999
274
273.999
274
274
274
274
274.001
274.003
274.008
274.021
274.049
274.1
274.185
274.305
274.452
274.617
274.793
275.074
275.456
275.89
276.206
276.236
275.907
275.373
275.056
274.77
274.002
274
274.001
273.999
274
274
274
274
274
274
274.001
274.003
274.008
274.021
274.049
274.101
274.193
274.341
274.567
274.946
275.613
276.821
278.3
279.383
279.704
279.307
278.332
277.151
276.377
275.515
274.002
274
274.001
273.999
274
274
274
274
274
274
274.001
274.003
274.008
274.021
274.05
274.108
274.222
274.452
274.935
276.079
278.555
282.374
286.307
289.006
288.916
286.734
283.426
281.053
279.544
277.61
274.002
274
274
274
274
274
274
274
274
274
274.001
274.002
274.008
274.022
274.054
274.131
274.323
274.832
276.305
280.362
288.193
301.169
305.062
302.695
299.245
296.052
293.394
289.996
286.83
282.19
274.002
274
274
274
274
274
274
274
274
274
274
274.002
274.008
274.025
274.072
274.216
274.679
276.289
281.713
297.121
314.285
312.998
308.34
303.64
299.67
296.659
295.188
294.801
294.804
291.776
274.002
274
274
274
274
274
274
274
274
274
274
274.002
274.01
274.037
274.136
274.514
276.012
282.117
304.207
321.558
318.547
313.498
308.379
303.372
299.007
296.22
295.118
294.662
295.045
293.571
274.002
274
274
274
274
274
274
274
274
274
274
274.003
274.017
274.081
274.359
275.576
281.34
306.446
327.074
323.986
318.755
313.441
307.181
300.898
295.938
294.03
293.873
293.622
294.002
292.905
274.002
274
274
274
274
274
274
274
274
274
274.001
274.008
274.045
274.23
275.119
279.729
302.829
332.014
329.583
324.27
318.639
311.369
303.339
296.605
292.13
291.286
291.276
291.267
291.53
290.965
274.002
274
274
274
274
274
274
274
274
274
274.003
274.023
274.136
274.717
277.907
295.46
335.608
335.317
330.041
324.295
316.292
307.136
298.753
291.865
288.531
288.278
288.135
288.231
288.024
287.717
274.002
274
274
274
274
274
274
274
274
274.001
274.011
274.073
274.417
276.372
287.298
332.753
340.629
336.192
330.362
322.32
312.209
302.733
293.873
287.498
285.443
285.249
285.217
285.194
284.702
285.037
274.001
274
274
274
274
274
274
274
274
274.004
274.035
274.221
275.315
281.927
321.237
345.563
342.75
336.875
329.237
318.893
308.151
298.614
288.99
283.741
282.812
282.475
282.613
282.063
280.948
280.862
274.003
274.001
274.001
274
274
274
274
274
274.001
274.015
274.107
274.664
278.195
301.536
348.023
349.525
343.612
336.6
326.775
315.36
304.659
294.516
285.232
281.555
281.479
281.107
280.631
280.699
279.581
278.983
274.002
274.001
274
274
274.001
274
274
274
274.006
274.047
274.307
276.001
286.685
340.549
352.817
351.062
344.11
335.174
323.848
313.207
303.075
292.47
284.213
282.433
282.409
282.242
280.721
280.293
280.511
280.164
274.001
274
274
274.001
274
274
274
274.002
274.018
274.129
274.873
279.929
316.065
356.341
357.307
352.208
344.169
333.391
322.539
312.619
302.738
292.702
286.781
287.685
288.119
287.672
284.773
282.097
280.447
279.21
274.003
274.001
274.001
274.001
274
274
274
274.006
274.05
274.347
276.442
290.293
352.481
361.534
360.891
353.28
343.755
332.888
322.83
313.655
304.836
296.892
295.391
299.709
303.609
303.082
296.326
289.552
282.636
280.734
274.002
274.001
274.001
274
274
274
274.002
274.018
274.127
274.914
280.626
323.776
365.267
365.33
363.171
354.255
344.236
334.614
326.433
320.585
315.274
313.219
317.948
328.566
342.981
350.25
333.738
305.449
286.091
277.057
274.001
274
274
274
274
274
274.005
274.042
274.313
276.368
290.785
359.952
370.395
369.826
365.809
355.99
346.197
338.543
334.307
334.528
335.532
345.534
362.542
385.307
425.632
458.189
435.574
357.118
298.617
287.998
274.001
274
274
274
274
274.001
274.013
274.099
274.749
279.869
323.266
375.481
375.549
375.715
368.973
360.048
352.598
349.825
351.156
358.063
366.686
389.898
433.892
487.291
559.813
655.923
662.367
547.862
342.229
264.09
274.002
274
274
274
274
274.003
274.028
274.223
275.769
287.413
360.207
382.017
382.104
381.728
374.248
367.48
365.134
366.795
374.305
391.543
412.301
447.155
515.68
618.237
745.66
885.041
955.124
830.504
456.136
287.251
274.002
274.002
274.002
274.002
274.002
274.002
274.002
274.002
274.002
274.002
274.002
274.002
274.002
274.002
274.002
274.002
274.002
274.002
274.002
274.002
274.002
274.002
274.002
274.002
274.002
274.002
274.002
274.002
274.002
274.002
274.002
274.002
274.002
274.002
274.002
274.002
274.002
274.002
274.002
274.002
274.002
274.002
274.002
274.002
274.002
274.002
274.002
274.002
274.002
274.002
274.002
274.002
274.002
274.002
274.002
274.002
274.002
274.002
274.002
274.002
274.002
274.002
274.002
274.002
274.002
274.002
274.002
274.002
274.002
274.002
274.002
274.002
274.002
274.002
274.002
274.002
274.002
274.002
274.002
274.002
274.002
274.002
274.002
274.002
274.002
274.002
274.002
274.002
274.002
274.002
274.002
274.002
274.002
274.002
274.002
274.002
274.002
274.002
274.002
274.002
274.002
274.002
274.002
274.002
274.002
274.002
274.002
274.002
274.002
274.002
274.002
274.002
274.002
274.002
274.002
274.002
274.002
274.002
274.002
274.002
274.002
274.002
274.002
274.002
274.002
274
274
274
274
274
274
274
274
274
274
274
274
274
274
274
274
274
274
274
274
274
274
274
274
274
274
274
274
274
274
274
274
274
274
274
274
274
274
274
274
274
274
274
274
274
274
274
274
274
274
274
274
274
274
274
274
274
274
274
274
274
274
274
274
274
274
274
274
274
274
274
274
274
274
274
274
274
274
274
274
274
274
274
274
274
274
274
274
274
274
274
274
274
274
274
274
274
274
274
274
274
274
274
274
274
274
274
274
274
274
274
274
274
274
274
274
274
274
274
274
274
274
274
274
274
274
274
274
274
274
274
274
274
274
274
274
274
274
274
274
274
274
274
274
274
274
274
274
274
274
274
274
274
274
274
274
274
274
274
274
274
274
274
274
274
274
274
274
274
274
274
274
274
274
274
274
274
274
274
274
274
274
274
274
274
274
274
274
274
274
274
274
274
274
274
274
274
274
274
274
274
274
274
274
274
274
274
274
274
274
274
274
274
274
274
274
274
274
274
274
274
274
274
274
274
274
274
274
274
274
274.001
274.001
274.001
274.002
274.002
274.002
274.001
274.001
274.001
274.001
274.001
274
274
274
274
274
274
274
274
274
274
274
274
274
274
274
274
274
274
274
274
274
274
274
274
274
274
274
274
274
274
274
274
274
274
274
274
274
274
274
274
274
274
274
274
274
274
274
274
274
274
274
274
274
274
274
274
274
274
274
274
274
274
274
274
274
274
274
274
274
274
274
274
274
274
274
274
274
274
274
274
274
274
274
274
274
274
274
274
274
274
274
274
274
274
274
274
274
274
274
274
274
274
274
274
274
274
274
274
274
274.001
274.001
274.003
274.006
274.009
274.013
274.018
274.021
274.023
274.024
274.022
274.02
274.017
274.013
274.01
274.007
274.005
274.003
274.002
274.001
274.001
274.001
274
274
274
274
274
274
274
274
274
274
274
274
274
274
274
274
274
274
274
274
274
274
274
274
274
274
274
274
274
274
274
274
274
274
274
274
274
274
274
274
274
274
274
274
274
274
274
274
274
274
274
274
274
274
274
274
274
274
274
274
274
274
274
274
274
274
274
274
274
274
274
274
274
274
274
274
274
274
274
274
274
274
274
274
274
274
274
274
274
274
274
274
274
274
274
274
274
274
274
274
274.001
274.002
274.006
274.014
274.029
274.054
274.091
274.139
274.193
274.244
274.284
274.301
274.298
274.276
274.238
274.195
274.151
274.112
274.08
274.055
274.037
274.025
274.016
274.01
274.006
274.003
274.001
274.001
274
274
274
274
274
274
274
274
274
274
274
274
274
274
274
274
274
274
274
274
274
274
274
274
274
274
274
274
274
274
274
274
274
274
274
274
274
274
274
274
274
274
274
274
274
274
274
274
274
274
274
274
274
274
274
274
274
274
274
274
274
274
274
274
274
274
274
274
274
274
274
274
274
274
274
274
274
274
274
274
274
274
274
274
274
274
274
274
274
274
274
274
274
274
274
274.001
274.005
274.016
274.044
274.108
274.245
274.507
274.948
275.582
276.362
277.179
277.895
278.376
278.499
278.299
277.811
277.152
276.478
275.832
275.289
274.861
274.563
274.362
274.231
274.144
274.087
274.051
274.029
274.015
274.007
274
274
274
274
274
274
274
274
274
274
274
274
274
274
274
274
274
274
274
274
274
274
274
274
274
274
274
274
274
274
274
274
274
274
274
274
274
274
274
274
274
274
274
274
274
274
274
274
274
274
274
274
274
274
274
274
274
274
274
274
274
274
274
274
274
274
274
274
274
274
274
274
274
274
274
274
274
274
274
274
274
274
274
274
274
274
274
274
274
274
274
274
274
274.001
274.008
274.03
274.101
274.322
274.909
276.269
279.159
284.646
293.231
304.045
316.585
328.114
338.538
346.078
346.691
340.605
328.671
315.319
305.405
296.728
289.681
284.295
280.425
277.854
276.314
275.354
274.768
274.433
274.239
274.124
274.062
274
274
274
274
274
274
274
274
274
274
274
274
274
274
274
274
274
274
274
274
274
274
274
274
274
274
274
274
274
274
274
274
274
274
274
274
274
274
274
274
274
274
274
274
274
274
274
274
274
274
274
274
274
274
274
274
274
274
274
274
274
274
274
274
274
274
274
274
274
274
274
274
274
274
274
274
274
274
274
274
274
274
274
274
274
274
274
274
274
274
274
274.001
274.008
274.039
274.172
274.688
276.433
281.839
296.155
330.558
388.316
461.809
518.463
553.742
571.397
576.417
572.412
562.848
550.288
535.954
519.899
501.245
479.585
453.994
424.786
390.619
353.719
317.158
296.629
287.087
281.325
277.917
276.067
275.011
274.48
274
274
274
274
274
274
274
274
274
274
274
274
274
274
274
274
274
274
274
274
274
274
274
274
274
274
274
274
274
274
274
274
274
274
274
274
274
274
274
274
274
274
274
274
274
274
274
274
274
274
274
274
274
274
274
274
274
274
274
274
274
274
274
274
274
274
274
274
274
274
274
274
274
274
274
274
274
274
274
274
274
274
274
274
274
274
274
274
274
274.001
274.006
274.036
274.199
274.992
278.624
293.223
347.001
449.622
566.482
642.726
680.434
686.104
678.244
665.416
650.257
634.414
618.037
601.087
583.815
566.838
550.3
533.844
518.066
502.724
488.406
474.453
460.087
443.208
417.804
385.224
347.852
311.062
291.119
282.579
278
274
274
274
274
274
274
274
274
274
274
274
274
274
274
274
274
274
274
274
274
274
274
274
274
274
274
274
274
274
274
274
274
274
274
274
274
274
274
274
274
274
274
274
274
274
274
274
274
274
274
274
274
274
274
274
274
274
274
274
274
274
274
274
274
274
274
274
274
274
274
274
274
274
274
274
274
274
274
274
274
274
274
274
274
274
274
274
274
274.002
274.023
274.154
274.962
279.805
306.079
409.293
572.938
693.514
747.77
754.878
746.671
733.99
718.957
702.555
686.041
669.911
653.765
637.193
619.917
601.927
583.689
565.485
547.384
530.002
512.894
496.834
481.658
467.925
454.75
442.184
430.59
419.118
405.014
381.939
347.287
309.459
274
274
274
274
274
274
274
274
274
274
274
274
274
274
274
274
274
274
274
274
274
274
274
274
274
274
274
274
274
274
274
274
274
274
274
274
274
274
274
274
274
274
274
274
274
274
274
274
274
274
274
274
274
274
274
274
274
274
274
274
274
274
274
274
274
274
274
274
274
274
274
274
274
274
274
274
274
274
274
274
274
274
274
274
274
274
274.001
274.009
274.08
274.625
278.73
308.078
441.894
645.344
767.85
798.022
795.356
786.258
774.898
761.797
748.303
735.704
722.331
707.882
692.415
675.879
658.672
640.742
621.957
603.087
583.962
564.832
546.38
527.773
509.619
491.912
475.649
459.996
446.387
433.888
422.747
412.556
403.324
395.002
384.719
274
274
274
274
274
274
274
274
274
274
274
274
274
274
274
274
274
274
274
274
274
274
274
274
274
274
274
274
274
274
274
274
274
274
274
274
274
274
274
274
274
274
274
274
274
274
274
274
274
274
274
274
274
274
274
274
274
274
274
274
274
274
274
274
274
274
274
274
274
274
274
274
274
274
274
274
274
274
274
274
274
274
274
274
274
274.002
274.027
274.268
276.481
296.538
428.164
662.901
806.963
831.729
827.23
819.631
808.675
797.427
787.977
778.15
766.633
753.233
738.383
722.984
706.917
690.272
673.555
655.731
636.582
616.027
596.338
576.417
557.645
538.672
520.253
502.574
486.446
470.269
455.791
441.093
427.772
415.952
405.43
396.31
388.502
274
274
274
274
274
274
274
274
274
274
274
274
274
274
274
274
274
274
274
274
274
274
274
274
274
274
274
274
274
274
274
274
274
274
274
274
274
274
274
274
274
274
274
274
274
274
274
274
274
274
274
274
274
274
274
274
274
274
274
274
274
274
274
274
274
274
274
274
274
274
274
274
274
274
274
274
274
274
274
274
274
274
274
274
274.005
274.069
274.819
283.668
375.08
624.574
816.59
857.156
856.528
849.902
841.977
833.098
824.53
815.252
803.872
789.594
777.094
766.406
757.157
749.013
739.009
726.375
710.376
691.393
670.4
648.03
625.409
602.58
579.97
556.786
534.4
513.764
495.413
476.996
461.42
445.605
431.967
419.269
408.146
398.58
389.745
274
274
274
274
274
274
274
274
274
274
274
274
274
274
274
274
274
274
274
274
274
274
274
274
274
274
274
274
274
274
274
274
274
274
274
274
274
274
274
274
274
274
274
274
274
274
274
274
274
274
274
274
274
274
274
274
274
274
274
274
274
274
274
274
274
274
274
274
274
274
274
274
274
274
274
274
274
274
274
274
274
274
274
274.011
274.164
276.415
309.089
522.563
790.463
873.148
878.943
877.088
872.176
865.032
860.184
853.51
844.903
832.242
819.854
817.151
819.05
824.272
831.48
834.736
831.168
820.367
801.823
777.585
749.665
720.026
689.052
659.016
628.743
597.326
567.139
540.156
516.089
492.06
472.101
451.461
434.586
419.166
405.739
395.396
387.971
274
274
274
274
274
274
274
274
274
274
274
274
274
274
274
274
274
274
274
274
274
274
274
274
274
274
274
274
274
274
274
274
274
274
274
274
274
274
274
274
274
274
274
274
274
274
274
274
274
274
274
274
274
274
274
274
274
274
274
274
274
274
274
274
274
274
274
274
274
274
274
274
274
274
274
274
274
274
274
274
274
274.001
274.019
274.348
280.535
380.288
691.236
877.631
895.369
894.966
895.301
894.77
890.938
886.276
883.889
878.222
874.447
877.924
894.268
914.372
935.143
959.297
983.817
998.955
1001.16
989.619
966.228
933.153
894.113
851.623
804.955
760.781
714.58
666.982
622.636
584.85
551.397
519.18
492.972
465.715
444.32
423.601
406.13
392.864
381.654
274
274
274
274
274
274
274
274
274
274
274
274
274
274
274
274
274
274
274
274
274
274
274
274
274
274
274
274
274
274
274
274
274
274
274
274
274
274
274
274
274
274
274
274
274
274
274
274
274
274
274
274
274
274
274
274
274
274
274
274
274
274
274
274
274
274
274
274
274
274
274
274
274
274
274
274
274
274
274
274
274.001
274.029
274.664
289.058
479.707
815.218
907.161
909.203
908.239
911.996
916.309
918.026
917.127
919.289
926.176
941.158
966.071
1007.1
1054.68
1102.66
1151.97
1199.85
1241.1
1265.86
1266.31
1245.83
1213.72
1169.86
1115.81
1055.33
986.518
920.894
849.733
775.185
707.494
652.564
605.411
562.024
526.923
490.989
463.788
436.095
412.666
394.078
379.711
274
274
274
274
274
274
274
274
274
274
274
274
274
274
274
274
274
274
274
274
274
274
274
274
274
274
274
274
274
274
274
274
274
274
274
274
274
274
274
274
274
274
274
274
274
274
274
274
274
274
274
274
274
274
274
274
274
274
274
274
274
274
274
274
274
274
274
274
274
274
274
274
274
274
274
274
274
274
274
274.001
274.04
275.11
303.304
582.205
882.947
920.029
918.671
920.781
927.628
936.543
945.776
955.309
967.321
992.584
1034.47
1095.64
1170.08
1269.18
1360.36
1427.28
1471.45
1488.71
1494.21
1491.62
1486.85
1479.76
1459.89
1415.58
1356.43
1287.53
1205.79
1122.78
1027.44
923.189
827.581
750.551
686.101
627.901
579.886
531.711
496.325
459.055
428.539
402.535
381.387
274
274
274
274
274
274
274
274
274
274
274
274
274
274
274
274
274
274
274
274
274
274
274
274
274
274
274
274
274
274
274
274
274
274
274
274
274
274
274
274
274
274
274
274
274
274
274
274
274
274
274
274
274
274
274
274
274
274
274
274
274
274
274
274
274
274
274
274
274
274
274
274
274
274
274
274
274
274
274.001
274.047
275.589
322.299
667.032
912.518
927.445
926.699
932.903
943.593
957.569
973.668
993.591
1023.51
1074.47
1157.55
1269.09
1396.49
1519.23
1595.36
1614.56
1612.23
1605.41
1598.86
1590.09
1581.07
1581.33
1585.3
1580.27
1563.43
1528.57
1474.4
1395.93
1309.58
1206.36
1091.03
980.891
884.432
802.206
725.832
660.174
594.744
547.047
495.785
456.144
421.369
389.993
274
274
274
274
274
274
274
274
274
274
274
274
274
274
274
274
274
274
274
274
274
274
274
274
274
274
274
274
274
274
274
274
274
274
274
274
274
274
274
274
274
274
274
274
274
274
274
274
274
274
274
274
274
274
274
274
274
274
274
274
274
274
274
274
274
274
274
274
274
274
274
274
274
274
274
274
274
274.001
274.048
275.899
338.269
721.582
926.213
934.244
935.705
945.616
960.868
979.101
1002.21
1033.73
1082.4
1164.49
1298.4
1484.07
1648.67
1707.32
1714.65
1684.48
1661.32
1653.64
1650.13
1648.11
1649.51
1645.28
1640.67
1633.76
1633.75
1650.78
1656.29
1631.88
1575.98
1502.92
1403.22
1287.85
1177.96
1065.28
971.495
869.793
782.326
694.46
627.549
553.696
501.088
452.101
408.832
274
274
274
274
274
274
274
274
274
274
274
274
274
274
274
274
274
274
274
274
274
274
274
274
274
274
274
274
274
274
274
274
274
274
274
274
274
274
274
274
274
274
274
274
274
274
274
274
274
274
274
274
274
274
274
274
274
274
274
274
274
274
274
274
274
274
274
274
274
274
274
274
274
274
274
274
274.001
274.042
275.863
342.684
743.775
934.955
942.088
946.967
960.698
978.953
1001.56
1030.79
1073.63
1140.07
1249.97
1436.92
1687.65
1794.99
1796.04
1779.91
1754.28
1708.67
1695.26
1716.2
1758.98
1797.5
1797.28
1786.63
1791.58
1814.71
1839.81
1862.55
1862.82
1841.51
1806.89
1767.51
1710.73
1632.28
1529.33
1378.13
1249.57
1094.83
973.148
850.535
753.462
643.728
569.021
500.096
438.723
274
274
274
274
274
274
274
274
274
274
274
274
274
274
274
274
274
274
274
274
274
274
274
274
274
274
274
274
274
274
274
274
274
274
274
274
274
274
274
274
274
274
274
274
274
274
274
274
274
274
274
274
274
274
274
274
274
274
274
274
274
274
274
274
274
274
274
274
274
274
274
274
274
274
274
274.001
274.03
275.487
333.006
735.434
942.254
951.673
959.164
976.028
996.441
1022.44
1057.34
1109.81
1191.98
1325.86
1541.94
1782.67
1856.15
1854.09
1816.14
1814.96
1803.8
1808.02
1827.15
1880.35
1968.89
2027.65
2037.57
2035.39
2060.36
2095.2
2135.3
2159.3
2138.63
2090.81
2048.68
2022.5
1974.3
1908.05
1841.5
1744.97
1658.06
1468.91
1303.08
1103.78
943.394
772.125
660.977
562.057
474.625
274
274
274
274
274
274
274
274
274
274
274
274
274
274
274
274
274
274
274
274
274
274
274
274
274
274
274
274
274
274
274
274
274
274
274
274
274
274
274
274
274
274
274
274
274
274
274
274
274
274
274
274
274
274
274
274
274
274
274
274
274
274
274
274
274
274
274
274
274
274
274
274
274
274
274
274.018
274.969
314.142
693.024
947.191
962.241
970.921
989
1010.4
1037.33
1076.86
1137.3
1232.62
1383.66
1612.83
1818.6
1869.01
1872.37
1861.49
1850.01
1882.86
1887.81
1908.53
1932.26
2068.79
2194.95
2220.13
2174.62
2134.87
2139.12
2171.39
2200.94
2198.89
2131.64
2064.41
2018.04
1979.58
1897.2
1855.87
1846.49
1819.77
1770.6
1666.37
1608.69
1476.57
1341.9
1043.14
823.722
658.117
528.826
274
274
274
274
274
274
274
274
274
274
274
274
274
274
274
274
274
274
274
274
274
274
274
274
274
274
274
274
274
274
274
274
274
274
274
274
274
274
274
274
274
274
274
274
274
274
274
274
274
274
274
274
274
274
274
274
274
274
274
274
274
274
274
274
274
274
274
274
274
274
274
274
274
274
274.008
274.518
295.425
613.143
943.134
971.17
980.415
996.782
1018.97
1045.37
1086.41
1151.4
1254.92
1415.68
1651.38
1838.4
1873.2
1852.15
1834.19
1845.89
1888.95
1894.81
1904.62
1896.99
1948.91
2121.47
2213.44
2238.09
2236.04
2188.66
2053.33
1986.38
1794.31
1677.89
1656.09
1683.11
1727.6
1724.76
1677.44
1646.65
1589.51
1570.97
1580.58
1590.87
1614.66
1556.11
1494.95
1326.58
1121.72
833.531
631.181
274
274
274
274
274
274
274
274
274
274
274
274
274
274
274
274
274
274
274
274
274
274
274
274
274
274
274
274
274
274
274
274
274
274
274
274
274
274
274
274
274
274
274
274
274
274
274
274
274
274
274
274
274
274
274
274
274
274
274
274
274
274
274
274
274
274
274
274
274
274
274
274
274
274.004
274.223
283.535
506.919
914.627
975.275
986.677
1000.86
1021.19
1047.34
1087.04
1151.91
1255.11
1413.44
1644.15
1841.46
1883.54
1873.02
1853.18
1844.51
1863.39
1903.3
1839.53
1804.46
1710.91
1720.36
1821.28
1932.09
1950.94
1877.38
1686.4
1488.41
1378.56
1358.58
1379.76
1434.49
1442.39
1509.47
1540.99
1581.25
1616.93
1627.2
1557.57
1488.18
1465.66
1451.99
1459.37
1522.11
1463.06
1340.9
1127.64
820.25
274
274
274
274
274
274
274
274
274
274
274
274
274
274
274
274
274
274
274
274
274
274
274
274
274
274
274
274
274
274
274
274
274
274
274
274
274
274
274
274
274
274
274
274
274
274
274
274
274
274
274
274
274
274
274
274
274
274
274
274
274
274
274
274
274
274
274
274
274
274
274
274
274.001
274.073
277.443
399.772
841.307
974.324
989.817
1002.18
1019.79
1045.37
1083.17
1143.15
1236.45
1376.98
1585.59
1812.41
1882.74
1885.14
1877.09
1859.98
1840.86
1833.66
1725.43
1627.35
1462.47
1426.57
1462.05
1512.17
1536.41
1458.77
1432.62
1132.63
1083.86
1042.86
1003.37
972.509
957.218
954.434
1010
1053.28
1105.21
1192.67
1286.31
1398.01
1441.4
1448.2
1426.2
1388.25
1368.02
1455.92
1439.69
1298.29
1010.52
274
274
274
274
274
274
274
274
274
274
274
274
274
274
274
274
274
274
274
274
274
274
274
274
274
274
274
274
274
274
274
274
274
274
274
274
274
274
274
274
274
274
274
274
274
274
274
274
274
274
274
274
274
274
274
274
274
274
274
274
274
274
274
274
274
274
274
274
274
274
274
274
274.019
275.039
317.326
706.331
966.075
988.724
999.54
1015.45
1040.73
1079.09
1134.21
1213.02
1324.25
1487.63
1716.2
1859.96
1884.3
1882.94
1881.42
1852.34
1846.11
1752.33
1679.41
1475.73
1383.09
1377.11
1362.37
1362.67
1352.91
1201.14
1068.48
1012.84
903.841
884.1
872.24
896.57
940.474
944.203
969.741
988.287
1027.48
1056.79
1128.51
1229.54
1343.1
1408.29
1435.05
1438.71
1361.29
1324.49
1419.56
1381.92
1116.69
274
274
274
274
274
274
274
274
274
274
274
274
274
274
274
274
274
274
274
274
274
274
274
274
274
274
274
274
274
274
274
274
274
274
274
274
274
274
274
274
274
274
274
274
274
274
274
274
274
274
274
274
274
274
274
274
274
274
274
274
274
274
274
274
274
274
274
274
274
274
274
274.005
274.27
284.847
520.61
927.374
984.318
993.323
1008.39
1035.34
1076.69
1131.95
1200.82
1285.49
1399.35
1567.56
1781.62
1867.81
1875.27
1872.59
1870.88
1876.17
1815.94
1659.03
1437.54
1320.28
1290.77
1312.64
1316.5
1314.19
1296.89
1206.78
1091.48
1023.86
954.704
925.075
918.297
911.506
905.254
918.595
939.145
956.31
988.075
1000.82
1035.5
1091.46
1182.75
1332.2
1440.11
1480.06
1485.4
1385.06
1354.71
1338.27
1166.23
274
274
274
274
274
274
274
274
274
274
274
274
274
274
274
274
274
274
274
274
274
274
274
274
274
274
274
274
274
274
274
274
274
274
274
274
274
274
274
274
274
274
274
274
274
274
274
274
274
274
274
274
274
274
274
274
274
274
274
274
274
274
274
274
274
274
274
274
274
274
274.001
274.05
276.324
363.644
799.168
976.467
987.03
999.805
1028.9
1072.15
1132.45
1198.8
1268.57
1351.45
1474.23
1657.51
1806.94
1842.24
1843.77
1851.78
1870.11
1873.95
1706.64
1535.2
1377.87
1322.51
1293.87
1254.9
1242.38
1236.54
1218.24
1205.68
1179.11
1112.81
967.237
913.574
898.128
899.281
900.89
912.451
930.147
951.639
969.38
983.96
1010.24
1054.19
1112.56
1208.03
1359.37
1495.49
1553.5
1519.99
1429.76
1300.67
1076.36
274
274
274
274
274
274
274
274
274
274
274
274
274
274
274
274
274
274
274
274
274
274
274
274
274
274
274
274
274
274
274
274
274
274
274
274
274
274
274
274
274
274
274
274
274
274
274
274
274
274
274
274
274
274
274
274
274
274
274
274
274
274
274
274
274
274
274
274
274
274
274.008
274.464
291.65
579.704
944.873
982.366
992.704
1020.9
1066.51
1116.81
1176.8
1247.36
1331.24
1437.19
1579.18
1751.19
1824.65
1834.78
1841.14
1854.45
1863.62
1828.01
1673.98
1475.15
1394.73
1365.59
1343.18
1326.41
1321.83
1302.29
1272.97
1251.21
1223.48
1174.12
1158.77
1042.32
1018.91
978.091
966.061
954.268
955.645
954.973
967.395
985.738
994.733
1014.11
1039.3
1056.34
1097.4
1206.88
1372.95
1548.5
1579.41
1342.09
1211.4
274
274
274
274
274
274
274
274
274
274
274
274
274
274
274
274
274
274
274
274
274
274
274
274
274
274
274
274
274
274
274
274
274
274
274
274
274
274
274
274
274
274
274
274
274
274
274
274
274
274
274
274
274
274
274
274
274
274
274
274
274
274
274
274
274
274
274
274
274
274.002
274.087
277.627
398.216
835.367
973.61
986.492
1006.42
1041.41
1087.85
1141.03
1210.81
1298.92
1407.22
1542.9
1705.25
1821.16
1851
1850.26
1864.43
1884.94
1891.26
1764.58
1616.26
1428.89
1361.1
1336.32
1308.25
1297.93
1290.52
1285.05
1284.19
1265.26
1237.15
1239.01
1191.61
1181.93
1086.6
1037.04
1028.77
1031.36
1028.99
1020.28
1022.27
1031.36
1050.6
1073.58
1091.76
1132.66
1173.16
1202.75
1252.81
1324.77
1454.69
1649.19
1724.81
274
274
274
274
274
274
274
274
274
274
274
274
274
274
274
274
274
274
274
274
274
274
274
274
274
274
274
274
274
274
274
274
274
274
274
274
274
274
274
274
274
274
274
274
274
274
274
274
274
274
274
274
274
274
274
274
274
274
274
274
274
274
274
274
274
274
274
274
274
274.008
274.383
287.677
537.648
922.67
981.669
1002.49
1032.47
1072.71
1122.77
1182.55
1255.22
1341.99
1447.42
1581.78
1741.78
1841.37
1865
1863.52
1875.41
1894.65
1891.5
1768.37
1657.64
1491.4
1445.18
1417.11
1381.3
1365.9
1354.96
1349.33
1354.39
1350.12
1341.52
1334.32
1306.81
1223.19
1190.55
1139.81
1092.52
1093.49
1111.34
1101.49
1102.44
1110.78
1116.55
1128.74
1146.84
1182.2
1239.77
1332.67
1431.74
1569.61
1635.29
1713.38
1961.42
274
274
274
274
274
274
274
274
274
274
274
274
274
274
274
274
274
274
274
274
274
274
274
274
274
274
274
274
274
274
274
274
274
274
274
274
274
274
274
274
274
274
274
274
274
274
274
274
274
274
274
274
274
274
274
274
274
274
274
274
274
274
274
274
274
274
274
274
274
274.016
274.725
299.666
624.236
951.366
991.867
1009.1
1036.5
1076.62
1127.74
1192.44
1269.99
1357.76
1463.28
1596.83
1756.31
1848.24
1866.93
1868.73
1878.59
1893.74
1883.73
1767.45
1629.56
1503.59
1464.73
1439.17
1409.17
1397.07
1379.74
1369.4
1379.58
1377.77
1374.23
1369.44
1356.92
1295.02
1194.67
1186.8
1148.84
1117.38
1150.36
1144.75
1143.08
1157.86
1172.4
1180.14
1196.3
1218.88
1258.87
1341.55
1443.52
1605.51
1744.57
1882.76
2005.75
274
274
274
274
274
274
274
274
274
274
274
274
274
274
274
274
274
274
274
274
274
274
274
274
274
274
274
274
274
274
274
274
274
274
274
274
274
274
274
274
274
274
274
274
274
274
274
274
274
274
274
274
274
274
274
274
274
274
274
274
274
274
274
274
274
274
274
274
274.001
274.04
275.696
337.184
743.334
974.875
995.513
1009.16
1039.41
1088.48
1147.92
1215.98
1292.73
1376.88
1481.79
1619.24
1779.39
1853.52
1866.59
1868.7
1877.66
1890.51
1864.88
1771.36
1640.84
1543.61
1513.59
1478.37
1450.5
1437.58
1423.54
1408.44
1425.78
1424.62
1416.62
1409.19
1397.02
1364.73
1298.41
1209.97
1209.58
1166.32
1186.13
1186.64
1175.01
1186.53
1210.62
1217.9
1242.65
1257.52
1279.73
1325.88
1376.84
1489.16
1635.8
1810.38
2026.82
274
274
274
274
274
274
274
274
274
274
274
274
274
274
274
274
274
274
274
274
274
274
274
274
274
274
274
274
274
274
274
274
274
274
274
274
274
274
274
274
274
274
274
274
274
274
274
274
274
274
274
274
274
274
274
274
274
274
274
274
274
274
274
274
274
274
274
274
274.002
274.105
278.08
403.542
836.516
983.774
1002.81
1025.58
1064.05
1117.04
1176.12
1240.45
1314.45
1396.32
1500.49
1638.77
1792.47
1854
1864.9
1867.53
1879.9
1889.49
1847.67
1774.61
1632.69
1569.45
1557.67
1546.36
1522.06
1487.1
1465.95
1456.28
1447.8
1445.35
1441.5
1438.25
1436.16
1434.12
1377.02
1346.7
1261.27
1274.43
1233.15
1247.64
1247.34
1235.63
1278.78
1293.04
1325.56
1370.01
1404.06
1468.78
1521.62
1597.15
1688.55
1797.94
1917.66
274
274
274
274
274
274
274
274
274
274
274
274
274
274
274
274
274
274
274
274
274
274
274
274
274
274
274
274
274
274
274
274
274
274
274
274
274
274
274
274
274
274
274
274
274
274
274
274
274
274
274
274
274
274
274
274
274
274
274
274
274
274
274
274
274
274
274
274
274.006
274.271
283.707
494.723
911.382
995.075
1008.38
1031.35
1072.16
1129.19
1194.93
1269.7
1347.82
1427.25
1524.25
1654.06
1799.37
1856.29
1866.72
1867.65
1879.1
1884.98
1810.91
1753.45
1630.46
1570.27
1554
1531.36
1523.1
1523.32
1523.17
1520.72
1516.55
1514.59
1514.43
1503.09
1477.81
1463.31
1454.11
1418.96
1373.71
1298.47
1299.3
1276.89
1291.5
1275.16
1291.82
1325.9
1346.3
1400.15
1439.94
1511.92
1576.59
1652.52
1730.85
1798.68
1864.58
274
274
274
274
274
274
274
274
274
274
274
274
274
274
274
274
274
274
274
274
274
274
274
274
274
274
274
274
274
274
274
274
274
274
274
274
274
274
274
274
274
274
274
274
274
274
274
274
274
274
274
274
274
274
274
274
274
274
274
274
274
274
274
274
274
274
274
274
274.012
274.568
293.478
580.709
949.44
1000.44
1016.86
1047.52
1097.9
1162.83
1234.08
1311.98
1385.07
1456.68
1544.52
1664.87
1802.8
1858.74
1870.74
1873.12
1894.94
1904.88
1831.62
1807.35
1684.49
1642.23
1623.62
1591.41
1574.37
1563.68
1553.75
1551.5
1551.01
1543.31
1554.19
1565.22
1562.67
1552.02
1534.18
1516.35
1472.86
1433.91
1376.71
1384.77
1341.32
1367.16
1343.7
1390.57
1411.11
1448.74
1507.14
1559.89
1634
1675.6
1738.53
1782.66
1843.11
274
274
274
274
274
274
274
274
274
274
274
274
274
274
274
274
274
274
274
274
274
274
274
274
274
274
274
274
274
274
274
274
274
274
274
274
274
274
274
274
274
274
274
274
274
274
274
274
274
274
274
274
274
274
274
274
274
274
274
274
274
274
274
274
274
274
274
274.001
274.026
275.129
314.045
679.678
976.044
1007.36
1022.3
1053.99
1106.08
1171.82
1247.96
1330.98
1406.26
1480.73
1567.66
1681.91
1807.99
1863.35
1877.82
1882.52
1901.46
1905.46
1830.45
1786.95
1664.36
1633.58
1623.42
1613.14
1609.45
1605.91
1601.41
1599.96
1599.19
1598.94
1595.73
1612.16
1613.35
1623.93
1626.13
1599.84
1580.55
1527.63
1481.65
1466.1
1437.12
1435.75
1433.9
1465.45
1499.97
1521.39
1578.44
1617.45
1689.36
1701.2
1770.97
1808.12
1837.88
274
274
274
274
274
274
274
274
274
274
274
274
274
274
274
274
274
274
274
274
274
274
274
274
274
274
274
274
274
274
274
274
274
274
274
274
274
274
274
274
274
274
274
274
274
274
274
274
274
274
274
274
274
274
274
274
274
274
274
274
274
274
274
274
274
274
274
274.001
274.05
276.016
345.75
757.248
987.581
1010
1027.07
1063.02
1118.47
1184.6
1262.46
1345.12
1421.39
1498.98
1587.9
1697.09
1814.15
1867.97
1884.38
1890.65
1902.24
1889.72
1819.34
1748.76
1672.46
1659.29
1651.15
1632.31
1626.18
1625.59
1626.37
1641.64
1657.65
1663.91
1669.17
1670.78
1664.39
1698.15
1706.85
1709.94
1695.87
1665.6
1632.87
1555.17
1564.12
1503.05
1541.02
1526.31
1567.25
1595.54
1610.62
1688.41
1701.5
1757.93
1796.93
1829.87
1855.04
274
274
274
274
274
274
274
274
274
274
274
274
274
274
274
274
274
274
274
274
274
274
274
274
274
274
274
274
274
274
274
274
274
274
274
274
274
274
274
274
274
274
274
274
274
274
274
274
274
274
274
274
274
274
274
274
274
274
274
274
274
274
274
274
274
274
274
274.002
274.09
277.496
387.903
824.806
997.027
1011.44
1029.36
1066.4
1121.85
1189.71
1269.56
1351.84
1432.63
1514.93
1606.54
1714.91
1823.77
1872.14
1888.11
1895.13
1904.72
1886.9
1834.53
1762.37
1691.77
1679.47
1670.89
1655.15
1649.83
1646.68
1640.78
1662.76
1684.4
1688.83
1711.42
1733.29
1741.24
1756.08
1782.08
1795.13
1810.61
1812.14
1789.08
1764.19
1697.14
1676.69
1653.98
1652.16
1667.04
1673.92
1713.73
1732.57
1789.88
1830.28
1856.32
1897.79
1926.52
274
274
274
274
274
274
274
274
274
274
274
274
274
274
274
274
274
274
274
274
274
274
274
274
274
274
274
274
274
274
274
274
274
274
274
274
274
274
274
274
274
274
274
274
274
274
274
274
274
274
274
274
274
274
274
274
274
274
274
274
274
274
274
274
274
274
274
274.003
274.147
279.483
431.753
870.625
998.923
1010.36
1031.42
1072.11
1130.27
1201.1
1281.58
1363
1444.65
1526.88
1620.09
1730.06
1832.72
1873.69
1884.53
1888.09
1893.72
1858.2
1798.45
1729.73
1674.69
1663.96
1657.36
1648.28
1648.1
1650.06
1648.72
1676.94
1698.87
1710.68
1741.78
1769.77
1782.18
1801.03
1827.29
1853.55
1882.23
1911.94
1943.67
1954.39
1931.74
1845.98
1763.41
1799.44
1763.35
1814.08
1783.35
1839.46
1869.49
1896.99
1930.52
1958.34
2006.49
274
274
274
274
274
274
274
274
274
274
274
274
274
274
274
274
274
274
274
274
274
274
274
274
274
274
274
274
274
274
274
274
274
274
274
274
274
274
274
274
274
274
274
274
274
274
274
274
274
274
274
274
274
274
274
274
274
274
274
274
274
274
274
274
274
274
274
274.005
274.225
282.222
476.873
905.949
1001.12
1011.18
1034.42
1076.33
1133.58
1204.26
1286.47
1371.93
1454.86
1537.13
1628.29
1737.39
1835.46
1872.26
1881.58
1886.54
1895.67
1860.12
1813.48
1742.85
1695.03
1681.08
1666.62
1656.68
1655.16
1654.27
1658.84
1697.75
1726.48
1744.78
1768.11
1790.06
1812.76
1842.67
1872.26
1892.67
1918.85
1953.74
1998.1
2027.35
2048.14
2056.7
2052.07
1952.37
1952.07
1901.45
1909.39
1936.33
1926.21
1963.23
1966.12
2000.03
2016.42
274
274
274
274
274
274
274
274
274
274
274
274
274
274
274
274
274
274
274
274
274
274
274
274
274
274
274
274
274
274
274
274
274
274
274
274
274
274
274
274
274
274
274
274
274
274
274
274
274
274
274
274
274
274
274
274
274
274
274
274
274
274
274
274
274
274
274
274.006
274.307
285.044
512.13
928.045
1001.1
1010.66
1036.11
1080.37
1138.98
1214.02
1297.38
1382.99
1463.74
1542.57
1631.27
1740.51
1836.33
1869.84
1876.24
1883.9
1893.36
1845.7
1803.89
1733.08
1699.87
1687.63
1673.66
1657.25
1654.52
1654.18
1671.02
1706.12
1737.1
1764.05
1786.21
1811.34
1833.56
1863.33
1896.7
1921.54
1944.45
1975.42
2018.89
2056.39
2096.6
2146.47
2165.81
2171.51
2098.33
2021.54
2013.1
1968.01
1984.01
1978.1
1984.08
2014.9
1974.44
274
274
274
274
274
274
274
274
274
274
274
274
274
274
274
274
274
274
274
274
274
274
274
274
274
274
274
274
274
274
274
274
274
274
274
274
274
274
274
274
274
274
274
274
274
274
274
274
274
274
274
274
274
274
274
274
274
274
274
274
274
274
274
274
274
274
274
274.008
274.394
287.985
540.884
943.508
1003.89
1015.38
1044.97
1094.72
1159.09
1237.57
1320.11
1400.6
1473.57
1543.66
1627.94
1739.31
1834.76
1865.27
1869.69
1877.73
1886.96
1834.28
1793.76
1726.89
1703.29
1691.78
1675.83
1656.7
1650.9
1649.89
1669.96
1709.89
1750.82
1779.78
1802.96
1831.11
1856.2
1884.23
1914.63
1939.18
1968.25
2000.03
2038.1
2078.55
2121.65
2173.72
2212.69
2231.19
2264.56
2251.95
2145.46
2083.2
2062.43
2022.54
2008.36
1970.27
1836.78
274
274
274
274
274
274
274
274
274
274
274
274
274
274
274
274
274
274
274
274
274
274
274
274
274
274
274
274
274
274
274
274
274
274
274
274
274
274
274
274
274
274
274
274
274
274
274
274
274
274
274
274
274
274
274
274
274
274
274
274
274
274
274
274
274
274
274
274.01
274.455
289.945
556.265
950.457
1007.2
1020.07
1052.6
1107.41
1177.31
1256.63
1337
1412.54
1478.93
1541.58
1622.43
1737.42
1833.46
1861.6
1864.18
1871.94
1880.39
1824.09
1783.79
1724.39
1705.64
1695.49
1680.82
1657.4
1647.81
1645.19
1660.08
1698.74
1741.32
1778.84
1807.14
1839.23
1864.48
1892.61
1926.6
1956.12
1987.15
2019.01
2055.21
2090.94
2125.53
2153.16
2183.18
2231.03
2259.06
2271.65
2290.51
2206.18
2143.12
2103.15
1906.06
1793.87
1706.42
274
274
274
274
274
274
274
274
274
274
274
274
274
274
274
274
274
274
274
274
274
274
274
274
274
274
274
274
274
274
274
274
274
274
274
274
274
274
274
274
274
274
274
274
274
274
274
274
274
274
274
274
274
274
274
274
274
274
274
274
274
274
274
274
274
274
274
274.01
274.485
290.885
562.557
953.905
1009.32
1022.39
1055.83
1112.28
1183.24
1261.65
1342.64
1416.76
1480.53
1540.59
1620.46
1736.5
1832.52
1859.82
1861.34
1869.25
1877.73
1820.7
1784.36
1737.2
1728.99
1729.55
1722.89
1707.27
1694.16
1689.44
1696.07
1721.4
1755.82
1786.23
1816.35
1844.74
1870.27
1904.6
1942.59
1982.56
2017.68
2051.15
2082.7
2114.2
2143.17
2166.66
2189.77
2219.77
2263.41
2317.33
2341.73
2353.25
2359.46
2104.08
1870.07
1767.83
1709.71
274
274
274
274
274
274
274
274
274
274
274
274
274
274
274
274
274
274
274
274
274
274
274
274
274
274
274
274
274
274
274
274
274
274
274
274
274
274
274
274
274
274
274
274
274
274
274
274
274
274
274
274
274
274
274
274
274
274
274
274
274
274
274
274
274
274
274
274.01
274.46
290.001
555.014
949.922
1008.02
1020.93
1053.46
1108.52
1178.13
1255.12
1336.5
1412.28
1478.6
1541.63
1622.42
1737.36
1833.31
1861.08
1862.87
1871.3
1879.66
1825.2
1790.84
1739.87
1727.15
1721.76
1705.12
1676.77
1659.84
1654.85
1661.37
1691.94
1737.21
1775.94
1806.72
1839.78
1868.56
1897.7
1928.98
1956.81
1985.56
2017.17
2053.42
2088.08
2118.67
2146.57
2180.2
2227.14
2254.41
2270.42
2294.57
2203.01
2146.62
2100.74
1910.21
1785.24
1709.13
274
274
274
274
274
274
274
274
274
274
274
274
274
274
274
274
274
274
274
274
274
274
274
274
274
274
274
274
274
274
274
274
274
274
274
274
274
274
274
274
274
274
274
274
274
274
274
274
274
274
274
274
274
274
274
274
274
274
274
274
274
274
274
274
274
274
274
274.008
274.401
287.997
537.977
941.772
1006.01
1017.44
1046.74
1097.42
1162.26
1236.05
1318.48
1398.56
1472.08
1543.84
1628.53
1738.66
1833.66
1863.26
1866.61
1874.54
1882.61
1826.95
1786.7
1727.1
1708.72
1701.21
1690.19
1671.09
1660.72
1657.99
1671.31
1710.03
1756.82
1792.08
1817.1
1843.92
1865.88
1889.66
1917.54
1941.52
1966.25
1998.73
2040.01
2079.56
2121.83
2174.8
2209.57
2227.84
2258.54
2245.9
2143.31
2085.19
2060.17
2018.3
1996.69
1956.97
1824.99
274
274
274
274
274
274
274
274
274
274
274
274
274
274
274
274
274
274
274
274
274
274
274
274
274
274
274
274
274
274
274
274
274
274
274
274
274
274
274
274
274
274
274
274
274
274
274
274
274
274
274
274
274
274
274
274
274
274
274
274
274
274
274
274
274
274
274
274.007
274.311
285.025
509.236
925.619
1003.23
1013.08
1038.14
1083.22
1142.92
1213.47
1296.09
1381.33
1462.96
1542.39
1630.68
1738.57
1833.98
1866.54
1872.59
1879.72
1888.23
1837.34
1796.52
1729.7
1701.29
1691.02
1679.73
1664.42
1661.26
1660.66
1672.88
1710.94
1744.21
1777.35
1804.27
1827.34
1844.26
1870.95
1900.17
1922.76
1943.21
1977.21
2021.85
2058.23
2101.49
2151.23
2171.57
2177.25
2095.31
2025.29
2024.35
1969.88
1994.15
1985.78
1986.47
2013.67
1970.32
274
274
274
274
274
274
274
274
274
274
274
274
274
274
274
274
274
274
274
274
274
274
274
274
274
274
274
274
274
274
274
274
274
274
274
274
274
274
274
274
274
274
274
274
274
274
274
274
274
274
274
274
274
274
274
274
274
274
274
274
274
274
274
274
274
274
274
274.005
274.226
282.182
475.249
904.834
1002.57
1013.14
1036.26
1078.64
1137.36
1207.52
1287.04
1371.62
1454.31
1536.02
1626.41
1733.69
1831.36
1867.55
1876.91
1881.83
1890.05
1851.7
1807.4
1738.18
1694.57
1682.44
1671.34
1660.87
1658.75
1657.87
1664.49
1698.37
1732
1752.62
1777.89
1801.01
1820.31
1842.88
1866.37
1886.12
1910.92
1949.45
1992.91
2028.93
2054.25
2061.81
2057.34
1952.1
1938.12
1896.37
1923.35
1934.9
1934.09
1966.97
1970.93
2003.45
2019
274
274
274
274
274
274
274
274
274
274
274
274
274
274
274
274
274
274
274
274
274
274
274
274
274
274
274
274
274
274
274
274
274
274
274
274
274
274
274
274
274
274
274
274
274
274
274
274
274
274
274
274
274
274
274
274
274
274
274
274
274
274
274
274
274
274
274
274.003
274.146
279.452
430.696
869.308
999.941
1012.49
1033.55
1073.88
1132.19
1202.74
1282.97
1365.83
1445.73
1525.62
1616.6
1725.3
1827.3
1867.67
1879.3
1883.6
1888.82
1850.6
1794.3
1726.66
1672.85
1662.2
1654.95
1645.02
1644.72
1651.78
1659.57
1691.99
1720.47
1733.9
1758.39
1770.29
1774.53
1800.72
1827.68
1852.54
1881.67
1916.88
1947.59
1955.56
1932.46
1843.43
1766.47
1792.51
1759.25
1809.49
1780.7
1845.77
1867.99
1907.9
1931.77
1962.63
2009.57
274
274
274
274
274
274
274
274
274
274
274
274
274
274
274
274
274
274
274
274
274
274
274
274
274
274
274
274
274
274
274
274
274
274
274
274
274
274
274
274
274
274
274
274
274
274
274
274
274
274
274
274
274
274
274
274
274
274
274
274
274
274
274
274
274
274
274
274.002
274.09
277.481
387.436
823.643
997.198
1013.39
1031.92
1068.6
1123.57
1190.61
1271.18
1354.94
1434.62
1514.71
1603.66
1709.48
1817.78
1865.1
1881.89
1890.05
1899.49
1880.02
1830.49
1755.95
1684.89
1672.98
1665.78
1656.39
1654.97
1655.99
1656.68
1686.8
1699.72
1702.02
1714.89
1726.71
1732.14
1758.08
1785.54
1800.05
1820.05
1823.81
1800.21
1769.93
1699.12
1680.62
1635.91
1655.45
1664.35
1674.08
1711.2
1733.32
1791.3
1828.78
1855.64
1894.03
1924.8
274
274
274
274
274
274
274
274
274
274
274
274
274
274
274
274
274
274
274
274
274
274
274
274
274
274
274
274
274
274
274
274
274
274
274
274
274
274
274
274
274
274
274
274
274
274
274
274
274
274
274
274
274
274
274
274
274
274
274
274
274
274
274
274
274
274
274
274.001
274.05
276.014
345.727
756.995
987.381
1011.52
1029.78
1065.27
1119.98
1185.85
1263.19
1347.57
1426.23
1502.93
1588.51
1694.22
1809.68
1860.52
1877.24
1884.81
1896.04
1881.37
1815.99
1745.38
1669.21
1655.09
1644.48
1630.09
1627.42
1631.11
1638.73
1655.92
1665.19
1668.71
1673.28
1675.51
1670.51
1703.68
1715.36
1717.07
1698.61
1670.52
1630.38
1552.53
1567.61
1502.24
1551.29
1522.46
1573.55
1598.85
1617.33
1693.04
1704.38
1761.22
1793.83
1830.14
1846.06
274
274
274
274
274
274
274
274
274
274
274
274
274
274
274
274
274
274
274
274
274
274
274
274
274
274
274
274
274
274
274
274
274
274
274
274
274
274
274
274
274
274
274
274
274
274
274
274
274
274
274
274
274
274
274
274
274
274
274
274
274
274
274
274
274
274
274
274.001
274.026
275.133
314.231
680.347
976.106
1008.44
1024.59
1056.45
1107.95
1173.62
1249.17
1333.96
1412.31
1485.68
1571.36
1681.86
1804.55
1855.98
1870.39
1876.94
1895.57
1896.96
1829.47
1778.62
1658.4
1631.13
1622.78
1618.05
1615.35
1613.74
1609.67
1610.44
1605.79
1601.05
1605.23
1616.43
1614.33
1626.41
1628.59
1603.36
1582.06
1521.73
1483.39
1470.38
1428.31
1441.82
1434.18
1468.26
1507.53
1528.27
1584.76
1618.66
1700.23
1708.09
1772.35
1810.02
1835.24
274
274
274
274
274
274
274
274
274
274
274
274
274
274
274
274
274
274
274
274
274
274
274
274
274
274
274
274
274
274
274
274
274
274
274
274
274
274
274
274
274
274
274
274
274
274
274
274
274
274
274
274
274
274
274
274
274
274
274
274
274
274
274
274
274
274
274
274
274.012
274.574
293.716
582.578
949.994
1001.19
1019.15
1051.02
1100.88
1165.41
1237.14
1316.44
1391.66
1462.83
1551.74
1670.35
1800.81
1852.51
1863.59
1866.4
1890.74
1900.41
1825.35
1798.02
1676.63
1640.39
1623.7
1600.27
1588.16
1577.08
1562.05
1557.56
1554.45
1543.86
1569.45
1578.24
1565.72
1553.75
1536.36
1518.2
1468.41
1434.65
1396.13
1389.6
1356.69
1378.83
1353.33
1403.64
1422.25
1464.68
1517.68
1572.72
1645.77
1689.87
1757.1
1796.48
1856.65
274
274
274
274
274
274
274
274
274
274
274
274
274
274
274
274
274
274
274
274
274
274
274
274
274
274
274
274
274
274
274
274
274
274
274
274
274
274
274
274
274
274
274
274
274
274
274
274
274
274
274
274
274
274
274
274
274
274
274
274
274
274
274
274
274
274
274
274
274.006
274.275
283.91
497.644
913.389
995.565
1009.98
1034.61
1075.78
1132.9
1199.77
1275.58
1353.69
1433.19
1530.33
1660.66
1799.71
1851.63
1860.04
1860.03
1874.49
1881.83
1799.47
1751.09
1627.6
1575.81
1564.16
1545.52
1536.33
1534.37
1531.31
1525.12
1518.58
1515.55
1516.79
1501.76
1477.14
1465.8
1457.76
1408.24
1367.46
1310.83
1305.67
1283.54
1305.11
1276.12
1302.69
1329.05
1353.36
1407.75
1446.29
1518.09
1580.76
1651.57
1730.25
1798.87
1869.21
274
274
274
274
274
274
274
274
274
274
274
274
274
274
274
274
274
274
274
274
274
274
274
274
274
274
274
274
274
274
274
274
274
274
274
274
274
274
274
274
274
274
274
274
274
274
274
274
274
274
274
274
274
274
274
274
274
274
274
274
274
274
274
274
274
274
274
274
274.002
274.108
278.209
407.079
840.69
984.069
1003.68
1028.88
1068.72
1121.19
1180.3
1245.16
1320.21
1402.22
1505.98
1647.39
1794.48
1849.36
1859.2
1861.36
1875.36
1888.95
1837.5
1775.29
1632.44
1575.32
1565.27
1551.71
1528.37
1493.99
1472.84
1459.82
1450.72
1448.15
1440.79
1436.55
1434.62
1434.9
1374.88
1339.07
1267.68
1279.78
1234.78
1258.24
1255.21
1239.99
1283.05
1294.68
1327.91
1372.65
1405.32
1471.02
1520.06
1591.17
1680.39
1789.18
1907.78
274
274
274
274
274
274
274
274
274
274
274
274
274
274
274
274
274
274
274
274
274
274
274
274
274
274
274
274
274
274
274
274
274
274
274
274
274
274
274
274
274
274
274
274
274
274
274
274
274
274
274
274
274
274
274
274
274
274
274
274
274
274
274
274
274
274
274
274
274.001
274.041
275.762
339.854
749.777
975.914
996.438
1012.36
1044.89
1093.22
1150.86
1219.37
1299.34
1384.42
1488
1629.45
1785.24
1848.89
1860.27
1861.9
1873.07
1889.12
1857.4
1772.96
1635.9
1550.66
1524.2
1491.39
1462.85
1440.39
1419.22
1404.65
1422.82
1421.77
1415.73
1409.71
1401.62
1367.88
1297.25
1214.67
1208.28
1166.62
1190.55
1190.41
1175.45
1184.39
1206.35
1213.94
1239.37
1254.26
1277.87
1324.71
1375.85
1487.84
1632.77
1802.77
2021.14
274
274
274
274
274
274
274
274
274
274
274
274
274
274
274
274
274
274
274
274
274
274
274
274
274
274
274
274
274
274
274
274
274
274
274
274
274
274
274
274
274
274
274
274
274
274
274
274
274
274
274
274
274
274
274
274
274
274
274
274
274
274
274
274
274
274
274
274
274
274.016
274.757
301.052
632.265
954.312
993.141
1011.3
1040.88
1081.15
1130.67
1195.54
1276.61
1366.34
1470.54
1606.08
1766.67
1843.8
1859.21
1862.67
1874.22
1890.75
1872.73
1770.1
1621.2
1506.66
1471.22
1445.43
1412.67
1397.08
1374.14
1361.59
1374.68
1374.01
1374.72
1370.79
1358.4
1291
1198.34
1183.05
1144.54
1118.22
1150.65
1142.14
1142.01
1157.27
1170.04
1178.39
1195.1
1217.82
1256.62
1342.55
1443.8
1605.05
1740.72
1880
2005.67
274
274
274
274
274
274
274
274
274
274
274
274
274
274
274
274
274
274
274
274
274
274
274
274
274
274
274
274
274
274
274
274
274
274
274
274
274
274
274
274
274
274
274
274
274
274
274
274
274
274
274
274
274
274
274
274
274
274
274
274
274
274
274
274
274
274
274
274
274
274.008
274.403
288.436
545.503
927.483
983.207
1003.82
1035.67
1077.28
1125.96
1185.45
1261.01
1351.21
1455.85
1591.08
1753.17
1838.2
1856.14
1855.3
1872.31
1891.63
1881.55
1774.83
1643.96
1494.47
1454.21
1423.58
1386.19
1366.95
1353.57
1346.21
1353.44
1347.84
1341.64
1332.77
1306.62
1222.76
1192.22
1132.77
1089.52
1093.78
1112.42
1102.18
1102.87
1109.86
1113
1126.33
1146.22
1179.41
1236.48
1334.18
1432.69
1569.05
1631.28
1711.71
1963.88
274
274
274
274
274
274
274
274
274
274
274
274
274
274
274
274
274
274
274
274
274
274
274
274
274
274
274
274
274
274
274
274
274
274
274
274
274
274
274
274
274
274
274
274
274
274
274
274
274
274
274
274
274
274
274
274
274
274
274
274
274
274
274
274
274
274
274
274
274
274.002
274.093
277.857
404.499
842.979
975.763
988.58
1009.78
1046.5
1093.15
1145.65
1215.96
1307.69
1417.12
1553.12
1717.6
1820.6
1842.69
1842.22
1863.76
1885.48
1892.85
1745.25
1598.15
1414.31
1353.31
1330.05
1301.05
1290.69
1281.3
1277.29
1277.27
1263.4
1240.93
1238.85
1180.73
1171.58
1082.15
1028.29
1026.03
1027.05
1024.9
1014.3
1022.81
1035.54
1057.66
1081.12
1101.66
1135.43
1169.16
1204.23
1251.96
1324.77
1456.16
1648.94
1726.17
274
274
274
274
274
274
274
274
274
274
274
274
274
274
274
274
274
274
274
274
274
274
274
274
274
274
274
274
274
274
274
274
274
274
274
274
274
274
274
274
274
274
274
274
274
274
274
274
274
274
274
274
274
274
274
274
274
274
274
274
274
274
274
274
274
274
274
274
274
274
274.009
274.499
293.039
591.007
950.543
985.109
995.064
1023.69
1070.33
1121.72
1182.54
1256.22
1343.07
1451.2
1598.92
1763
1821.62
1825.98
1833.53
1848.12
1856.91
1797.8
1662.55
1467.88
1388.4
1365.68
1336.8
1323.24
1321.67
1303.61
1280.48
1257.93
1217.18
1175.85
1161.86
1045.3
1014.54
978.868
965.175
959.876
965.675
967.239
977.479
988.452
992.767
1007.17
1026.23
1050.17
1104.12
1217.13
1375.78
1548.06
1580.23
1347.48
1202.82
274
274
274
274
274
274
274
274
274
274
274
274
274
274
274
274
274
274
274
274
274
274
274
274
274
274
274
274
274
274
274
274
274
274
274
274
274
274
274
274
274
274
274
274
274
274
274
274
274
274
274
274
274
274
274
274
274
274
274
274
274
274
274
274
274
274
274
274
274
274
274.001
274.055
276.54
370.979
811.086
980.429
989.907
1002.72
1032.64
1077.57
1138.59
1206.76
1279.62
1367.28
1496.36
1684.94
1813.53
1839.32
1833.05
1838.28
1850.8
1849.34
1689.48
1476.81
1351.13
1299.26
1274.02
1243.45
1233.77
1228.97
1212.75
1203.79
1178.33
1119.42
973.339
918.372
900.759
904.447
907.36
920.283
934.57
956.218
972.792
981.162
1006.09
1048.76
1107.84
1196.32
1342.21
1475.64
1534.79
1519.13
1413.03
1296.9
1069.01
274
274
274
274
274
274
274
274
274
274
274
274
274
274
274
274
274
274
274
274
274
274
274
274
274
274
274
274
274
274
274
274
274
274
274
274
274
274
274
274
274
274
274
274
274
274
274
274
274
274
274
274
274
274
274
274
274
274
274
274
274
274
274
274
274
274
274
274
274
274
274
274.005
274.3
286.027
533.891
936.012
987.875
996.421
1011.83
1039.59
1081.95
1138.62
1209.77
1297.19
1414.76
1593.07
1796.54
1863.07
1862.94
1858.3
1852.19
1849.59
1738.63
1607.99
1382.27
1294.7
1277.28
1305.9
1312.33
1307.54
1284.61
1200.45
1098
1026.77
959.463
924.482
918.321
910.267
910.735
929.769
953.293
969.527
999.166
1013.03
1055.19
1107.76
1192.75
1332.03
1435.51
1475.55
1484.32
1381.61
1339.92
1331.15
1175.56
274
274
274
274
274
274
274
274
274
274
274
274
274
274
274
274
274
274
274
274
274
274
274
274
274
274
274
274
274
274
274
274
274
274
274
274
274
274
274
274
274
274
274
274
274
274
274
274
274
274
274
274
274
274
274
274
274
274
274
274
274
274
274
274
274
274
274
274
274
274
274
274.001
274.022
275.17
323.293
723.924
970.575
992.144
1003.43
1019.87
1045.39
1084.36
1141.48
1223.06
1337.53
1506.74
1740.45
1862.91
1879.8
1876.44
1856.54
1826.19
1817.79
1685.2
1633.82
1419.72
1366.71
1370.71
1351.99
1358.2
1350.12
1220.77
1082.69
1032.19
913.203
889.107
876.234
894.16
941.127
949.249
976.109
999.187
1033.27
1059.05
1123.38
1236.19
1341.32
1411.34
1440.55
1447.94
1367.07
1329.18
1420.32
1384.52
1121.35
274
274
274
274
274
274
274
274
274
274
274
274
274
274
274
274
274
274
274
274
274
274
274
274
274
274
274
274
274
274
274
274
274
274
274
274
274
274
274
274
274
274
274
274
274
274
274
274
274
274
274
274
274
274
274
274
274
274
274
274
274
274
274
274
274
274
274
274
274
274
274
274
274.001
274.084
277.919
412.354
854.152
977.468
993.825
1007.23
1024.82
1049.91
1089
1151.49
1248.54
1394.83
1613.91
1827.24
1880.61
1880.1
1867.6
1837.75
1821.34
1816.03
1695.22
1575.15
1436.27
1417.42
1463.35
1518.24
1542.39
1495.84
1490.41
1155.47
1102.55
1061.16
1012.22
976.776
959.786
954.06
1000.99
1053.81
1100.54
1182.17
1283.01
1390.72
1439.99
1450.14
1429.52
1386.55
1368.8
1448.39
1437.7
1302.73
1014.7
274
274
274
274
274
274
274
274
274
274
274
274
274
274
274
274
274
274
274
274
274
274
274
274
274
274
274
274
274
274
274
274
274
274
274
274
274
274
274
274
274
274
274
274
274
274
274
274
274
274
274
274
274
274
274
274
274
274
274
274
274
274
274
274
274
274
274
274
274
274
274
274
274
274.004
274.255
284.815
522.115
922.264
978.224
991.391
1006.21
1025.94
1052.41
1093.99
1161.85
1269.87
1436.16
1675.75
1852.62
1881.68
1868.11
1837.96
1827.42
1854.07
1892.35
1841.53
1774.67
1705.67
1735.47
1845.06
1961.16
1986.37
1961.56
1746.54
1572.51
1413.69
1380.55
1385.47
1437.49
1443.15
1495.93
1537.98
1577.42
1622.5
1637.88
1585.98
1495.65
1461.24
1447.34
1443.26
1518.06
1459.6
1339.93
1123.35
823.757
274
274
274
274
274
274
274
274
274
274
274
274
274
274
274
274
274
274
274
274
274
274
274
274
274
274
274
274
274
274
274
274
274
274
274
274
274
274
274
274
274
274
274
274
274
274
274
274
274
274
274
274
274
274
274
274
274
274
274
274
274
274
274
274
274
274
274
274
274
274
274
274
274
274
274.01
274.589
298.383
630.678
946.816
974.41
985.349
1001.74
1023.69
1051.65
1094.72
1162.76
1271.35
1441.18
1686.37
1847.38
1868.06
1839.29
1821.28
1838.76
1881.85
1888.55
1886.05
1876.25
1944.74
2123.06
2208.83
2239.84
2244.44
2223.32
2105.97
2013.96
1853.61
1698.96
1665.28
1685.07
1737.3
1742.99
1693.87
1668.26
1602.55
1567.36
1559.57
1572.69
1605.91
1550.13
1494.2
1334.15
1138.35
847.376
635.916
274
274
274
274
274
274
274
274
274
274
274
274
274
274
274
274
274
274
274
274
274
274
274
274
274
274
274
274
274
274
274
274
274
274
274
274
274
274
274
274
274
274
274
274
274
274
274
274
274
274
274
274
274
274
274
274
274
274
274
274
274
274
274
274
274
274
274
274
274
274
274
274
274
274
274
274.02
275.104
319.83
709.887
950.575
965.991
975.513
993.394
1015.94
1044.8
1085.81
1148.83
1249.25
1408.24
1645.38
1829.29
1865.27
1866.67
1833.55
1828.38
1864.62
1877.18
1887.52
1927.72
2068.61
2173.71
2207.64
2187.68
2144.51
2146.22
2168.92
2202.9
2210.83
2144.8
2076.02
2023.38
1989.53
1912.52
1851.99
1831.81
1807.4
1775.86
1668.56
1605.51
1472.12
1349.92
1061.44
835.199
663.807
532.041
274
274
274
274
274
274
274
274
274
274
274
274
274
274
274
274
274
274
274
274
274
274
274
274
274
274
274
274
274
274
274
274
274
274
274
274
274
274
274
274
274
274
274
274
274
274
274
274
274
274
274
274
274
274
274
274
274
274
274
274
274
274
274
274
274
274
274
274
274
274
274
274
274
274
274
274.001
274.035
275.704
341.129
751.967
946.086
955.582
963.685
980.891
1002.71
1029.92
1065.91
1120.58
1206.75
1347.32
1573.33
1793.72
1849.06
1829.67
1796.23
1795.33
1781.37
1785.86
1809.73
1861.53
1943.19
1998.63
2021.78
2024.48
2041.9
2080.02
2124.54
2154.31
2139.2
2093.96
2047.02
2018.05
1975.94
1904.28
1836.2
1752.8
1675.81
1503.08
1325.52
1117.46
952.523
779.801
665.549
564.637
476.207
274
274
274
274
274
274
274
274
274
274
274
274
274
274
274
274
274
274
274
274
274
274
274
274
274
274
274
274
274
274
274
274
274
274
274
274
274
274
274
274
274
274
274
274
274
274
274
274
274
274
274
274
274
274
274
274
274
274
274
274
274
274
274
274
274
274
274
274
274
274
274
274
274
274
274
274
274.001
274.049
276.144
352.06
760.005
938.748
945.814
951.308
965.927
985.452
1008.29
1038.07
1082.37
1152.04
1267.51
1461.45
1692.68
1780.31
1775.22
1759.61
1726.32
1692.93
1684.09
1703.16
1743.59
1773.68
1773.24
1764.05
1765.22
1786.75
1816.76
1844.02
1851.76
1833.91
1801.32
1760.38
1705.9
1629.2
1534.68
1390.22
1269.43
1113.57
985.726
859.053
759.49
647.906
571.749
501.923
440.091
274
274
274
274
274
274
274
274
274
274
274
274
274
274
274
274
274
274
274
274
274
274
274
274
274
274
274
274
274
274
274
274
274
274
274
274
274
274
274
274
274
274
274
274
274
274
274
274
274
274
274
274
274
274
274
274
274
274
274
274
274
274
274
274
274
274
274
274
274
274
274
274
274
274
274
274
274
274.001
274.056
276.183
347.016
737.291
929.526
937.3
939.811
950.846
966.453
984.733
1008.21
1040.32
1090.95
1174.38
1307.83
1483.64
1631.43
1684.5
1692.31
1669.51
1646.38
1632.49
1630.39
1634.32
1631.55
1625.98
1622.39
1616.19
1617.4
1637.88
1645.62
1624.38
1572.49
1500.75
1406.98
1293.74
1185.05
1070.64
978.592
877.768
788.548
699.327
630.79
555.914
502.618
453.391
409.822
274
274
274
274
274
274
274
274
274
274
274
274
274
274
274
274
274
274
274
274
274
274
274
274
274
274
274
274
274
274
274
274
274
274
274
274
274
274
274
274
274
274
274
274
274
274
274
274
274
274
274
274
274
274
274
274
274
274
274
274
274
274
274
274
274
274
274
274
274
274
274
274
274
274
274
274
274
274
274.001
274.054
275.813
328.732
681.487
915.644
929.56
929.824
937.077
947.878
962.187
978.313
998.173
1027.69
1078.79
1158.64
1263.04
1380.51
1498.68
1575.87
1600.21
1601.75
1593.41
1582.72
1573.12
1566.65
1566.67
1569.52
1565.17
1548.63
1513.59
1461.22
1386.72
1301.5
1201.6
1087.5
982.11
885.645
804.913
729.006
662.856
597.147
548.571
496.944
457.084
422.265
390.698
274
274
274
274
274
274
274
274
274
274
274
274
274
274
274
274
274
274
274
274
274
274
274
274
274
274
274
274
274
274
274
274
274
274
274
274
274
274
274
274
274
274
274
274
274
274
274
274
274
274
274
274
274
274
274
274
274
274
274
274
274
274
274
274
274
274
274
274
274
274
274
274
274
274
274
274
274
274
274
274.001
274.045
275.252
306.744
594.504
886.569
920.838
920.439
923.355
931.078
940.466
949.889
958.004
969.071
993.326
1032.66
1088.92
1159.42
1248.59
1332.83
1401.04
1445.5
1465.5
1473.8
1473.95
1469.49
1461.47
1439.77
1397.11
1341.43
1274.5
1195.21
1113.86
1022.11
919.724
826.82
750.702
686.931
629.23
581.084
532.918
497.121
459.701
429.234
403.18
381.874
274
274
274
274
274
274
274
274
274
274
274
274
274
274
274
274
274
274
274
274
274
274
274
274
274
274
274
274
274
274
274
274
274
274
274
274
274
274
274
274
274
274
274
274
274
274
274
274
274
274
274
274
274
274
274
274
274
274
274
274
274
274
274
274
274
274
274
274
274
274
274
274
274
274
274
274
274
274
274
274
274.001
274.033
274.737
290.497
488.535
819.225
906.936
909.847
909.818
914.621
919.272
920.445
919.037
920.881
926.414
937.676
961.136
998.249
1040.23
1084.29
1129.22
1177.16
1219.86
1243.63
1243.93
1224.48
1194.31
1154.57
1103.67
1045.41
978.637
914.4
845.646
772.222
706.286
652.135
605.545
562.556
527.472
491.613
464.264
436.561
413.17
394.564
380.135
274
274
274
274
274
274
274
274
274
274
274
274
274
274
274
274
274
274
274
274
274
274
274
274
274
274
274
274
274
274
274
274
274
274
274
274
274
274
274
274
274
274
274
274
274
274
274
274
274
274
274
274
274
274
274
274
274
274
274
274
274
274
274
274
274
274
274
274
274
274
274
274
274
274
274
274
274
274
274
274
274
274.001
274.021
274.381
281.074
385.691
696.758
878.14
895.497
895.509
896.462
896.006
892.31
888.802
885.323
878.634
872.483
873.937
887.831
905.271
925.327
948.215
971.781
985.596
987.271
976.138
953.969
923.774
886.485
845.538
800.458
757.206
712.271
665.116
621.689
584.4
551.345
519.452
493.305
466.116
444.688
423.983
406.541
393.284
382.031
274
274
274
274
274
274
274
274
274
274
274
274
274
274
274
274
274
274
274
274
274
274
274
274
274
274
274
274
274
274
274
274
274
274
274
274
274
274
274
274
274
274
274
274
274
274
274
274
274
274
274
274
274
274
274
274
274
274
274
274
274
274
274
274
274
274
274
274
274
274
274
274
274
274
274
274
274
274
274
274
274
274
274
274.012
274.177
276.586
311.199
528.977
794.031
873.452
878.733
876.828
871.906
866.15
861.095
854.361
844.88
832.072
819.05
813.612
814.667
819.091
824.994
827.378
823.379
812.812
794.949
772.368
745.416
716.817
687.021
657.522
627.798
596.493
566.727
539.999
516.154
492.319
472.396
451.786
434.912
419.519
406.111
395.763
388.302
274
274
274
274
274
274
274
274
274
274
274
274
274
274
274
274
274
274
274
274
274
274
274
274
274
274
274
274
274
274
274
274
274
274
274
274
274
274
274
274
274
274
274
274
274
274
274
274
274
274
274
274
274
274
274
274
274
274
274
274
274
274
274
274
274
274
274
274
274
274
274
274
274
274
274
274
274
274
274
274
274
274
274
274
274.005
274.074
274.867
284.198
379.188
630.287
819.124
856.864
855.577
849.411
841.684
833.453
825.022
815.511
803.7
789.642
776.053
764.289
754.375
745.606
735.277
722.87
707.18
688.953
668.429
646.558
624.633
602.108
579.73
556.573
534.414
513.91
495.653
477.295
461.702
445.897
432.288
419.623
408.517
398.958
390.101
274
274
274
274
274
274
274
274
274
274
274
274
274
274
274
274
274
274
274
274
274
274
274
274
274
274
274
274
274
274
274
274
274
274
274
274
274
274
274
274
274
274
274
274
274
274
274
274
274
274
274
274
274
274
274
274
274
274
274
274
274
274
274
274
274
274
274
274
274
274
274
274
274
274
274
274
274
274
274
274
274
274
274
274
274
274.002
274.028
274.282
276.608
297.625
432.571
667.976
808.13
830.711
826.002
818.953
808.386
797.361
787.965
778.042
766.315
752.638
737.629
722.083
705.779
689.064
672.395
654.815
635.814
615.429
596.15
576.337
557.633
538.69
520.425
502.837
486.758
470.594
456.112
441.445
428.162
416.348
405.813
396.669
388.832
274
274
274
274
274
274
274
274
274
274
274
274
274
274
274
274
274
274
274
274
274
274
274
274
274
274
274
274
274
274
274
274
274
274
274
274
274
274
274
274
274
274
274
274
274
274
274
274
274
274
274
274
274
274
274
274
274
274
274
274
274
274
274
274
274
274
274
274
274
274
274
274
274
274
274
274
274
274
274
274
274
274
274
274
274
274
274.001
274.01
274.084
274.652
278.938
309.682
446.488
648.838
768.559
796.655
793.838
785.155
773.968
761.047
747.814
735.266
722.017
707.631
692.062
675.441
658.237
640.418
621.737
602.985
584.014
564.908
546.476
527.868
509.818
492.18
475.951
460.293
446.674
434.188
423.075
412.925
403.692
395.362
385.148
274
274
274
274
274
274
274
274
274
274
274
274
274
274
274
274
274
274
274
274
274
274
274
274
274
274
274
274
274
274
274
274
274
274
274
274
274
274
274
274
274
274
274
274
274
274
274
274
274
274
274
274
274
274
274
274
274
274
274
274
274
274
274
274
274
274
274
274
274
274
274
274
274
274
274
274
274
274
274
274
274
274
274
274
274
274
274
274
274.003
274.024
274.161
275
280.042
307.399
412.35
575.505
693.72
746.364
753.109
745.114
732.692
717.843
701.637
685.41
669.409
653.273
636.742
619.542
601.635
583.496
565.377
547.323
529.974
512.864
496.863
481.741
468.057
454.931
442.411
430.872
419.497
405.538
382.698
348.062
310.081
274
274
274
274
274
274
274
274
274
274
274
274
274
274
274
274
274
274
274
274
274
274
274
274
274
274
274
274
274
274
274
274
274
274
274
274
274
274
274
274
274
274
274
274
274
274
274
274
274
274
274
274
274
274
274
274
274
274
274
274
274
274
274
274
274
274
274
274
274
274
274
274
274
274
274
274
274
274
274
274
274
274
274
274
274
274
274
274
274
274.001
274.006
274.037
274.207
275.029
278.794
293.761
348.337
451.309
566.826
641.832
678.862
684.41
676.682
664.021
649.114
633.433
617.193
600.39
583.24
566.39
549.946
533.562
517.834
502.529
488.287
474.434
460.2
443.534
418.58
386.226
348.894
311.858
291.353
282.688
278.05
274
274
274
274
274
274
274
274
274
274
274
274
274
274
274
274
274
274
274
274
274
274
274
274
274
274
274
274
274
274
274
274
274
274
274
274
274
274
274
274
274
274
274
274
274
274
274
274
274
274
274
274
274
274
274
274
274
274
274
274
274
274
274
274
274
274
274
274
274
274
274
274
274
274
274
274
274
274
274
274
274
274
274
274
274
274
274
274
274
274
274
274.001
274.009
274.041
274.178
274.709
276.493
281.99
296.415
330.764
388.194
461.144
517.298
552.235
569.91
575.093
571.297
561.899
549.53
535.359
519.458
500.99
479.572
454.274
425.38
391.483
354.741
318.133
296.976
287.288
281.437
277.971
276.092
275.023
274.485
274
274
274
274
274
274
274
274
274
274
274
274
274
274
274
274
274
274
274
274
274
274
274
274
274
274
274
274
274
274
274
274
274
274
274
274
274
274
274
274
274
274
274
274
274
274
274
274
274
274
274
274
274
274
274
274
274
274
274
274
274
274
274
274
274
274
274
274
274
274
274
274
274
274
274
274
274
274
274
274
274
274
274
274
274
274
274
274
274
274
274
274
274
274.001
274.008
274.031
274.104
274.329
274.924
276.293
279.183
284.643
293.146
303.809
316.161
327.55
337.923
345.486
346.279
340.382
328.709
315.455
305.57
296.924
289.854
284.43
280.52
277.914
276.35
275.374
274.778
274.438
274.241
274.125
274.062
274
274
274
274
274
274
274
274
274
274
274
274
274
274
274
274
274
274
274
274
274
274
274
274
274
274
274
274
274
274
274
274
274
274
274
274
274
274
274
274
274
274
274
274
274
274
274
274
274
274
274
274
274
274
274
274
274
274
274
274
274
274
274
274
274
274
274
274
274
274
274
274
274
274
274
274
274
274
274
274
274
274
274
274
274
274
274
274
274
274
274
274
274
274
274
274.001
274.005
274.017
274.045
274.109
274.247
274.508
274.947
275.575
276.35
277.161
277.874
278.357
278.487
278.296
277.82
277.168
276.498
275.851
275.305
274.873
274.57
274.367
274.234
274.146
274.088
274.052
274.029
274.015
274.007
274
274
274
274
274
274
274
274
274
274
274
274
274
274
274
274
274
274
274
274
274
274
274
274
274
274
274
274
274
274
274
274
274
274
274
274
274
274
274
274
274
274
274
274
274
274
274
274
274
274
274
274
274
274
274
274
274
274
274
274
274
274
274
274
274
274
274
274
274
274
274
274
274
274
274
274
274
274
274
274
274
274
274
274
274
274
274
274
274
274
274
274
274
274
274
274
274
274.001
274.002
274.006
274.014
274.029
274.054
274.091
274.139
274.192
274.244
274.284
274.301
274.298
274.277
274.24
274.197
274.152
274.113
274.081
274.056
274.038
274.025
274.016
274.01
274.006
274.003
274.001
274.001
274
274
274
274
274
274
274
274
274
274
274
274
274
274
274
274
274
274
274
274
274
274
274
274
274
274
274
274
274
274
274
274
274
274
274
274
274
274
274
274
274
274
274
274
274
274
274
274
274
274
274
274
274
274
274
274
274
274
274
274
274
274
274
274
274
274
274
274
274
274
274
274
274
274
274
274
274
274
274
274
274
274
274
274
274
274
274
274
274
274
274
274
274
274
274
274
274
274
274
274
274.001
274.001
274.003
274.006
274.009
274.013
274.018
274.021
274.023
274.024
274.023
274.02
274.017
274.014
274.01
274.008
274.005
274.003
274.002
274.001
274.001
274.001
274
274
274
274
274
274
274
274
274
274
274
274
274
274
274
274
274
274
274
274
274
274
274
274
274
274
274
274
274
274
274
274
274
274
274
274
274
274
274
274
274
274
274
274
274
274
274
274
274
274
274
274
274
274
274
274
274
274
274
274
274
274
274
274
274
274
274
274
274
274
274
274
274
274
274
274
274
274
274
274
274
274
274
274
274
274
274
274
274
274
274
274
274
274
274
274
274
274
274
274
274
274
274
274
274
274
274
274
274.001
274.001
274.001
274.002
274.002
274.002
274.001
274.001
274.001
274.001
274.001
274
274
274
274
274
274
274
274
274
274
274
274
274
274
274
274
274
274
274
274
274
274
274
274
274
274
274
274
274
274
274
274
274
274
274
274
274
274
274
274
274
274
274
274
274
274
274
274
274
274
274
274
274
274
274
274
274
274
274
274
274
274
274
274
274
274
274
274
274
274
274
274
274
274
274
274
274
274
274
274
274
274
274
274
274
274
274
274
274
274
274
274
274
274
274
274
274
274
274
274
274
274
274
274
274
274
274
274
274
274
274
274
274
274
274
274
274
274
274
274
274
274
274
274
274
274
274
274
274
274
274
274
274
274
274.002
274.002
274.002
274.002
274.002
274.002
274.002
274.002
274.002
274.002
274.002
274.002
274.002
274.002
274.002
274.002
274.002
274.002
274.002
274.002
274.002
274.002
274.002
274.002
274.002
274.002
274.002
274.002
274.002
274.002
274.002
274.002
274.002
274.002
274.002
274.002
274.002
274.002
274.002
274.002
274.002
274.002
274.002
274.002
274.002
274.002
274.002
274.002
274.002
274.002
274.002
274.002
274.002
274.002
274.002
274.002
274.002
274.002
274.002
274.002
274.002
274.002
274.002
274.002
274.002
274.002
274.002
274.002
274.002
274.002
274.002
274.002
274.002
274.002
274.002
274.002
274.002
274.002
274.002
274.002
274.002
274.002
274.002
274.002
274.002
274.002
274.002
274.002
274.002
274.002
274.002
274.002
274.002
274.002
274.002
274.002
274.002
274.002
274.002
274.002
274.002
274.002
274.002
274.002
274.002
274.002
274.002
274.002
274.002
274.002
274.002
274.002
274.002
274.002
274.002
274.002
274.002
274.002
274.002
274.002
274.002
274.002
274.002
274.002
274.002
)
;

boundaryField
{
    wall
    {
        type            zeroGradient;
    }
    inlet
    {
        type            fixedValue;
        value           uniform 3673;
    }
    outlet-1
    {
        type            inletOutlet;
        inletValue      uniform 274;
        value           uniform 274;
    }
    outlet-2
    {
        type            inletOutlet;
        inletValue      uniform 274;
        value           nonuniform List<scalar> 
89
(
274.002
274
274
274
274
274
274
274
274
274
274
274
274
274
274
274
274
274
274
274
274
274
274
274
274
274
274
274
274
274
274
274
274
274
274
274
274
274
274
274
274
274
274
274
274
274
274
274
274
274
274
274
274
274
274
274
274
274
274
274
274
274
274
274
274
274
274
274
274
274
274
274
274
274
274
274
274
274
274
274
274
274
274
274
274
274
274
274
274.002
)
;
    }
    frontAndBackPlanes
    {
        type            empty;
    }
}


// ************************************************************************* //
