/*--------------------------------*- C++ -*----------------------------------*\
| =========                 |                                                 |
| \\      /  F ield         | OpenFOAM: The Open Source CFD Toolbox           |
|  \\    /   O peration     | Version:  2112                                  |
|   \\  /    A nd           | Website:  www.openfoam.com                      |
|    \\/     M anipulation  |                                                 |
\*---------------------------------------------------------------------------*/
FoamFile
{
    version     2.0;
    format      ascii;
    arch        "LSB;label=32;scalar=64";
    class       volScalarField;
    location    "0.00078";
    object      T;
}
// * * * * * * * * * * * * * * * * * * * * * * * * * * * * * * * * * * * * * //

dimensions      [0 0 0 1 0 0 0];

internalField   nonuniform List<scalar> 
13875
(
1411.77
1535.49
1482.78
1485.55
1481.5
1482.61
1482.55
1482.46
1483.26
1482.88
1483.6
1483.81
1484.25
1483.46
1484.35
1484.62
1482.82
1482.39
1482.17
1482.84
1480.77
1487.71
1481.89
1538.82
1410.34
1306.74
1356.52
1319.18
1321.71
1317.84
1316.82
1316.46
1316.43
1317.39
1317.48
1319.63
1318.63
1321.98
1322.56
1323.66
1322.81
1317.92
1316.25
1315.68
1316.61
1317.02
1322.33
1319.79
1356.65
1302.56
1306.56
1339.84
1315.11
1309.52
1304.11
1303.92
1302.91
1302.04
1302.67
1302.6
1303.18
1303.35
1303.93
1305.4
1306.47
1305.25
1304.34
1303.35
1302.76
1303.85
1304.42
1314.09
1315.24
1344.23
1304.08
1316.9
1345.15
1315.3
1309.11
1305.31
1304.62
1303.28
1302.14
1302.69
1302.69
1303.29
1303.32
1303.72
1304.36
1304.42
1304.47
1304.45
1303.49
1303.07
1304.27
1306
1310.49
1316.73
1344.57
1316.55
1329.2
1342.02
1316.16
1311.41
1303.82
1303.95
1303.21
1302.35
1302.79
1302.75
1303.57
1303.44
1304.09
1304.55
1304.62
1304.5
1304.59
1304.01
1303.41
1303.66
1304.39
1314.9
1316.5
1347.39
1321.19
1332.05
1352.12
1319.4
1311.44
1307.38
1306.05
1304.38
1303.1
1303.19
1303.15
1304.16
1303.72
1304.35
1304.61
1304.52
1304.74
1304.86
1304.57
1304.64
1306.33
1308.52
1310.24
1322.76
1351.37
1332.26
1339
1361
1329.8
1317.21
1307.4
1306.11
1304.93
1303.91
1303.97
1303.95
1305.01
1304.38
1305.2
1305.17
1305.23
1304.98
1305.4
1305.26
1305.51
1306.73
1309.34
1321.47
1332.73
1377.6
1332.67
1361.46
1386.87
1346.15
1322.7
1317.11
1311.88
1308.75
1306.73
1306.03
1305.61
1306.47
1305.94
1306.69
1306.49
1306.4
1306.48
1306.87
1307.56
1309.74
1313.83
1318.81
1324.34
1352.12
1397.58
1374.57
1534.92
1509.89
1390.51
1351.61
1324.92
1316.58
1312.72
1310.35
1309.69
1308.88
1309.47
1309.37
1310.07
1309.51
1308.9
1309.15
1309.7
1310.93
1314.31
1318.59
1329.57
1364.34
1408.4
1554.51
1543.08
1863.64
1592.06
1440.38
1369.11
1346.36
1329.59
1322.27
1318.97
1317.48
1316.12
1316.12
1316.49
1317.08
1316.17
1315.54
1315.81
1317.35
1319.71
1324.41
1334.05
1348.64
1377.15
1471.19
1630.54
1938.28
2523.39
1808.84
1545.89
1434.24
1371.05
1349.37
1340.3
1336.05
1333.64
1331.7
1331.07
1331.72
1332.29
1331.14
1330.72
1331.08
1332.39
1335.14
1341.21
1352.77
1380.71
1446.91
1602.62
1941.06
2525.5
2889.2
2322.9
2187.74
1546.45
1454.55
1414.65
1387.89
1379.82
1373.43
1370.01
1368.27
1368.26
1368.54
1367.31
1367.37
1368.3
1370.8
1377.01
1386.88
1420.82
1461.08
1582.4
2418.38
2413.09
2948.73
2850.22
2812.73
2688.04
2385.96
1668.18
1558.93
1532.59
1511.87
1500.73
1493.69
1490.02
1487.24
1486.5
1485.49
1486.44
1489.25
1495.4
1507.45
1527.98
1564.18
1741.67
2223.96
2766.03
2714.44
2909.03
2772.71
2780.18
2869.17
2864.46
2263.37
2270.47
2069.37
1984.48
1926.88
1894.95
1875.4
1861.37
1862.72
1859.15
1862.49
1875.85
1905.59
1960.24
2088.12
2169.98
2409.52
2713.82
2756.76
2708.84
2838.35
2650.19
2729.35
2862.57
2852.88
2885.08
3178.26
3394.08
3511.98
3683.42
3662.98
3672.29
3646.63
3625.48
3621.38
3641.38
3653.97
3681.62
3569.51
3461.39
3227.83
2820.8
2707.02
2730.17
2724.7
2806.51
2535.26
2710.52
2885.63
2991.95
3011.13
3337.4
3556.91
3650.86
3676.84
3651.77
3622.42
3598.79
3577.5
3584.94
3609.16
3638.19
3672.71
3699.53
3624.12
3367.12
2909.78
2850.99
2820.62
2686.18
2724.11
2490.49
2635.26
2743.62
2942.83
3042.6
3343.99
3529.01
3624.03
3643.24
3617.15
3588.21
3572.38
3560.23
3564.91
3581.5
3612.05
3649.82
3677.37
3605.04
3362.08
3011.19
2750.93
2672.46
2633.44
2645.35
2308.87
2645.47
2827.58
2951.49
2961.62
3185.38
3327.68
3416.57
3453.62
3450.79
3439.93
3441.28
3446.4
3447.29
3450.68
3459.97
3463.36
3449.45
3364.58
3173.19
2950.34
2855.72
2825.38
2580.45
2481.31
2234.29
2338.93
2602.5
2749.98
2750.12
2889.68
3073.33
3219.61
3322.57
3354.4
3352.6
3356.9
3363.05
3359.23
3351.76
3352.84
3350.07
3268.94
3080.39
2861.93
2669.56
2638.56
2552.27
2460.26
2443.51
2338.66
2295.84
2389.9
2509.62
2543.52
2631.32
2838.26
3019.7
3171.69
3250.39
3272.31
3282.57
3287.05
3279.55
3266.04
3252.87
3199.09
3037.06
2815.01
2587.09
2475.74
2463.24
2384.52
2348.26
2510.94
2685.5
2223.39
2200.69
2316.45
2390.47
2479.89
2676.04
2862.99
3026.95
3133.84
3179
3196.47
3200.57
3191.8
3173.81
3138.64
3041.02
2848.55
2632.75
2434.33
2353.38
2276.54
2206.61
2244.93
2770.97
2960.02
2107.33
2033.09
2176.82
2266.06
2374.64
2553.04
2724.39
2888.86
3013.32
3075.49
3099.88
3104.1
3093.6
3069.26
3015.41
2891.19
2694.07
2501.89
2332.94
2240.25
2142.97
2078.78
2132.77
2934.6
2968.73
2117.36
1936.47
2052.79
2176.58
2294.07
2447.97
2602.36
2758.22
2889.95
2963.23
2995.14
3001.6
2990.24
2960.51
2893.13
2759.39
2573.74
2398.21
2257.77
2147.67
2033.53
1984.63
2162.01
3000.69
2856.93
2126.35
1940.79
1997.89
2110.98
2218.11
2367.88
2501.96
2648.76
2774.32
2853.25
2889.83
2896.53
2886.21
2853.35
2778.71
2645.99
2471.01
2317.71
2182.4
2080.19
1965.38
1988.61
2125.04
2846.01
2827.06
2070.53
1950.36
1957.45
2071.06
2162.66
2279.9
2405.27
2544.43
2665.2
2745.09
2782.29
2789.4
2779.4
2744.91
2665.41
2534.45
2369.96
2227.14
2126.51
2038.16
1922.11
1986.61
2130.75
2861.62
2967.91
2180.82
1989.74
1951.72
2039.34
2092.43
2196.97
2306.66
2433.2
2551.3
2635.19
2672.18
2679.21
2670.97
2637.13
2555.61
2426.2
2278.46
2147.74
2058.37
2010.05
1921.87
2009.36
2205.39
2990.04
2968.81
2275.26
2013.03
1957.59
2015.85
2050.34
2125.01
2212.89
2343.24
2451.8
2532.94
2567.06
2572.99
2564.88
2531.48
2452.23
2334.69
2187.66
2080.77
2016.32
1984.91
1927.26
2002.1
2293.4
3008.94
2993.56
2322.69
2040.55
1969.95
2003.3
1998.53
2043.31
2155.1
2261.62
2365.2
2435.22
2464.1
2469.76
2462.25
2433.66
2363.44
2249.26
2134.6
2007.99
1972.49
1978.91
1935.51
2044.15
2370.69
3011.97
3014.05
2353.88
2087.86
1991.43
1986.98
1945.2
2005.83
2072.68
2173.38
2268.54
2336.31
2364.93
2368.98
2362.5
2333.49
2266.69
2166.59
2058.52
1984.85
1929.15
1971.61
1970.77
2066.21
2343.88
2975.3
2991.22
2353.34
2112.71
2008.22
1948.18
1933.7
1947.51
2028.02
2118.19
2189.28
2245.46
2268.97
2274.06
2266.54
2240.94
2184.61
2104.18
2009.9
1928.26
1925.87
1940.37
1999.94
2111.35
2348.89
2972.44
2934.02
2361.18
2135.97
2024.11
1982.29
1902.41
1934.08
1992.86
2048.02
2123.57
2169.82
2188.72
2190.43
2186.04
2165.38
2115.66
2038.28
1971.63
1915.26
1896.55
1966.82
2010.85
2123.53
2356.79
2942.7
2891.93
2374.69
2158.64
2051.91
1976.05
1877.87
1914.41
1935.35
1997.55
2045.64
2087.11
2104.95
2107.98
2102.44
2082.92
2044.59
1985.22
1916.21
1901.91
1872.19
1969.93
2031.73
2149.36
2336.6
2874.29
2886.09
2344.77
2147.25
2076.45
1933.47
1907.98
1861.91
1921
1939.48
1987.54
2019.1
2031.72
2034.07
2029.02
2015.52
1980.59
1934.07
1904.12
1839.54
1891.53
1925.39
2061.72
2152.77
2341.51
2862.76
2836.08
2369.9
2144.56
2057.65
1995.19
1892.22
1875.06
1872.71
1904.95
1939.1
1962.76
1972.3
1970.51
1970.61
1959.44
1939.3
1895.5
1854.66
1855.09
1878.83
1984.69
2048.96
2149.5
2385.4
2839.06
2805.63
2396.35
2167.64
2084.47
1998.32
1931.68
1854.86
1857.56
1869.63
1886.46
1902.24
1910.11
1911.85
1907.27
1898.64
1881.72
1865.17
1850.99
1845.72
1908.96
1988.94
2083.64
2171.19
2398.32
2788.58
2768.32
2395.58
2166.83
2113.2
1995.37
1948.81
1879.28
1862.48
1825.75
1849.42
1856.16
1857.87
1858.77
1856.88
1854.28
1848.77
1822.09
1851.75
1858.71
1942.25
1985.65
2121.88
2179.94
2407.05
2762.01
2705.56
2403.07
2174.44
2133.21
2083.65
1926.83
1909.18
1825.33
1855.02
1823.98
1819.66
1819.59
1813.46
1816.72
1815.7
1817.4
1847.08
1816.5
1898.82
1918.47
2080.31
2134.53
2183.4
2406.52
2713.55
2691.4
2432.04
2197.88
2145.43
2134.96
2042.09
1871.71
1884.61
1812.58
1811.48
1791.03
1778.11
1774.59
1777.44
1788.73
1812.81
1803.51
1877.32
1878.04
2019.59
2137.77
2140.68
2194.63
2422.81
2676.23
2674.98
2480.08
2239.62
2163.11
2154.74
2121.11
1991.92
1862.2
1854.45
1810.51
1782.01
1759.62
1750.98
1754.64
1776.96
1809.4
1848.21
1847.52
1986.11
2109.68
2150.13
2155.76
2235.87
2479.39
2678.92
2672.16
2517.57
2307.02
2189.38
2165.48
2138.26
2090.57
1959.41
1855.55
1813.23
1785.56
1753.62
1738.79
1751.43
1783.62
1805.21
1853.99
1949.52
2083.85
2141.52
2169.79
2198.6
2304.88
2531.05
2674.83
2668.29
2555.2
2383.58
2256.77
2191.09
2153.92
2127.23
2066.48
1886.91
1831.92
1774.37
1754.58
1735.63
1751.53
1767.09
1828.36
1881.59
2073.18
2130.39
2159.28
2199.05
2255.18
2381.41
2558.52
2660.03
2583.36
2559.66
2441.06
2304.29
2226.22
2170.02
2139.03
2104.75
2041.22
1838.31
1795.37
1743.2
1735.61
1741.89
1793.65
1841.37
2044.97
2107.55
2142.35
2178.27
2231.3
2307.8
2444.24
2560.04
2580.23
2299.41
2526.69
2455.97
2350.5
2249.47
2182.46
2142.87
2117.09
2089.5
1980.63
1813.28
1743.66
1739.62
1741.39
1806.4
1980.98
2093.35
2119.08
2150.05
2191.91
2253.61
2351.13
2452.34
2520.07
2276.04
2010.76
2364.43
2433.67
2360.4
2268.89
2193.67
2145.33
2117.28
2095.52
2068.06
1924.6
1788.2
1756.94
1787.15
1921.43
2072.11
2098.45
2118.81
2154.2
2201.54
2274.11
2359.08
2429.9
2361.43
1996.54
1805.78
2180.99
2354.95
2343.22
2271.85
2196.12
2141.77
2108.02
2084.19
2069.73
2041.46
1851.71
1800.43
1856.73
2040.82
2072.15
2087.12
2112.01
2152.35
2205.02
2277.27
2343.75
2352.72
2170.09
1798.5
1673.45
2042.6
2261.18
2296.33
2262.34
2196.27
2135.42
2098.75
2079.46
2067.1
2042.21
1944.74
1881.61
1943.07
2041.42
2067.48
2085.51
2105.94
2145.66
2203.05
2266.32
2295.48
2258.01
2027.51
1672.2
1597.39
1935.47
2165.78
2239.51
2233.06
2193.39
2137.64
2102.03
2087.81
2080.95
2091.48
2098.73
2069.07
2095.39
2093.2
2083.13
2093.6
2112.83
2147.17
2198.47
2237.36
2245.95
2170.13
1942.19
1590.18
1547.22
1876.12
2116.85
2200.69
2214.09
2190.57
2145.2
2116.22
2104.5
2108.92
2146.2
2279.94
2366.27
2276.93
2149.3
2112
2107.75
2123.82
2151.3
2197.11
2219.51
2206.2
2118.92
1872.78
1538.02
1521.94
1808.26
2059.34
2177.29
2194.91
2172.55
2139.39
2118.88
2122.33
2147.87
2229.26
2377.89
2500.21
2380.61
2233.56
2150.48
2123.68
2123.41
2139.46
2179.13
2199.55
2180.48
2057.01
1801.75
1519.63
1447.52
1758.95
1998.8
2136.02
2173.48
2156.64
2129.17
2117.46
2124.8
2156.46
2241.28
2379.5
2474.51
2383.07
2245.94
2159.34
2126.29
2119.29
2127.97
2155.18
2173.26
2133.3
1994.09
1753.03
1449.28
273.996
274.3
274.534
274.503
274.433
274.251
274.122
274.053
274.02
274.007
274.002
274
274
274
274
274
274
274
274
274
274
274
274
274
273.999
273.999
273.996
274.004
273.987
274.016
274.376
274.589
274.796
274.685
274.567
274.321
274.155
274.066
274.025
274.008
274.002
274
274
274
274
274
274
274
274
274
274
274
274
273.999
273.999
273.998
273.996
274.004
273.988
274.016
274.395
274.642
274.835
274.745
274.621
274.343
274.164
274.069
274.025
274.008
274.002
274
274
274
274
274
274
274
274
274
274
274
274
273.999
273.999
273.998
273.997
274.003
273.994
274.01
274.346
274.655
274.873
274.794
274.66
274.356
274.17
274.07
274.025
274.008
274.002
274
274
274
274
274
274
274
274
274
274
274
274
273.999
273.999
273.999
273.998
274.002
273.997
274.007
274.307
274.727
274.902
274.825
274.682
274.357
274.17
274.07
274.025
274.007
274.002
274
274
274
274
274
274
274
274
274
274
274
274
274
273.999
273.999
273.999
274.001
273.999
274.005
274.299
274.827
274.924
274.829
274.683
274.352
274.168
274.068
274.024
274.007
274.002
274
274
274
274
274
274
274
274
274
274
274
274
274
273.999
273.999
273.999
274.001
273.999
274.005
274.303
274.917
274.934
274.823
274.675
274.341
274.163
274.065
274.022
274.006
274.001
274
274
274
274
274
274
274
274
274
274
274
274
274
274
273.999
273.999
274
274
274.004
274.306
274.975
274.933
274.801
274.658
274.322
274.155
274.06
274.019
274.005
274.001
274
274
274
274
274
274
274
274
274
274
274
274
274
274
273.999
273.999
274
274
274.003
274.32
274.996
274.935
274.751
274.629
274.294
274.141
274.053
274.017
274.005
274.001
274
274
274
274
274
274
274
274
274
274
274
274
274
274
274
273.999
274
274
274.002
274.411
275.002
274.929
274.681
274.585
274.266
274.129
274.049
274.016
274.004
274.001
274
274
274
274
274
274
274
274
274
274
274
274
274
274
274
274
273.999
274
274.001
274.442
274.94
274.896
274.612
274.538
274.244
274.12
274.045
274.014
274.004
274.001
274
274
274
274
274
274
274
274
274
274
274
274
274
274
274
274
274
274
274.001
274.455
274.821
274.814
274.557
274.493
274.225
274.111
274.042
274.013
274.003
274.001
274
274
274
274
274
274
274
274
274
274
274
274
274
274
274
274
274
274
274.001
274.467
274.734
274.741
274.511
274.45
274.207
274.102
274.038
274.012
274.003
274.001
274
274
274
274
274
274
274
274
274
274
274
274
274
274
274
274
274
274
274.001
274.452
274.665
274.671
274.467
274.409
274.188
274.093
274.035
274.011
274.003
274.001
274
274
274
274
274
274
274
274
274
274
274
274
274
274
274
274
274
274
274.001
274.378
274.602
274.604
274.423
274.37
274.171
274.084
274.031
274.01
274.002
274
274
274
274
274
274
274
274
274
274
274
274
274
274
274
274
274
274
274
274.001
274.335
274.537
274.539
274.38
274.331
274.153
274.076
274.028
274.009
274.002
274
274
274
274
274
274
274
274
274
274
274
274
274
274
274
274
274
274
274
274.001
274.293
274.471
274.474
274.336
274.294
274.136
274.068
274.025
274.008
274.002
274
274
274
274
274
274
274
274
274
274
274
274
274
274
274
274
274
274
274
274.001
274.25
274.402
274.408
274.29
274.256
274.119
274.059
274.022
274.007
274.002
274
274
274
274
274
274
274
274
274
274
274
274
274
274
274
274
274
274
274
274.001
274.215
274.337
274.345
274.241
274.217
274.1
274.051
274.019
274.006
274.001
274
274
274
274
274
274
274
274
274
274
274
274
274
274
274
274
274
274
274
274.001
274.251
274.309
274.294
274.193
274.177
274.081
274.041
274.015
274.005
274.001
274
274
274
274
274
274
274
274
274
274
274
274
274
274
274
274
274
274
274
274.001
274.556
274.549
274.317
274.155
274.141
274.061
274.032
274.011
274.003
274.001
274
274
274
274
274
274
274
274
274
274
274
274
274
274
274
274
274
274
274
274.001
276.474
276.636
274.889
274.201
274.117
274.043
274.022
274.008
274.002
274
274
274
274
274
274
274
274
274
274
274
274
274
274
274
274
274
274
274
274
274.001
280.765
294.452
279.48
274.912
274.17
274.031
274.014
274.004
274.001
274
274
274
274
274
274
274
274
274
274
274
274
274
274
274
274
274
274
274
274
274.001
272.397
345.674
317.206
281.739
274.723
274.069
274.009
274.001
274
274
274
274
274
274
274
274
274
274
274
274
274
274
274
274
274
274
274
274
274
274.001
151.222
531.758
466.973
342.814
278.46
274.38
274.027
273.999
273.999
274
274
274
274
274
274
274
274
274
274
274
274
274
274
274
274
274
274
274
274
274.001
274.016
273.987
274.004
273.996
273.999
273.999
274
274
274
274
274
274
274
274
274
274
274
274
274
274.002
274.007
274.02
274.053
274.122
274.251
274.433
274.503
274.534
274.3
273.996
274.016
273.988
274.004
273.996
273.998
273.999
273.999
274
274
274
274
274
274
274
274
274
274
274
274
274.002
274.008
274.025
274.066
274.155
274.321
274.567
274.685
274.796
274.589
274.376
274.01
273.994
274.003
273.997
273.998
273.999
273.999
274
274
274
274
274
274
274
274
274
274
274
274
274.002
274.008
274.025
274.069
274.164
274.343
274.621
274.744
274.835
274.642
274.395
274.007
273.997
274.002
273.998
273.999
273.999
273.999
274
274
274
274
274
274
274
274
274
274
274
274
274.002
274.008
274.025
274.07
274.169
274.356
274.66
274.794
274.873
274.655
274.346
274.005
273.999
274.001
273.999
273.999
273.999
274
274
274
274
274
274
274
274
274
274
274
274
274
274.002
274.007
274.025
274.069
274.17
274.357
274.683
274.825
274.902
274.726
274.307
274.005
273.999
274.001
273.999
273.999
273.999
274
274
274
274
274
274
274
274
274
274
274
274
274
274.002
274.007
274.024
274.068
274.168
274.352
274.683
274.829
274.924
274.827
274.299
274.004
274
274
273.999
273.999
274
274
274
274
274
274
274
274
274
274
274
274
274
274
274.001
274.006
274.022
274.065
274.163
274.341
274.675
274.823
274.934
274.917
274.303
274.003
274
274
273.999
273.999
274
274
274
274
274
274
274
274
274
274
274
274
274
274
274.001
274.005
274.019
274.06
274.155
274.322
274.658
274.801
274.933
274.974
274.306
274.002
274
274
273.999
274
274
274
274
274
274
274
274
274
274
274
274
274
274
274
274.001
274.005
274.017
274.053
274.141
274.294
274.629
274.751
274.935
274.996
274.32
274.001
274
273.999
274
274
274
274
274
274
274
274
274
274
274
274
274
274
274
274
274.001
274.004
274.016
274.049
274.129
274.266
274.585
274.681
274.929
275.002
274.411
274.001
274
274
274
274
274
274
274
274
274
274
274
274
274
274
274
274
274
274
274.001
274.004
274.014
274.045
274.12
274.244
274.537
274.612
274.895
274.94
274.443
274.001
274
274
274
274
274
274
274
274
274
274
274
274
274
274
274
274
274
274
274.001
274.003
274.013
274.042
274.111
274.225
274.493
274.557
274.814
274.821
274.455
274.001
274
274
274
274
274
274
274
274
274
274
274
274
274
274
274
274
274
274
274.001
274.003
274.012
274.038
274.102
274.207
274.45
274.511
274.741
274.734
274.467
274.001
274
274
274
274
274
274
274
274
274
274
274
274
274
274
274
274
274
274
274.001
274.003
274.011
274.035
274.093
274.188
274.409
274.467
274.671
274.665
274.452
274.001
274
274
274
274
274
274
274
274
274
274
274
274
274
274
274
274
274
274
274
274.002
274.01
274.031
274.084
274.171
274.37
274.423
274.604
274.602
274.377
274.001
274
274
274
274
274
274
274
274
274
274
274
274
274
274
274
274
274
274
274
274.002
274.009
274.028
274.076
274.153
274.331
274.38
274.539
274.537
274.335
274.001
274
274
274
274
274
274
274
274
274
274
274
274
274
274
274
274
274
274
274
274.002
274.008
274.025
274.068
274.136
274.294
274.336
274.474
274.471
274.293
274.001
274
274
274
274
274
274
274
274
274
274
274
274
274
274
274
274
274
274
274
274.002
274.007
274.022
274.059
274.119
274.256
274.29
274.408
274.402
274.25
274.001
274
274
274
274
274
274
274
274
274
274
274
274
274
274
274
274
274
274
274
274.001
274.006
274.019
274.051
274.1
274.217
274.241
274.344
274.337
274.215
274.001
274
274
274
274
274
274
274
274
274
274
274
274
274
274
274
274
274
274
274
274.001
274.005
274.015
274.041
274.081
274.177
274.193
274.294
274.309
274.252
274.001
274
274
274
274
274
274
274
274
274
274
274
274
274
274
274
274
274
274
274
274.001
274.003
274.011
274.032
274.061
274.141
274.155
274.318
274.55
274.557
274.001
274
274
274
274
274
274
274
274
274
274
274
274
274
274
274
274
274
274
274
274
274.002
274.008
274.022
274.043
274.117
274.202
274.893
276.645
276.479
274.001
274
274
274
274
274
274
274
274
274
274
274
274
274
274
274
274
274
274
274
274
274.001
274.004
274.014
274.031
274.171
274.917
279.497
294.516
280.764
274.001
274
274
274
274
274
274
274
274
274
274
274
274
274
274
274
274
274
274
274
274
274
274.001
274.009
274.07
274.727
281.772
317.279
345.69
272.367
274.001
274
274
274
274
274
274
274
274
274
274
274
274
274
274
274
274
274
274
274
274
273.999
273.999
274.027
274.382
278.479
342.908
467.007
531.798
151.264
274.001
274.001
274.001
274.001
274.001
274.001
274.001
274.001
274.001
274.001
274.001
274.001
274.001
274.001
274.001
274.001
274.001
274.001
274.001
274.001
274.001
274.001
274.001
274.001
274.001
274.001
274.001
274.001
274.001
274.001
274.001
274.001
274.001
274.001
274.001
274.001
274.001
274.001
274.001
274.001
274.001
274.001
274.001
274.001
274.001
274.001
274.001
274.001
274.001
274.001
274.001
274.001
274.001
274.001
274.001
274.001
274.001
274.001
274.001
274.001
274.001
274.001
274.001
274.001
274.001
274.001
274.001
274.001
274.001
274.001
274.001
274.001
274.001
274.001
274.001
274.001
274.001
274.001
274.001
274.001
274.001
274.001
274.001
274.001
274.001
274.001
274.001
274.001
274.001
274.001
274.001
274.001
274.001
274.001
274.001
274.001
274.001
274.001
274.001
274.001
274.001
274.001
274.001
274.001
274.001
274.001
274.001
274.001
274.001
274.001
274.001
274.001
274.001
274.001
274.001
274.001
274.001
274.001
274.001
274.001
274.001
274.001
274.001
274.001
274.001
274
274
274
274
274
274
274
274
274
274
274
274
274
274
274
274
274
274
274
274
274
274
274
274
274
274
274
274
274
274
274
274
274
274
274
274
274
274
274
274
274
274
274
274
274
274
274
274
274
274
274
274
274
274
274
274
274
274
274
274
274
274
274
274
274
274
274
274
274
274
274
274
274
274
274
274
274
274
274
274
274
274
274
274
274
274
274
274
274
274
274
274
274
274
274
274
274
274
274
274
274
274
274
274
274
274
274
274
274
274
274
274
274
274
274
274
274
274
274
274
274
274
274
274
274
274
274
274
274
274
274
274
274
274
274
274
274
274
274
274
274
274
274
274
274
274
274
274
274
274
274
274
274
274
274
274
274
274
274
274
274
274
274
274
274
274
274
274
274
274
274
274
274
274
274
274
274
274
274
274
274
274
274
274
274
274
274
274
274
274
274
274
274
274
274
274
274
274
274
274
274
274
274
274
274
274
274
274
274
274
274
274
274
274
274
274
274
274
274
274
274
274
274
274
274
274
274
274
274
274
274
274
274
274
274
274
274
274
274
274
274
274
274
274
274
274
274
274
274
274
274
274
274
274
274
274
274
274
274
274
274
274
274
274
274
274
274
274
274
274
274
274
274
274
274
274
274
274
274
274
274
274
274
274
274
274
274
274
274
274
274
274
274
274
274
274
274
274
274
274
274
274
274
274
274
274
274
274
274
274
274
274
274
274
274
274
274
274
274
274
274
274
274
274
274
274
274
274
274
274
274
274
274
274
274
274
274
274
274
274
274
274
274
274
274
274
274
274
274
274
274
274
274
274
274
274
274
274
274
274
274
274
274
274
274
274
274
274
274
274
274
274
274
274
274
274
274
274
274
274
274
274
274
274
274
274
274
274
274
274
274
274
274
274
274
274
274
274
274
274
274
274
274
274
274
274
274
274
274
274
274
274
274
274
274
274
274
274
274
274
274
274
274
274
274
274
274
274
274
274
274
274
274
274
274
274
274
274
274
274
274
274
274
274
274
274
274
274
274
274
274
274
274
274
274
274
274
274
274
274
274
274
274
274
274
274
274
274
274
274
274
274
274
274
274
274
274
274
274
274
274
274
274
274
274
274
274
274
274
274
274
274
274
274
274
274
274
274
274
274
274
274
274
274
274
274
274
274
274
274
274
274
274
274
274
274
274
274
274
274
274
274
274
274
274
274
274
274
274
274
274
274
274
274
274
274
274
274
274
274
274
274
274
274
274
274
274
274
274
274
274
274
274
274
274
274
274
274
274
274
274
274
274
274
274
274
274
274
274
274
274
274
274
274
274
274
274
274
274
274
274
274
274
274
274
274
274
274
274
274
274
274
274
274
274
274
274
274
274
274
274
274
274
274
274
274
274
274
274
274
274
274
274
274
274
274
274
274
274
274
274
274
274
274
274
274
274
274
274
274
274
274
274
274
274
274
274
274
274
274
274
274
274
274
274
274
274
274
274
274
274
274
274
274
274
274
274
274
274
274
274
274
274
274
274
274
274
274
274
274
274
274
274
274
274
274
274
274
274
274
274
274
274
274
274
274
274
274
274
274
274
274
274
274
274
274
274
274
274
274
274
274
274
274
274
274
274
274
274
274
274
274
274
274
274
274
274
274
274
274
274
274
274
274
274
274
274
274
274
274
274
274
274
274
274
274
274
274
274
274
274
274
274
274
274
274
274
274
274
274
274
274
274
274
274
274
274
274
274
274
274
274
274
274
274
274
274
274
274
274
274
274
274
274
274
274
274
274
274
274
274
274
274
274
274
274
274
274
274
274
274
274
274
274
274
274
274
274
274
274
274
274
274
274
274
274
274
274
274
274
274
274
274
274
274
274
274
274
274
274
274
274
274
274
274
274
274
274
274
274
274
274
274
274
274
274
274
274
274
274
274
274
274
274
274
274
274
274
274
274
274
274
274
274
274
274
274
274
274
274
274
274
274
274
274
274
274
274
274
274
274
274
274
274
274
274
274
274
274
274
274
274
274
274
274
274
274
274
274
274
274
274
274
274
274
274
274
274
274
274
274
274
274
274
274
274
274
274
274
274
274
274
274
274
274
274
274
274
274
274
274
274
274
274
274
274
274
274
274
274
274
274
274
274
274
274
274
274
274
274
274
274
274
274
274
274
274
274
274
274
274
274
274
274
274
274
274
274
274
274
274
274
274
274
274
274
274
274
274
274
274
274
274
274
274
274
274
274
274
274
274
274
274
274
274
274
274
274
274
274
274
274
274
274
274
274
274
274
274
274
274
274
274
274
274
274
274
274
274
274
274
274
274
274
274
274
274
274
274
274
274
274
274
274
274
274
274
274
274
274
274
274
274
274
274
274
274
274
274
274
274
274
274
274
274
274
274
274
274
274
274
274
274
274
274
274
274
274
274
274
274
274
274
274
274
274
274
274
274
274
274
274
274
274
274
274
274
274
274
274
274
274
274
274
274
274
274
274
274
274
274
274
274
274
274
274
274
274
274
274
274
274
274
274
274
274
274
274
274
274
274
274
274
274
274
274
274
274
274
274
274
274
274
274
274
274
274
274
274
274
274
274
274
274
274
274
274
274
274
274
274
274
274
274
274
274
274
274
274
274
274
274
274
274
274
274
274
274
274
274
274
274
274
274
274
274
274
274
274
274
274
274
274
274
274
274
274
274
274
274
274
274
274
274
274
274
274
274
274
274
274
274
274
274
274
274
274
274
274
274
274
274
274
274
274
274
274
274
274
274
274
274
274
274
274
274
274
274
274
274
274
274
274
274
274
274
274
274
274
274
274
274
274
274
274
274
274
274
274
274
274
274
274
274
274
274
274
274
274
274
274
274
274
274
274
274
274
274
274
274
274
274
274
274
274
274
274
274
274
274
274
274
274
274
274
274
274
274
274
274
274
274
274
274
274
274
274
274
274
274
274
274
274
274
274
274
274
274
274
274
274
274
274
274
274
274
274
274
274
274
274
274
274
274
274
274
274
274
274
274
274
274
274
274
274
274
274
274
274
274
274
274
274
274
274
274
274
274
274
274
274
274
274
274
274
274
274
274
274
274
274
274
274
274
274
274
274
274
274
274
274
274
274
274
274
274
274
274
274
274
274
274
274
274
274
274
274
274
274
274
274
274
274
274
274
274
274
274
274
274
274
274
274
274
274
274
274
274
274
274
274
274
274
274
274
274
274
274
274
274
274
274
274
274
274
274
274
274
274
274
274
274
274
274
274
274
274
274
274
274
274
274
274
274
274
274
274
274
274
274
274
274
274
274
274
274
274
274
274
274
274
274
274
274
274
274
274
274
274
274
274
274
274
274
274
274
274
274
274
274
274
274
274
274
274
274
274
274
274
274
274
274
274
274
274
274
274
274
274
274
274
274
274
274
274
274
274
274
274
274
274
274
274
274
274
274
274
274
274
274
274
274
274
274
274
274
274
274
274
274
274
274
274
274
274
274
274
274
274
274
274
274
274
274
274
274
274
274
274
274
274
274
274
274
274
274
274
274
274
274
274
274
274
274
274
274
274
274
274
274
274
274
274
274
274
274
274
274
274
274
274
274
274
274
274
274
274
274
274
274
274
274
274
274
274
274
274
274
274
274
274
274
274
274
274
274
274
274
274
274
274
274
274
274
274
274
274
274
274
274
274
274
274
274
274
274
274
274
274
274
274
274
274
274
274
274
274
274
274
274
274
274
274
274
274
274
274
274
274
274
274
274
274
274
274
274
274
274
274
274
274
274
274
274
274
274
274
274
274
274
274
274
274
274
274
274
274
274
274
274
274
274
274
274
274
274
274
274
274
274
274
274
274
274
274
274
274
274
274
274
274
274
274
274
274
274
274
274
274
274
274
274
274
274
274
274
274
274
274
274
274
274
274
274
274
274
274
274
274
274
274
274
274
274
274
274
274
274
274
274
274
274
274
274
274
274
274
274
274
274
274
274
274
274
274
274
274
274
274
274
274
274
274
274
274
274
274
274
274
274
274
274
274
274
274
274
274
274
274
274
274
274
274
274
274
274
274
274
274
274
274
274
274
274
274
274
274
274
274
274
274
274
274
274
274
274
274
274
274
274
274
274
274
274
274
274
274
274
274
274
274
274
274
274
274
274
274
274
274
274
274
274
274
274
274
274
274
274
274
274
274
274
274
274
274
274
274
274
274
274
274
274
274
274
274
274
274
274
274
274
274
274
274
274
274
274
274
274
274
274
274
274
274
274
274
274
274
274
274
274
274
274
274
274
274
274
274
274
274
274
274
274
274
274
274
274
274
274
274
274
274
274
274
274
274
274
274
274
274
274
274
274
274
274
274
274
274
274
274
274
274
274
274
274
274
274
274
274
274
274
274
274
274
274
274
274
274
274
274
274
274
274
274
274
274
274
274
274
274
274
274
274
274
274
274
274
274
274
274
274
274
274
274
274
274
274
274
274
274
274
274
274
274
274
274
274
274
274
274
274
274
274
274
274
274
274
274
274
274
274
274
274
274
274
274
274
274
274
274
274
274
274
274
274
274
274
274
274
274
274
274
274
274
274
274
274
274
274
274
274
274
274
274
274
274
274
274
274
274
274
274
274
274
274
274
274
274
274
274
274
274
274
274
274
274
274
274
274
274
274
274
274
274
274
274
274
274
274
274
274
274
274
274
274
274
274
274
274
274
274
274
274
274
274
274
274
274
274
274
274
274
274
274
274
274
274
274
274
274
274
274
274
274
274
274
274
274
274
274
274
274
274
274
274
274
274
274
274
274
274
274
274
274
274
274
274
274
274
274
274
274
274
274
274
274
274
274
274
274
274
274
274
274
274
274
274
274
274
274
274
274
274
274
274
274
274
274
274
274
274
274
274
274
274
274
274
274
274
274
274
274
274
274
274
274
274
274
274
274
274
274
274
274
274
274
274
274
274
274
274
274
274
274
274
274
274
274
274
274
274
274
274
274
274
274
274
274
274
274
274
274
274
274
274
274
274
274
274
274
274
274
274
274
274
274
274
274
274
274
274
274
274
274
274
274
274
274
274
274
274
274
274
274
274
274
274
274
274
274
274
274
274
274
274
274
274
274
274
274
274
274
274
274
274
274
274
274
274
274
274
274
274
274
274
274
274
274
274
274
274
274
274
274
274
274
274
274
274
274
274
274
274
274
274
274
274
274
274
274
274
274
274
274
274
274
274
274
274
274
274
274
274
274
274
274
274
274
274
274
274
274
274
274
274
274
274
274
274
274
274
274
274
274
274
274
274
274
274
274
274
274
274
274
274
274
274
274
274
274
274
274
274
274
274
274
274
274
274
274
274
274
274
274
274
274
274
274
274
274
274
274
274
274
274
274
274
274
274
274
274
274
274
274
274
274
274
274
274
274
274
274
274
274
274
274
274
274
274
274
274
274
274
274
274
274
274
274
274
274
274
274
274
274
274
274
274
274
274
274
274
274
274
274
274
274
274
274
274
274
274
274
274
274
274
274
274
274
274
274
274
274
274
274
274
274
274
274
274
274
274
274
274
274
274
274
274
274
274
274
274
274
274
274
274
274
274
274
274
274
274
274
274
274
274
274
274
274
274
274
274
274
274
274
274
274
274
274
274
274
274
274
274
274
274
274
274
274
274
274
274
274
274
274
274
274
274
274
274
274
274
274
274
274
274
274
274
274
274
274
274
274
274
274
274
274
274
274
274
274
274
274
274
274
274
274
274
274
274
274
274
274
274
274
274
274
274
274
274
274
274
274
274
274
274
274
274
274
274
274
274
274
274
274
274
274
274
274
274
274
274
274
274
274
274
274
274
274
274
274
274
274
274
274
274
274
274
274
274
274
274
274
274
274
274
274
274
274
274
274
274
274
274
274
274
274
274
274
274
274
274
274
274
274
274
274
274
274
274
274
274
274
274
274
274
274
274
274
274
274
274
274
274
274
274
274
274
274
274
274
274
274
273.999
273.999
273.999
273.999
274
274
274
274
274
274
274
274
274
274
274
274
274
274
274
274
274
274
274
274
274
274
274
274
274
274
274
274
274
274
274
274
274
274
274
274
274
274
274
274
274
274
274
274
274
274
274
274
274
274
274
274
274
274
274
274
274
274
274
274
274
274
274
274
274
274
274
274
274
274
274
274
274
274
274
274
274
274
274
274
274
274
274
274
274
274
274
274
274
274
274
274
274
274
274
274
274
274
274
274
274
274
274
274
274
274
274
274
274
274
274
274
274
274
274
274
274
274
274
273.999
273.998
273.997
273.999
274.002
274.003
274
274
274
274
274
274
274
274
274
274
274
274
274
274
274
274
274
274
274
274
274
274
274
274
274
274
274
274
274
274
274
274
274
274
274
274
274
274
274
274
274
274
274
274
274
274
274
274
274
274
274
274
274
274
274
274
274
274
274
274
274
274
274
274
274
274
274
274
274
274
274
274
274
274
274
274
274
274
274
274
274
274
274
274
274
274
274
274
274
274
274
274
274
274
274
274
274
274
274
274
274
274
274
274
274
274
274
274
274
274
274
274
274
274
274
274
274
274
273.999
273.996
273.998
274.025
274.089
274.14
274.13
274
274
274
274
274
274
274
274
274
274
274
274
274
274
274
274
274
274
274
274
274
274
274
274
274
274
274
274
274
274
274
274
274
274
274
274
274
274
274
274
274
274
274
274
274
274
274
274
274
274
274
274
274
274
274
274
274
274
274
274
274
274
274
274
274
274
274
274
274
274
274
274
274
274
274
274
274
274
274
274
274
274
274
274
274
274
274
274
274
274
274
274
274
274
274
274
274
274
274
274
274
274
274
274
274
274
274
274
274
274
274
274
274
274
274
274
274
273.999
273.995
274.011
274.196
275.004
276.399
277.093
276.497
274
274
274
274
274
274
274
274
274
274
274
274
274
274
274
274
274
274
274
274
274
274
274
274
274
274
274
274
274
274
274
274
274
274
274
274
274
274
274
274
274
274
274
274
274
274
274
274
274
274
274
274
274
274
274
274
274
274
274
274
274
274
274
274
274
274
274
274
274
274
274
274
274
274
274
274
274
274
274
274
274
274
274
274
274
274
274
274
274
274
274
274
274
274
274
274
274
274
274
274
274
274
274
274
274
274
274
274
274
274
274
274
274
274
274
274
273.998
273.994
274.049
274.916
282
311.692
343.176
352.564
331.232
274
274
274
274
274
274
274
274
274
274
274
274
274
274
274
274
274
274
274
274
274
274
274
274
274
274
274
274
274
274
274
274
274
274
274
274
274
274
274
274
274
274
274
274
274
274
274
274
274
274
274
274
274
274
274
274
274
274
274
274
274
274
274
274
274
274
274
274
274
274
274
274
274
274
274
274
274
274
274
274
274
274
274
274
274
274
274
274
274
274
274
274
274
274
274
274
274
274
274
274
274
274
274
274
274
274
274
274
274
274
274
274
274
274
274
273.999
273.995
274.096
277.089
331.154
540.104
675.691
680.853
627.471
531.709
274
274
274
274
274
274
274
274
274
274
274
274
274
274
274
274
274
274
274
274
274
274
274
274
274
274
274
274
274
274
274
274
274
274
274
274
274
274
274
274
274
274
274
274
274
274
274
274
274
274
274
274
274
274
274
274
274
274
274
274
274
274
274
274
274
274
274
274
274
274
274
274
274
274
274
274
274
274
274
274
274
274
274
274
274
274
274
274
274
274
274
274
274
274
274
274
274
274
274
274
274
274
274
274
274
274
274
274
274
274
274
274
274
274
273.999
273.995
274.135
281.598
446.704
825.737
1004.26
1040.24
1029.47
979.252
844.02
274
274
274
274
274
274
274
274
274
274
274
274
274
274
274
274
274
274
274
274
274
274
274
274
274
274
274
274
274
274
274
274
274
274
274
274
274
274
274
274
274
274
274
274
274
274
274
274
274
274
274
274
274
274
274
274
274
274
274
274
274
274
274
274
274
274
274
274
274
274
274
274
274
274
274
274
274
274
274
274
274
274
274
274
274
274
274
274
274
274
274
274
274
274
274
274
274
274
274
274
274
274
274
274
274
274
274
274
274
274
274
274
274
274
273.998
274.142
285.973
569.838
1015.32
1218.74
1268.33
1262.57
1329.17
1339.32
1308.39
274
274
274
274
274
274
274
274
274
274
274
274
274
274
274
274
274
274
274
274
274
274
274
274
274
274
274
274
274
274
274
274
274
274
274
274
274
274
274
274
274
274
274
274
274
274
274
274
274
274
274
274
274
274
274
274
274
274
274
274
274
274
274
274
274
274
274
274
274
274
274
274
274
274
274
274
274
274
274
274
274
274
274
274
274
274
274
274
274
274
274
274
274
274
274
274
274
274
274
274
274
274
274
274
274
274
274
274
274
274
274
274
274
274.001
274.17
285.431
606.696
1112.27
1303.55
1390.19
1247.34
1155.03
1123.09
1076.04
1083.44
274
274
274
274
274
274
274
274
274
274
274
274
274
274
274
274
274
274
274
274
274
274
274
274
274
274
274
274
274
274
274
274
274
274
274
274
274
274
274
274
274
274
274
274
274
274
274
274
274
274
274
274
274
274
274
274
274
274
274
274
274
274
274
274
274
274
274
274
274
274
274
274
274
274
274
274
274
274
274
274
274
274
274
274
274
274
274
274
274
274
274
274
274
274
274
274
274
274
274
274
274
274
274
274
274
274
274
274
274
274
274
274
274
274.032
275.999
378.397
944.135
1263.75
1363.34
1360.7
1218.16
1147.7
1128.74
1111.22
1213.49
274
274
274
274
274
274
274
274
274
274
274
274
274
274
274
274
274
274
274
274
274
274
274
274
274
274
274
274
274
274
274
274
274
274
274
274
274
274
274
274
274
274
274
274
274
274
274
274
274
274
274
274
274
274
274
274
274
274
274
274
274
274
274
274
274
274
274
274
274
274
274
274
274
274
274
274
274
274
274
274
274
274
274
274
274
274
274
274
274
274
274
274
274
274
274
274
274
274
274
274
274
274
274
274
274
274
274
274
274
274
274
274
274.001
274.043
276.693
407.582
995.837
1267.95
1365.48
1360.07
1247.59
1188.57
1172.29
1166.92
1321.63
274
274
274
274
274
274
274
274
274
274
274
274
274
274
274
274
274
274
274
274
274
274
274
274
274
274
274
274
274
274
274
274
274
274
274
274
274
274
274
274
274
274
274
274
274
274
274
274
274
274
274
274
274
274
274
274
274
274
274
274
274
274
274
274
274
274
274
274
274
274
274
274
274
274
274
274
274
274
274
274
274
274
274
274
274
274
274
274
274
274
274
274
274
274
274
274
274
274
274
274
274
274
274
274
274
274
274
274
274
274
274
274
274.001
274.077
278.798
473.941
1088.73
1311.84
1412.08
1406.32
1298.16
1243.08
1247.5
1324.1
1379.58
274
274
274
274
274
274
274
274
274
274
274
274
274
274
274
274
274
274
274
274
274
274
274
274
274
274
274
274
274
274
274
274
274
274
274
274
274
274
274
274
274
274
274
274
274
274
274
274
274
274
274
274
274
274
274
274
274
274
274
274
274
274
274
274
274
274
274
274
274
274
274
274
274
274
274
274
274
274
274
274
274
274
274
274
274
274
274
274
274
274
274
274
274
274
274
274
274
274
274
274
274
274
274
274
274
274
274
274
274
274
274
274
274.002
274.135
282.093
543.237
1179.7
1413.79
1493.76
1465.95
1431.99
1450
1501
1567.5
1689.12
274
274
274
274
274
274
274
274
274
274
274
274
274
274
274
274
274
274
274
274
274
274
274
274
274
274
274
274
274
274
274
274
274
274
274
274
274
274
274
274
274
274
274
274
274
274
274
274
274
274
274
274
274
274
274
274
274
274
274
274
274
274
274
274
274
274
274
274
274
274
274
274
274
274
274
274
274
274
274
274
274
274
274
274
274
274
274
274
274
274
274
274
274
274
274
274
274
274
274
274
274
274
274
274
274
274
274
274
274
274
274
274
274.004
274.295
291.083
650.773
1322.36
1515.52
1519.86
1478.05
1468.47
1514.14
1634.37
1806.06
1936.56
274
274
274
274
274
274
274
274
274
274
274
274
274
274
274
274
274
274
274
274
274
274
274
274
274
274
274
274
274
274
274
274
274
274
274
274
274
274
274
274
274
274
274
274
274
274
274
274
274
274
274
274
274
274
274
274
274
274
274
274
274
274
274
274
274
274
274
274
274
274
274
274
274
274
274
274
274
274
274
274
274
274
274
274
274
274
274
274
274
274
274
274
274
274
274
274
274
274
274
274
274
274
274
274
274
274
274
274
274
274
274
274
274.005
274.389
298.14
712.309
1399.05
1553.92
1530.44
1503.23
1531.69
1648.93
1823.4
1981.57
2083.72
274
274
274
274
274
274
274
274
274
274
274
274
274
274
274
274
274
274
274
274
274
274
274
274
274
274
274
274
274
274
274
274
274
274
274
274
274
274
274
274
274
274
274
274
274
274
274
274
274
274
274
274
274
274
274
274
274
274
274
274
274
274
274
274
274
274
274
274
274
274
274
274
274
274
274
274
274
274
274
274
274
274
274
274
274
274
274
274
274
274
274
274
274
274
274
274
274
274
274
274
274
274
274
274
274
274
274
274
274
274
274
274
274.006
274.484
306.647
774.746
1483.98
1600.58
1545.53
1528.79
1589.9
1773.59
1962.69
2065.38
2136.64
274
274
274
274
274
274
274
274
274
274
274
274
274
274
274
274
274
274
274
274
274
274
274
274
274
274
274
274
274
274
274
274
274
274
274
274
274
274
274
274
274
274
274
274
274
274
274
274
274
274
274
274
274
274
274
274
274
274
274
274
274
274
274
274
274
274
274
274
274
274
274
274
274
274
274
274
274
274
274
274
274
274
274
274
274
274
274
274
274
274
274
274
274
274
274
274
274
274
274
274
274
274
274
274
274
274
274
274
274
274
274
274
274.006
274.49
308.58
793.98
1511.54
1612.61
1554.75
1566.02
1676.73
1872.98
2018.87
2094.21
2139.61
274
274
274
274
274
274
274
274
274
274
274
274
274
274
274
274
274
274
274
274
274
274
274
274
274
274
274
274
274
274
274
274
274
274
274
274
274
274
274
274
274
274
274
274
274
274
274
274
274
274
274
274
274
274
274
274
274
274
274
274
274
274
274
274
274
274
274
274
274
274
274
274
274
274
274
274
274
274
274
274
274
274
274
274
274
274
274
274
274
274
274
274
274
274
274
274
274
274
274
274
274
274
274
274
274
274
274
274
274
274
274
274
274.005
274.419
304.382
779.936
1500.66
1595.06
1549.18
1598.39
1753.83
1899.53
2034.95
2096.85
2120.52
274
274
274
274
274
274
274
274
274
274
274
274
274
274
274
274
274
274
274
274
274
274
274
274
274
274
274
274
274
274
274
274
274
274
274
274
274
274
274
274
274
274
274
274
274
274
274
274
274
274
274
274
274
274
274
274
274
274
274
274
274
274
274
274
274
274
274
274
274
274
274
274
274
274
274
274
274
274
274
274
274
274
274
274
274
274
274
274
274
274
274
274
274
274
274
274
274
274
274
274
274
274
274
274
274
274
274
274
274
274
274
274
274.004
274.319
296.8
735.323
1449.96
1555.82
1540.43
1636.46
1789.34
1921.59
2043.84
2092.24
2109.5
274
274
274
274
274
274
274
274
274
274
274
274
274
274
274
274
274
274
274
274
274
274
274
274
274
274
274
274
274
274
274
274
274
274
274
274
274
274
274
274
274
274
274
274
274
274
274
274
274
274
274
274
274
274
274
274
274
274
274
274
274
274
274
274
274
274
274
274
274
274
274
274
274
274
274
274
274
274
274
274
274
274
274
274
274
274
274
274
274
274
274
274
274
274
274
274
274
274
274
274
274
274
274
274
274
274
274
274
274
274
274
274
274.003
274.225
289.358
666.906
1364.23
1512.72
1542.7
1659.05
1798.03
1937.93
2055.54
2098.83
2117.54
274
274
274
274
274
274
274
274
274
274
274
274
274
274
274
274
274
274
274
274
274
274
274
274
274
274
274
274
274
274
274
274
274
274
274
274
274
274
274
274
274
274
274
274
274
274
274
274
274
274
274
274
274
274
274
274
274
274
274
274
274
274
274
274
274
274
274
274
274
274
274
274
274
274
274
274
274
274
274
274
274
274
274
274
274
274
274
274
274
274
274
274
274
274
274
274
274
274
274
274
274
274
274
274
274
274
274
274
274
274
274
274
274.002
274.154
283.55
572.185
1241.53
1488.1
1567.69
1674.84
1807.08
1972.82
2073.9
2123.76
2148.57
274
274
274
274
274
274
274
274
274
274
274
274
274
274
274
274
274
274
274
274
274
274
274
274
274
274
274
274
274
274
274
274
274
274
274
274
274
274
274
274
274
274
274
274
274
274
274
274
274
274
274
274
274
274
274
274
274
274
274
274
274
274
274
274
274
274
274
274
274
274
274
274
274
274
274
274
274
274
274
274
274
274
274
274
274
274
274
274
274
274
274
274
274
274
274
274
274
274
274
274
274
274
274
274
274
274
274
274
274
274
274
274
274.002
274.12
280.409
491.197
1086.77
1468.15
1601.26
1698.32
1843.28
2025.76
2118.85
2177.48
2225.17
274
274
274
274
274
274
274
274
274
274
274
274
274
274
274
274
274
274
274
274
274
274
274
274
274
274
274
274
274
274
274
274
274
274
274
274
274
274
274
274
274
274
274
274
274
274
274
274
274
274
274
274
274
274
274
274
274
274
274
274
274
274
274
274
274
274
274
274
274
274
274
274
274
274
274
274
274
274
274
274
274
274
274
274
274
274
274
274
274
274
274
274
274
274
274
274
274
274
274
274
274
274
274
274
274
274
274
274
274
274
274
274
274.002
274.117
279.187
440.788
938.948
1416.71
1628.1
1721.93
1906.32
2102.39
2181.62
2243.92
2337.97
274
274
274
274
274
274
274
274
274
274
274
274
274
274
274
274
274
274
274
274
274
274
274
274
274
274
274
274
274
274
274
274
274
274
274
274
274
274
274
274
274
274
274
274
274
274
274
274
274
274
274
274
274
274
274
274
274
274
274
274
274
274
274
274
274
274
274
274
274
274
274
274
274
274
274
274
274
274
274
274
274
274
274
274
274
274
274
274
274
274
274
274
274
274
274
274
274
274
274
274
274
274
274
274
274
274
274
274
274
274
274
274
274.003
274.131
279.439
437.831
915.112
1371.19
1631.7
1738.06
1951.35
2154.25
2228.82
2283.18
2391.83
274
274
274
274
274
274
274
274
274
274
274
274
274
274
274
274
274
274
274
274
274
274
274
274
274
274
274
274
274
274
274
274
274
274
274
274
274
274
274
274
274
274
274
274
274
274
274
274
274
274
274
274
274
274
274
274
274
274
274
274
274
274
274
274
274
274
274
274
274
274
274
274
274
274
274
274
274
274
274
274
274
274
274
274
274
274
274
274
274
274
274
274
274
274
274
274
274
274
274
274
274
274
274
274
274
274
274
274
274
274
274
274
274.002
274.117
279.178
440.203
936.816
1414.27
1627.99
1722.12
1907.69
2104.49
2183.53
2245.71
2341.44
274
274
274
274
274
274
274
274
274
274
274
274
274
274
274
274
274
274
274
274
274
274
274
274
274
274
274
274
274
274
274
274
274
274
274
274
274
274
274
274
274
274
274
274
274
274
274
274
274
274
274
274
274
274
274
274
274
274
274
274
274
274
274
274
274
274
274
274
274
274
274
274
274
274
274
274
274
274
274
274
274
274
274
274
274
274
274
274
274
274
274
274
274
274
274
274
274
274
274
274
274
274
274
274
274
274
274
274
274
274
274
274
274.002
274.12
280.348
489.331
1082.3
1466.82
1600.55
1697.23
1842.79
2026.79
2120.99
2180.4
2229.28
274
274
274
274
274
274
274
274
274
274
274
274
274
274
274
274
274
274
274
274
274
274
274
274
274
274
274
274
274
274
274
274
274
274
274
274
274
274
274
274
274
274
274
274
274
274
274
274
274
274
274
274
274
274
274
274
274
274
274
274
274
274
274
274
274
274
274
274
274
274
274
274
274
274
274
274
274
274
274
274
274
274
274
274
274
274
274
274
274
274
274
274
274
274
274
274
274
274
274
274
274
274
274
274
274
274
274
274
274
274
274
274
274.002
274.153
283.411
569.252
1237.47
1486.64
1566.72
1673.31
1805.66
1973.54
2075.55
2125.19
2150.37
274
274
274
274
274
274
274
274
274
274
274
274
274
274
274
274
274
274
274
274
274
274
274
274
274
274
274
274
274
274
274
274
274
274
274
274
274
274
274
274
274
274
274
274
274
274
274
274
274
274
274
274
274
274
274
274
274
274
274
274
274
274
274
274
274
274
274
274
274
274
274
274
274
274
274
274
274
274
274
274
274
274
274
274
274
274
274
274
274
274
274
274
274
274
274
274
274
274
274
274
274
274
274
274
274
274
274
274
274
274
274
274
274.003
274.221
289.018
662.821
1359.91
1510.81
1541.09
1656.92
1796.4
1938.76
2056.7
2099.69
2118.55
274
274
274
274
274
274
274
274
274
274
274
274
274
274
274
274
274
274
274
274
274
274
274
274
274
274
274
274
274
274
274
274
274
274
274
274
274
274
274
274
274
274
274
274
274
274
274
274
274
274
274
274
274
274
274
274
274
274
274
274
274
274
274
274
274
274
274
274
274
274
274
274
274
274
274
274
274
274
274
274
274
274
274
274
274
274
274
274
274
274
274
274
274
274
274
274
274
274
274
274
274
274
274
274
274
274
274
274
274
274
274
274
274.004
274.312
296.172
730.484
1445.58
1553.74
1538.91
1634.72
1787.58
1923.23
2044.56
2093.16
2110.71
274
274
274
274
274
274
274
274
274
274
274
274
274
274
274
274
274
274
274
274
274
274
274
274
274
274
274
274
274
274
274
274
274
274
274
274
274
274
274
274
274
274
274
274
274
274
274
274
274
274
274
274
274
274
274
274
274
274
274
274
274
274
274
274
274
274
274
274
274
274
274
274
274
274
274
274
274
274
274
274
274
274
274
274
274
274
274
274
274
274
274
274
274
274
274
274
274
274
274
274
274
274
274
274
274
274
274
274
274
274
274
274
274.005
274.408
303.416
774.265
1495.88
1592.63
1547.26
1596.55
1753.02
1898.94
2035.9
2097.66
2120.29
274
274
274
274
274
274
274
274
274
274
274
274
274
274
274
274
274
274
274
274
274
274
274
274
274
274
274
274
274
274
274
274
274
274
274
274
274
274
274
274
274
274
274
274
274
274
274
274
274
274
274
274
274
274
274
274
274
274
274
274
274
274
274
274
274
274
274
274
274
274
274
274
274
274
274
274
274
274
274
274
274
274
274
274
274
274
274
274
274
274
274
274
274
274
274
274
274
274
274
274
274
274
274
274
274
274
274
274
274
274
274
274
274.006
274.476
307.483
788.329
1507.28
1610.38
1552.83
1564.41
1676.21
1871.61
2018.69
2093.56
2137.01
274
274
274
274
274
274
274
274
274
274
274
274
274
274
274
274
274
274
274
274
274
274
274
274
274
274
274
274
274
274
274
274
274
274
274
274
274
274
274
274
274
274
274
274
274
274
274
274
274
274
274
274
274
274
274
274
274
274
274
274
274
274
274
274
274
274
274
274
274
274
274
274
274
274
274
274
274
274
274
274
274
274
274
274
274
274
274
274
274
274
274
274
274
274
274
274
274
274
274
274
274
274
274
274
274
274
274
274
274
274
274
274
274.006
274.471
305.631
769.571
1480.75
1598.84
1543.82
1527.67
1589.63
1773.85
1961.58
2061.75
2131.94
274
274
274
274
274
274
274
274
274
274
274
274
274
274
274
274
274
274
274
274
274
274
274
274
274
274
274
274
274
274
274
274
274
274
274
274
274
274
274
274
274
274
274
274
274
274
274
274
274
274
274
274
274
274
274
274
274
274
274
274
274
274
274
274
274
274
274
274
274
274
274
274
274
274
274
274
274
274
274
274
274
274
274
274
274
274
274
274
274
274
274
274
274
274
274
274
274
274
274
274
274
274
274
274
274
274
274
274
274
274
274
274
274.005
274.378
297.356
707.336
1395.78
1552.27
1528.82
1502.05
1531.22
1648.76
1821.74
1976.75
2077.57
274
274
274
274
274
274
274
274
274
274
274
274
274
274
274
274
274
274
274
274
274
274
274
274
274
274
274
274
274
274
274
274
274
274
274
274
274
274
274
274
274
274
274
274
274
274
274
274
274
274
274
274
274
274
274
274
274
274
274
274
274
274
274
274
274
274
274
274
274
274
274
274
274
274
274
274
274
274
274
274
274
274
274
274
274
274
274
274
274
274
274
274
274
274
274
274
274
274
274
274
274
274
274
274
274
274
274
274
274
274
274
274
274.004
274.288
290.735
648.629
1322.02
1514.75
1518.48
1476.41
1466.6
1511.46
1629.96
1798.7
1928.56
274
274
274
274
274
274
274
274
274
274
274
274
274
274
274
274
274
274
274
274
274
274
274
274
274
274
274
274
274
274
274
274
274
274
274
274
274
274
274
274
274
274
274
274
274
274
274
274
274
274
274
274
274
274
274
274
274
274
274
274
274
274
274
274
274
274
274
274
274
274
274
274
274
274
274
274
274
274
274
274
274
274
274
274
274
274
274
274
274
274
274
274
274
274
274
274
274
274
274
274
274
274
274
274
274
274
274
274
274
274
274
274
274.002
274.129
281.727
536.399
1175.4
1413.36
1492.6
1463.97
1430.58
1447.98
1496.92
1562.65
1679.48
274
274
274
274
274
274
274
274
274
274
274
274
274
274
274
274
274
274
274
274
274
274
274
274
274
274
274
274
274
274
274
274
274
274
274
274
274
274
274
274
274
274
274
274
274
274
274
274
274
274
274
274
274
274
274
274
274
274
274
274
274
274
274
274
274
274
274
274
274
274
274
274
274
274
274
274
274
274
274
274
274
274
274
274
274
274
274
274
274
274
274
274
274
274
274
274
274
274
274
274
274
274
274
274
274
274
274
274
274
274
274
274
274.001
274.074
278.617
469.371
1084.69
1311.65
1411.61
1404.88
1296.4
1241.66
1245.67
1322.35
1378.1
274
274
274
274
274
274
274
274
274
274
274
274
274
274
274
274
274
274
274
274
274
274
274
274
274
274
274
274
274
274
274
274
274
274
274
274
274
274
274
274
274
274
274
274
274
274
274
274
274
274
274
274
274
274
274
274
274
274
274
274
274
274
274
274
274
274
274
274
274
274
274
274
274
274
274
274
274
274
274
274
274
274
274
274
274
274
274
274
274
274
274
274
274
274
274
274
274
274
274
274
274
274
274
274
274
274
274
274
274
274
274
274
274
274.041
276.589
404.098
990.152
1266.61
1365.78
1359.83
1246.44
1187.03
1171.78
1167.7
1324.36
274
274
274
274
274
274
274
274
274
274
274
274
274
274
274
274
274
274
274
274
274
274
274
274
274
274
274
274
274
274
274
274
274
274
274
274
274
274
274
274
274
274
274
274
274
274
274
274
274
274
274
274
274
274
274
274
274
274
274
274
274
274
274
274
274
274
274
274
274
274
274
274
274
274
274
274
274
274
274
274
274
274
274
274
274
274
274
274
274
274
274
274
274
274
274
274
274
274
274
274
274
274
274
274
274
274
274
274
274
274
274
274
274
274.03
275.917
375.258
937.666
1262.01
1363.18
1360.79
1218.25
1146.92
1128.42
1111.88
1217.35
274
274
274
274
274
274
274
274
274
274
274
274
274
274
274
274
274
274
274
274
274
274
274
274
274
274
274
274
274
274
274
274
274
274
274
274
274
274
274
274
274
274
274
274
274
274
274
274
274
274
274
274
274
274
274
274
274
274
274
274
274
274
274
274
274
274
274
274
274
274
274
274
274
274
274
274
274
274
274
274
274
274
274
274
274
274
274
274
274
274
274
274
274
274
274
274
274
274
274
274
274
274
274
274
274
274
274
274
274
274
274
274
274
274.001
274.162
284.892
599.392
1108.31
1301.92
1389.79
1248.45
1155.06
1123.08
1077.11
1085.63
274
274
274
274
274
274
274
274
274
274
274
274
274
274
274
274
274
274
274
274
274
274
274
274
274
274
274
274
274
274
274
274
274
274
274
274
274
274
274
274
274
274
274
274
274
274
274
274
274
274
274
274
274
274
274
274
274
274
274
274
274
274
274
274
274
274
274
274
274
274
274
274
274
274
274
274
274
274
274
274
274
274
274
274
274
274
274
274
274
274
274
274
274
274
274
274
274
274
274
274
274
274
274
274
274
274
274
274
274
274
274
274
274
274
273.998
274.133
285.396
562.736
1010.78
1216.1
1267.53
1260.86
1327.83
1338.96
1308.17
274
274
274
274
274
274
274
274
274
274
274
274
274
274
274
274
274
274
274
274
274
274
274
274
274
274
274
274
274
274
274
274
274
274
274
274
274
274
274
274
274
274
274
274
274
274
274
274
274
274
274
274
274
274
274
274
274
274
274
274
274
274
274
274
274
274
274
274
274
274
274
274
274
274
274
274
274
274
274
274
274
274
274
274
274
274
274
274
274
274
274
274
274
274
274
274
274
274
274
274
274
274
274
274
274
274
274
274
274
274
274
274
274
274
273.999
273.995
274.128
281.273
441.882
821.457
1002.25
1038.65
1027.81
978.158
843.288
274
274
274
274
274
274
274
274
274
274
274
274
274
274
274
274
274
274
274
274
274
274
274
274
274
274
274
274
274
274
274
274
274
274
274
274
274
274
274
274
274
274
274
274
274
274
274
274
274
274
274
274
274
274
274
274
274
274
274
274
274
274
274
274
274
274
274
274
274
274
274
274
274
274
274
274
274
274
274
274
274
274
274
274
274
274
274
274
274
274
274
274
274
274
274
274
274
274
274
274
274
274
274
274
274
274
274
274
274
274
274
274
274
274
274
273.999
273.995
274.091
276.973
329.561
536.866
674.174
679.863
626.969
531.488
274
274
274
274
274
274
274
274
274
274
274
274
274
274
274
274
274
274
274
274
274
274
274
274
274
274
274
274
274
274
274
274
274
274
274
274
274
274
274
274
274
274
274
274
274
274
274
274
274
274
274
274
274
274
274
274
274
274
274
274
274
274
274
274
274
274
274
274
274
274
274
274
274
274
274
274
274
274
274
274
274
274
274
274
274
274
274
274
274
274
274
274
274
274
274
274
274
274
274
274
274
274
274
274
274
274
274
274
274
274
274
274
274
274
274
274
273.998
273.994
274.046
274.889
281.805
311.076
342.407
351.958
330.918
274
274
274
274
274
274
274
274
274
274
274
274
274
274
274
274
274
274
274
274
274
274
274
274
274
274
274
274
274
274
274
274
274
274
274
274
274
274
274
274
274
274
274
274
274
274
274
274
274
274
274
274
274
274
274
274
274
274
274
274
274
274
274
274
274
274
274
274
274
274
274
274
274
274
274
274
274
274
274
274
274
274
274
274
274
274
274
274
274
274
274
274
274
274
274
274
274
274
274
274
274
274
274
274
274
274
274
274
274
274
274
274
274
274
274
274
274
273.999
273.995
274.01
274.191
274.987
276.371
277.065
276.481
274
274
274
274
274
274
274
274
274
274
274
274
274
274
274
274
274
274
274
274
274
274
274
274
274
274
274
274
274
274
274
274
274
274
274
274
274
274
274
274
274
274
274
274
274
274
274
274
274
274
274
274
274
274
274
274
274
274
274
274
274
274
274
274
274
274
274
274
274
274
274
274
274
274
274
274
274
274
274
274
274
274
274
274
274
274
274
274
274
274
274
274
274
274
274
274
274
274
274
274
274
274
274
274
274
274
274
274
274
274
274
274
274
274
274
274
274
274
273.999
273.996
273.998
274.025
274.088
274.138
274.129
274
274
274
274
274
274
274
274
274
274
274
274
274
274
274
274
274
274
274
274
274
274
274
274
274
274
274
274
274
274
274
274
274
274
274
274
274
274
274
274
274
274
274
274
274
274
274
274
274
274
274
274
274
274
274
274
274
274
274
274
274
274
274
274
274
274
274
274
274
274
274
274
274
274
274
274
274
274
274
274
274
274
274
274
274
274
274
274
274
274
274
274
274
274
274
274
274
274
274
274
274
274
274
274
274
274
274
274
274
274
274
274
274
274
274
274
274
274
274
273.999
273.998
273.997
273.999
274.002
274.003
274
274
274
274
274
274
274
274
274
274
274
274
274
274
274
274
274
274
274
274
274
274
274
274
274
274
274
274
274
274
274
274
274
274
274
274
274
274
274
274
274
274
274
274
274
274
274
274
274
274
274
274
274
274
274
274
274
274
274
274
274
274
274
274
274
274
274
274
274
274
274
274
274
274
274
274
274
274
274
274
274
274
274
274
274
274
274
274
274
274
274
274
274
274
274
274
274
274
274
274
274
274
274
274
274
274
274
274
274
274
274
274
274
274
274
274
274
274
274
274
274
273.999
273.999
273.999
273.999
274
274
274
274
274
274
274
274
274
274
274
274
274
274
274
274
274
274
274
274
274
274
274
274
274
274
274
274
274
274
274
274
274
274
274
274
274
274
274
274
274
274
274
274
274
274
274
274
274
274
274
274
274
274
274
274
274
274
274
274
274
274
274
274
274
274
274
274
274
274
274
274
274
274
274
274
274
274
274
274
274
274
274
274
274
274
274
274
274
274
274
274
274
274
274
274
274
274
274
274
274
274
274
274
274
274
274
274
274
274
274
274
274
274
274
274
274
274
274
274
274
274
274
274
274
274
274
274
274
274
274
274
274
274
274
274
274
274
274
274
274
274
274
274
274
274
274
274
274
274
274
274
274
274
274
274
274
274
274
274
274
274
274
274
274
274
274
274
274
274
274
274
274
274
274
274
274
274
274
274
274
274
274
274
274
274
274
274
274
274
274
274
274
274
274
274
274
274
274
274
274
274
274
274
274
274
274
274
274
274
274
274
274
274
274
274
274
274
274
274
274
274
274
274
274
274
274
274
274
274
274
274
274
274
274
274
274
274
274
274
274
274
274
274
274
274
274
274
274
274
274
274
274
274
274
274
274
274
274
274
274
274
274
274
274
274
274
274
274
274
274
274
274
274
274
274
274
274
274
274
274
274
274
274
274
274
274
274
274
274
274
274
274
274
274
274
274
274
274
274
274
274
274
274
274
274
274
274
274
274
274
274
274
274
274
274
274
274
274
274
274
274
274
274
274
274
274
274
274
274
274
274
274
274
274
274
274
274
274
274
274
274
274
274
274
274
274
274
274
274
274
274
274
274
274
274
274
274
274
274
274
274
274
274
274
274
274
274
274
274
274
274
274
274
274
274
274
274
274
274
274
274
274
274
274
274
274
274
274
274
274
274
274
274
274
274
274
274
274
274
274
274
274
274
274
274
274
274
274
274
274
274
274
274
274
274
274
274
274
274
274
274
274
274
274
274
274
274
274
274
274
274
274
274
274
274
274
274
274
274
274
274
274
274
274
274
274
274
274
274
274
274
274
274
274
274
274
274
274
274
274
274
274
274
274
274
274
274
274
274
274
274
274
274
274
274
274
274
274
274
274
274
274
274
274
274
274
274
274
274
274
274
274
274
274
274
274
274
274
274
274
274
274
274
274
274
274
274
274
274
274
274
274
274
274
274
274
274
274
274
274
274
274
274
274
274
274
274
274
274
274
274
274
274
274
274
274
274
274
274
274
274
274
274
274
274
274
274
274
274
274
274
274
274
274
274
274
274
274
274
274
274
274
274
274
274
274
274
274
274
274
274
274
274
274
274
274
274
274
274
274
274
274
274
274
274
274
274
274
274
274
274
274
274
274
274
274
274
274
274
274
274
274
274
274
274
274
274
274
274
274
274
274
274
274
274
274
274
274
274
274
274
274
274
274
274
274
274
274
274
274
274
274
274
274
274
274
274
274
274
274
274
274
274
274
274
274
274
274
274
274
274
274
274
274
274
274
274
274
274
274
274
274
274
274
274
274
274
274
274
274
274
274
274
274
274
274
274
274
274
274
274
274
274
274
274
274
274
274
274
274
274
274
274
274
274
274
274
274
274
274
274
274
274
274
274
274
274
274
274
274
274
274
274
274
274
274
274
274
274
274
274
274
274
274
274
274
274
274
274
274
274
274
274
274
274
274
274
274
274
274
274
274
274
274
274
274
274
274
274
274
274
274
274
274
274
274
274
274
274
274
274
274
274
274
274
274
274
274
274
274
274
274
274
274
274
274
274
274
274
274
274
274
274
274
274
274
274
274
274
274
274
274
274
274
274
274
274
274
274
274
274
274
274
274
274
274
274
274
274
274
274
274
274
274
274
274
274
274
274
274
274
274
274
274
274
274
274
274
274
274
274
274
274
274
274
274
274
274
274
274
274
274
274
274
274
274
274
274
274
274
274
274
274
274
274
274
274
274
274
274
274
274
274
274
274
274
274
274
274
274
274
274
274
274
274
274
274
274
274
274
274
274
274
274
274
274
274
274
274
274
274
274
274
274
274
274
274
274
274
274
274
274
274
274
274
274
274
274
274
274
274
274
274
274
274
274
274
274
274
274
274
274
274
274
274
274
274
274
274
274
274
274
274
274
274
274
274
274
274
274
274
274
274
274
274
274
274
274
274
274
274
274
274
274
274
274
274
274
274
274
274
274
274
274
274
274
274
274
274
274
274
274
274
274
274
274
274
274
274
274
274
274
274
274
274
274
274
274
274
274
274
274
274
274
274
274
274
274
274
274
274
274
274
274
274
274
274
274
274
274
274
274
274
274
274
274
274
274
274
274
274
274
274
274
274
274
274
274
274
274
274
274
274
274
274
274
274
274
274
274
274
274
274
274
274
274
274
274
274
274
274
274
274
274
274
274
274
274
274
274
274
274
274
274
274
274
274
274
274
274
274
274
274
274
274
274
274
274
274
274
274
274
274
274
274
274
274
274
274
274
274
274
274
274
274
274
274
274
274
274
274
274
274
274
274
274
274
274
274
274
274
274
274
274
274
274
274
274
274
274
274
274
274
274
274
274
274
274
274
274
274
274
274
274
274
274
274
274
274
274
274
274
274
274
274
274
274
274
274
274
274
274
274
274
274
274
274
274
274
274
274
274
274
274
274
274
274
274
274
274
274
274
274
274
274
274
274
274
274
274
274
274
274
274
274
274
274
274
274
274
274
274
274
274
274
274
274
274
274
274
274
274
274
274
274
274
274
274
274
274
274
274
274
274
274
274
274
274
274
274
274
274
274
274
274
274
274
274
274
274
274
274
274
274
274
274
274
274
274
274
274
274
274
274
274
274
274
274
274
274
274
274
274
274
274
274
274
274
274
274
274
274
274
274
274
274
274
274
274
274
274
274
274
274
274
274
274
274
274
274
274
274
274
274
274
274
274
274
274
274
274
274
274
274
274
274
274
274
274
274
274
274
274
274
274
274
274
274
274
274
274
274
274
274
274
274
274
274
274
274
274
274
274
274
274
274
274
274
274
274
274
274
274
274
274
274
274
274
274
274
274
274
274
274
274
274
274
274
274
274
274
274
274
274
274
274
274
274
274
274
274
274
274
274
274
274
274
274
274
274
274
274
274
274
274
274
274
274
274
274
274
274
274
274
274
274
274
274
274
274
274
274
274
274
274
274
274
274
274
274
274
274
274
274
274
274
274
274
274
274
274
274
274
274
274
274
274
274
274
274
274
274
274
274
274
274
274
274
274
274
274
274
274
274
274
274
274
274
274
274
274
274
274
274
274
274
274
274
274
274
274
274
274
274
274
274
274
274
274
274
274
274
274
274
274
274
274
274
274
274
274
274
274
274
274
274
274
274
274
274
274
274
274
274
274
274
274
274
274
274
274
274
274
274
274
274
274
274
274
274
274
274
274
274
274
274
274
274
274
274
274
274
274
274
274
274
274
274
274
274
274
274
274
274
274
274
274
274
274
274
274
274
274
274
274
274
274
274
274
274
274
274
274
274
274
274
274
274
274
274
274
274
274
274
274
274
274
274
274
274
274
274
274
274
274
274
274
274
274
274
274
274
274
274
274
274
274
274
274
274
274
274
274
274
274
274
274
274
274
274
274
274
274
274
274
274
274
274
274
274
274
274
274
274
274
274
274
274
274
274
274
274
274
274
274
274
274
274
274
274
274
274
274
274
274
274
274
274
274
274
274
274
274
274
274
274
274
274
274
274
274
274
274
274
274
274
274
274
274
274
274
274
274
274
274
274
274
274
274
274
274
274
274
274
274
274
274
274
274
274
274
274
274
274
274
274
274
274
274
274
274
274
274
274
274
274
274
274
274
274
274
274
274
274
274
274
274
274
274
274
274
274
274
274
274
274
274
274
274
274
274
274
274
274
274
274
274
274
274
274
274
274
274
274
274
274
274
274
274
274
274
274
274
274
274
274
274
274
274
274
274
274
274
274
274
274
274
274
274
274
274
274
274
274
274
274
274
274
274
274
274
274
274
274
274
274
274
274
274
274
274
274
274
274
274
274
274
274
274
274
274
274
274
274
274
274
274
274
274
274
274
274
274
274
274
274
274
274
274
274
274
274
274
274
274
274
274
274
274
274
274
274
274
274
274
274
274
274
274
274
274
274
274
274
274
274
274
274
274
274
274
274
274
274
274
274
274
274
274
274
274
274
274
274
274
274
274
274
274
274
274
274
274
274
274
274
274
274
274
274
274
274
274
274
274
274
274
274
274
274
274
274
274
274
274
274
274
274
274
274
274
274
274
274
274
274
274
274
274
274
274
274
274
274
274
274
274
274
274
274
274
274
274
274
274
274
274
274
274
274
274
274
274
274
274
274
274
274
274
274
274
274
274
274
274
274
274
274
274
274
274
274
274
274
274
274
274
274
274
274
274
274
274
274
274
274
274
274
274
274
274
274
274
274
274
274
274
274
274
274
274
274
274
274
274
274
274
274
274
274
274
274
274
274
274
274
274
274
274
274
274
274
274
274
274
274
274
274
274
274
274
274
274
274
274
274
274
274
274
274
274
274
274
274
274
274
274
274
274
274
274
274
274
274
274
274
274
274
274
274
274
274
274
274
274
274
274
274
274
274
274
274
274
274
274
274
274
274
274
274
274
274
274
274
274
274
274
274
274
274
274
274
274
274
274
274
274
274
274
274
274
274
274
274
274
274
274
274
274
274
274
274
274
274
274
274
274
274
274
274
274
274
274
274
274
274
274
274
274
274
274
274
274
274
274
274
274
274
274
274
274
274
274
274
274
274
274
274
274
274
274
274
274
274
274
274
274
274
274
274
274
274
274
274
274
274
274
274
274
274
274
274
274
274
274
274
274
274
274
274
274
274
274
274
274
274
274
274
274
274
274
274
274
274
274
274
274
274
274
274
274
274
274
274
274
274
274
274
274
274
274
274
274
274
274
274
274
274
274
274
274
274
274
274
274
274
274
274
274
274
274
274
274
274
274
274
274
274
274
274
274
274
274
274
274
274
274
274
274
274
274
274
274
274
274
274
274
274
274
274
274
274
274
274
274
274
274
274
274
274
274
274
274
274
274
274
274
274
274
274
274
274
274
274
274
274
274
274
274
274
274
274
274
274
274
274
274
274
274
274
274
274
274
274
274
274
274
274
274
274
274
274
274
274
274
274
274
274
274
274
274
274
274
274
274
274
274
274
274
274
274
274
274
274
274
274
274
274
274
274
274
274
274
274
274
274
274
274
274
274
274
274
274
274
274
274
274
274
274
274
274
274
274
274
274
274
274
274
274
274
274
274
274
274
274
274
274
274
274
274
274
274
274
274
274
274
274
274
274
274
274
274
274
274
274
274
274
274
274
274
274
274
274
274
274
274
274
274
274
274
274
274
274
274
274
274
274
274
274
274
274
274
274
274
274
274
274
274
274
274
274
274
274
274
274
274
274
274
274
274
274
274
274
274
274
274
274
274
274
274
274
274
274
274
274
274
274
274
274
274
274
274
274
274
274
274
274
274
274
274
274
274
274
274
274
274
274
274
274
274
274
274
274
274
274
274
274
274
274
274
274
274
274
274
274
274
274
274
274
274
274
274
274
274
274
274
274
274
274
274
274
274
274
274
274
274
274
274
274
274
274
274
274
274
274
274
274
274
274
274
274
274
274
274
274
274
274
274
274
274.001
274.001
274.001
274.001
274.001
274.001
274.001
274.001
274.001
274.001
274.001
274.001
274.001
274.001
274.001
274.001
274.001
274.001
274.001
274.001
274.001
274.001
274.001
274.001
274.001
274.001
274.001
274.001
274.001
274.001
274.001
274.001
274.001
274.001
274.001
274.001
274.001
274.001
274.001
274.001
274.001
274.001
274.001
274.001
274.001
274.001
274.001
274.001
274.001
274.001
274.001
274.001
274.001
274.001
274.001
274.001
274.001
274.001
274.001
274.001
274.001
274.001
274.001
274.001
274.001
274.001
274.001
274.001
274.001
274.001
274.001
274.001
274.001
274.001
274.001
274.001
274.001
274.001
274.001
274.001
274.001
274.001
274.001
274.001
274.001
274.001
274.001
274.001
274.001
274.001
274.001
274.001
274.001
274.001
274.001
274.001
274.001
274.001
274.001
274.001
274.001
274.001
274.001
274.001
274.001
274.001
274.001
274.001
274.001
274.001
274.001
274.001
274.001
274.001
274.001
274.001
274.001
274.001
274.001
274.001
274.001
274.001
274.001
274.001
274.001
)
;

boundaryField
{
    wall
    {
        type            zeroGradient;
    }
    inlet
    {
        type            fixedValue;
        value           uniform 3673;
    }
    outlet-1
    {
        type            inletOutlet;
        inletValue      uniform 274;
        value           uniform 274;
    }
    outlet-2
    {
        type            inletOutlet;
        inletValue      uniform 274;
        value           nonuniform List<scalar> 
89
(
274.001
274
274
274
274
274
274
274
274
274
274
274
274
274
274
274
274
274
274
274
274
274
274
274
274
274
274
274
274
274
274
274
274
274
274
274
274
274
274
274
274
274
274
274
274
274
274
274
274
274
274
274
274
274
274
274
274
274
274
274
274
274
274
274
274
274
274
274
274
274
274
274
274
274
274
274
274
274
274
274
274
274
274
274
274
274
274
274
274.001
)
;
    }
    frontAndBackPlanes
    {
        type            empty;
    }
}


// ************************************************************************* //
