/*--------------------------------*- C++ -*----------------------------------*\
| =========                 |                                                 |
| \\      /  F ield         | OpenFOAM: The Open Source CFD Toolbox           |
|  \\    /   O peration     | Version:  2112                                  |
|   \\  /    A nd           | Website:  www.openfoam.com                      |
|    \\/     M anipulation  |                                                 |
\*---------------------------------------------------------------------------*/
FoamFile
{
    version     2.0;
    format      ascii;
    arch        "LSB;label=32;scalar=64";
    class       volScalarField;
    location    "0.00198";
    object      T;
}
// * * * * * * * * * * * * * * * * * * * * * * * * * * * * * * * * * * * * * //

dimensions      [0 0 0 1 0 0 0];

internalField   nonuniform List<scalar> 
13875
(
1411.78
1535
1482.69
1486.75
1481.08
1483.45
1483.52
1483.13
1483.83
1483.24
1484.44
1483.67
1483.66
1483.78
1483
1483.19
1483.71
1482.45
1483.35
1483.49
1480.88
1487.57
1480.75
1533.38
1398.38
1306.98
1356.05
1319.14
1322.06
1316.63
1317.09
1317.05
1317.86
1322.55
1322.47
1323.04
1317.97
1317.45
1317.63
1317.56
1321.54
1322.18
1317.64
1317.02
1317.12
1316.22
1322
1319.69
1356.48
1302.8
1307.09
1339.68
1314.65
1311.1
1303.94
1304.26
1303.69
1303.77
1305.1
1303.44
1305.84
1303.85
1303.69
1303.53
1303.43
1302.86
1304.79
1303.21
1303.43
1304.12
1303.51
1310.86
1311.6
1336.14
1296.6
1317.22
1344.98
1315.11
1308.73
1305.11
1304.73
1303.88
1303.9
1303.77
1302.21
1303.78
1303.9
1303.71
1303.59
1303.3
1302.22
1303.14
1303.33
1303.61
1304.5
1304.33
1307.63
1314.06
1343.64
1311.95
1329.39
1341.78
1316.13
1311.72
1303.49
1304.09
1303.97
1303.92
1303.53
1302.32
1304.06
1304.08
1303.89
1303.77
1303.61
1302.49
1303.09
1303.26
1303.74
1304
1303.16
1311.53
1312.21
1338.65
1316.49
1332.2
1351.47
1319.38
1309.99
1307.06
1306.19
1304.9
1304.54
1304
1302.63
1304.04
1304.35
1304.26
1304.14
1303.84
1302.58
1303.38
1303.91
1304.6
1305.91
1306.17
1308.36
1319.08
1349.22
1326.76
1339.14
1360.5
1329.6
1317.04
1307.08
1306.39
1305.47
1304.96
1304.3
1303.35
1304.77
1305.08
1305.02
1304.92
1304.59
1303.57
1303.87
1304.31
1305.18
1306.18
1306.64
1317.27
1326.02
1358.44
1321.87
1361.46
1386
1345.66
1321.93
1316.7
1312.32
1309.15
1307.39
1306.2
1305.04
1305.83
1306.44
1306.58
1306.46
1305.86
1305.04
1305.68
1306.59
1308.48
1311.45
1314.97
1320.71
1341.66
1381.33
1350.59
1534.36
1508.9
1389.19
1352.3
1323.95
1316.82
1312.99
1310.33
1309.31
1308.1
1308.76
1309.5
1309.81
1309.71
1308.94
1308.3
1308.85
1309.51
1312.06
1315.71
1322.01
1348.36
1384.39
1508.02
1522.84
1857.03
1587.18
1437.53
1367.86
1345.86
1329.14
1322.07
1318.19
1316.35
1314.79
1315.27
1315.95
1316.53
1316.42
1315.56
1315.08
1315.92
1317.12
1320.65
1327.24
1340.13
1363.61
1427.82
1568.4
1831.09
2519.41
1804.68
1538.24
1448.58
1366.68
1347.95
1338.41
1333.95
1331.17
1329.43
1329.82
1330.17
1331
1330.87
1330.1
1329.78
1331.02
1332.82
1336.63
1345.26
1361.04
1428.88
1515.58
1809.45
2447.36
2892.13
2295.71
2040.88
1526.84
1445.36
1409.18
1382.34
1374.42
1367.6
1365.09
1365.02
1364.45
1365.68
1365.28
1364.8
1364.87
1367.07
1372.35
1379.04
1405.02
1429.89
1490.16
1761.98
2308.61
2849.1
2851.69
2743.78
2621.44
2379.38
1640.57
1544.03
1518
1496.79
1484.02
1480.41
1480.32
1477.07
1480.98
1477.78
1478.02
1478.56
1482.39
1493.01
1510.52
1539.91
1652.16
2365.76
2427.83
2715.84
2788.04
2764.61
2724.04
2862.38
2852.5
2213.26
2228.01
2027.99
1936.25
1882.34
1841.71
1859.05
1820.35
1851.3
1828.62
1834.65
1839.14
1859.25
1917.86
2030.31
2186.91
2150.56
2859.91
2869.11
2733.91
2710.34
2660.12
2729.66
2859.77
2847.47
2871.86
3167.86
3427.54
3396.9
3656.5
3507.22
3654.71
3539.71
3641.76
3578.67
3629.45
3571.27
3599.05
3473.32
3446.42
3169.64
2896.33
2863.83
2857.74
2702.18
2673.3
2540.33
2645.99
2867.82
2980.42
2995.23
3322.48
3598.32
3684.11
3690.34
3676.64
3624.33
3647.92
3603.89
3641.32
3629.06
3663.36
3683.54
3721.79
3646.23
3432.09
3043.36
2978.69
2886.52
2673.88
2585.14
2477.77
2597.29
2733.36
2931.44
3023.57
3344.17
3571.23
3666.18
3667.76
3657.09
3612.53
3626.53
3595.3
3622.13
3611.74
3643.79
3668.54
3709.28
3638.7
3440.44
3093.26
2995.02
2791.59
2611.97
2502.83
2287.34
2558.08
2826.88
2944.06
2944.91
3193.5
3366.74
3459.69
3503.41
3502.12
3502.22
3498.2
3496.13
3500.15
3499.38
3508.22
3501.03
3485.78
3404.25
3239.19
3017.64
3012.66
2851.06
2570.47
2316.84
2200.58
2292.48
2604.23
2760.09
2736.47
2873.73
3116.93
3291.97
3381.61
3399.87
3403.14
3402.31
3403.47
3407.11
3402.54
3402.48
3402.61
3369.38
3193.1
2933.41
2780.71
2820.74
2656.9
2334.75
2250.2
2292.63
2234.5
2361.41
2524
2550.26
2628.33
2845.4
3081.51
3241.56
3302.24
3308.16
3312.73
3314.28
3316.39
3311.43
3313.74
3282.56
3150.43
2887.78
2668.36
2589.96
2572.24
2354.92
2255.35
2350.4
2906.8
2270.15
2182.57
2326.38
2393.66
2472.7
2669.21
2904.91
3088.46
3184.88
3213.58
3217.2
3218.83
3219.46
3215.93
3198.39
3126.03
2947.93
2691.3
2500.71
2424.9
2348.47
2167.56
2225.11
2808.07
2864.77
2044.38
1982.65
2173.44
2265.86
2363.31
2534.33
2758.76
2956.14
3069.46
3100.76
3112.68
3112.91
3113.35
3101.42
3078.18
2980.97
2782.31
2546.22
2391.13
2286.74
2177.54
1988.51
2031.73
2844.89
2878.87
2052.91
1888.19
2057.56
2165.49
2275.04
2421.34
2626.66
2820.85
2950.7
2997
3003.93
3006.4
3003.64
2995.6
2958.21
2844.79
2646.97
2436.24
2302.15
2189.03
2068.79
1871.13
2045.67
2962.86
2823.85
2036.25
1875.21
2001.49
2090.45
2192.27
2329.16
2528.81
2717.38
2840.27
2882.61
2899.27
2898.55
2897.34
2879.63
2846.09
2737.14
2542.84
2336.09
2213.19
2109.97
2010.13
1871.5
2011.95
2780.75
2754.12
2034.36
1904.62
1968.36
2026.74
2111.14
2243.38
2436.58
2612.96
2736.8
2784.35
2791.6
2796.09
2790.88
2780.98
2739.05
2623.58
2440.17
2246.42
2127.37
2056.41
1988.17
1892.44
2034.32
2764.31
2726.03
2057.49
1922.27
1950.83
1978.19
2045.5
2174.36
2359.75
2528.12
2638.33
2677.78
2694.71
2695.42
2693.45
2673.25
2639.89
2539.97
2365.24
2174.09
2058.85
2000.26
1971.56
1910.02
2028.7
2703.84
2697.17
2087.28
1947.32
1947.93
1936.92
1988.5
2112.94
2288.16
2441.62
2547.32
2591.62
2595.77
2600.88
2594.44
2585.81
2545.98
2449.76
2290.23
2114.09
1998.94
1962.83
1972.68
1937.33
2065
2689.01
2698.61
2154.36
1993.64
1942.2
1907.7
1948.25
2070.01
2233.36
2375.69
2462.08
2494.78
2508.89
2509.93
2508.08
2488.11
2460.22
2379.9
2231.57
2061.75
1955.35
1925.12
1957.2
1969.89
2124
2689.02
2728.49
2163.51
1988.68
1931.72
1892.91
1916.21
2022.59
2171.32
2297.43
2379.73
2419.94
2420.27
2426.57
2418.29
2414.67
2379.05
2307.37
2178.02
2026.45
1924.1
1916.62
1955.28
2000.71
2121.05
2681.68
2776.27
2180.45
2011.61
1937.8
1878.51
1896.76
1999.64
2132.97
2244.55
2308.92
2333.7
2345.4
2345.48
2343.32
2326.14
2306.55
2249.84
2135.43
1992.97
1902.91
1892.08
1948.26
2000.19
2153.87
2728.3
2742.44
2178.51
1997.29
1933.95
1859.29
1885.88
1972.83
2087.95
2180.68
2234.35
2271.44
2264.78
2273.25
2264.52
2264.84
2233.91
2186.11
2091.51
1971.01
1885.9
1880.94
1950.94
2012.79
2151.72
2724.2
2737.88
2183.36
2031.08
1939.26
1853.44
1870.61
1953.85
2057.06
2135.62
2177.08
2194.12
2201.78
2202.49
2200.76
2187.07
2176.52
2144.02
2065.66
1949.7
1874.08
1868.06
1942.36
2017.98
2158.77
2699.44
2714.39
2184.02
2046.5
1928.35
1844.28
1861.29
1934.22
2018.52
2082.13
2111.62
2143.68
2131.04
2140.28
2131.43
2136.46
2110.91
2085.57
2027.39
1937.1
1858.5
1860.07
1949.45
2041.9
2157.33
2694.95
2677.1
2176.74
2093.12
1948.36
1852.17
1849.66
1923.59
1996.52
2046.25
2066.69
2076.69
2078.19
2079.25
2078.52
2069.21
2067.05
2052.52
2003.79
1917.3
1846.68
1858.27
1946.71
2073.21
2157.86
2669.76
2671.78
2185.28
2114.25
1947.85
1860.31
1841.51
1901.2
1960.59
1996.08
2009.36
2035.5
2017.19
2026.47
2017.95
2028.95
2007.99
2000.35
1976.59
1910.02
1839.95
1872.35
1957.92
2126.8
2156.28
2648.94
2647.13
2176.4
2109.76
1963.4
1873.75
1838.37
1892.47
1941.29
1968.72
1975.83
1978.66
1974.85
1975.04
1974.91
1971.3
1976.43
1972.93
1946.81
1892.87
1834.36
1878.86
1974.74
2124
2160.23
2619.36
2621.66
2164.59
2107.35
1991.17
1891.62
1845.52
1876.82
1908.22
1922.14
1924.13
1946.15
1921.5
1931.43
1923.17
1939.95
1923.18
1925.2
1924.42
1889.64
1836.43
1891.6
2006.97
2119.2
2149.39
2590.7
2602.5
2149.38
2104.72
2047.29
1909.29
1858.62
1873.04
1890.96
1899.61
1898.8
1897.46
1888.98
1888.55
1889.73
1890.55
1900.12
1903.06
1893.03
1885.23
1858.94
1904.98
2055.82
2115.15
2131.4
2561.33
2584.99
2140.14
2088.7
2041.08
1934.14
1876.68
1866.97
1864.33
1857.83
1850.07
1870.85
1843.05
1853.02
1844.97
1864.25
1850.96
1861.64
1877.39
1884.19
1872.58
1933.63
2052.87
2096.08
2117.92
2548.37
2554.78
2119.01
2065.18
2040.44
1968.05
1892.86
1889.67
1855.18
1843.58
1834.98
1829.5
1817.13
1817.23
1819.12
1821.97
1835.71
1845.89
1858.66
1899.93
1894.31
1964.33
2049.36
2067.52
2109.15
2531.04
2542.32
2114.74
2028.82
2026.48
2038.28
1928.71
1894.79
1840.04
1810.58
1789.76
1807.14
1777.73
1787.75
1779.43
1801.13
1790.56
1815.23
1849.14
1913
1918.67
2037.62
2038.35
2031.23
2092.93
2511.88
2515.23
2101.25
2008.56
2017.62
2023.97
1953.22
1909.43
1856.04
1809.93
1786.93
1772.98
1758.13
1757.7
1759.23
1765.72
1789.07
1809.74
1857.7
1929.47
1957.4
2018.88
2026.4
2012.98
2086.75
2490.32
2496.56
2091.81
1980.83
1976.25
2026.98
2024.26
1926.49
1856.59
1792.2
1745.88
1755.71
1723.52
1733.63
1725.41
1750.28
1747.19
1796.05
1862.34
1949.25
2016.12
2018.92
1986.51
1985.84
2080.37
2475.58
2467.96
2083.58
1973.34
1953.94
1996.34
2042.62
1952.09
1878.72
1809.23
1765.26
1731.61
1709.81
1708.5
1711.8
1724.54
1768.9
1805.19
1872.21
1988.89
2042.52
1989.81
1966.26
1977.74
2062.72
2444.82
2454.1
2079.49
1956.45
1916.4
1973.21
2026.42
2004.45
1891.89
1800.97
1727.22
1725.18
1682.92
1690.51
1685.09
1719.59
1731.38
1808.07
1890.53
2057.03
2027.51
1960.18
1928.69
1959.8
2061.7
2430.74
2425.32
2058.1
1953.75
1908.77
1931.34
2015.25
2085.28
1950.28
1825.14
1771.64
1721.57
1682.52
1676.12
1685.54
1712.88
1773.27
1823.92
1927.12
2079.21
2008.14
1921.6
1919.1
1957.95
2046.55
2405.17
2412.85
2056.87
1942.41
1881.97
1906.17
1980.7
2064.43
2031.94
1839.3
1735.85
1727.04
1671.66
1672.17
1672.41
1719.55
1736.58
1844.6
1997.06
2060.74
1971.69
1900.35
1892.38
1944.42
2038.97
2394.9
2377.39
2036.68
1937.28
1892.01
1879.87
1946.68
2047.92
2068.07
1895.4
1790.37
1726.1
1685.72
1673.61
1689.55
1718.28
1792.69
1905.82
2060.03
2045.5
1933.39
1877.89
1902.5
1939.83
2024.44
2354.86
2347.19
2025.56
1922.77
1863.42
1867.8
1912.12
2019.95
2050.32
1989.34
1768.63
1741.83
1674.99
1677.29
1675.58
1734.55
1768.4
1999.31
2044.12
2019.09
1900.18
1864.69
1875.82
1927.1
2013.52
2329.8
2212.76
1979.03
1904.46
1870.19
1854.77
1884.05
1975.24
2036.51
2023.61
1874.71
1759.68
1698.79
1685.61
1702.47
1751.47
1869.46
2021.26
2032.73
1977.86
1875.49
1855.63
1879.67
1908.24
1966.66
2195.39
273.92
273.96
273.978
274.037
274.077
274.087
274.055
274.048
274.095
274.153
274.208
274.224
274.196
274.143
274.089
274.049
274.024
274.011
274.004
274.002
274
274
274
273.999
273.998
274
273.995
274.002
273.993
274.006
274.103
274.144
274.181
274.261
274.329
274.338
274.293
274.257
274.265
274.296
274.327
274.326
274.277
274.201
274.126
274.069
274.034
274.015
274.006
274.002
274
274
273.999
273.999
273.997
274
273.993
274.004
273.988
274.014
274.327
274.358
274.385
274.494
274.596
274.597
274.509
274.406
274.359
274.353
274.366
274.363
274.312
274.228
274.144
274.08
274.039
274.018
274.008
274.003
274.001
274
273.999
273.999
273.997
274
273.994
274.003
273.992
274.011
274.49
274.58
274.649
274.852
275.047
275.071
274.944
274.746
274.58
274.479
274.442
274.407
274.344
274.251
274.159
274.088
274.044
274.02
274.008
274.003
274.001
274
273.999
273.999
273.998
274
273.996
274.002
273.995
274.007
274.754
275.03
275.252
275.698
276.16
276.342
276.179
275.777
275.286
274.888
274.662
274.51
274.388
274.274
274.171
274.095
274.047
274.022
274.009
274.003
274.001
274
273.999
273.999
273.998
274
273.997
274.002
273.997
274.004
275.399
276.193
276.837
277.824
278.833
279.491
279.531
278.923
277.652
276.283
275.334
274.795
274.501
274.311
274.184
274.101
274.05
274.023
274.01
274.004
274.001
274
273.999
273.999
273.999
274
273.998
274.001
273.998
274.003
277.155
278.991
280.346
282.164
284.67
287.132
288.128
287.24
284.232
280.755
277.639
275.699
274.822
274.417
274.215
274.109
274.052
274.023
274.01
274.004
274.001
274
274
273.999
273.999
274
273.999
274.001
273.999
274.002
280.96
285.143
288.282
291.651
294.194
296.576
299.257
301.73
302.074
295.434
284.894
278.965
275.899
274.743
274.308
274.133
274.057
274.024
274.01
274.004
274.001
274
274
273.999
273.999
274
273.999
274.001
274
274.002
289.676
293.654
294.19
294.749
295.352
297.177
299.954
303.365
307.435
310.946
308.427
289.971
279.974
275.882
274.614
274.21
274.075
274.028
274.01
274.004
274.001
274
274
274
273.999
274
273.999
274.001
274
274.002
292.695
294.278
294.19
294.648
295.222
296.817
299.626
303.29
307.532
312.001
316.192
317.191
295.466
280.34
275.684
274.471
274.135
274.04
274.012
274.004
274.001
274
274
274
274
274
274
274
274
274.002
292.385
293.5
293.367
293.884
293.896
294.724
297.401
301.811
307.09
312.106
316.655
321.113
322.779
297.873
279.927
275.37
274.338
274.082
274.02
274.005
274.001
274
274
274
274
274
274
274
274
274.002
291.2
291.373
291.364
291.738
291.663
291.918
293.945
298.339
304.449
311.063
316.864
321.527
326.082
327.184
296.213
278.863
275.021
274.226
274.048
274.01
274.002
274.001
274
274
274
274
274
274
274
274.002
288.983
288.512
288.705
289.078
289.004
289.14
290.364
294.431
300.581
307.822
315.535
321.821
326.658
331.041
329.95
291.638
277.532
274.693
274.14
274.026
274.004
274.001
274
274
274
274
274
274
274.001
274.002
286.615
285.551
285.798
286.254
286.272
286.559
287.162
290.341
296.739
303.95
312.311
320.597
327.063
332.006
335.722
327.708
286.177
276.295
274.429
274.08
274.013
274.002
274.001
274
274
274
274
274
274.001
274.002
283.467
282.416
282.826
283.676
283.887
284.253
284.483
286.737
292.74
300.314
308.663
317.743
326.307
332.552
337.583
339.994
316.837
281.796
275.368
274.245
274.042
274.006
274.001
274
274
274
274
274
274.001
274.002
281.914
280.544
281.119
281.811
282.078
282.221
282.393
283.75
288.781
296.855
305.343
314.401
324.128
332.479
338.365
343.299
342.857
301.493
278.487
274.752
274.129
274.021
274.003
274.001
274
274
274
274
274.001
274.002
281.029
279.663
279.812
280.487
280.756
280.881
281.087
281.394
285.3
293.292
302.35
311.425
321.247
331.116
338.754
344.546
348.755
339.515
287.955
276.332
274.381
274.063
274.009
274.001
274.001
274
274
274
274.001
274.002
280.801
279.658
280.233
280.711
280.758
280.975
281.004
280.915
283.418
290.078
299.796
308.784
318.394
328.783
338.172
345.132
351.113
350.774
319.406
281.167
275.128
274.178
274.028
274.004
274.001
274
274
274
274
274.002
281.391
280.613
282.681
283.319
283.848
283.529
283.014
282.945
283.692
288.963
298.577
307.367
316.525
326.292
336.727
345.599
352.479
355.022
351.949
296.464
277.318
274.501
274.077
274.011
274.002
274.001
274.001
274
274
274.001
280.722
281.167
285.87
289.778
290.746
290.479
289.759
288.467
286.99
289.469
298.508
307.217
316.132
325.422
335.427
345.401
353.518
358.108
358.391
332.918
283.375
275.407
274.207
274.031
274.004
274.001
274
274.001
274.001
274.003
282.06
283.536
293.95
302.967
308.473
309.284
306.438
301.958
297.445
296.708
302.663
309.577
317.402
325.942
335.377
345.233
354.652
361.968
362.42
360.305
302.42
277.849
274.546
274.079
274.011
274.002
274
274.001
274.001
274.002
279.07
287.268
308.715
341.88
363.81
361.182
343.929
330.953
319.611
314.047
314.813
318.361
322.66
328.683
336.572
345.725
355.39
364.374
366.201
366.89
340.465
284.132
275.439
274.199
274.028
274.004
274.001
274
274
274.001
288.16
298.373
359.356
458.777
488.991
454.934
408.716
380.996
357.478
342.712
334.665
332.597
331.856
334.536
340.381
348.428
357.725
367.061
371.079
371.294
368.366
302.477
277.671
274.487
274.066
274.009
274.002
274.001
274.001
274.003
266.97
343.279
549.071
687.313
676.703
588.466
513.921
457.706
413.993
379.614
359.747
353.382
347.926
346.302
347.886
353.507
361.708
370.54
376.704
376.561
377.086
341.498
283.049
275.187
274.156
274.021
274.003
274.001
274.002
274.003
288.617
455.448
814.915
953.867
868.703
764.447
646.958
547.581
479.569
428.683
395.452
381.268
368.76
362.224
360.222
361.561
367.169
374.963
382.261
382.903
382.59
373.715
295.073
276.809
274.353
274.046
274.006
274.001
274
274.002
274.006
273.993
274.002
273.995
274
273.998
273.999
274
274
274
274.002
274.004
274.011
274.024
274.049
274.089
274.143
274.196
274.224
274.207
274.153
274.095
274.048
274.055
274.087
274.077
274.037
273.978
273.961
273.921
274.014
273.988
274.004
273.993
274
273.997
273.999
273.999
274
274
274.002
274.006
274.015
274.034
274.069
274.126
274.201
274.277
274.325
274.327
274.296
274.265
274.257
274.293
274.338
274.329
274.261
274.181
274.144
274.104
274.011
273.992
274.003
273.994
274
273.997
273.999
273.999
274
274.001
274.003
274.008
274.018
274.039
274.08
274.144
274.228
274.312
274.363
274.366
274.353
274.358
274.405
274.508
274.597
274.595
274.494
274.385
274.358
274.327
274.007
273.995
274.002
273.996
274
273.998
273.999
273.999
274
274.001
274.003
274.008
274.02
274.044
274.088
274.159
274.251
274.344
274.407
274.442
274.478
274.578
274.744
274.942
275.07
275.046
274.851
274.648
274.579
274.49
274.004
273.997
274.002
273.997
274
273.998
273.999
273.999
274
274.001
274.003
274.009
274.022
274.047
274.095
274.171
274.274
274.388
274.509
274.66
274.885
275.281
275.77
276.173
276.337
276.157
275.696
275.25
275.029
274.754
274.003
273.998
274.001
273.998
274
273.999
273.999
273.999
274
274.001
274.004
274.01
274.023
274.05
274.101
274.184
274.311
274.5
274.793
275.327
276.269
277.633
278.902
279.512
279.476
278.823
277.817
276.831
276.189
275.397
274.002
273.999
274.001
273.999
274
273.999
273.999
274
274
274.001
274.004
274.01
274.023
274.052
274.108
274.215
274.416
274.818
275.689
277.613
280.709
284.171
287.163
288.062
287.083
284.639
282.146
280.331
278.981
277.149
274.002
274
274.001
273.999
274
273.999
273.999
274
274
274.001
274.004
274.01
274.024
274.057
274.132
274.307
274.74
275.885
278.924
284.809
295.262
301.95
301.654
299.2
296.527
294.149
291.603
288.24
285.108
280.941
274.002
274
274.001
273.999
274
273.999
274
274
274
274.001
274.004
274.01
274.028
274.075
274.209
274.61
275.864
279.914
289.776
308.208
310.856
307.371
303.31
299.907
297.134
295.311
294.707
294.153
293.617
289.638
274.002
274
274
274
274
274
274
274
274
274.001
274.004
274.012
274.04
274.134
274.467
275.667
280.27
295.156
317.013
316.107
311.93
307.468
303.233
299.578
296.772
295.179
294.607
294.155
294.247
292.67
274.002
274
274
274
274
274
274
274
274
274.001
274.005
274.02
274.082
274.335
275.356
279.856
297.516
322.628
321.019
316.576
312.033
307.03
301.761
297.359
294.681
293.851
293.841
293.329
293.469
292.359
274.002
274
274
274
274
274
274
274
274.001
274.002
274.01
274.047
274.224
275.01
278.801
295.866
327
325.982
321.445
316.789
311.005
304.406
298.296
293.907
291.87
291.614
291.69
291.322
291.336
291.17
274.002
274.001
274
274
274
274
274
274
274.001
274.004
274.026
274.139
274.685
277.488
291.362
329.686
330.918
326.559
321.735
315.468
307.77
300.538
294.386
290.322
289.084
288.95
289.023
288.656
288.469
288.947
274.002
274.001
274
274
274
274
274
274.001
274.002
274.013
274.079
274.425
276.266
286.016
327.294
335.581
331.901
326.968
320.523
312.257
303.901
296.698
290.296
287.115
286.499
286.211
286.187
285.738
285.496
286.577
274.002
274.001
274
274
274
274
274
274.001
274.006
274.042
274.243
275.352
281.694
316.345
339.836
337.459
332.444
326.221
317.675
308.602
300.255
292.694
286.68
284.418
284.182
283.809
283.591
282.743
282.335
283.394
274.002
274.001
274
274
274
274
274.001
274.003
274.02
274.128
274.743
278.427
301.072
342.623
343.148
338.24
332.374
324.043
314.322
305.27
296.781
288.724
283.679
282.307
282.137
281.987
281.709
281.01
280.431
281.81
274.002
274.001
274
274
274
274.001
274.001
274.009
274.062
274.377
276.302
287.759
339.042
348.555
344.4
338.629
331.012
321.154
311.331
302.269
293.208
285.231
281.305
280.979
280.769
280.649
280.367
279.713
279.555
280.919
274.002
274
274
274
274
274.001
274.004
274.028
274.176
275.114
281.067
318.818
350.56
350.937
344.984
338.048
328.675
318.286
308.669
299.679
289.944
283.317
280.809
280.912
280.878
280.671
280.639
280.18
279.568
280.681
274.001
274
274
274.001
274.001
274.002
274.011
274.076
274.495
277.272
296.019
351.603
354.803
352.302
345.441
336.586
326.144
316.358
307.183
298.408
288.768
283.582
282.859
282.95
283.468
283.8
283.291
282.624
280.54
281.269
274.003
274.001
274.001
274
274.001
274.004
274.031
274.204
275.388
283.243
332.273
358.144
357.861
353.334
345.228
335.245
325.233
315.93
306.996
298.299
289.262
286.865
288.344
289.692
290.405
290.775
289.9
285.892
281.176
280.637
274.002
274.001
274.001
274
274.002
274.011
274.078
274.539
277.792
301.858
359.96
362.161
361.694
354.458
345.045
335.171
325.721
317.154
309.285
302.404
296.498
297.199
301.684
306.165
308.89
308.302
302.887
294.032
283.64
282.048
274.001
274
274
274.001
274.004
274.028
274.196
275.418
283.977
339.734
366.629
365.951
364.141
355.158
345.486
336.319
328.357
322.266
317.91
314.393
313.645
319.096
330.35
343.394
359.935
363.317
341.683
308.874
287.44
279.249
274.003
274.001
274.001
274.002
274.009
274.066
274.481
277.614
301.844
367.935
371.027
370.799
366.843
357.544
348.228
340.17
334.253
331.496
332.187
334.252
342.051
356.488
380.052
407.533
452.445
487.417
458.806
359.81
298.735
288.51
274.003
274.002
274.001
274.003
274.021
274.154
275.169
282.903
340.656
376.79
376.271
376.426
370.356
361.539
353.323
347.663
346.015
347.574
352.926
359.054
378.649
412.354
456.188
511.438
585.622
674.937
686.755
552.395
344.162
267.341
274.002
274
274.001
274.006
274.046
274.348
276.764
294.651
373.06
382.293
382.594
381.985
374.768
366.98
361.361
359.986
361.933
368.386
380.688
394.368
428.019
477.19
544.648
643.795
760.428
870.348
957.097
821.273
459.736
289.472
274.002
274.002
274.002
274.002
274.002
274.002
274.002
274.002
274.002
274.002
274.002
274.002
274.002
274.002
274.002
274.002
274.002
274.002
274.002
274.002
274.002
274.002
274.002
274.002
274.002
274.002
274.002
274.002
274.002
274.002
274.002
274.002
274.002
274.002
274.002
274.002
274.002
274.002
274.002
274.002
274.002
274.002
274.002
274.002
274.002
274.002
274.002
274.002
274.002
274.002
274.002
274.002
274.002
274.002
274.002
274.002
274.002
274.002
274.002
274.002
274.002
274.002
274.002
274.002
274.002
274.002
274.002
274.002
274.002
274.002
274.002
274.002
274.002
274.002
274.002
274.002
274.002
274.002
274.002
274.002
274.002
274.002
274.002
274.002
274.002
274.002
274.002
274.002
274.002
274.002
274.002
274.002
274.002
274.002
274.002
274.002
274.002
274.002
274.003
274.003
274.005
274.007
274.009
274.012
274.015
274.017
274.019
274.019
274.019
274.017
274.015
274.012
274.01
274.008
274.006
274.005
274.004
274.003
274.002
274.002
274.002
274.002
274.002
274.002
274.001
274.001
274.001
274.001
274.001
274
274
274
274
274
274
274
274
274
274
274
274
274
274
274
274
274
274
274
274
274
274
274
274
274
274
274
274
274
274
274
274
274
274
274
274
274
274
274
274
274
274
274
274
274
274
274
274
274
274
274
274
274
274
274
274
274
274
274
274
274
274
274
274
274
274
274
274
274
274
274
274
274
274
274
274
274
274
274
274
274
274
274
274
274
274
274
274
274
274
274.001
274.001
274.003
274.007
274.015
274.027
274.045
274.071
274.103
274.137
274.17
274.198
274.211
274.211
274.2
274.177
274.147
274.116
274.087
274.062
274.042
274.028
274.018
274.011
274.007
274.004
274.002
274.001
274.001
274
274
274
274
274
274
274
274
274
274
274
274
274
274
274
274
274
274
274
274
274
274
274
274
274
274
274
274
274
274
274
274
274
274
274
274
274
274
274
274
274
274
274
274
274
274
274
274
274
274
274
274
274
274
274
274
274
274
274
274
274
274
274
274
274
274
274
274
274
274
274
274
274
274
274
274
274
274
274
274
274
274
274
274
274
274
274
274
274
274
274
274
274
274
274.001
274.003
274.009
274.023
274.054
274.117
274.232
274.43
274.734
275.145
275.631
276.132
276.58
276.898
277.008
276.936
276.686
276.295
275.846
275.394
274.999
274.679
274.447
274.286
274.177
274.106
274.062
274.035
274.02
274.011
274.006
274.003
274.001
274
274
274
274
274
274
274
274
274
274
274
274
274
274
274
274
274
274
274
274
274
274
274
274
274
274
274
274
274
274
274
274
274
274
274
274
274
274
274
274
274
274
274
274
274
274
274
274
274
274
274
274
274
274
274
274
274
274
274
274
274
274
274
274
274
274
274
274
274
274
274
274
274
274
274
274
274
274
274
274
274
274
274
274
274
274
274
274
274
274
274.001
274.005
274.018
274.056
274.161
274.431
275.044
276.262
278.501
282.333
287.987
294.819
301.953
308.784
314.03
316.759
316.833
314.404
309.894
303.998
297.698
291.642
286.58
282.37
279.258
277.187
275.886
275.063
274.582
274.322
274.176
274.094
274.05
274.025
274.012
274
274
274
274
274
274
274
274
274
274
274
274
274
274
274
274
274
274
274
274
274
274
274
274
274
274
274
274
274
274
274
274
274
274
274
274
274
274
274
274
274
274
274
274
274
274
274
274
274
274
274
274
274
274
274
274
274
274
274
274
274
274
274
274
274
274
274
274
274
274
274
274
274
274
274
274
274
274
274
274
274
274
274
274
274
274
274
274
274.001
274.006
274.027
274.103
274.377
275.227
277.621
283.747
297.143
323.329
367.169
425.585
474.407
507.096
526.277
535.173
536.628
532.802
524.928
514.035
500.006
482.903
462.894
438.805
410.835
378.083
342.116
308.942
294.092
285.367
280.038
277.129
275.613
274.808
274.411
274.205
274.097
274
274
274
274
274
274
274
274
274
274
274
274
274
274
274
274
274
274
274
274
274
274
274
274
274
274
274
274
274
274
274
274
274
274
274
274
274
274
274
274
274
274
274
274
274
274
274
274
274
274
274
274
274
274
274
274
274
274
274
274
274
274
274
274
274
274
274
274
274
274
274
274
274
274
274
274
274
274
274
274
274
274
274
274
274
274
274.001
274.005
274.027
274.135
274.623
276.536
283.537
305.445
367.073
463.047
553.482
611.087
640.197
646.568
641.715
632.286
620.989
608.906
596.399
583.513
570.125
556.938
543.896
530.835
518.151
505.687
493.708
481.496
468.064
450.313
421.777
385.375
342.521
303.683
288.825
281.409
277.579
275.696
274.772
274
274
274
274
274
274
274
274
274
274
274
274
274
274
274
274
274
274
274
274
274
274
274
274
274
274
274
274
274
274
274
274
274
274
274
274
274
274
274
274
274
274
274
274
274
274
274
274
274
274
274
274
274
274
274
274
274
274
274
274
274
274
274
274
274
274
274
274
274
274
274
274
274
274
274
274
274
274
274
274
274
274
274
274
274
274.003
274.02
274.12
274.69
277.654
291.758
352.019
477.477
608.091
683.541
710.716
711.317
703.545
693.685
682.3
669.494
656.504
643.518
630.389
617.039
603.271
588.828
574.303
559.891
545.504
531.513
517.657
504.426
491.674
479.791
468.143
457.097
446.701
435.107
417.72
385.962
345.213
305.527
287.742
280.425
274
274
274
274
274
274
274
274
274
274
274
274
274
274
274
274
274
274
274
274
274
274
274
274
274
274
274
274
274
274
274
274
274
274
274
274
274
274
274
274
274
274
274
274
274
274
274
274
274
274
274
274
274
274
274
274
274
274
274
274
274
274
274
274
274
274
274
274
274
274
274
274
274
274
274
274
274
274
274
274
274
274
274
274.001
274.01
274.072
274.516
277.465
295.763
390.045
565.385
698.023
751.424
756.655
749.682
741.236
732.057
723.183
714.472
704.714
693.764
681.829
669.334
656.299
642.585
628.108
612.571
597.032
581.133
565.096
549.267
533.366
517.718
502.24
487.661
473.745
461.304
450.145
439.927
429.943
420.477
410.439
396.761
368.315
330.672
274
274
274
274
274
274
274
274
274
274
274
274
274
274
274
274
274
274
274
274
274
274
274
274
274
274
274
274
274
274
274
274
274
274
274
274
274
274
274
274
274
274
274
274
274
274
274
274
274
274
274
274
274
274
274
274
274
274
274
274
274
274
274
274
274
274
274
274
274
274
274
274
274
274
274
274
274
274
274
274
274
274
274.003
274.03
274.257
276.101
291.217
393.305
601.736
749.317
787.876
787.89
781.199
772.002
763.318
756.331
751.229
744.356
734.089
721.789
709.371
696.876
683.96
670.351
655.878
640.636
624.635
608.236
592.08
575.699
559.272
543.048
527.808
512.407
497.535
482.928
469.345
456.132
443.775
432.469
422.18
412.732
403.93
395.653
387.736
274
274
274
274
274
274
274
274
274
274
274
274
274
274
274
274
274
274
274
274
274
274
274
274
274
274
274
274
274
274
274
274
274
274
274
274
274
274
274
274
274
274
274
274
274
274
274
274
274
274
274
274
274
274
274
274
274
274
274
274
274
274
274
274
274
274
274
274
274
274
274
274
274
274
274
274
274
274
274
274
274
274.008
274.085
274.845
282.592
357.039
582.471
769.721
814.557
813.901
809.092
802.712
794.174
787.257
782.143
774.506
763.494
750.495
737.295
725.897
715.334
704.483
693.353
681.641
668.507
653.964
638.496
621.031
603.785
586.504
567.833
549.3
532.612
516.029
500.186
485.052
471.836
458.677
447.256
436.544
426.128
415.822
405.773
396.646
388.765
274
274
274
274
274
274
274
274
274
274
274
274
274
274
274
274
274
274
274
274
274
274
274
274
274
274
274
274
274
274
274
274
274
274
274
274
274
274
274
274
274
274
274
274
274
274
274
274
274
274
274
274
274
274
274
274
274
274
274
274
274
274
274
274
274
274
274
274
274
274
274
274
274
274
274
274
274
274
274
274.001
274.018
274.228
276.742
306.81
498.219
751.888
835.274
839.052
834.934
829.306
824.968
820.162
812.818
804.044
794.249
780.958
767.797
755.633
746.684
740.285
735.005
729.235
722.095
712.52
700.301
685.576
669.049
650.63
631.19
611.374
590.04
568.274
547.326
526.805
507.384
489.303
474.139
459.076
446.521
434.743
424.494
415.842
407.349
398.697
390.12
274
274
274
274
274
274
274
274
274
274
274
274
274
274
274
274
274
274
274
274
274
274
274
274
274
274
274
274
274
274
274
274
274
274
274
274
274
274
274
274
274
274
274
274
274
274
274
274
274
274
274
274
274
274
274
274
274
274
274
274
274
274
274
274
274
274
274
274
274
274
274
274
274
274
274
274
274
274
274.002
274.038
274.559
282.413
383.863
668.539
840.383
859.282
858.816
856.323
851.572
848.003
846.707
842.516
831.715
826.032
816.61
806.641
799.874
794.529
792.318
791.643
792.289
793.012
791.144
785.033
773.853
757.285
736.288
711.81
686.259
660.756
632.921
605.542
578.798
552.08
526.691
503.682
484.436
465.565
450.271
435.209
422.647
411.715
401.923
394.415
387.87
274
274
274
274
274
274
274
274
274
274
274
274
274
274
274
274
274
274
274
274
274
274
274
274
274
274
274
274
274
274
274
274
274
274
274
274
274
274
274
274
274
274
274
274
274
274
274
274
274
274
274
274
274
274
274
274
274
274
274
274
274
274
274
274
274
274
274
274
274
274
274
274
274
274
274
274
274
274.003
274.069
275.257
296.757
501.1
794.237
871.266
876.459
876.909
877.155
875.646
873.389
871.814
870.106
866.953
865.66
861.133
858.978
859.663
862.759
869.063
879.11
891.653
905.938
918.466
923.691
921.225
909.926
889.208
860.249
826.059
789.022
750.952
710.245
671.927
634.601
597.499
562.486
531.727
506.033
481.155
461.181
440.971
424.706
411.174
398.854
388.025
380.186
274
274
274
274
274
274
274
274
274
274
274
274
274
274
274
274
274
274
274
274
274
274
274
274
274
274
274
274
274
274
274
274
274
274
274
274
274
274
274
274
274
274
274
274
274
274
274
274
274
274
274
274
274
274
274
274
274
274
274
274
274
274
274
274
274
274
274
274
274
274
274
274
274
274
274
274
274.004
274.112
276.558
329.412
630.94
862.832
886.858
889.082
892.832
895.235
897.954
899.869
901.628
906.558
909.136
914.449
922.686
934.467
950.889
971.476
994.931
1018.58
1046.03
1074.69
1102.58
1125.14
1137.83
1136.45
1122.27
1094.04
1054.25
1006.17
954.156
899.108
839.577
783.749
728.355
672.861
621.203
577.459
541.338
507.598
481.107
454.222
433.078
414.702
398.791
386.084
374.823
274
274
274
274
274
274
274
274
274
274
274
274
274
274
274
274
274
274
274
274
274
274
274
274
274
274
274
274
274
274
274
274
274
274
274
274
274
274
274
274
274
274
274
274
274
274
274
274
274
274
274
274
274
274
274
274
274
274
274
274
274
274
274
274
274
274
274
274
274
274
274
274
274
274
274
274.005
274.163
278.499
379.478
737.78
891.055
897.15
898.027
903.949
911.299
917.502
925.281
934.916
946.391
966.073
986.043
1012.98
1049.62
1092.62
1134.93
1179.86
1224.37
1266.1
1305.37
1340.45
1367.88
1384.02
1390.31
1383.4
1365.68
1334.15
1289.54
1233.55
1170.28
1101.56
1022.76
946.993
868.902
787.096
710.312
646.685
594.982
548.607
512.86
477.119
449.89
425.368
403.66
386.9
373.375
274
274
274
274
274
274
274
274
274
274
274
274
274
274
274
274
274
274
274
274
274
274
274
274
274
274
274
274
274
274
274
274
274
274
274
274
274
274
274
274
274
274
274
274
274
274
274
274
274
274
274
274
274
274
274
274
274
274
274
274
274
274
274
274
274
274
274
274
274
274
274
274
274
274
274.006
274.206
280.581
426.943
801.965
903.672
903.8
905.078
913.662
925.597
937.596
950.9
968.301
993.941
1030.51
1082.43
1146.41
1217.5
1300.58
1386.5
1454.32
1506.36
1534.94
1546.4
1545.37
1538.63
1526.22
1517.22
1510.03
1498.49
1487.48
1476.66
1459.97
1423.82
1369.89
1305.75
1224.82
1139.97
1045.11
936.246
830.67
742.668
671.407
608.743
560.222
512.791
477.613
444.839
416.337
393.126
375.069
274
274
274
274
274
274
274
274
274
274
274
274
274
274
274
274
274
274
274
274
274
274
274
274
274
274
274
274
274
274
274
274
274
274
274
274
274
274
274
274
274
274
274
274
274
274
274
274
274
274
274
274
274
274
274
274
274
274
274
274
274
274
274
274
274
274
274
274
274
274
274
274
274
274.005
274.223
281.883
456.486
834.501
910.022
908.543
911.551
923.409
940.013
958.223
978.847
1005.23
1045.09
1106.47
1196.85
1316.9
1454.42
1561.58
1626.2
1650.32
1669.96
1671.72
1673.86
1656.25
1636.95
1612.29
1588.56
1576.26
1566.83
1553.89
1544.7
1539.96
1534.62
1527.42
1504.37
1459.21
1388.07
1307.01
1211.64
1095.55
973.798
864.774
774.87
693.925
629.654
566.082
519.463
475.088
438.292
408.095
382.051
274
274
274
274
274
274
274
274
274
274
274
274
274
274
274
274
274
274
274
274
274
274
274
274
274
274
274
274
274
274
274
274
274
274
274
274
274
274
274
274
274
274
274
274
274
274
274
274
274
274
274
274
274
274
274
274
274
274
274
274
274
274
274
274
274
274
274
274
274
274
274
274
274.004
274.202
281.712
462.825
846.677
914.438
913.385
918.364
933.466
954.728
979.315
1006.95
1042.89
1095.79
1183.55
1315.6
1509.39
1699.95
1762.58
1761.55
1740.21
1722.04
1720.62
1717.11
1712.53
1698.69
1695.18
1690.43
1686.46
1681.82
1676.72
1667.48
1656.43
1647.26
1643.12
1642.74
1630.84
1591.24
1517.04
1436.73
1345.96
1236.37
1124.19
1009.73
907.806
809.346
726.712
642.671
580.447
519.504
471.234
432.423
396.811
274
274
274
274
274
274
274
274
274
274
274
274
274
274
274
274
274
274
274
274
274
274
274
274
274
274
274
274
274
274
274
274
274
274
274
274
274
274
274
274
274
274
274
274
274
274
274
274
274
274
274
274
274
274
274
274
274
274
274
274
274
274
274
274
274
274
274
274
274
274
274
274.003
274.153
280.164
445.072
842.488
918.681
919.19
925.729
943.23
968.767
998.651
1033.28
1077.7
1144.17
1249.43
1413.57
1657.79
1822.24
1856.29
1826.82
1805.53
1779.42
1769.34
1777.48
1791.47
1825.63
1879.03
1911.12
1916.91
1910.33
1892.28
1886.5
1893.73
1901.15
1902.13
1894.31
1873.92
1837.85
1792.19
1722.52
1641.08
1541.44
1432.21
1327.24
1196.05
1088.09
966.646
864.668
753.432
668.676
583.106
517.894
466.25
420.115
274
274
274
274
274
274
274
274
274
274
274
274
274
274
274
274
274
274
274
274
274
274
274
274
274
274
274
274
274
274
274
274
274
274
274
274
274
274
274
274
274
274
274
274
274
274
274
274
274
274
274
274
274
274
274
274
274
274
274
274
274
274
274
274
274
274
274
274
274
274
274.002
274.095
278.023
406.009
818.319
921.887
925.496
933.472
952.104
979.832
1013.04
1052.83
1104.57
1182.06
1303.04
1489.64
1735.03
1855.91
1874.69
1875.35
1844.36
1851.26
1864.5
1887.7
1891.22
1930.14
2004.23
2091.4
2127.98
2133.56
2115.41
2102.47
2108.56
2128.26
2139.13
2139.85
2131.45
2101.64
2060.86
2016.53
1963.93
1905.16
1836.76
1760.14
1668.45
1533.87
1409.95
1218.45
1052.41
893.087
780.539
660.702
572.544
503.599
443.37
274
274
274
274
274
274
274
274
274
274
274
274
274
274
274
274
274
274
274
274
274
274
274
274
274
274
274
274
274
274
274
274
274
274
274
274
274
274
274
274
274
274
274
274
274
274
274
274
274
274
274
274
274
274
274
274
274
274
274
274
274
274
274
274
274
274
274
274
274
274.001
274.047
276.172
356.046
767.122
922.35
931.367
940.99
959.778
986.78
1020.5
1061.75
1117.6
1202.83
1335.55
1533.64
1766.48
1859.07
1869.25
1864.61
1854.35
1890.04
1894.51
1902.79
1922.21
1906.15
1959.98
2070.16
2169.17
2190.64
2184.87
2132.77
2110.1
2128.88
2144.48
2146.23
2137.01
2114.81
2067.49
2041.45
2009.17
1977.71
1944.44
1915.63
1873.65
1789.2
1712.81
1635.85
1506.48
1366.48
1161.91
973.847
799.74
676.707
581.432
495.129
274
274
274
274
274
274
274
274
274
274
274
274
274
274
274
274
274
274
274
274
274
274
274
274
274
274
274
274
274
274
274
274
274
274
274
274
274
274
274
274
274
274
274
274
274
274
274
274
274
274
274
274
274
274
274
274
274
274
274
274
274
274
274
274
274
274
274
274
274
274.019
274.996
312.786
678.146
917.431
935.776
946.992
965.414
990.265
1020.87
1060.13
1116.33
1203.7
1340.05
1543.41
1778.52
1859.21
1860.32
1837.17
1826.87
1844.43
1882.47
1887.46
1862.59
1839.6
1842.09
1949.6
2063.79
2167.51
2190.33
2181.95
2156.77
2009
1920.07
1855.29
1704.22
1631.63
1628.93
1641.56
1696.37
1706.19
1693.78
1648.33
1604.43
1587.18
1604.31
1637.85
1649.32
1637.17
1582.39
1474.99
1345.63
1117.19
871.926
696.132
569.374
274
274
274
274
274
274
274
274
274
274
274
274
274
274
274
274
274
274
274
274
274
274
274
274
274
274
274
274
274
274
274
274
274
274
274
274
274
274
274
274
274
274
274
274
274
274
274
274
274
274
274
274
274
274
274
274
274
274
274
274
274
274
274
274
274
274
274
274
274.007
274.393
289.052
554.064
898.628
937.429
950.981
968.512
991.118
1016.89
1051.9
1104.03
1187.13
1316.35
1506.24
1756.71
1867.39
1880.59
1875.87
1870.92
1868.92
1885.82
1890.25
1779.47
1689.94
1581.52
1575.81
1670.16
1819.34
1958.83
1981.94
1838.98
1566.04
1441.34
1326.28
1314.36
1363.18
1373.66
1401.42
1473.47
1515.01
1565.14
1632.01
1661.08
1635.45
1543.15
1494.04
1474.28
1484.9
1497.19
1534.62
1513.76
1476.65
1324.63
1131.75
885.758
668.667
274
274
274
274
274
274
274
274
274
274
274
274
274
274
274
274
274
274
274
274
274
274
274
274
274
274
274
274
274
274
274
274
274
274
274
274
274
274
274
274
274
274
274
274
274
274
274
274
274
274
274
274
274
274
274
274
274
274
274
274
274
274
274
274
274
274
274
274.002
274.123
279.092
430.062
840.026
935.575
953.122
969.657
989.61
1012.95
1042.43
1088.32
1162.04
1276.55
1444.78
1677.66
1852.57
1889.71
1892
1892.8
1883.47
1886.98
1898.46
1855.99
1663.53
1484.04
1432.39
1421.72
1447.42
1491.44
1521.67
1480.02
1519.61
1149.06
1101.82
1061.41
1008.11
1002.81
985.591
976.147
964.618
1000.87
1034.74
1100.45
1209.8
1336.45
1441.22
1478.38
1454.25
1429.26
1428.4
1417.19
1425.26
1488.39
1450.83
1328.21
1130.85
840.159
274
274
274
274
274
274
274
274
274
274
274
274
274
274
274
274
274
274
274
274
274
274
274
274
274
274
274
274
274
274
274
274
274
274
274
274
274
274
274
274
274
274
274
274
274
274
274
274
274
274
274
274
274
274
274
274
274
274
274
274
274
274
274
274
274
274
274.001
274.03
275.418
328.662
718.665
929.406
953.856
968.708
985.7
1007.65
1034.86
1075.45
1138.39
1233.37
1370.95
1567.92
1791.41
1877.89
1890.64
1898.78
1905.16
1896.72
1909.52
1915.28
1741.99
1579.26
1406.04
1371.6
1373.23
1336.3
1338.77
1329.36
1189.38
1053.5
1007.27
903.539
870.504
855.082
833.378
842.669
848.97
864.957
886.756
913.813
950.053
1008.26
1089.57
1211.23
1345.41
1395.82
1423.61
1434.29
1409.41
1387.6
1380.88
1467.6
1443.16
1305.83
1026.56
274
274
274
274
274
274
274
274
274
274
274
274
274
274
274
274
274
274
274
274
274
274
274
274
274
274
274
274
274
274
274
274
274
274
274
274
274
274
274
274
274
274
274
274
274
274
274
274
274
274
274
274
274
274
274
274
274
274
274
274
274
274
274
274
274
274
274.007
274.354
287.129
532.825
900.919
952.06
964.845
978.105
997.921
1027.08
1067.34
1123.31
1202.66
1309.73
1457.07
1662.12
1838.32
1886.2
1885.09
1897.39
1909.39
1905.27
1913.85
1718.79
1537.44
1339.23
1312.12
1315.81
1289.94
1284.99
1300.58
1267.35
1178.5
1055.78
995.813
946.929
914.144
915.145
908.349
920.402
922.121
922.133
923.93
927.324
929.803
932.57
970.347
1026.31
1140.7
1307.18
1371.09
1441.52
1456.03
1418.16
1386.28
1384.59
1444.3
1359.04
1117.95
274
274
274
274
274
274
274
274
274
274
274
274
274
274
274
274
274
274
274
274
274
274
274
274
274
274
274
274
274
274
274
274
274
274
274
274
274
274
274
274
274
274
274
274
274
274
274
274
274
274
274
274
274
274
274
274
274
274
274
274
274
274
274
274
274
274.001
274.065
276.756
371.754
789.435
944.512
959.449
969.347
986.48
1016.46
1060.71
1116.76
1189
1278.64
1388.1
1534.7
1733.18
1859.15
1885.55
1885.2
1904.1
1904.86
1903.71
1828.02
1582.73
1332.72
1215.3
1191.71
1183.95
1169.65
1159.09
1156.68
1160.54
1165.81
1127.66
1095.17
958.368
919.385
878.505
871.94
859.306
860.141
883.14
892.841
922.926
931.905
944.745
962.859
987.369
1034.17
1117.41
1287.81
1405.25
1471.05
1472.39
1466.72
1399.18
1405.32
1302.38
1142.66
274
274
274
274
274
274
274
274
274
274
274
274
274
274
274
274
274
274
274
274
274
274
274
274
274
274
274
274
274
274
274
274
274
274
274
274
274
274
274
274
274
274
274
274
274
274
274
274
274
274
274
274
274
274
274
274
274
274
274
274
274
274
274
274
274
274.01
274.508
291.957
571.537
915.945
952.81
960.342
975.419
1004.45
1048.34
1108.31
1183.32
1263.3
1354.09
1468.64
1621.92
1800.19
1875.56
1889.79
1896.04
1903.37
1901.18
1884.88
1674.1
1509.35
1349.64
1289.25
1260.07
1225.27
1213.87
1223.59
1200.73
1171.15
1164.19
1164.11
1163.78
1112.68
1000.79
973.221
951.372
933.5
924.749
927.996
918.498
915.749
915.541
931.074
941.754
955.464
975.582
997.084
1035.67
1123.98
1277.37
1480.66
1537.85
1516.21
1427.06
1322.47
1008.02
274
274
274
274
274
274
274
274
274
274
274
274
274
274
274
274
274
274
274
274
274
274
274
274
274
274
274
274
274
274
274
274
274
274
274
274
274
274
274
274
274
274
274
274
274
274
274
274
274
274
274
274
274
274
274
274
274
274
274
274
274
274
274
274
274.002
274.079
277.208
383.043
800.912
941.516
951.069
962.955
989.948
1031.41
1081.92
1141.66
1214.67
1306.12
1423.86
1571.27
1741.44
1856.96
1891.97
1901.4
1913.06
1916.26
1897.33
1838.75
1617.26
1419.35
1328.59
1292.98
1277.26
1261.33
1249.53
1230.66
1213.28
1209.7
1191.84
1183.19
1187.23
1162.01
1094.43
1047.89
984.984
988.471
976.539
973.846
977.178
989.462
982.707
990.741
993.545
1005.44
1017.88
1046.26
1084.46
1124.71
1162.34
1243.85
1423.94
1561.89
1585.17
1347.81
1244.12
274
274
274
274
274
274
274
274
274
274
274
274
274
274
274
274
274
274
274
274
274
274
274
274
274
274
274
274
274
274
274
274
274
274
274
274
274
274
274
274
274
274
274
274
274
274
274
274
274
274
274
274
274
274
274
274
274
274
274
274
274
274
274
274
274.012
274.572
293.582
582.422
912.402
944.704
955.458
977.316
1010.22
1053.15
1106.86
1176.81
1265.48
1372.78
1502.71
1657.62
1816.66
1887.38
1905.78
1916.3
1935.67
1938.07
1917.29
1793.12
1593.34
1402.98
1318.69
1283.21
1252.87
1240.27
1233.06
1229.2
1232.79
1232.7
1231.34
1232.15
1232.06
1234.14
1237.67
1135.1
1087.21
1015.71
1014.33
998.769
1002.02
995.004
994.586
1000.08
1000.78
1005.56
1008.89
1023.03
1060.64
1100.24
1134.66
1181.03
1228.11
1301.84
1467.79
1652.9
1726.62
274
274
274
274
274
274
274
274
274
274
274
274
274
274
274
274
274
274
274
274
274
274
274
274
274
274
274
274
274
274
274
274
274
274
274
274
274
274
274
274
274
274
274
274
274
274
274
274
274
274
274
274
274
274
274
274
274
274
274
274
274
274
274
274.001
274.048
275.914
341.329
736.704
928.927
950.423
969.803
997.619
1033.56
1081.54
1143.3
1220.54
1312.13
1416.19
1540.98
1691.28
1837.66
1893.81
1907.44
1919.58
1944.07
1948.81
1937.86
1760.91
1618.32
1452.89
1395.02
1375.82
1349.54
1336.91
1324.13
1304.02
1291.89
1293.73
1298.48
1296.17
1285.12
1280.09
1276.33
1275.66
1178.42
1140.84
1103.24
1061.46
1084.57
1085.66
1081.6
1097.06
1098.59
1101.66
1104.79
1108.62
1133.25
1186.18
1238.08
1325.53
1436.08
1564.55
1641.14
1721.4
1961.47
274
274
274
274
274
274
274
274
274
274
274
274
274
274
274
274
274
274
274
274
274
274
274
274
274
274
274
274
274
274
274
274
274
274
274
274
274
274
274
274
274
274
274
274
274
274
274
274
274
274
274
274
274
274
274
274
274
274
274
274
274
274
274
274.002
274.094
277.576
388.667
801.143
939.968
957.393
974.824
1000.95
1037.55
1087.71
1153.71
1236.24
1329.84
1432.97
1555.39
1704.89
1844.5
1892.46
1904.15
1917.15
1944.48
1951.37
1935.69
1751.44
1601.84
1455.17
1403.18
1377.69
1358.74
1352.54
1340.71
1321.88
1313.83
1298.03
1312.54
1318.63
1321.66
1312.79
1313.65
1289.36
1255.5
1159.53
1155.8
1105.57
1108.28
1118.95
1111.23
1132.08
1138.66
1156.04
1160.03
1162.66
1163.13
1206.26
1247.78
1332.47
1447.24
1597.69
1748.47
1887.61
2007.77
274
274
274
274
274
274
274
274
274
274
274
274
274
274
274
274
274
274
274
274
274
274
274
274
274
274
274
274
274
274
274
274
274
274
274
274
274
274
274
274
274
274
274
274
274
274
274
274
274
274
274
274
274
274
274
274
274
274
274
274
274
274
274
274.005
274.225
281.972
468.54
868.407
946.889
957.976
975.581
1006.85
1051.52
1107.82
1178.6
1260.93
1351.76
1452.23
1573.71
1723.95
1849.56
1887.78
1897.02
1914.31
1946.09
1954.67
1921.22
1755.7
1609.22
1500.57
1465.59
1443.06
1411.22
1396.78
1387.14
1364.2
1354.34
1347.45
1341.74
1354.62
1352.91
1362.26
1362.87
1367.67
1347.31
1274.32
1188.17
1181.15
1161.79
1165.29
1154.37
1168.39
1170.24
1196.83
1211.2
1235.25
1247.84
1270.2
1292.74
1330.12
1393.99
1489.74
1642.05
1811.55
2029.89
274
274
274
274
274
274
274
274
274
274
274
274
274
274
274
274
274
274
274
274
274
274
274
274
274
274
274
274
274
274
274
274
274
274
274
274
274
274
274
274
274
274
274
274
274
274
274
274
274
274
274
274
274
274
274
274
274
274
274
274
274
274
274
274.011
274.505
290.788
555.486
907.795
951.433
964.95
990.134
1027.09
1074.87
1133.94
1205.87
1287.47
1377.57
1475.94
1593.16
1737.43
1848.19
1883.7
1893.91
1915.67
1950.13
1956.24
1898.27
1732.15
1572.82
1498.68
1472.58
1459.3
1440.78
1420.39
1410.91
1393.56
1385.14
1375.12
1380.06
1382.91
1391.09
1391.26
1386.41
1377.86
1376.58
1359.4
1314.3
1231.85
1249.94
1206.66
1226.85
1221.46
1215.27
1243.08
1252.67
1287.12
1324.65
1362.09
1412.29
1456.71
1524.85
1597.82
1688.21
1800.16
1911.72
274
274
274
274
274
274
274
274
274
274
274
274
274
274
274
274
274
274
274
274
274
274
274
274
274
274
274
274
274
274
274
274
274
274
274
274
274
274
274
274
274
274
274
274
274
274
274
274
274
274
274
274
274
274
274
274
274
274
274
274
274
274
274.001
274.026
275.093
311.007
662.407
934.661
957.047
968.066
993.707
1032.84
1084.39
1152.62
1239.79
1330.58
1418.13
1508.53
1614.55
1745.67
1848.93
1883.49
1894.65
1919.34
1963.5
1976.58
1915.62
1770.39
1595.45
1513.24
1495.96
1489.85
1488.66
1486.82
1476.49
1461.73
1453.4
1447.51
1441.32
1434.66
1432.25
1432.42
1435.38
1432.53
1430.17
1421.89
1404.28
1355.52
1271.74
1293.94
1254.24
1263.74
1264.69
1263
1289.12
1303.62
1355.51
1388.48
1449.81
1499.38
1573.05
1651.61
1728.72
1801.63
1858.88
274
274
274
274
274
274
274
274
274
274
274
274
274
274
274
274
274
274
274
274
274
274
274
274
274
274
274
274
274
274
274
274
274
274
274
274
274
274
274
274
274
274
274
274
274
274
274
274
274
274
274
274
274
274
274
274
274
274
274
274
274
274
274.001
274.054
276.092
344.691
741.393
942.832
960.583
976.834
1007.76
1051.57
1106.42
1178.78
1269.7
1363.33
1450.15
1535.63
1632.48
1750.06
1853.04
1894.18
1909.43
1933.75
1979.74
1992.59
1913.45
1794.91
1640.27
1555.14
1525.04
1498.15
1488.06
1483.21
1481.35
1480.7
1484.21
1483.17
1482.68
1480.83
1470.65
1487.24
1504.16
1495.51
1506.51
1503.36
1486.35
1470.19
1424.47
1351.79
1369.5
1314.11
1357.45
1324.84
1353.55
1363.39
1399.66
1455.17
1501.22
1571.18
1613.31
1682.59
1724.67
1790.04
1826.03
274
274
274
274
274
274
274
274
274
274
274
274
274
274
274
274
274
274
274
274
274
274
274
274
274
274
274
274
274
274
274
274
274
274
274
274
274
274
274
274
274
274
274
274
274
274
274
274
274
274
274
274
274
274
274
274
274
274
274
274
274
274
274.003
274.109
277.956
393.94
809.425
952.492
963.678
978.778
1008.89
1053.26
1110.19
1184.66
1278.67
1375.91
1468.71
1559.11
1653.72
1760.97
1857.67
1898.88
1915.48
1935.17
1968.33
1976.01
1860.06
1734.9
1597.72
1557.59
1546.27
1541.98
1535.85
1523.2
1516.85
1515.72
1516.11
1512.49
1525.52
1528.03
1522.72
1540.63
1540.63
1526.73
1555.98
1571.78
1574.2
1557.41
1545.33
1475.27
1449.6
1430.44
1411.77
1425.53
1412.95
1443.92
1478.8
1536.85
1567.88
1625.71
1662.22
1732.94
1753.67
1815.16
1837.25
274
274
274
274
274
274
274
274
274
274
274
274
274
274
274
274
274
274
274
274
274
274
274
274
274
274
274
274
274
274
274
274
274
274
274
274
274
274
274
274
274
274
274
274
274
274
274
274
274
274
274
274
274
274
274
274
274
274
274
274
274
274
274.004
274.191
280.59
442.394
849.874
954.83
967.793
987.007
1019.63
1066.04
1124.65
1199.62
1292.4
1389.02
1482.55
1574.85
1670.6
1775.1
1865.54
1904.24
1920.21
1938.59
1975.51
1988.89
1864.96
1768.84
1619.84
1566.3
1549.17
1544.41
1543.89
1547.01
1548.46
1549.78
1551.43
1550.64
1578.78
1588.95
1590.33
1600.05
1601.86
1606.51
1632.92
1646.84
1661.01
1665.7
1657.5
1633.6
1571.88
1533.93
1514.13
1502.83
1512.11
1516.65
1543.4
1578.1
1633.17
1657.91
1719.94
1752.84
1798.39
1833.68
1853.38
274
274
274
274
274
274
274
274
274
274
274
274
274
274
274
274
274
274
274
274
274
274
274
274
274
274
274
274
274
274
274
274
274
274
274
274
274
274
274
274
274
274
274
274
274
274
274
274
274
274
274
274
274
274
274
274
274
274
274
274
274
274
274.007
274.318
284.53
492.982
884.159
959.573
971.365
989.614
1021.32
1068.34
1127.9
1204.36
1297.76
1395.6
1492.19
1587.51
1686.26
1791.69
1873.96
1907.6
1921.66
1940.39
1974.95
1984.31
1844.09
1732.71
1603.42
1566.27
1552.15
1546.1
1544.19
1543.69
1543.55
1549.16
1560.71
1565.11
1591.09
1611.89
1621.89
1649.62
1663.73
1671.73
1684.96
1708.03
1729.11
1746.11
1767.78
1774.55
1752.31
1700.1
1631.66
1649.23
1620.15
1646.52
1626.68
1675.95
1700.6
1743.5
1790.83
1820.41
1865.2
1884.21
1938.42
274
274
274
274
274
274
274
274
274
274
274
274
274
274
274
274
274
274
274
274
274
274
274
274
274
274
274
274
274
274
274
274
274
274
274
274
274
274
274
274
274
274
274
274
274
274
274
274
274
274
274
274
274
274
274
274
274
274
274
274
274
274
274.011
274.469
289.043
533.438
903.304
961.665
974.757
994.058
1026.76
1075.49
1136.1
1213.35
1305.11
1401.59
1498.85
1595.42
1697.1
1805.69
1878.42
1905.41
1916.28
1932.89
1961.25
1965.76
1829.21
1715.62
1602.29
1568.13
1556.08
1551.67
1550.77
1552.07
1554.41
1558.2
1577.94
1586.21
1606.7
1641.49
1656.14
1671.98
1697.48
1720.11
1740.73
1764.13
1783.22
1808.98
1846.96
1879.31
1894.18
1898.35
1882.39
1799.37
1787.74
1756.99
1790.52
1767.25
1811.55
1832.85
1869.02
1898.31
1927.42
1961.96
2002.04
274
274
274
274
274
274
274
274
274
274
274
274
274
274
274
274
274
274
274
274
274
274
274
274
274
274
274
274
274
274
274
274
274
274
274
274
274
274
274
274
274
274
274
274
274
274
274
274
274
274
274
274
274
274
274
274
274
274
274
274
274
274
274.016
274.659
294.784
575.768
919.093
965.777
978.496
997.495
1030.5
1080.31
1141.51
1219.43
1310.6
1406.71
1503.06
1598.63
1701.36
1809.57
1879.85
1906.74
1917.81
1935.66
1969.62
1978.22
1852.48
1736.61
1616.34
1585.89
1575.51
1572.49
1572.54
1574.08
1573.29
1576.87
1593.34
1606.68
1630.12
1657.58
1668.61
1689.66
1718.77
1743.08
1773.37
1804.48
1830.24
1860.2
1891.84
1928.92
1964.3
2001.94
2034.81
2033.65
2003.58
1936.19
1928.69
1886.07
1918.32
1913.22
1932.92
1944.47
1972.67
1994.81
2011.16
274
274
274
274
274
274
274
274
274
274
274
274
274
274
274
274
274
274
274
274
274
274
274
274
274
274
274
274
274
274
274
274
274
274
274
274
274
274
274
274
274
274
274
274
274
274
274
274
274
274
274
274
274
274
274
274
274
274
274
274
274
274.001
274.021
274.848
300.629
609.619
927.342
967.401
980.169
999.983
1035.09
1088.14
1152.55
1233.24
1323.06
1414.41
1505.5
1598.57
1701.29
1811.27
1881.11
1906.12
1914.29
1926.61
1952.84
1960.45
1834.99
1726.71
1604.81
1574.92
1565.92
1563.61
1565.74
1575.52
1580.54
1590.04
1606.96
1624.47
1641.23
1671.66
1690.48
1715.72
1745.61
1774.9
1807.59
1839.93
1868.58
1892.36
1922.71
1957.31
1992.82
2036.33
2083.07
2129.01
2132.22
2155.17
2047.14
2027.61
1979.37
1973.25
1972.43
1970.6
1980.93
2004.67
1971.19
274
274
274
274
274
274
274
274
274
274
274
274
274
274
274
274
274
274
274
274
274
274
274
274
274
274
274
274
274
274
274
274
274
274
274
274
274
274
274
274
274
274
274
274
274
274
274
274
274
274
274
274
274
274
274
274
274
274
274
274
274
274.001
274.026
275.047
307.177
639.028
934.9
970.463
984.481
1008.26
1048.8
1107.46
1177.32
1260.29
1344.33
1426.17
1507.35
1594.47
1694.98
1807.8
1878.69
1901.75
1907.31
1917.69
1939.75
1951.86
1834.6
1730.83
1603.53
1574.02
1566.15
1564.96
1571.89
1586.48
1595.95
1608.45
1622.51
1638.09
1657.35
1683.52
1704.35
1729.54
1759.72
1792.66
1823.58
1858.8
1892.02
1921.86
1956.34
1992.81
2028.31
2065.01
2105.81
2163.58
2200.36
2223.01
2228.47
2231.8
2131.12
2074.37
2056.19
2017.12
2000.15
1966.05
1834.72
274
274
274
274
274
274
274
274
274
274
274
274
274
274
274
274
274
274
274
274
274
274
274
274
274
274
274
274
274
274
274
274
274
274
274
274
274
274
274
274
274
274
274
274
274
274
274
274
274
274
274
274
274
274
274
274
274
274
274
274
274
274.001
274.03
275.184
311.801
655.649
938.489
972.089
987.386
1014.43
1058.97
1122.1
1196.7
1281.6
1361.82
1436.14
1509.35
1590.21
1686.99
1803.55
1876.1
1897.86
1901.72
1910.05
1930.34
1946.15
1837.56
1742.24
1605.48
1572.29
1563.05
1560.97
1565.67
1578.5
1593.49
1610.01
1627.66
1646.98
1663.54
1692.45
1715.49
1739.79
1768.14
1797.72
1826.42
1860.74
1892
1919.41
1952.26
1989.77
2025.86
2063.16
2098.58
2134.1
2173.33
2215.64
2231.29
2258.24
2262.22
2224.68
2128.63
2096.61
1909.99
1785.52
1706
274
274
274
274
274
274
274
274
274
274
274
274
274
274
274
274
274
274
274
274
274
274
274
274
274
274
274
274
274
274
274
274
274
274
274
274
274
274
274
274
274
274
274
274
274
274
274
274
274
274
274
274
274
274
274
274
274
274
274
274
274
274.001
274.032
275.248
314.08
663.251
940.501
973.11
988.742
1016.7
1062.55
1127.24
1203.55
1289.31
1367.84
1438.9
1508.47
1587.03
1684.5
1801.41
1873.41
1894.23
1897.78
1905.46
1927.59
1947.97
1865.94
1800.18
1653.1
1611.58
1595.85
1588.99
1587.95
1588.4
1597.6
1619.75
1638.58
1658.04
1680.93
1712.92
1739.59
1763.85
1791.22
1816.57
1842.3
1878.17
1913.92
1949.87
1989.61
2027.87
2064.87
2098.71
2124.87
2146.25
2167.21
2197.45
2242.47
2297.62
2321.46
2328.56
2345.07
2106
1865.88
1765.68
1708.33
274
274
274
274
274
274
274
274
274
274
274
274
274
274
274
274
274
274
274
274
274
274
274
274
274
274
274
274
274
274
274
274
274
274
274
274
274
274
274
274
274
274
274
274
274
274
274
274
274
274
274
274
274
274
274
274
274
274
274
274
274
274.001
274.03
275.187
312.055
657.081
938.817
971.987
987.444
1014.7
1059
1121.99
1197.01
1283.32
1365.03
1437.96
1508.55
1587.57
1686.02
1799.97
1872.27
1893.62
1897.96
1907.38
1931.94
1952.82
1863.35
1777.74
1619.45
1577.01
1564.66
1561.15
1562.63
1571.97
1589
1613.69
1631.31
1647.2
1666.04
1693.88
1715.91
1736.37
1764.52
1795
1822.28
1855.63
1887.02
1916.52
1951.63
1989.8
2027.6
2065.48
2102.6
2138.27
2173.08
2213.96
2237.06
2269.29
2271.11
2207.96
2131.2
2087.78
1902.71
1787.56
1705.16
274
274
274
274
274
274
274
274
274
274
274
274
274
274
274
274
274
274
274
274
274
274
274
274
274
274
274
274
274
274
274
274
274
274
274
274
274
274
274
274
274
274
274
274
274
274
274
274
274
274
274
274
274
274
274
274
274
274
274
274
274
274.001
274.027
275.056
307.696
642.191
935.837
970.229
984.588
1009.18
1049.51
1107.78
1177.99
1262.21
1347.39
1427.56
1507.14
1590.6
1690.74
1802.64
1871.14
1893.01
1898.75
1909.49
1933.39
1951.16
1847.11
1756.6
1615.8
1579.25
1569.51
1567.45
1572.36
1587.16
1600.86
1616.11
1628.47
1642.8
1657.93
1683.39
1703.37
1725.07
1757.91
1792.05
1821.26
1856.18
1889.6
1918.21
1952.39
1989.37
2025.95
2065.78
2112.86
2171.53
2201.85
2217.31
2244.5
2230.12
2136.34
2071.24
2043.35
2010.91
1985.96
1950.35
1823.23
274
274
274
274
274
274
274
274
274
274
274
274
274
274
274
274
274
274
274
274
274
274
274
274
274
274
274
274
274
274
274
274
274
274
274
274
274
274
274
274
274
274
274
274
274
274
274
274
274
274
274
274
274
274
274
274
274
274
274
274
274
274.001
274.021
274.86
301.206
613.931
928.881
967.137
980.22
1001.05
1035.98
1088.3
1152.9
1235.28
1325.31
1416.35
1506.61
1596.95
1696.63
1804.86
1871.65
1895.17
1903.38
1918.85
1948.05
1960.68
1844.13
1743.97
1614.54
1581.32
1571.76
1569.6
1572.5
1583.9
1593.14
1604.4
1618.85
1630.29
1643.98
1674.14
1693.27
1716.05
1746.84
1777.34
1809.68
1844.19
1870.89
1895.69
1928.37
1965.25
2000.99
2044.84
2092.62
2141.29
2151.29
2169.96
2062.17
2036.19
1989.87
1978.04
1978.88
1976.29
1980.33
2002.01
1965.01
274
274
274
274
274
274
274
274
274
274
274
274
274
274
274
274
274
274
274
274
274
274
274
274
274
274
274
274
274
274
274
274
274
274
274
274
274
274
274
274
274
274
274
274
274
274
274
274
274
274
274
274
274
274
274
274
274
274
274
274
274
274
274.016
274.671
295.315
580.619
921.441
965.846
978.597
998.601
1031.97
1081.46
1142.85
1222.1
1313.65
1408.6
1503.63
1598.42
1697.79
1803.5
1870.75
1895.55
1905.69
1927.81
1964.17
1977.65
1857.54
1749.99
1624.03
1590.43
1578.13
1573.45
1572.56
1573.5
1577.23
1586.92
1603.56
1613.9
1631.91
1655.74
1664.23
1688.28
1721.52
1748
1779.18
1809.95
1834.73
1865.02
1892.42
1932.62
1969.74
2006.71
2041.25
2041.48
2016.14
1938.78
1931.79
1888.02
1927.7
1917.24
1939.26
1948.77
1973.18
1995.62
2009.25
274
274
274
274
274
274
274
274
274
274
274
274
274
274
274
274
274
274
274
274
274
274
274
274
274
274
274
274
274
274
274
274
274
274
274
274
274
274
274
274
274
274
274
274
274
274
274
274
274
274
274
274
274
274
274
274
274
274
274
274
274
274
274.011
274.481
289.497
538.235
906.625
962.141
974.676
994.779
1028.35
1077.03
1137.41
1214.93
1307.69
1403.34
1498.69
1594.76
1694.8
1800.07
1869.82
1895.45
1905.55
1924.28
1955.58
1963.06
1831.93
1724.66
1605.21
1570.86
1560.37
1557.53
1559.47
1567.86
1573.18
1576.37
1585.32
1588.57
1604.6
1635.65
1648.76
1666.56
1693.58
1722.27
1741.72
1768.45
1788.92
1810.06
1847.95
1880.18
1896.93
1906.3
1893.91
1808.18
1793.95
1767.16
1790.1
1772.38
1816.98
1842.27
1875.08
1902.32
1931.27
1961.93
2001.68
274
274
274
274
274
274
274
274
274
274
274
274
274
274
274
274
274
274
274
274
274
274
274
274
274
274
274
274
274
274
274
274
274
274
274
274
274
274
274
274
274
274
274
274
274
274
274
274
274
274
274
274
274
274
274
274
274
274
274
274
274
274
274.007
274.329
284.908
497.794
888.418
960.557
971.275
990.065
1022.97
1070.2
1129.08
1205.32
1299.14
1396.5
1491.56
1586.25
1684.68
1787.36
1865.75
1898.21
1912.23
1931.14
1967.71
1978.67
1841.78
1728.14
1607.33
1574.61
1563.98
1560.1
1558.98
1558.57
1555.89
1555.11
1558.74
1560.56
1586.42
1609.85
1618.45
1645.87
1663.1
1674.7
1692.44
1710.53
1721.82
1739
1761.92
1770
1754.99
1705.9
1635.67
1652.26
1622.88
1645.23
1628.76
1674.76
1703.31
1751.14
1795.63
1825.41
1870.9
1888.76
1942.63
274
274
274
274
274
274
274
274
274
274
274
274
274
274
274
274
274
274
274
274
274
274
274
274
274
274
274
274
274
274
274
274
274
274
274
274
274
274
274
274
274
274
274
274
274
274
274
274
274
274
274
274
274
274
274
274
274
274
274
274
274
274
274.005
274.2
280.876
447.413
855.227
956.342
967.732
987.118
1021.23
1068.28
1126.15
1200.48
1293.45
1390.32
1482.86
1574.64
1670.47
1772.61
1858.31
1895.73
1911.67
1929.62
1968.43
1983.64
1862.32
1768.92
1624.74
1577.47
1561.63
1556.82
1556.48
1556.95
1551.83
1549.96
1550.55
1547.43
1576.84
1591.35
1593.24
1605.49
1606.79
1614.79
1638.49
1648.59
1657.15
1663.57
1657.38
1638.81
1574.62
1542.04
1531.45
1507.23
1520.8
1525.72
1546.41
1584.35
1635.89
1668.71
1722.33
1760.71
1797.43
1836.18
1848.87
274
274
274
274
274
274
274
274
274
274
274
274
274
274
274
274
274
274
274
274
274
274
274
274
274
274
274
274
274
274
274
274
274
274
274
274
274
274
274
274
274
274
274
274
274
274
274
274
274
274
274
274
274
274
274
274
274
274
274
274
274
274
274.003
274.115
278.159
398.829
815.975
954.543
964.082
979.054
1010.26
1055.68
1112.35
1186.05
1279.96
1377.77
1470.16
1559.81
1653.9
1759.37
1851.4
1891.11
1908.23
1926.8
1960.68
1970.44
1854.8
1733.86
1600.44
1563.88
1554.04
1550.43
1545.11
1533.69
1521.61
1517.46
1517.89
1516
1531.31
1535.13
1532.69
1547.28
1539.82
1526.5
1558.1
1570.63
1572.77
1557.09
1546.17
1479.25
1455.12
1439.39
1414.85
1437.17
1416.24
1452.75
1483.41
1545.98
1578.28
1633.93
1670.87
1738.54
1758.29
1816.55
1836.45
274
274
274
274
274
274
274
274
274
274
274
274
274
274
274
274
274
274
274
274
274
274
274
274
274
274
274
274
274
274
274
274
274
274
274
274
274
274
274
274
274
274
274
274
274
274
274
274
274
274
274
274
274
274
274
274
274
274
274
274
274
274
274.001
274.057
276.216
348.781
749.989
945.934
961.158
976.672
1008.77
1054.09
1109.65
1180.37
1270.5
1364.26
1452.66
1538.36
1633.32
1748.45
1848.02
1888.15
1904.13
1926.92
1973.36
1987.64
1907.19
1793.66
1632.72
1557.62
1530.1
1508.75
1499.23
1491.68
1485.13
1483.21
1485.1
1484.72
1485.41
1481.72
1471.44
1497.69
1503.82
1491.1
1506.96
1504.42
1488.94
1478.51
1433.56
1358.51
1384.38
1325.78
1372.77
1339.64
1369.95
1378.76
1418.36
1469.25
1519.2
1586.31
1628.94
1694.45
1739.36
1801.26
1840.41
274
274
274
274
274
274
274
274
274
274
274
274
274
274
274
274
274
274
274
274
274
274
274
274
274
274
274
274
274
274
274
274
274
274
274
274
274
274
274
274
274
274
274
274
274
274
274
274
274
274
274
274
274
274
274
274
274
274
274
274
274
274
274.001
274.028
275.163
313.869
672.912
938.779
958.039
967.831
994.245
1035.29
1088.12
1155.83
1241.33
1333.77
1423.08
1512.39
1616.36
1746.1
1845.75
1879.23
1889.59
1911.91
1956.27
1970.04
1907.76
1769.73
1596.57
1525.79
1509.63
1499.72
1495.22
1491.27
1478.24
1466.78
1459.97
1455.62
1446.76
1436.88
1432.68
1435.86
1439.07
1437.81
1435.62
1430.89
1416.49
1366.11
1275.9
1304.57
1262.79
1272.69
1270.4
1274.53
1294.2
1313.68
1362.69
1396.37
1456.7
1503.38
1577.75
1652.49
1733.29
1801.55
1861.26
274
274
274
274
274
274
274
274
274
274
274
274
274
274
274
274
274
274
274
274
274
274
274
274
274
274
274
274
274
274
274
274
274
274
274
274
274
274
274
274
274
274
274
274
274
274
274
274
274
274
274
274
274
274
274
274
274
274
274
274
274
274
274
274.012
274.545
292.149
567.362
913.709
952.947
964.838
990.381
1029.23
1078.78
1137.96
1208.7
1291.21
1382.14
1480.49
1596.78
1739.27
1845.67
1879.16
1888.86
1909.24
1944.68
1951.01
1889.17
1728.51
1573.36
1504.79
1478.27
1463.39
1444.58
1426.26
1415.3
1396.39
1387.01
1378.81
1381.18
1380.75
1387.2
1388.15
1387.62
1384.33
1386.15
1370.84
1327.85
1240.36
1256.03
1218.54
1234.37
1225.6
1224.53
1247.55
1257.37
1292.84
1326.85
1366.59
1411.53
1454.84
1520.13
1588.01
1680.64
1788.09
1900.3
274
274
274
274
274
274
274
274
274
274
274
274
274
274
274
274
274
274
274
274
274
274
274
274
274
274
274
274
274
274
274
274
274
274
274
274
274
274
274
274
274
274
274
274
274
274
274
274
274
274
274
274
274
274
274
274
274
274
274
274
274
274
274
274.005
274.246
282.706
479.179
876.639
948.395
957.753
975.422
1008.18
1055.43
1113.35
1182.9
1263.75
1355.3
1457.82
1579.67
1726.64
1847.79
1883.54
1891.92
1908.73
1943.58
1952.64
1916.32
1767.29
1616.5
1510.03
1475.43
1449.6
1421.3
1402.83
1391.19
1366.19
1354.77
1349.07
1348
1356.24
1356.94
1373.36
1374.79
1381.26
1360.08
1286.77
1194.9
1188.62
1169.83
1173.32
1159.35
1173.62
1176.45
1198.77
1213.03
1231
1243.38
1270.01
1287.5
1326.54
1387.59
1483.66
1632.39
1798.74
2016.03
274
274
274
274
274
274
274
274
274
274
274
274
274
274
274
274
274
274
274
274
274
274
274
274
274
274
274
274
274
274
274
274
274
274
274
274
274
274
274
274
274
274
274
274
274
274
274
274
274
274
274
274
274
274
274
274
274
274
274
274
274
274
274
274.002
274.103
277.921
397.39
811.324
942.294
958.032
974.928
1002.04
1041.11
1093.79
1158.66
1239.13
1332.59
1438.72
1563.05
1710.21
1843.8
1888.37
1899.55
1913.16
1943.52
1952.18
1935
1759.14
1595.28
1457.89
1410.48
1385.56
1362.8
1352.74
1338.54
1320.23
1314.54
1301.57
1316.62
1320.45
1322.8
1320.38
1321.87
1300.25
1271.17
1170.89
1158.92
1112.26
1114.18
1121.32
1112.23
1133.73
1140.79
1152.51
1154.99
1154.97
1162.59
1201.75
1240.03
1324.91
1438.33
1587.2
1734.71
1876.49
1998.49
274
274
274
274
274
274
274
274
274
274
274
274
274
274
274
274
274
274
274
274
274
274
274
274
274
274
274
274
274
274
274
274
274
274
274
274
274
274
274
274
274
274
274
274
274
274
274
274
274
274
274
274
274
274
274
274
274
274
274
274
274
274
274
274.001
274.052
276.098
347.82
749.238
931.883
951.976
970.633
998.669
1036.36
1086.57
1147.91
1223
1314.43
1421.73
1549.27
1698.74
1837.89
1889.43
1902.3
1916.24
1943.48
1950.47
1946.34
1756.01
1614.87
1457.16
1406.96
1387.79
1354.57
1338.61
1322.3
1302.54
1289
1294.58
1300.29
1297.03
1290.52
1288.9
1288.45
1289.84
1188.78
1149.39
1106.77
1066.92
1089.38
1089.46
1085.1
1099.71
1099.52
1098.16
1097.87
1103.1
1130.94
1180.93
1230.11
1318.35
1427.47
1553.55
1634.35
1710.68
1953.47
274
274
274
274
274
274
274
274
274
274
274
274
274
274
274
274
274
274
274
274
274
274
274
274
274
274
274
274
274
274
274
274
274
274
274
274
274
274
274
274
274
274
274
274
274
274
274
274
274
274
274
274
274
274
274
274
274
274
274
274
274
274
274
274
274.013
274.629
295.625
597.156
917.451
947.016
957.423
979.388
1013.5
1058.47
1113.26
1181.85
1268.86
1376.95
1510.4
1667.09
1818.64
1883.28
1901.23
1913.76
1936.5
1939.18
1920.75
1776.6
1578.05
1395.97
1321.66
1284.88
1250.53
1237.47
1231.08
1224.74
1233.71
1235.46
1234.36
1234.31
1235.75
1243.1
1247.64
1140.02
1087.28
1015.17
1012.83
996.342
998.021
987.113
984.856
986.325
984.543
988.198
997.903
1018.87
1058.16
1094.23
1120.36
1165.61
1210.86
1283.36
1441.42
1646.35
1724.63
274
274
274
274
274
274
274
274
274
274
274
274
274
274
274
274
274
274
274
274
274
274
274
274
274
274
274
274
274
274
274
274
274
274
274
274
274
274
274
274
274
274
274
274
274
274
274
274
274
274
274
274
274
274
274
274
274
274
274
274
274
274
274
274
274.002
274.089
277.599
393.491
813.975
945.669
954.023
965.538
992.275
1033.82
1084.83
1145.72
1220.09
1313.2
1433.62
1582.15
1747.16
1854.51
1887.45
1897.95
1914.92
1921.39
1906.02
1843.17
1633.85
1422.89
1326.1
1288.46
1271.26
1258.37
1248.16
1228.45
1217.61
1213.31
1194.78
1187.31
1188.73
1167.51
1100.71
1049.98
985.244
988.583
976.19
973.404
977.696
986.036
978.404
984.063
986.011
1001.49
1021.32
1050.4
1085.91
1128.91
1181.94
1284.9
1459.14
1567.67
1611.71
1357.18
1242.61
274
274
274
274
274
274
274
274
274
274
274
274
274
274
274
274
274
274
274
274
274
274
274
274
274
274
274
274
274
274
274
274
274
274
274
274
274
274
274
274
274
274
274
274
274
274
274
274
274
274
274
274
274
274
274
274
274
274
274
274
274
274
274
274
274
274.011
274.573
294.325
590.014
924.129
956.739
963.471
978.388
1007.86
1052.56
1113.95
1190.44
1272.25
1362.82
1479.49
1634.21
1803.31
1869.73
1882.87
1893.48
1908.57
1911.23
1900.01
1665.01
1482.39
1340
1286.71
1260.37
1228.89
1221.09
1229.23
1202.11
1167.91
1161.37
1161.96
1162.09
1113.87
997.533
978.158
957.639
940.591
930.688
938.181
927.262
925.397
922.577
941.452
958.847
975.192
986.719
998.157
1034.49
1108.89
1234.66
1415.87
1494.43
1511.73
1398.99
1321.83
1002.16
274
274
274
274
274
274
274
274
274
274
274
274
274
274
274
274
274
274
274
274
274
274
274
274
274
274
274
274
274
274
274
274
274
274
274
274
274
274
274
274
274
274
274
274
274
274
274
274
274
274
274
274
274
274
274
274
274
274
274
274
274
274
274
274
274
274.002
274.076
277.17
383.563
804.883
949.315
962.939
972.468
989.676
1020.28
1065.84
1125.23
1200.2
1288.88
1400.32
1549.93
1741.49
1852.89
1875.85
1882.77
1900.72
1904.78
1907.13
1772.15
1536.3
1300.23
1215.02
1197.93
1189.85
1172.28
1165.21
1162.62
1169.39
1170.72
1127.76
1083.51
956.241
924.092
882.69
871.851
858.055
860.287
877.209
884.663
920.813
937.284
951.417
974.255
994.95
1035.14
1105.83
1253.36
1377.07
1464.52
1486.97
1442.3
1385.52
1386.52
1278.91
1137.94
274
274
274
274
274
274
274
274
274
274
274
274
274
274
274
274
274
274
274
274
274
274
274
274
274
274
274
274
274
274
274
274
274
274
274
274
274
274
274
274
274
274
274
274
274
274
274
274
274
274
274
274
274
274
274
274
274
274
274
274
274
274
274
274
274
274
274.008
274.412
289.201
552.291
909.903
956.095
968.35
981.458
1001.54
1031.49
1073.41
1131.85
1213.65
1323.17
1473.66
1677.87
1839.39
1878.4
1879.98
1887.68
1899.44
1905.49
1895.79
1678.87
1483.86
1319.74
1306.35
1314.61
1283.57
1286.69
1308.89
1271.97
1190.52
1062.43
1004.04
951.239
918.537
918.501
907.522
918.299
920.46
918.271
921.922
925.84
925.736
927.724
963.24
1014.99
1116.91
1290.1
1361.5
1433.94
1453.16
1423.09
1364.77
1360.43
1424.38
1348.25
1113.49
274
274
274
274
274
274
274
274
274
274
274
274
274
274
274
274
274
274
274
274
274
274
274
274
274
274
274
274
274
274
274
274
274
274
274
274
274
274
274
274
274
274
274
274
274
274
274
274
274
274
274
274
274
274
274
274
274
274
274
274
274
274
274
274
274
274
274.001
274.036
275.669
338.16
739.011
934.181
957.533
972.462
989.764
1012.32
1040.47
1082.77
1147.95
1245.9
1388.23
1591.68
1803.67
1877.19
1884.91
1889.05
1885.93
1868.32
1885.1
1842.79
1716.85
1521.07
1389.72
1370.4
1369.42
1331.99
1343.58
1334.22
1220.01
1084.5
1026.14
916.539
880.867
866.722
845.489
849.706
850.953
866.408
889.753
913.092
946.891
1004.52
1086.14
1200.25
1335.34
1394.04
1425.67
1434.41
1414.39
1380.8
1367.86
1450.65
1432.43
1301.39
1027.49
274
274
274
274
274
274
274
274
274
274
274
274
274
274
274
274
274
274
274
274
274
274
274
274
274
274
274
274
274
274
274
274
274
274
274
274
274
274
274
274
274
274
274
274
274
274
274
274
274
274
274
274
274
274
274
274
274
274
274
274
274
274
274
274
274
274
274
274.003
274.147
280.036
447.831
853.899
938.996
956.272
973.526
994.561
1019
1049.73
1096.71
1172.96
1292.07
1465.59
1709.07
1861.64
1886.44
1879.42
1869.69
1854.53
1871.17
1878.14
1796.86
1619.87
1459.08
1423.69
1419.81
1451.23
1511.01
1541.49
1494.74
1538.31
1182.34
1109.86
1082.67
1024.28
1020.96
998.915
978.863
971.475
997.139
1032.12
1090.2
1197.79
1315.74
1428.59
1473.53
1464.7
1431.88
1425.73
1415.61
1417.23
1481.77
1444.77
1328.08
1136.75
844.236
274
274
274
274
274
274
274
274
274
274
274
274
274
274
274
274
274
274
274
274
274
274
274
274
274
274
274
274
274
274
274
274
274
274
274
274
274
274
274
274
274
274
274
274
274
274
274
274
274
274
274
274
274
274
274
274
274
274
274
274
274
274
274
274
274
274
274
274
274.008
274.466
291.842
577.992
906.14
940.057
953.936
973.002
997.159
1024.41
1059.63
1112.83
1200.52
1338.25
1544.26
1784.59
1864.8
1864.7
1860.95
1854.69
1856.71
1877.35
1885.55
1766.75
1665.64
1574.75
1579.79
1685.17
1836.26
1987.75
2044.73
1923.79
1635.2
1518.01
1383.18
1328.92
1387.21
1397.18
1407.81
1477.23
1528.58
1566.17
1645.21
1675.89
1661.77
1568.11
1501.23
1477.51
1472.83
1483.99
1527.88
1508.5
1471.96
1330.66
1142.02
899.331
678.339
274
274
274
274
274
274
274
274
274
274
274
274
274
274
274
274
274
274
274
274
274
274
274
274
274
274
274
274
274
274
274
274
274
274
274
274
274
274
274
274
274
274
274
274
274
274
274
274
274
274
274
274
274
274
274
274
274
274
274
274
274
274
274
274
274
274
274
274
274.001
274.023
275.185
320.724
702.001
921.964
938.149
950.439
970.825
997.13
1028.36
1067.73
1126.39
1220.04
1367.24
1582.04
1798.75
1853.44
1846.11
1825.48
1820.9
1853.39
1887.48
1873.88
1854.4
1834.38
1846.24
1953.56
2053.74
2167.31
2194.48
2185
2176.09
2070.65
1946.91
1906.3
1787.36
1674.72
1645.58
1649.58
1705.78
1724.54
1718
1670.08
1617.85
1596.26
1597.59
1618.99
1614.72
1620.38
1567.65
1463.39
1340.34
1126.5
886.327
702.385
572.376
274
274
274
274
274
274
274
274
274
274
274
274
274
274
274
274
274
274
274
274
274
274
274
274
274
274
274
274
274
274
274
274
274
274
274
274
274
274
274
274
274
274
274
274
274
274
274
274
274
274
274
274
274
274
274
274
274
274
274
274
274
274
274
274
274
274
274
274
274
274.001
274.058
276.613
370.786
788.055
926.209
934.137
945.145
965.693
993.673
1027.48
1069.64
1129.3
1221.37
1363.35
1573.93
1787.16
1855.27
1862.6
1859.81
1860.92
1878.95
1877.4
1898.72
1903.1
1898.45
1962.54
2062.41
2159.68
2197.61
2198.31
2155.61
2111.31
2122.1
2143.3
2151.2
2147.6
2130.63
2080.59
2046.3
2025.76
1982.29
1949.03
1912.56
1860.26
1791.33
1708.38
1636.02
1518.8
1384
1183.27
990.463
809.036
680.978
583.649
495.762
274
274
274
274
274
274
274
274
274
274
274
274
274
274
274
274
274
274
274
274
274
274
274
274
274
274
274
274
274
274
274
274
274
274
274
274
274
274
274
274
274
274
274
274
274
274
274
274
274
274
274
274
274
274
274
274
274
274
274
274
274
274
274
274
274
274
274
274
274
274
274.002
274.116
278.887
425.82
836.734
925.844
928.723
937.941
958.029
986.405
1020.13
1061.04
1116.86
1200.41
1329.2
1527.54
1762.25
1854.26
1868.68
1853.9
1830.04
1832.69
1841.12
1870
1874.66
1924.56
1999.75
2082.46
2122.1
2130.61
2121.61
2101.83
2099.88
2118.18
2134.55
2138.82
2133.23
2104.72
2063.89
2024.89
1970.35
1912.24
1843.87
1765.85
1677.6
1547.74
1431.53
1245.52
1074.35
907.839
790.899
667.966
577.366
506.689
445.068
274
274
274
274
274
274
274
274
274
274
274
274
274
274
274
274
274
274
274
274
274
274
274
274
274
274
274
274
274
274
274
274
274
274
274
274
274
274
274
274
274
274
274
274
274
274
274
274
274
274
274
274
274
274
274
274
274
274
274
274
274
274
274
274
274
274
274
274
274
274
274
274.003
274.187
281.545
467.948
859.851
922.843
922.56
930.195
948.857
975.163
1005.49
1042.02
1089.91
1160.54
1271.9
1448.06
1688.1
1815.71
1835.51
1805.54
1779.55
1750.7
1752.44
1759.42
1784.11
1822
1863.83
1884.18
1887.84
1885.24
1873.89
1869.78
1873.72
1885.04
1890.04
1887.17
1870.58
1838.83
1795.39
1730.74
1650.87
1559.16
1448.83
1342.97
1204.22
1096.45
976.326
874.03
760.577
673.964
586.714
520.257
467.795
421.099
274
274
274
274
274
274
274
274
274
274
274
274
274
274
274
274
274
274
274
274
274
274
274
274
274
274
274
274
274
274
274
274
274
274
274
274
274
274
274
274
274
274
274
274
274
274
274
274
274
274
274
274
274
274
274
274
274
274
274
274
274
274
274
274
274
274
274
274
274
274
274
274
274.005
274.249
283.489
487.087
863.779
918.607
916.716
922.433
938.435
960.734
986.36
1015.78
1053.31
1108.96
1200.03
1334.62
1521.56
1689.23
1737.8
1734.25
1712.88
1704.97
1708.5
1703.87
1699.72
1687.11
1678.09
1669.22
1665.01
1666.76
1665.02
1654.52
1644.17
1635.23
1633.22
1636.32
1626.46
1588.97
1518.12
1437.85
1350.39
1238.92
1129.27
1014.63
913.237
814.931
731.912
647.077
583.754
521.737
472.681
433.452
397.463
274
274
274
274
274
274
274
274
274
274
274
274
274
274
274
274
274
274
274
274
274
274
274
274
274
274
274
274
274
274
274
274
274
274
274
274
274
274
274
274
274
274
274
274
274
274
274
274
274
274
274
274
274
274
274
274
274
274
274
274
274
274
274
274
274
274
274
274
274
274
274
274
274
274.006
274.274
283.709
480.419
851.871
913.95
911.37
914.855
927.591
945.212
965.266
986.538
1013.94
1054.52
1115.73
1203.73
1316.88
1440.18
1537.3
1601.16
1627.78
1654.06
1654.73
1651.31
1636.48
1617.34
1593.01
1573.24
1564.95
1554.76
1543.53
1536.12
1531.01
1525.64
1517.39
1494.2
1450.52
1381.94
1301.66
1208.59
1093.35
974.461
866.394
776.867
696.584
632.126
568.332
521.172
476.259
439.138
408.78
382.451
274
274
274
274
274
274
274
274
274
274
274
274
274
274
274
274
274
274
274
274
274
274
274
274
274
274
274
274
274
274
274
274
274
274
274
274
274
274
274
274
274
274
274
274
274
274
274
274
274
274
274
274
274
274
274
274
274
274
274
274
274
274
274
274
274
274
274
274
274
274
274
274
274
274
274.007
274.252
282.078
448.577
820.218
907.652
906.09
907.28
916.497
930.368
943.483
957.424
975.551
1000.78
1037.14
1083.36
1141.28
1204.91
1282.76
1361.96
1424.07
1473.03
1502.88
1519.16
1522.29
1518.66
1509.24
1502.76
1495.32
1485.42
1475.21
1463.65
1445.64
1408.95
1357.78
1295.83
1217.07
1133.27
1040.95
933.021
829.147
742.2
671.753
609.677
561.296
513.929
478.575
445.603
416.889
393.569
375.303
274
274
274
274
274
274
274
274
274
274
274
274
274
274
274
274
274
274
274
274
274
274
274
274
274
274
274
274
274
274
274
274
274
274
274
274
274
274
274
274
274
274
274
274
274
274
274
274
274
274
274
274
274
274
274
274
274
274
274
274
274
274
274
274
274
274
274
274
274
274
274
274
274
274
274
274.007
274.197
279.477
396.66
758.649
896.185
898.899
898.63
905.276
914.79
921.945
929.751
939.552
950.876
967.541
984.083
1008.49
1041.44
1081.09
1119.63
1163.08
1201.01
1240.8
1280.28
1316.87
1345.41
1360.79
1367.91
1363
1345.48
1314.65
1270.67
1218.91
1159.19
1092.97
1016.29
941.306
865.041
783.892
708.345
645.69
594.735
548.958
513.384
477.787
450.513
425.854
404.02
387.226
373.571
274
274
274
274
274
274
274
274
274
274
274
274
274
274
274
274
274
274
274
274
274
274
274
274
274
274
274
274
274
274
274
274
274
274
274
274
274
274
274
274
274
274
274
274
274
274
274
274
274
274
274
274
274
274
274
274
274
274
274
274
274
274
274
274
274
274
274
274
274
274
274
274
274
274
274
274
274.006
274.134
277.068
340.131
654.71
871.087
888.102
888.287
892.64
897.095
900.06
902.152
904.385
907.849
909.014
914.783
919.646
929.728
944.937
963.444
982.604
1005.24
1031.12
1059.44
1085.46
1106.34
1118.62
1117.89
1105.07
1078.46
1040.57
995.776
946.064
892.897
835.104
780.018
725.724
670.545
619.739
576.699
541.111
507.783
481.428
454.662
433.492
415.013
399.019
386.325
375.061
274
274
274
274
274
274
274
274
274
274
274
274
274
274
274
274
274
274
274
274
274
274
274
274
274
274
274
274
274
274
274
274
274
274
274
274
274
274
274
274
274
274
274
274
274
274
274
274
274
274
274
274
274
274
274
274
274
274
274
274
274
274
274
274
274
274
274
274
274
274
274
274
274
274
274
274
274
274.004
274.08
275.476
300.797
521.632
806.08
872.486
876.007
876.918
876.969
875.715
872.988
871.957
871.203
866.77
864.856
859.497
855.844
854.711
856.574
862.548
871.509
883.462
896.313
906.536
911.294
909.494
899.16
879.747
852.014
819.835
783.988
747.233
707.781
669.927
633.186
596.25
561.791
531.448
506.017
481.342
461.437
441.281
424.976
411.374
399.041
388.227
380.405
274
274
274
274
274
274
274
274
274
274
274
274
274
274
274
274
274
274
274
274
274
274
274
274
274
274
274
274
274
274
274
274
274
274
274
274
274
274
274
274
274
274
274
274
274
274
274
274
274
274
274
274
274
274
274
274
274
274
274
274
274
274
274
274
274
274
274
274
274
274
274
274
274
274
274
274
274
274
274.002
274.043
274.643
283.733
396.397
683.112
843.712
859.544
858.107
855.446
849.896
847.231
846.484
840.747
831.089
824.947
813.889
803.839
795.773
790.507
787.803
786.716
786.972
786.819
784.628
778.76
768.074
752.216
731.839
708.382
683.451
658.693
631.67
604.588
578.195
551.594
526.541
503.745
484.592
465.79
450.502
435.424
422.827
411.878
402.067
394.6
388.113
274
274
274
274
274
274
274
274
274
274
274
274
274
274
274
274
274
274
274
274
274
274
274
274
274
274
274
274
274
274
274
274
274
274
274
274
274
274
274
274
274
274
274
274
274
274
274
274
274
274
274
274
274
274
274
274
274
274
274
274
274
274
274
274
274
274
274
274
274
274
274
274
274
274
274
274
274
274
274
274.001
274.021
274.259
277.121
311.193
510.317
757.838
835.969
838.884
834.299
828.228
823.913
819.31
813.027
803.646
793.541
780.497
766.795
754.011
745.21
738.694
732.847
726.762
719.496
709.914
697.689
683.199
666.933
649.054
629.781
610.249
589.439
567.892
547.149
526.701
507.478
489.497
474.348
459.287
446.712
434.902
424.631
415.995
407.563
398.98
390.441
274
274
274
274
274
274
274
274
274
274
274
274
274
274
274
274
274
274
274
274
274
274
274
274
274
274
274
274
274
274
274
274
274
274
274
274
274
274
274
274
274
274
274
274
274
274
274
274
274
274
274
274
274
274
274
274
274
274
274
274
274
274
274
274
274
274
274
274
274
274
274
274
274
274
274
274
274
274
274
274
274
274.009
274.095
274.937
283.448
363.278
591.179
774.58
816.165
814.424
809.037
801.936
793.513
787.388
782.774
775.112
763.708
750.093
737.159
725.531
714.549
703.614
692.393
680.533
667.303
652.95
637.632
620.424
603.22
586.076
567.685
549.196
532.585
516.03
500.279
485.176
471.973
458.833
447.414
436.707
426.326
416.068
406.058
396.946
389.067
274
274
274
274
274
274
274
274
274
274
274
274
274
274
274
274
274
274
274
274
274
274
274
274
274
274
274
274
274
274
274
274
274
274
274
274
274
274
274
274
274
274
274
274
274
274
274
274
274
274
274
274
274
274
274
274
274
274
274
274
274
274
274
274
274
274
274
274
274
274
274
274
274
274
274
274
274
274
274
274
274
274
274.003
274.032
274.28
276.281
292.544
399.782
609.687
753.663
789.239
787.883
780.415
771.299
762.909
756.619
751.969
744.925
733.966
721.605
709.055
696.423
683.417
669.756
655.242
640.023
624.113
607.802
591.666
575.352
559.076
542.93
527.764
512.369
497.533
482.955
469.419
456.25
443.928
432.636
422.361
412.943
404.197
395.944
388.095
274
274
274
274
274
274
274
274
274
274
274
274
274
274
274
274
274
274
274
274
274
274
274
274
274
274
274
274
274
274
274
274
274
274
274
274
274
274
274
274
274
274
274
274
274
274
274
274
274
274
274
274
274
274
274
274
274
274
274
274
274
274
274
274
274
274
274
274
274
274
274
274
274
274
274
274
274
274
274
274
274
274
274
274.001
274.011
274.077
274.554
277.72
297.222
395.016
570.284
700.224
751.393
755.776
748.494
740.194
731.27
722.84
713.781
704.041
693.332
681.443
668.878
655.787
642.055
627.545
612.003
596.49
580.624
564.646
548.916
533.116
517.561
502.093
487.537
473.654
461.258
450.14
439.97
430.043
420.618
410.701
397.287
369.234
331.628
274
274
274
274
274
274
274
274
274
274
274
274
274
274
274
274
274
274
274
274
274
274
274
274
274
274
274
274
274
274
274
274
274
274
274
274
274
274
274
274
274
274
274
274
274
274
274
274
274
274
274
274
274
274
274
274
274
274
274
274
274
274
274
274
274
274
274
274
274
274
274
274
274
274
274
274
274
274
274
274
274
274
274
274
274
274.003
274.021
274.128
274.733
277.866
292.522
354.188
480.064
608.853
682.745
709.133
709.559
701.912
692.151
680.837
668.301
655.443
642.473
629.347
616.073
602.375
588.008
573.547
559.216
544.912
531.018
517.254
504.103
491.393
479.551
467.958
456.969
446.645
435.184
418.191
386.885
346.365
306.429
287.989
280.538
274
274
274
274
274
274
274
274
274
274
274
274
274
274
274
274
274
274
274
274
274
274
274
274
274
274
274
274
274
274
274
274
274
274
274
274
274
274
274
274
274
274
274
274
274
274
274
274
274
274
274
274
274
274
274
274
274
274
274
274
274
274
274
274
274
274
274
274
274
274
274
274
274
274
274
274
274
274
274
274
274
274
274
274
274
274
274.001
274.005
274.029
274.142
274.65
276.617
283.758
305.848
367.212
462.493
552.149
609.159
638.212
644.589
639.897
630.669
619.502
607.532
595.148
582.386
569.111
556.025
543.095
530.151
517.583
505.202
493.288
481.136
467.814
450.33
422.156
386.09
343.502
304.333
289.092
281.55
277.645
275.725
274.784
274
274
274
274
274
274
274
274
274
274
274
274
274
274
274
274
274
274
274
274
274
274
274
274
274
274
274
274
274
274
274
274
274
274
274
274
274
274
274
274
274
274
274
274
274
274
274
274
274
274
274
274
274
274
274
274
274
274
274
274
274
274
274
274
274
274
274
274
274
274
274
274
274
274
274
274
274
274
274
274
274
274
274
274
274
274
274
274
274.001
274.006
274.028
274.106
274.386
275.244
277.642
283.746
297.017
322.592
365.712
423.464
471.908
504.579
523.918
533.042
534.738
531.086
523.399
512.676
498.87
481.974
462.197
438.313
410.556
378.1
342.444
309.295
294.296
285.512
280.135
277.182
275.642
274.822
274.418
274.208
274.098
274
274
274
274
274
274
274
274
274
274
274
274
274
274
274
274
274
274
274
274
274
274
274
274
274
274
274
274
274
274
274
274
274
274
274
274
274
274
274
274
274
274
274
274
274
274
274
274
274
274
274
274
274
274
274
274
274
274
274
274
274
274
274
274
274
274
274
274
274
274
274
274
274
274
274
274
274
274
274
274
274
274
274
274
274
274
274
274
274
274
274.001
274.005
274.019
274.057
274.162
274.432
275.041
276.244
278.446
282.197
287.721
294.415
301.398
308.103
313.297
316.025
316.161
313.836
309.487
303.731
297.556
291.585
286.572
282.394
279.292
277.216
275.909
275.079
274.591
274.327
274.179
274.096
274.051
274.025
274.012
274
274
274
274
274
274
274
274
274
274
274
274
274
274
274
274
274
274
274
274
274
274
274
274
274
274
274
274
274
274
274
274
274
274
274
274
274
274
274
274
274
274
274
274
274
274
274
274
274
274
274
274
274
274
274
274
274
274
274
274
274
274
274
274
274
274
274
274
274
274
274
274
274
274
274
274
274
274
274
274
274
274
274
274
274
274
274
274
274
274
274
274
274.001
274.003
274.009
274.023
274.054
274.116
274.231
274.424
274.722
275.125
275.602
276.096
276.537
276.854
276.967
276.9
276.66
276.278
275.838
275.392
275
274.682
274.45
274.289
274.179
274.107
274.063
274.036
274.02
274.011
274.006
274.003
274.001
274.001
274.001
274.001
274.001
274
274
274
274
274
274
274
274
274
274
274
274
274
274
274
274
274
274
274
274
274
274
274
274
274
274
274
274
274
274
274
274
274
274
274
274
274
274
274
274
274
274
274
274
274
274
274
274
274
274
274
274
274
274
274
274
274
274
274
274
274
274
274
274
274
274
274
274
274
274
274
274
274
274
274
274
274
274
274
274
274
274
274
274
274
274
274
274
274
274
274.001
274.001
274.003
274.007
274.014
274.026
274.045
274.07
274.101
274.135
274.168
274.195
274.209
274.209
274.198
274.176
274.147
274.116
274.087
274.062
274.043
274.028
274.018
274.011
274.007
274.004
274.002
274.001
274.001
274
274
274.002
274.002
274.002
274.002
274.002
274.002
274.002
274.002
274.002
274.002
274.002
274.002
274.002
274.002
274.002
274.002
274.002
274.002
274.002
274.002
274.002
274.002
274.002
274.002
274.002
274.002
274.002
274.002
274.002
274.002
274.002
274.002
274.002
274.002
274.002
274.002
274.002
274.002
274.002
274.002
274.002
274.002
274.002
274.002
274.002
274.002
274.002
274.002
274.002
274.002
274.002
274.002
274.002
274.002
274.002
274.002
274.002
274.002
274.002
274.002
274.002
274.002
274.002
274.002
274.002
274.002
274.002
274.002
274.002
274.002
274.002
274.002
274.002
274.002
274.002
274.002
274.002
274.002
274.002
274.002
274.002
274.002
274.002
274.002
274.002
274.002
274.002
274.002
274.002
274.002
274.002
274.002
274.002
274.002
274.002
274.002
274.002
274.002
274.003
274.003
274.005
274.007
274.009
274.012
274.015
274.017
274.019
274.019
274.019
274.017
274.015
274.012
274.01
274.008
274.006
274.005
274.004
274.003
274.002
274.002
274.002
274.002
274.002
274.002
274.001
)
;

boundaryField
{
    wall
    {
        type            zeroGradient;
    }
    inlet
    {
        type            fixedValue;
        value           uniform 3673;
    }
    outlet-1
    {
        type            inletOutlet;
        inletValue      uniform 274;
        value           uniform 274;
    }
    outlet-2
    {
        type            inletOutlet;
        inletValue      uniform 274;
        value           nonuniform List<scalar> 
89
(
274.002
274.001
274
274
274
274
274
274
274
274
274
274
274
274
274
274
274
274
274
274
274
274
274
274
274
274
274
274
274
274
274
274
274
274
274
274
274
274
274
274
274
274
274
274
274
274
274
274
274
274
274
274
274
274
274
274
274
274
274
274
274
274
274
274
274
274
274
274
274
274
274
274
274
274
274
274
274
274
274
274
274
274
274
274
274
274
274
274.001
274.002
)
;
    }
    frontAndBackPlanes
    {
        type            empty;
    }
}


// ************************************************************************* //
