/*--------------------------------*- C++ -*----------------------------------*\
| =========                 |                                                 |
| \\      /  F ield         | OpenFOAM: The Open Source CFD Toolbox           |
|  \\    /   O peration     | Version:  2112                                  |
|   \\  /    A nd           | Website:  www.openfoam.com                      |
|    \\/     M anipulation  |                                                 |
\*---------------------------------------------------------------------------*/
FoamFile
{
    version     2.0;
    format      ascii;
    arch        "LSB;label=32;scalar=64";
    class       volScalarField;
    location    "0.00248";
    object      T;
}
// * * * * * * * * * * * * * * * * * * * * * * * * * * * * * * * * * * * * * //

dimensions      [0 0 0 1 0 0 0];

internalField   nonuniform List<scalar> 
13875
(
1411.87
1535.2
1482.68
1486.71
1481.04
1483.48
1483.48
1483.22
1484.04
1483.78
1485.01
1484.58
1484.27
1483.62
1484.03
1484.42
1484.01
1482.98
1483.57
1483.61
1480.96
1487.55
1480.76
1533.12
1398.54
1307.01
1356.09
1319.15
1322.06
1316.57
1317.11
1317.06
1317.85
1322.37
1322.82
1324.18
1323.76
1323.08
1321.6
1322.68
1323.64
1322.71
1317.84
1317.33
1317.23
1316.26
1322.02
1319.7
1356.59
1304.06
1307.15
1339.8
1314.59
1311.01
1303.88
1304.22
1303.65
1303.59
1304.46
1305.42
1306.48
1305.56
1305.42
1304.04
1304.19
1305.56
1303.5
1303.09
1303.56
1304.19
1303.51
1310.85
1311.58
1336.44
1296.78
1317.28
1344.9
1315.05
1308.68
1305.05
1304.68
1303.86
1303.75
1303.61
1303.88
1304.7
1304.48
1304.97
1304.13
1304.05
1303.69
1303.19
1303.13
1303.6
1304.56
1304.32
1307.63
1314.07
1343.57
1311.27
1329.45
1341.89
1316.05
1311.62
1303.44
1304.06
1303.93
1303.73
1303.7
1304
1304.88
1304.55
1304.98
1304.35
1304.19
1304.06
1303.31
1303.19
1303.72
1304.06
1303.15
1311.52
1312.22
1338.51
1315.94
1332.21
1351.33
1319.28
1309.92
1306.97
1306.13
1304.86
1304.4
1304
1304.09
1305.05
1304.81
1305.14
1304.95
1304.58
1304.15
1303.68
1303.76
1304.54
1305.95
1306.17
1308.4
1319.08
1349.22
1326.82
1339.1
1360.46
1329.39
1316.85
1306.95
1306.31
1305.37
1304.72
1304.52
1304.86
1305.69
1305.34
1305.79
1305.95
1305.27
1304.56
1304.38
1304.39
1305.16
1306.25
1306.64
1317.26
1326.02
1358.42
1322.14
1360.86
1385.49
1345.28
1321.66
1316.42
1312.1
1308.98
1307.27
1306.62
1306.67
1306.96
1306.72
1307.13
1307.53
1306.61
1305.7
1306.14
1306.7
1308.38
1311.52
1315.03
1320.75
1341.61
1381.33
1351.01
1535.53
1508.71
1388.28
1351.47
1323.44
1316.49
1312.56
1310.32
1309.77
1309.4
1309.83
1309.51
1309.93
1310.63
1309.55
1308.32
1309.18
1309.96
1311.97
1315.77
1322.01
1348.28
1384.43
1508.15
1522.93
1849.12
1582.35
1434.87
1366.38
1344.9
1328.45
1321.43
1318
1316.52
1315.64
1315.87
1315.6
1315.93
1316.91
1315.92
1314.54
1315.89
1317.3
1320.48
1327.6
1340.37
1363.74
1427.85
1568.45
1830.77
2514.4
1805.56
1532.41
1445.31
1364.46
1346.77
1337.57
1333.14
1330.57
1329.31
1329.29
1328.99
1329.22
1330.24
1329.7
1328.55
1330.09
1331.96
1336.22
1345.39
1360.95
1428.68
1515.65
1810.27
2447.21
2887.11
2271.96
1922.05
1515.58
1440.36
1405.09
1378.91
1370.99
1364.71
1362.65
1362.05
1361.37
1361.57
1362.31
1362.5
1362.21
1364.62
1369.87
1377.2
1404.27
1429.69
1489.66
1760.78
2308.53
2849.8
2846.85
2703.26
2589.57
2356.84
1621.48
1530.4
1505.76
1484.18
1473.38
1469.94
1469.1
1467.38
1469.23
1467.94
1469.35
1470.04
1474.4
1484.43
1502.93
1533.45
1640.76
2351.12
2422.82
2716.97
2788.68
2753.28
2686.6
2861.99
2839.91
2169.33
2169.6
1979.73
1888.6
1832.24
1810.4
1810.79
1794.51
1808.46
1799.94
1806.34
1812.18
1833.78
1897.03
2009.42
2176.78
2154.63
2851.19
2864.54
2731.83
2710.9
2663.93
2708.79
2842.43
2828.53
2847.4
3088.68
3415.68
3357.84
3562.61
3462.29
3584.68
3485.47
3587.92
3516.78
3564.8
3504.73
3535.76
3399.38
3408.59
3121
2874.1
2854.46
2851.47
2707.18
2673.15
2540.15
2617.85
2849.94
2965.05
2986.8
3289.72
3601.31
3692.12
3689.41
3680.18
3635.27
3647.96
3614.6
3647.94
3636.64
3667.99
3687.86
3722.18
3638.63
3407.42
3038.51
2965.75
2873.08
2662.1
2581.14
2473.51
2579.79
2712.43
2932.67
3021.9
3323.61
3579.65
3669.81
3670.36
3661.59
3618.23
3627.13
3602.42
3627.76
3617.14
3649.96
3673.62
3706.31
3631.13
3422.45
3058.29
2970.69
2774.46
2608.05
2496.31
2281.46
2533.59
2825.06
2949.88
2943.12
3176.57
3379.78
3463.47
3497.07
3507.85
3501.5
3502.13
3499.84
3507.93
3505.81
3514.41
3505.42
3487.53
3400.77
3220.42
2998.24
2989.38
2834.42
2529.73
2294.53
2190.81
2279.09
2589.81
2759.17
2735.92
2862.84
3124.91
3302.91
3383.18
3404.55
3407.53
3407.64
3409.57
3415.75
3409.53
3409.66
3403.95
3359.08
3173.43
2916.1
2764.92
2791.25
2635.6
2306.03
2221.71
2285.31
2227.98
2358.87
2509.69
2541.53
2620.37
2846.06
3091.5
3245.15
3306.89
3314.51
3319.03
3319.73
3323.48
3316.36
3317.55
3280.04
3138.54
2873.22
2653.73
2571.67
2547.35
2334.49
2229.85
2322.32
2927.03
2279.8
2175.44
2313.35
2382.18
2463.96
2666.85
2911.58
3093.05
3188.48
3215.72
3219.85
3221.98
3223.74
3218.36
3200.12
3119.66
2933.59
2675.57
2484.1
2406.38
2327.57
2157.25
2239.28
2892.05
2933.81
2059.78
1973.12
2161.99
2254.89
2352.16
2531.24
2762.21
2957.48
3071.87
3104
3115.03
3115.13
3117
3103.83
3078.37
2974.17
2770.16
2534.66
2375.57
2271.9
2163.89
1972.37
2039.82
2882.56
2926.07
2067.5
1882.68
2045.34
2152.94
2265.62
2416.03
2627.97
2821.98
2951.5
2996.55
3004.41
3007.27
3005.49
2996.06
2958.3
2838.62
2636.14
2421.92
2287.26
2171.11
2051.22
1860.2
2051.12
2979.94
2849.06
2043.32
1868.84
1989.53
2080.26
2181.95
2325.23
2527.4
2714.87
2840.25
2883.47
2898.88
2898.55
2898.77
2880.76
2845.1
2731.1
2534.29
2326.35
2198.73
2094.36
1995.84
1861.11
2016.07
2815.44
2767.66
2036.31
1898.89
1955.88
2013.96
2102.29
2237.75
2434.2
2611.01
2735.54
2782.19
2791.32
2795.27
2791.66
2780.46
2738.37
2619.7
2432.97
2234.45
2111.54
2038.69
1968.4
1884.39
2032.31
2789.67
2745.97
2058.57
1916.28
1937.08
1971.36
2036.99
2169.69
2356.02
2523.4
2636.6
2677.5
2693.3
2693.62
2693.17
2673.56
2638.77
2535.48
2359.22
2168.24
2045.36
1985.31
1956.28
1902
2035.59
2725.64
2711.53
2085.88
1944.11
1933.46
1924.18
1978.92
2107.87
2284.47
2438.08
2545.26
2588.22
2594.65
2598.62
2593.74
2584.26
2545.5
2446.93
2284.71
2104.08
1984.04
1945.28
1953.37
1936.11
2076.18
2709.67
2711.58
2148.49
1979.35
1924.21
1900.05
1942.45
2066.15
2228.83
2370.41
2459.92
2493.98
2506.99
2507.08
2506.73
2487.64
2458.69
2376.27
2226.84
2059.09
1943.68
1912.35
1946.67
1967.78
2133.68
2711.03
2739.75
2152.91
1977.24
1927.06
1883.31
1905.95
2018.15
2167.05
2293.41
2378.03
2415.91
2418.57
2423.39
2416.73
2412.16
2378.38
2305.43
2172.79
2017.77
1911.76
1902.01
1944.26
1985.9
2118.22
2704.87
2784.67
2171.79
1996.18
1921.16
1867.73
1891.3
1997.72
2127.75
2240.09
2306.53
2332.31
2342.98
2342.26
2341.18
2324.76
2304.05
2246.7
2131.73
1992.02
1894.2
1878.56
1940.83
1998.41
2158.27
2749.88
2751.85
2170.1
1979.12
1925.2
1852.38
1877.31
1968.15
2082.81
2177
2233.6
2266.92
2262.94
2269.63
2262.26
2261.61
2233.06
2184.69
2086.81
1963.13
1876.23
1869.1
1939.34
1996.34
2151.85
2743.66
2747.49
2183.94
2017.12
1927.06
1838.78
1865.91
1952.38
2051.5
2131.99
2174.99
2192.05
2199.27
2199.03
2198.13
2184.55
2173.01
2140.09
2063.23
1951.37
1867.12
1854.62
1933.54
2015.06
2165.65
2713.86
2718.36
2180.13
2026.35
1919.56
1838.29
1856.14
1929.65
2012.31
2079.04
2110.68
2138.79
2129.16
2136.72
2128.58
2132.59
2109.68
2084.24
2022.14
1929.65
1852.32
1850.61
1935.65
2029.81
2157.83
2707.83
2688.84
2176.05
2081.35
1940.21
1836.28
1846.09
1921.2
1991.47
2043.57
2064.62
2074.07
2075.79
2075.93
2075.65
2065.7
2062.48
2047.99
2002.92
1920.27
1842.34
1848.12
1940.93
2075.28
2165.94
2681.78
2683.69
2182.41
2102.63
1935.02
1851.83
1839.83
1896.49
1954.37
1993.34
2007.94
2030.76
2015.41
2023.17
2014.84
2024.66
2006.6
1998.24
1969.45
1907.3
1831.71
1862.1
1946.45
2113.84
2157.16
2659.01
2659.37
2176.1
2103.64
1960.33
1861.12
1835.35
1888.84
1937.28
1966.13
1973.2
1975.96
1972.72
1971.88
1972.16
1967.27
1971.01
1968.24
1948.36
1896.8
1831.53
1871.64
1967.83
2120.34
2163.77
2631.48
2630.51
2162.41
2097.52
1982.51
1884.46
1844.65
1872.13
1902.87
1919.66
1922.47
1942.24
1919.82
1928.42
1920.08
1935.99
1921.99
1922.37
1913.81
1888.1
1830.31
1884.68
1995.38
2109.84
2148.85
2604.48
2611.39
2146.96
2095.02
2045.39
1901.39
1854.7
1869.37
1888
1896.99
1895.81
1894.9
1887.37
1885.65
1887.26
1886.62
1894.04
1898.73
1896.2
1887.11
1855.91
1898.77
2050.29
2108.15
2133.8
2575.33
2593.27
2136.63
2081.49
2037.41
1928.72
1873.83
1864.69
1859.23
1855.59
1848.64
1867.52
1841.27
1850.25
1842.12
1860.79
1849.41
1858.84
1866.78
1884.79
1871.75
1930.46
2049.02
2092.27
2119.14
2562.34
2564.3
2115.63
2053.94
2038.99
1966.56
1890.9
1883.92
1851.43
1841.46
1831.44
1827.07
1815.69
1814.52
1816.84
1818.53
1829.53
1842.58
1857.38
1902.7
1892.77
1965.19
2045.4
2062.9
2111.51
2541.77
2552.42
2111.7
2023.66
2023.6
2032.42
1925.82
1894.06
1836.08
1807.38
1788.56
1804.92
1775.95
1785.15
1776.85
1798.13
1788.98
1812.89
1844.43
1917.24
1922.06
2035.48
2035.8
2030
2093.69
2522.66
2525.71
2099.24
1996.71
2013.25
2031.04
1953.91
1901.34
1852.81
1806.75
1783.03
1770.54
1756.71
1755.27
1757.15
1762.82
1782.18
1807.68
1853.85
1928.01
1963.34
2029.64
2023.55
2004.97
2089.34
2501.69
2506.21
2090.22
1977.76
1975.17
2016.44
2021.67
1924.49
1855.08
1787.62
1744.26
1753.95
1721.56
1731.08
1723.1
1747.94
1746.68
1794.04
1859.09
1953.12
2027.62
2013.5
1987.19
1985.1
2082.92
2486.42
2475.15
2082.68
1960.59
1948.89
2005.85
2044.75
1946.8
1875.5
1804.37
1761.31
1729.4
1708.36
1706.36
1709.78
1721.95
1762.17
1802.39
1871.04
1989.48
2046.34
2000.71
1962.02
1967.46
2066.59
2456.14
2461.39
2079.75
1953.77
1916.25
1966.78
2030.35
2003.37
1891.37
1796.68
1726.66
1723.5
1680.87
1688.13
1683.11
1718.5
1732.33
1808.02
1892.57
2063.89
2034.15
1956.59
1928.96
1962.36
2066.26
2440.86
2431.29
2058.24
1940.2
1900.04
1935.83
2013.33
2082.52
1949.64
1819.93
1766.94
1719.55
1683.12
1674.12
1683.6
1710.09
1766.09
1820.75
1933.68
2083.65
2008.84
1927.22
1911.57
1948.79
2051.16
2412.15
2418.41
2056.99
1939.48
1881.5
1897.03
1986.45
2062.03
2032.25
1837.64
1735.16
1724.54
1667.42
1669.96
1669.99
1718.83
1737.88
1845.46
2013.74
2068.04
1977.35
1893.99
1894.4
1945.35
2042.81
2401.31
2382.02
2035.4
1923.79
1874.5
1882.47
1944.7
2047.08
2068.31
1891.23
1785.63
1723.38
1684.35
1671.24
1686.81
1714.86
1785.51
1900.59
2056.89
2049.13
1932.97
1881.28
1885.89
1931.5
2026.57
2358.86
2351.54
2024.29
1918.22
1861.82
1859.63
1917.21
2015.86
2050.45
1993.45
1767.31
1738.62
1669.29
1674.49
1672.55
1733.5
1769.92
2005.36
2044.84
2021.98
1903.36
1858.45
1876.31
1925.98
2015.05
2333.28
2212.7
1975.27
1891.87
1856.33
1855.55
1881.25
1978.43
2036.83
2015.89
1870.78
1756.41
1697.66
1682.67
1699.45
1748.4
1863.08
2007.61
2030.06
1982.5
1873.66
1853.41
1866.11
1900.07
1965.26
2195.27
275.477
277.381
278.885
281.11
283.276
285.147
286.89
288.34
289.259
289.493
288.053
283.507
279.802
277.02
275.368
274.594
274.258
274.119
274.061
274.031
274.015
274.006
274.002
274
273.998
274
273.995
274.001
273.995
274.002
279.37
284.792
288.181
290.173
290.991
291.422
292.072
293.243
294.888
297.011
299.472
300.826
295.343
284.814
279.084
276.011
274.755
274.293
274.118
274.051
274.022
274.009
274.003
274
273.997
274
273.993
274.002
273.989
274.012
286.747
290.623
291.002
291.69
292.03
292.422
293.098
294.279
295.99
298.241
300.952
303.856
306.149
304.022
288.776
280.048
276.128
274.718
274.249
274.088
274.032
274.012
274.004
274.001
273.997
274
273.993
274.002
273.992
274.01
289.212
291.05
291.038
291.683
292.093
292.545
293.221
294.363
296.07
298.341
301.053
303.971
307.09
309.984
310.315
293.463
280.667
276.065
274.63
274.193
274.06
274.019
274.006
274.001
273.998
274
273.995
274.001
273.995
274.006
289.241
290.699
290.329
290.964
291.298
291.791
292.288
293.133
294.739
297.245
300.476
303.901
307.16
310.363
313.552
314.696
296.895
280.772
275.853
274.515
274.141
274.038
274.01
274.002
273.999
274
273.996
274.001
273.996
274.004
289.205
289.435
288.781
289.426
289.688
290.225
290.706
291.375
292.696
295.021
298.407
302.563
306.813
310.567
313.912
317.161
318.255
297.762
280.248
275.536
274.393
274.097
274.022
274.004
273.999
274
273.997
274
273.998
274.003
288.278
287.757
287.053
287.588
287.798
288.447
288.944
289.511
290.592
292.721
295.968
300.138
305.112
310.025
314.147
317.587
320.774
321.328
295.742
279.232
275.187
274.281
274.063
274.012
274.001
274
273.998
274
273.998
274.002
286.971
285.829
285.346
285.543
285.831
286.562
287.174
287.721
288.501
290.37
293.581
297.667
302.586
308.174
313.555
317.849
321.335
324.335
323.546
291.807
277.999
274.857
274.19
274.038
274.006
274.001
273.998
274
273.999
274.002
285.351
284.033
283.67
283.629
283.994
284.81
285.526
286.101
286.656
288.034
291.165
295.297
300.156
305.636
311.719
317.352
321.651
325.157
327.735
323.072
287.178
276.815
274.58
274.121
274.022
274.003
273.999
274
273.999
274.002
283.874
282.575
282.21
282.107
282.503
283.357
284.09
284.678
285.09
286.033
288.679
292.972
297.884
303.26
309.247
315.684
321.379
325.55
329.12
330.977
317.422
283.293
275.839
274.369
274.073
274.012
274.001
274
273.999
274.002
282.659
281.633
281.27
281.162
281.485
282.284
282.934
283.445
283.741
284.325
286.462
290.537
295.705
301.09
306.942
313.359
320.025
325.579
329.589
333.224
334.086
306.17
280.079
275.146
274.221
274.041
274.006
274.001
274
274.002
282.076
281.437
281.101
280.962
281.256
281.7
282.042
282.293
282.46
282.694
284.58
288.125
293.597
299.075
304.926
311.157
317.987
324.71
329.958
334.013
337.324
335.673
294.097
277.671
274.674
274.125
274.021
274.003
274
274.002
281.911
281.65
281.514
281.35
281.597
281.853
281.801
281.772
281.848
282.078
282.843
286.114
291.474
297.234
303.191
309.358
315.994
323.169
329.763
334.63
338.846
341.025
328.451
285.441
276.076
274.375
274.067
274.011
274.001
274.002
281.788
281.906
282.17
282.279
282.533
282.602
282.344
282.237
282.247
282.344
282.433
284.732
289.572
295.727
301.797
308.009
314.488
321.571
328.876
334.997
339.528
343.873
343.998
312.018
280.529
275.125
274.196
274.034
274.005
274.003
281.961
282.384
282.947
283.542
284.057
284.135
283.613
283.351
283.11
282.915
282.947
284.295
288.306
294.489
300.77
307.078
313.535
320.366
327.693
334.655
340.111
345.064
348.879
344.871
294.272
277.434
274.578
274.097
274.016
274.004
281.929
282.479
283.319
284.698
285.992
286.56
285.985
284.973
284.077
283.845
283.847
284.597
287.897
293.698
300.236
306.579
313.115
319.697
326.666
333.974
340.52
345.828
351.047
351.547
330.854
284.351
275.712
274.282
274.046
274.01
282.192
282.797
283.866
285.908
287.537
288.584
288.125
286.801
285.784
285.41
285.331
285.457
287.97
293.334
300.051
306.335
312.935
319.488
326.238
333.386
340.547
346.666
352.368
356.394
354.593
308.437
279.15
274.809
274.129
274.024
282.109
283.041
284.34
287.16
289.748
291.351
291.193
290.075
288.962
288.2
287.57
287.104
288.372
293.301
299.97
306.249
312.801
319.43
326.13
333.085
340.476
347.354
353.305
359.12
360.21
348.095
288.982
276.359
274.363
274.063
282.552
283.83
285.849
290.186
294.304
296.86
297.439
295.605
294.387
292.76
291.186
290.21
289.983
294.223
300.272
306.422
312.841
319.458
326.076
332.923
340.431
347.858
354.394
360.597
363.969
363.411
322.448
280.945
275.024
274.17
282.58
284.783
288.946
296.758
305.011
309.497
309.069
306.781
304.37
301.358
298.084
295.706
294.192
296.681
302.215
307.998
313.833
320.057
326.471
333.181
340.636
348.025
355.491
361.792
367.88
368.683
361.282
293.978
276.935
274.462
283.905
287.221
296.948
316.298
332.381
337.436
334.909
331.081
325.089
317.215
310.487
305.813
302.499
302.661
307.039
311.897
316.554
322.072
327.99
334.337
341.329
348.561
356.275
363.189
369.753
372.064
372.42
334.781
282.506
275.279
283.454
292.78
318.159
369.013
397.997
400.396
386.886
376.34
359.333
343.471
332.045
323.119
316.337
313.201
315.372
318.433
321.486
325.564
330.619
336.376
342.724
350.269
357.008
364.672
371.557
377.226
377.58
372.498
299.134
277.595
292.381
307.868
382.898
488.546
525.285
500.689
467.942
438.131
409.131
382.451
363.099
348.643
336.968
329.584
327.754
326.809
327.375
329.698
333.778
339.034
344.785
351.88
359.03
365.835
373.444
380.329
381.521
382.085
344.385
284.148
276.499
366.476
578.752
662.187
686.95
618.176
573.536
520.634
476.576
435.734
405.232
382.571
363.257
346.813
340.998
338.682
336.831
336.614
338.335
342.443
347.834
354.174
361.185
367.789
375.276
382.782
386.349
386.839
381.721
302.468
305.922
527.127
833.959
852.102
841.992
787.377
701.266
633.321
555.74
498.541
455.945
421.618
391.428
368.368
358.637
353.72
349.44
346.765
345.951
347.563
351.816
357.325
363.699
370.523
376.851
385.159
392.038
392.076
393.414
351.94
274.002
273.995
274.001
273.995
274
273.998
274
274.002
274.006
274.015
274.031
274.061
274.118
274.256
274.588
275.352
276.983
279.741
283.384
287.929
289.398
289.18
288.273
286.832
285.093
283.228
281.072
278.866
277.368
275.472
274.012
273.989
274.002
273.993
274
273.997
274
274.003
274.009
274.022
274.051
274.117
274.291
274.747
275.986
279.02
284.688
295.109
300.72
299.418
296.972
294.852
293.208
292.037
291.385
290.953
290.133
288.135
284.75
279.353
274.01
273.992
274.002
273.993
274
273.997
274.001
274.004
274.012
274.032
274.088
274.247
274.71
276.099
279.965
288.534
303.784
306.071
303.801
300.906
298.199
295.95
294.239
293.059
292.383
291.993
291.656
290.971
290.591
286.712
274.006
273.995
274.001
273.995
274
273.998
274.001
274.006
274.019
274.06
274.191
274.622
276.035
280.566
293.107
310.135
309.911
307.035
303.919
301.006
298.298
296.03
294.322
293.18
292.504
292.055
291.648
291.007
291.021
289.189
274.004
273.996
274.001
273.996
274
273.999
274.002
274.01
274.038
274.14
274.508
275.824
280.664
296.48
314.552
313.473
310.298
307.1
303.85
300.433
297.206
294.701
293.092
292.246
291.749
291.258
290.927
290.296
290.667
289.212
274.003
273.998
274
273.997
274
273.999
274.004
274.022
274.096
274.387
275.511
280.141
297.297
318.107
317.073
313.841
310.504
306.762
302.523
298.373
294.987
292.66
291.334
290.663
290.182
289.647
289.386
288.745
289.398
289.172
274.002
273.998
274
273.998
274
274.001
274.012
274.062
274.277
275.167
279.135
295.267
321.144
320.676
317.509
314.078
309.973
305.072
300.102
295.932
292.683
290.552
289.466
288.898
288.401
287.753
287.542
287.008
287.711
288.234
274.002
273.999
274
273.998
274.001
274.006
274.038
274.187
274.843
277.922
291.417
323.281
324.212
321.24
317.769
313.492
308.126
302.543
297.624
293.539
290.325
288.453
287.668
287.121
286.509
285.779
285.491
285.292
285.775
286.923
274.002
273.999
274
273.999
274.003
274.022
274.119
274.57
276.757
286.893
322.583
327.588
325.052
321.559
317.281
311.666
305.59
300.111
295.252
291.123
287.985
286.604
286.046
285.469
284.753
283.935
283.569
283.606
283.968
285.289
274.002
273.999
274
274.001
274.012
274.071
274.362
275.802
283.094
316.728
330.808
328.994
325.443
321.294
315.616
309.185
303.199
297.824
292.912
288.623
285.965
285.022
284.612
284.026
283.291
282.433
282.037
282.138
282.499
283.797
274.002
274
274.001
274.006
274.04
274.217
275.122
279.941
305.418
333.872
333.078
329.464
325.474
319.943
313.291
306.876
301.025
295.641
290.473
286.401
284.241
283.66
283.37
282.863
282.21
281.415
281.091
281.193
281.545
282.563
274.002
274
274.003
274.021
274.123
274.66
277.583
293.467
335.244
337.142
333.879
329.835
324.612
317.903
311.079
304.85
299
293.527
288.055
284.507
282.588
282.364
282.207
281.971
281.652
281.21
280.906
281.026
281.349
281.978
274.002
274.001
274.011
274.066
274.367
276.027
285.158
327.632
340.814
338.703
334.494
329.647
323.07
315.901
309.272
303.107
297.154
291.407
286.044
282.791
282.068
281.85
281.778
281.793
281.842
281.576
281.324
281.467
281.589
281.845
274.002
274.005
274.033
274.192
275.099
280.361
311.02
343.676
343.725
339.397
334.874
328.775
321.481
314.391
307.922
301.724
295.665
289.532
284.703
282.478
282.402
282.298
282.291
282.375
282.636
282.57
282.312
282.178
281.899
281.753
274.004
274.016
274.095
274.565
277.343
293.552
344.302
348.683
344.969
339.975
334.55
327.604
320.285
313.475
307.026
300.739
294.47
288.341
284.331
283.016
282.997
283.21
283.445
283.677
284.229
284.167
283.659
283.039
282.461
282.004
274.01
274.045
274.275
275.668
284.068
329.698
351.322
350.93
345.741
340.415
333.898
326.616
319.683
313.121
306.578
300.269
293.755
288.003
284.694
283.92
283.931
284.204
285.166
286.126
286.747
286.199
284.891
283.503
282.634
282.082
274.023
274.126
274.788
279.004
307.376
354.318
356.169
352.304
346.577
340.489
333.364
326.246
319.52
312.984
306.375
300.114
293.418
288.07
285.576
285.403
285.495
285.91
287.037
288.435
288.926
287.891
286.275
284.162
283.039
282.443
274.061
274.354
276.295
288.553
347.041
360.045
359.038
353.248
347.295
340.458
333.102
326.166
319.481
312.863
306.316
300.048
293.378
288.366
287.19
287.674
288.291
289.106
290.33
291.588
291.78
290.185
287.598
284.745
283.37
282.423
274.166
274.997
280.748
321.238
363.229
363.795
360.56
354.342
347.856
340.446
332.948
326.111
319.482
312.855
306.445
300.298
294.122
289.755
290.276
291.295
292.94
294.603
296.015
298.147
297.589
294.98
290.786
286.34
284.331
283.036
274.451
276.856
293.354
360.507
368.562
367.827
361.757
355.477
348.069
340.67
333.209
326.49
320.058
313.79
307.93
302.101
296.654
294.133
295.785
298.151
301.553
304.715
307.415
310.03
310.581
305.867
297.365
289.501
285.347
283.173
275.246
282.282
333.601
372.341
372.005
369.752
363.182
356.297
348.559
341.338
334.305
327.962
322.036
316.468
311.785
306.833
302.667
302.539
306.039
310.71
317.504
325.63
332.04
336.202
338.785
333.164
317.054
297.5
287.845
284.578
277.502
298.265
372.059
377.551
377.195
371.564
364.698
357.035
350.263
342.672
336.302
330.561
325.464
321.346
318.274
315.056
313.299
316.361
323.414
332.39
344.182
359.922
377.818
388.866
401.507
399.641
371.301
319.396
293.62
284.268
283.912
343.354
382.088
381.551
380.358
373.468
365.909
359.028
351.877
344.715
338.942
333.662
329.532
327.159
326.578
327.395
329.687
336.988
349.038
363.446
383.975
409.977
440.272
470.917
501.974
527.18
493.27
387.68
309.174
293.23
301.719
381.378
386.893
386.361
382.822
375.322
367.777
361.201
354.155
347.755
342.343
338.143
336.343
336.51
338.419
340.751
346.926
363.488
383.12
405.362
438.202
478.838
522.657
577.558
620.129
691.611
671.317
588.82
369.851
277.189
351.037
393.471
392.148
392.093
385.202
376.877
370.525
363.706
357.305
351.744
347.391
345.659
346.408
348.983
353.422
358.423
368.551
391.607
422.639
456.176
500.82
561.016
633.861
704.957
790.6
852.27
862.849
844.766
534.208
307.282
274.002
274.002
274.002
274.002
274.002
274.002
274.002
274.002
274.002
274.002
274.002
274.002
274.002
274.002
274.002
274.002
274.002
274.002
274.002
274.002
274.002
274.002
274.002
274.002
274.002
274.002
274.002
274.002
274.002
274.002
274.002
274.002
274.002
274.002
274.002
274.002
274.002
274.002
274.002
274.002
274.002
274.002
274.002
274.002
274.002
274.002
274.002
274.002
274.002
274.002
274.002
274.002
274.002
274.002
274.002
274.002
274.002
274.002
274.002
274.002
274.002
274.002
274.002
274.002
274.002
274.002
274.002
274.002
274.002
274.004
274.019
274.138
275.042
281.744
327.14
478.651
644.958
750.476
816.89
864.864
904.005
937.03
963.348
984.792
999.972
1009.87
1017.8
1017.17
1013.33
1007.43
999.602
990.397
979.895
967.97
954.777
940.727
926.14
911.312
896.329
881.22
865.76
850.149
835.14
820.174
805.177
790.42
775.646
760.678
745.573
730.147
714.645
698.802
682.652
666.024
648.865
631.185
612.638
593.049
572.175
549.483
524.187
496.551
466.621
434.522
398.349
274.001
274.001
274.001
274.001
274.001
274.001
274.001
274.001
274.001
274.001
274.001
274.001
274.001
274.001
274.001
274.001
274.001
274.001
274.001
274.001
274.001
274.001
274.001
274.001
274.001
274.001
274.001
274.001
274.001
274.001
274.001
274.001
274.001
274.001
274.001
274.001
274.001
274.001
274.001
274.001
274.001
274.001
274.001
274.001
274.001
274.001
274.001
274.001
274.001
274.001
274.001
274.001
274.001
274.001
274.001
274.001
274.001
274.001
274.001
274.001
274.001
274.001
274.001
274.001
274.001
274.001
274.001
274.001
274.005
274.046
274.434
277.894
307.831
467.233
664.037
738.154
750.53
759.899
777.054
797.24
814.723
830.59
847.891
864.598
878.14
889.576
899.592
908.922
914.615
916.496
916.072
913.438
908.311
902.02
894.866
885.525
874.047
861.009
846.566
831.214
815.17
798.613
781.871
764.44
746.692
728.775
710.381
691.482
672.151
652.362
632.876
612.921
593.402
573.95
555
536.416
518.364
501.027
484.76
469.625
454.572
439.489
425.207
411.519
400.466
274
274
274
274
274
274
274
274
274
274
274
274
274
274
274
274
274
274
274
274
274
274
274
274
274
274
274
274
274
274
274
274
274
274
274
274
274
274
274
274
274
274
274
274
274
274
274
274
274
274
274
274
274
274
274
274
274
274
274
274
274
274
274
274
274
274
274.001
274.011
274.122
275.305
288.195
400.535
640.708
757.304
767.637
765.52
763.23
764
767.154
771.427
774.338
775.991
776.569
776.658
776.764
775.706
773.954
772.382
770.881
769.047
766.312
763.337
759.729
755.927
751.768
746.821
741.067
734.55
727.21
718.833
709.122
697.916
685.229
671.64
656.77
640.645
623.693
606.118
588.251
570.223
552.56
534.763
518.018
501.993
486.768
472.376
459.371
448.13
437.945
428.858
421.27
414.803
409.076
403.889
397.851
274
274
274
274
274
274
274
274
274
274
274
274
274
274
274
274
274
274
274
274
274
274
274
274
274
274
274
274
274
274
274
274
274
274
274
274
274
274
274
274
274
274
274
274
274
274
274
274
274
274
274
274
274
274
274
274
274
274
274
274
274
274
274
274
274
274.001
274.023
274.297
277.807
322.136
548.401
749.094
782.554
782.77
781.024
780.066
778.863
777.849
776.971
773.907
770.134
766.886
762.946
759.288
756.577
753.407
749.527
744.62
739.324
733.096
726.406
719.971
712.92
705.581
698.273
691.226
684.396
677.497
670.615
663.333
655.388
646.375
636.04
625.135
612.76
598.99
584.321
568.993
553.242
537.34
521.652
505.735
490.857
476.728
464.258
452.138
440.902
430.616
421.794
414.015
408.093
405.091
402.073
398.749
395.4
274
274
274
274
274
274
274
274
274
274
274
274
274
274
274
274
274
274
274
274
274
274
274
274
274
274
274
274
274
274
274
274
274
274
274
274
274
274
274
274
274
274
274
274
274
274
274
274
274
274
274
274
274
274
274
274
274
274
274
274
274
274
274
274
274.003
274.042
274.653
284.201
402.44
681.654
789.466
795.946
795.411
796.097
796.212
796.434
795.882
794.901
792.514
786.822
782.197
778.409
773.409
769.68
764.824
757.58
750.203
742.138
734.855
726.495
718.357
710.825
702.916
694.485
686.141
678.333
671.086
663.942
657.046
649.932
642.42
634.087
624.755
614.853
603.463
590.646
576.776
562.047
546.646
531.03
515.413
499.519
484.809
470.465
457.883
446.217
435.535
425.408
416.113
408.742
402.975
397.75
393.369
389.648
387.555
274
274
274
274
274
274
274
274
274
274
274
274
274
274
274
274
274
274
274
274
274
274
274
274
274
274
274
274
274
274
274
274
274
274
274
274
274
274
274
274
274
274
274
274
274
274
274
274
274
274
274
274
274
274
274
274
274
274
274
274
274
274
274
274.004
274.07
275.295
297.632
508.903
761.968
804.605
807.692
809.582
812.06
813.452
814.125
813.963
812.735
811.659
810.096
806.441
805.022
803.8
801.38
798.501
794.267
790.004
784.61
776.529
768.033
758.897
751.113
743.014
734.129
723.857
714.381
705.892
698.252
690.67
683.299
675.586
667.349
658.274
648.457
637.921
625.667
611.46
595.917
579.524
562.6
545.531
528.056
510.315
493.97
478.45
463.813
449.363
436.921
425.635
415.09
405.617
397.78
391.808
386.912
383.263
379.872
274
274
274
274
274
274
274
274
274
274
274
274
274
274
274
274
274
274
274
274
274
274
274
274
274
274
274
274
274
274
274
274
274
274
274
274
274
274
274
274
274
274
274
274
274
274
274
274
274
274
274
274
274
274
274
274
274
274
274
274
274
274
274.005
274.103
276.285
322.108
611.369
801.196
816.859
819.849
824.622
828.593
830.462
831.316
833.327
833.565
834.051
836.74
839.22
841.948
844.06
844.839
846.242
846.005
843.704
840.447
834.597
828.644
820.228
812.417
803.995
797.407
789.264
780.296
771.864
764.265
756.802
749.342
741.393
732.949
723.834
714.067
703.101
690.13
674.696
656.795
637.009
615.692
593.823
572.294
550.312
528.349
508.151
489.341
472.144
454.907
440.244
427.046
415.389
404.972
395.377
387.095
381.179
376.74
373.432
274
274
274
274
274
274
274
274
274
274
274
274
274
274
274
274
274
274
274
274
274
274
274
274
274
274
274
274
274
274
274
274
274
274
274
274
274
274
274
274
274
274
274
274
274
274
274
274
274
274
274
274
274
274
274
274
274
274
274
274
274
274.005
274.135
277.509
356.253
686.065
817.884
827.913
832.102
838.687
843.3
845.643
846.798
851.139
854.846
860.153
868.022
877.952
886.948
897.438
907.255
918.675
924.937
927.218
927.546
926.273
921.112
915.708
907.73
900.327
890.81
883.723
876.152
869.038
861.869
855.3
847.867
840.405
832.169
823.596
814.55
804.203
791.645
775.513
755.695
731.778
705.079
676.095
646.108
616.903
587.733
559.431
533.34
509.1
487.18
465.626
447.754
431.495
417.665
405.895
395.132
385.406
377.072
371.31
367.043
274
274
274
274
274
274
274
274
274
274
274
274
274
274
274
274
274
274
274
274
274
274
274
274
274
274
274
274
274
274
274
274
274
274
274
274
274
274
274
274
274
274
274
274
274
274
274
274
274
274
274
274
274
274
274
274
274
274
274
274
274.005
274.155
278.563
386.547
729.878
828.008
837.148
842.684
849.951
855.585
857.821
860.652
867.191
875.275
886.286
903.058
924.136
947.626
971.038
994.922
1018.74
1042.58
1061.11
1070.15
1072.04
1070.27
1065.48
1059.19
1049.29
1038.24
1026.64
1016.49
1006.29
998.997
991.456
984.929
977.066
969.396
961.064
952.557
943.599
933.193
919.923
901.652
877.774
847.958
812.156
772.543
730.986
689.955
649.035
610.391
575.237
542.788
513.195
484.965
462.222
441.458
424.173
409.628
396.765
385.709
375.866
367.33
361.432
274
274
274
274
274
274
274
274
274
274
274
274
274
274
274
274
274
274
274
274
274
274
274
274
274
274
274
274
274
274
274
274
274
274
274
274
274
274
274
274
274
274
274
274
274
274
274
274
274
274
274
274
274
274
274
274
274
274
274
274.004
274.153
278.948
401.84
751.647
835.486
845.402
852.098
858.926
865.933
869.307
874.023
882.756
895.645
914.876
940.911
975.576
1019.76
1070.09
1123.84
1175.69
1216.78
1253.13
1276.06
1292.87
1295.86
1289.6
1282.07
1270.23
1254.17
1237.73
1220.16
1205.43
1188.17
1175.4
1163.64
1153.57
1142.46
1131.71
1121.37
1111.41
1101.6
1091.4
1079.48
1062.41
1038.08
1005.88
963.803
913.427
857.683
801.215
744.063
689.996
641.483
596.957
555.912
517.326
486.81
459.397
437.242
418.299
401.693
388.039
376.488
365.989
357.304
274
274
274
274
274
274
274
274
274
274
274
274
274
274
274
274
274
274
274
274
274
274
274
274
274
274
274
274
274
274
274
274
274
274
274
274
274
274
274
274
274
274
274
274
274
274
274
274
274
274
274
274
274
274
274
274
274
274
274.003
274.129
278.454
398.681
756.922
841.316
852.27
860.08
867.105
873.971
879.103
886.441
897.934
916.211
942.896
981.791
1033.69
1103
1193.98
1291.36
1402.58
1494.79
1556.11
1585.78
1591.62
1588.35
1571.96
1551.59
1533.53
1510.31
1482.22
1460.14
1436.85
1417.46
1392.11
1369.01
1349.39
1333.93
1317.39
1300.71
1286.77
1274.66
1262.42
1249.85
1237.39
1222.23
1201
1172.45
1134.26
1082.56
1019.14
951.481
879.588
806.752
739.6
677.917
621.258
568.095
525.596
488.041
458.742
433.846
411.801
393.735
379.221
366.769
355.715
274
274
274
274
274
274
274
274
274
274
274
274
274
274
274
274
274
274
274
274
274
274
274
274
274
274
274
274
274
274
274
274
274
274
274
274
274
274
274
274
274
274
274
274
274
274
274
274
274
274
274
274
274
274
274
274
274
274.002
274.092
277.338
377.846
746.667
845.479
857.757
866.171
873.387
880.317
886.771
896.338
912.009
936.021
971.139
1021.02
1093.06
1194.05
1329.11
1501.57
1651.53
1722.28
1744.45
1747.53
1743.43
1742.67
1727.37
1702.57
1688.17
1678.03
1662.63
1639.21
1616.25
1594.07
1571.32
1544.7
1517.36
1492.02
1471.48
1451.27
1431.56
1415.28
1399.93
1384.5
1366.07
1347.47
1328.78
1309.06
1287.25
1263.12
1229.26
1175.41
1112.62
1038.1
954.069
870.939
791.25
715.262
641.828
582.111
529.976
490.252
457.169
428.511
404.97
385.743
369.676
356.369
274
274
274
274
274
274
274
274
274
274
274
274
274
274
274
274
274
274
274
274
274
274
274
274
274
274
274
274
274
274
274
274
274
274
274
274
274
274
274
274
274
274
274
274
274
274
274
274
274
274
274
274
274
274
274
274
274.001
274.055
276.101
344.997
715.445
847.039
861.21
870.461
878.078
884.872
893.019
904.409
923.861
953.46
996.13
1057.51
1146.23
1277.04
1461.03
1689.18
1816
1832.48
1808.44
1784.77
1774.1
1778.89
1798.56
1785.25
1768.15
1763.8
1759.02
1745.7
1725.66
1703.14
1679.16
1650.17
1620.78
1591.04
1567.69
1548.28
1527.69
1507.35
1490.05
1468.97
1447.55
1423.66
1400.16
1377.94
1357.02
1335.68
1316.88
1300.88
1274.12
1232.05
1176.27
1101.52
1016.22
926.344
834.71
740.232
659.903
588.55
534.191
489.23
451.928
421.65
396.249
375.765
359.504
274
274
274
274
274
274
274
274
274
274
274
274
274
274
274
274
274
274
274
274
274
274
274
274
274
274
274
274
274
274
274
274
274
274
274
274
274
274
274
274
274
274
274
274
274
274
274
274
274
274
274
274
274
274
274
274.001
274.027
275.132
312.652
653.975
844.344
862.621
872.551
881.166
888.646
897.703
910.936
933.164
967.465
1016.42
1086.24
1187.77
1335.99
1546.54
1774.87
1866.32
1874.21
1847.51
1823.71
1802.33
1800.2
1853.32
1927.65
1944.54
1943.62
1930.1
1917.68
1877.7
1844
1804.06
1768.81
1745.02
1720.87
1694.32
1667.33
1646.26
1622.17
1599.17
1578.06
1551.22
1523.33
1490.22
1459.55
1428.38
1399.71
1369.63
1342.91
1326.41
1312.41
1293.4
1264.21
1211.22
1141.76
1058.09
964.929
856.277
755.751
661.929
590.362
531.272
482.69
444.671
412.555
385.463
364.763
274
274
274
274
274
274
274
274
274
274
274
274
274
274
274
274
274
274
274
274
274
274
274
274
274
274
274
274
274
274
274
274
274
274
274
274
274
274
274
274
274
274
274
274
274
274
274
274
274
274
274
274
274
274
274
274.011
274.531
292.247
562.27
834.734
861.468
872.526
882.234
890.747
900.301
915.356
939.407
976.568
1029.29
1103.56
1211.8
1367.27
1580.91
1794.22
1865.83
1873.47
1871.02
1854.64
1852.76
1849.49
1893.28
2009.26
2057.36
2075.2
2073.52
2070.8
2045.95
2017.4
1995.43
1968.95
1942.43
1912.59
1894.72
1870.61
1845.19
1827.7
1803.64
1781.81
1756.57
1724.94
1697.72
1660.6
1620.68
1573.09
1520.14
1467.86
1420.16
1379.42
1347.25
1324.59
1307.19
1271.2
1213.34
1146.6
1070.36
963.193
854.251
743.875
655.677
582.113
520.959
472.902
433.541
399.811
373.089
274
274
274
274
274
274
274
274
274
274
274
274
274
274
274
274
274
274
274
274
274
274
274
274
274
274
274
274
274
274
274
274
274
274
274
274
274
274
274
274
274
274
274
274
274
274
274
274
274
274
274
274
274
274
274.004
274.212
281.584
457.772
804.764
858.077
870.072
880.648
890.497
901.07
916.852
942.215
979.958
1032.59
1107.23
1213.91
1369.34
1578.88
1782.36
1851.71
1869.43
1871.23
1866.16
1864.45
1874.93
1902.23
2017.07
2076.44
2071.15
2075.99
2064.7
2064.61
2040.45
2024.82
2018.06
2015.82
2011.07
1996.28
1993.72
1995.63
1996.68
1996.65
1986.93
1978.25
1965.25
1947.36
1923.92
1893.24
1856.43
1805.59
1748.32
1670.76
1599.08
1522.03
1450.51
1395.18
1351.86
1303.41
1251.52
1194.28
1138
1053.33
950.632
828.286
723.549
634.079
560.723
502.191
454.957
415.88
383.081
274
274
274
274
274
274
274
274
274
274
274
274
274
274
274
274
274
274
274
274
274
274
274
274
274
274
274
274
274
274
274
274
274
274
274
274
274
274
274
274
274
274
274
274
274
274
274
274
274
274
274
274
274
274.002
274.07
276.703
364.09
738.167
852.394
866.243
877.162
887.971
899.985
916.17
941.221
977.864
1027.3
1097.24
1195.78
1342.3
1548.99
1768.19
1844.48
1851.47
1841.93
1827.98
1820.95
1829.41
1883.03
1958.73
2042.56
2022.16
1967.81
1929.19
1931.38
1926.75
1933.83
1966.21
2010.54
2021.75
2014.3
1996.65
1997.58
2007.55
2019.96
2029.99
2033.88
2031.26
2026.81
2015.53
1994.56
1963.75
1927.42
1887.88
1848.11
1801.52
1759.67
1700.76
1640.32
1563.28
1487.5
1413.74
1343.65
1273.67
1210.3
1122.34
1038.25
927.268
819.811
716.586
627.239
553.211
490.052
439.767
399.003
274
274
274
274
274
274
274
274
274
274
274
274
274
274
274
274
274
274
274
274
274
274
274
274
274
274
274
274
274
274
274
274
274
274
274
274
274
274
274
274
274
274
274
274
274
274
274
274
274
274
274
274
274.001
274.02
274.872
303.09
620.76
842.515
861.759
872.129
883.648
896.852
913.745
937.814
971.787
1016.23
1076.3
1163.32
1293.74
1484.54
1731.18
1852.22
1864.49
1863.54
1879.9
1911.29
1915.28
1902.05
1913.91
1899.85
1916.51
1793.79
1733.21
1747.63
1766.58
1777.61
1828.14
1903.9
1974.93
2005.19
1917.62
1883.45
1881.85
1893.8
1913.38
1928.63
1934.85
1940.64
1945.79
1940.46
1921.44
1894.97
1864.26
1835.21
1822.11
1803.63
1784.76
1740.97
1694.65
1661.31
1622.61
1548.24
1467.21
1383.27
1304.09
1210.3
1116.34
1006.18
906
801.379
703.816
617.058
541.071
479.5
430.849
274
274
274
274
274
274
274
274
274
274
274
274
274
274
274
274
274
274
274
274
274
274
274
274
274
274
274
274
274
274
274
274
274
274
274
274
274
274
274
274
274
274
274
274
274
274
274
274
274
274
274
274
274.005
274.251
282.647
469.405
809.664
856.4
866.038
877.408
892.04
909.829
932.833
963.893
1003.07
1049.75
1123.52
1233.42
1397.75
1632.98
1842.55
1895.23
1903.56
1920.49
1952.61
1971.15
1971.54
1963.99
1936.19
1790.13
1649.45
1563.4
1553.53
1570.18
1606.72
1619.11
1652.74
1769
1841.3
1792.64
1720.65
1701.16
1697.33
1654.95
1597.35
1634.59
1626.73
1603.96
1617.69
1627.39
1636.94
1655.27
1662.88
1668.08
1680.83
1694.44
1691.85
1673.95
1666.66
1664.34
1656.6
1643.78
1608.84
1560.22
1480.21
1362.22
1261.86
1125.67
1002.66
880.807
771.838
684.249
600.928
528.438
471.473
274
274
274
274
274
274
274
274
274
274
274
274
274
274
274
274
274
274
274
274
274
274
274
274
274
274
274
274
274
274
274
274
274
274
274
274
274
274
274
274
274
274
274
274
274
274
274
274
274
274
274
274.001
274.058
276.23
348.387
717.841
849.064
860.216
870.369
885.525
904.7
926.959
954.533
989.636
1031.85
1084.91
1173.84
1310.11
1512.9
1772.57
1898.18
1916.25
1927.08
1941.74
1965.61
1981.75
1986.72
1995.3
1997.33
1810.57
1598.27
1520
1416.5
1367.32
1423.15
1416.64
1408.1
1426.41
1382.29
1333.08
1226.37
1231.82
1203.93
1176.56
1130.43
1147.81
1148.68
1156.65
1194.79
1248.93
1290.73
1386.67
1450.08
1485.11
1497.58
1496.54
1497.51
1529.32
1561.71
1606.8
1654.64
1665.6
1660.33
1646.38
1617.9
1551.11
1481.5
1346.86
1213
1056.79
920.57
786.652
687.046
598.596
520.188
274
274
274
274
274
274
274
274
274
274
274
274
274
274
274
274
274
274
274
274
274
274
274
274
274
274
274
274
274
274
274
274
274
274
274
274
274
274
274
274
274
274
274
274
274
274
274
274
274
274
274
274.012
274.54
291.376
551.315
831.268
855.138
864.054
878.116
897.814
920.311
944.787
974.304
1011.41
1059.28
1124.3
1233.46
1400.2
1636.2
1860.3
1920.47
1922.32
1932.54
1947.92
1965.54
1971.91
1988.75
2013
2023.32
1774.7
1576.22
1372.44
1271.45
1250.14
1299.87
1305.55
1288.43
1212.01
1190.75
1194.41
1173.85
1147.23
1144.2
1079.38
1052.03
1001.33
1000.02
1004.5
1008.71
1060.92
1099.8
1176.88
1261.48
1350.48
1403.83
1423.59
1449.16
1455.31
1443.83
1457.07
1525.1
1572.37
1592.34
1596.18
1594.97
1597.05
1572.62
1515.8
1438.25
1301.56
1129.14
961.941
809.813
674.393
574.493
274
274
274
274
274
274
274
274
274
274
274
274
274
274
274
274
274
274
274
274
274
274
274
274
274
274
274
274
274
274
274
274
274
274
274
274
274
274
274
274
274
274
274
274
274
274
274
274
274
274
274.002
274.107
277.834
388.864
754.494
846.373
858.464
872.548
892.074
914.095
935.899
960.073
991.901
1034.36
1092.23
1175.46
1303.98
1491.39
1734.83
1895.81
1926.76
1924.07
1931.51
1938.25
1951.46
1969.09
1996.55
2041.78
2073.08
1830.61
1572.2
1307.83
1206.69
1163.74
1117.29
1122.82
1116.27
1101.18
1103.17
1055.91
1034.2
1007.65
966.713
931.036
920.484
877.716
850.133
842.839
820.033
827.817
837.196
863.889
904.861
970.86
1054.92
1197.58
1339.8
1420.17
1452.02
1454.94
1425.54
1443.16
1479
1498.67
1505.55
1512.65
1524.87
1545.1
1527.21
1468.33
1332.21
1189.71
977.344
791.293
657.396
274
274
274
274
274
274
274
274
274
274
274
274
274
274
274
274
274
274
274
274
274
274
274
274
274
274
274
274
274
274
274
274
274
274
274
274
274
274
274
274
274
274
274
274
274
274
274
274
274
274.001
274.018
274.775
298.097
588.444
827.634
852.395
868.474
888.766
909.297
927.671
947.817
975.124
1012.04
1061.95
1133.47
1237.85
1383.22
1578.38
1805.49
1914.15
1932.69
1936.42
1932.12
1928.03
1946.15
1977.66
2010.57
2029.19
1844.77
1525.04
1160.11
1083.1
1070.97
1020.52
1021.08
1054.46
995.623
1002.88
1035.8
1049.45
1055.61
1018.56
995.771
982.706
914.65
892.211
865.248
860.508
843.848
835.643
827.214
823.129
823.481
841.256
859.626
897.268
958.713
1056.38
1179.83
1280.47
1360.8
1395.6
1410.64
1443.65
1461.72
1472.49
1475.85
1470.48
1489.61
1501.49
1469.32
1366.7
1187.51
957.819
777.598
274
274
274
274
274
274
274
274
274
274
274
274
274
274
274
274
274
274
274
274
274
274
274
274
274
274
274
274
274
274
274
274
274
274
274
274
274
274
274
274
274
274
274
274
274
274
274
274
274
274.003
274.141
278.816
405.89
759.724
843.047
863.471
883.736
901.903
917.248
934.749
959.65
993.086
1036.61
1097.97
1186.8
1309.15
1465.68
1654.53
1849.52
1932.66
1953.5
1964.91
1960.8
1949.05
1971.9
2010.72
2031.37
1999.03
1715.48
1239.76
1044.7
986.355
972.403
952.342
953.136
989.966
1010.87
1007.62
998.489
1003.36
1003.11
1008.64
1021.23
1021
965.274
895.664
874.762
874.685
872.37
874.992
883.898
875.332
869.802
870.476
868.764
870.463
883.423
922.025
989.607
1090.28
1210.12
1328.19
1378.47
1408.05
1445.34
1461.6
1466.25
1460.26
1462.84
1480.92
1507.73
1442.37
1306.57
1104.13
881.742
274
274
274
274
274
274
274
274
274
274
274
274
274
274
274
274
274
274
274
274
274
274
274
274
274
274
274
274
274
274
274
274
274
274
274
274
274
274
274
274
274
274
274
274
274
274
274
274
274.001
274.021
274.87
300.453
596.194
826.896
858.272
877.293
893.484
906.96
922.189
943.887
974.799
1015.21
1070.68
1150.27
1257.97
1392.41
1548.97
1722.52
1877.92
1947.2
1970.09
1990.69
2000.61
1991.47
2012.84
2050.33
2074.3
1951.4
1655.58
1208.44
1115.77
1071.1
1062.54
1058.7
1046.81
1020.02
1020.79
1011.89
991.376
1021.94
1019.85
1019.45
1029.73
1032.74
1023.64
1000.18
891.915
875.148
842.493
839.735
831.932
837.535
851.091
860.542
854.798
856.288
852.051
850.173
864.002
895.856
954.59
1061.12
1243.15
1350.73
1403.11
1442.57
1459.36
1465.08
1466.62
1455.14
1469.71
1478.49
1399.67
1259.29
1015.34
274
274
274
274
274
274
274
274
274
274
274
274
274
274
274
274
274
274
274
274
274
274
274
274
274
274
274
274
274
274
274
274
274
274
274
274
274
274
274
274
274
274
274
274
274
274
274
274
274.003
274.132
278.435
396.165
752.359
849.35
869.961
885.354
897.921
911.219
929.639
957.093
994.922
1047.15
1121.46
1219.64
1340.85
1477.95
1628.88
1783.65
1907.19
1958.93
1976.55
1996.37
2022.29
2026.18
2030.55
2051.78
2038.93
1802.63
1368.03
1159.39
1088.87
1054.28
1023.65
1014.09
1012.62
1005.98
1031.03
1047.29
1045.94
1029.41
1026.11
1052.07
1048.82
1043.82
1054.98
1057.68
1033.97
956.113
926.995
896.922
888.345
872.934
867.291
880.265
886.802
895.47
899.495
904.175
906.391
909.392
922.911
950.116
1012.86
1121.01
1299.35
1401.58
1445.09
1461.36
1487.08
1477.79
1449.3
1457.64
1384.41
1240.28
1073.85
274
274
274
274
274
274
274
274
274
274
274
274
274
274
274
274
274
274
274
274
274
274
274
274
274
274
274
274
274
274
274
274
274
274
274
274
274
274
274
274
274
274
274
274
274
274
274
274
274.015
274.634
292.927
549.929
824.089
862.145
877.339
888.908
900.438
916.211
940.779
975.828
1023.09
1090.41
1179.99
1291.6
1421.08
1561.03
1711.3
1852.74
1936.27
1969.19
1990.26
2010.47
2035.78
2045.04
2045.88
2065.39
1805.12
1534.89
1172.06
1086.71
1049.56
1037.94
1038.4
1044.71
1035.93
1025.4
1008.9
991.531
1019.19
1029.79
1022.71
1043.25
1051
1049.38
1048.63
1063.48
1066.82
1044.67
1027.84
938.878
921.702
901.844
875.627
870.555
876.752
885.003
888.641
901.965
909.23
917.978
932.47
943.185
954.373
975.713
1015.5
1124.83
1325
1446.54
1486.59
1481.09
1493.35
1445.61
1448.25
1171.85
1043.42
274
274
274
274
274
274
274
274
274
274
274
274
274
274
274
274
274
274
274
274
274
274
274
274
274
274
274
274
274
274
274
274
274
274
274
274
274
274
274
274
274
274
274
274
274
274
274
274.002
274.073
276.512
349.31
707.112
846.918
867.85
880.025
891.115
905.329
927.313
959.591
1001.28
1057.21
1133.13
1230.26
1348.42
1485.96
1640.14
1803.59
1919.49
1958
1977.05
2002.6
2036.06
2068.89
2091
2102.05
2083.07
1799.42
1448.4
1246.29
1171.01
1140.1
1116
1096.54
1075.1
1055.55
1070.24
1074.05
1075.61
1069.53
1043.18
1057.49
1076.03
1069.37
1058.39
1063.56
1093.45
1094.7
1096.06
1094.25
1054.2
950.155
960.959
928.997
907.586
895.162
902.907
894.648
902.584
904.532
912.015
917.308
928.399
947.78
982.665
1014.44
1040.21
1082.47
1179.51
1378.63
1494.3
1518.92
1482.06
1441.29
1426.36
982.431
274
274
274
274
274
274
274
274
274
274
274
274
274
274
274
274
274
274
274
274
274
274
274
274
274
274
274
274
274
274
274
274
274
274
274
274
274
274
274
274
274
274
274
274
274
274
274
274.008
274.318
283.776
470.819
802.251
857.348
870.275
880.948
894.33
914.046
942.854
979.203
1024.34
1085.35
1164.6
1264.69
1390.39
1541.82
1713.64
1875.02
1947.35
1969.72
1981.03
2008.61
2054.18
2094.57
2105.4
2114.88
2068.15
1761.7
1367.25
1199.8
1134.16
1110.1
1101.7
1099.37
1102.25
1093.37
1087.11
1086.33
1082.97
1088.13
1086.52
1093.12
1107.75
1098.05
1081.5
1104.33
1132.71
1115.01
1102.81
1117.75
1120.21
1098.11
1035.59
1001.37
966.686
963.015
953.415
951.99
955.911
959.186
959.945
963.291
971.269
984.658
996.004
1021.3
1046
1082.47
1113.87
1159.21
1269.75
1445.81
1552.99
1568.59
1407.98
1372.21
274
274
274
274
274
274
274
274
274
274
274
274
274
274
274
274
274
274
274
274
274
274
274
274
274
274
274
274
274
274
274
274
274
274
274
274
274
274
274
274
274
274
274
274
274
274
274.001
274.03
275.105
305.903
616.389
838.237
860.848
871.039
884.179
902.756
928.517
961.895
1001.52
1053.33
1124.91
1216.52
1328.31
1459.9
1608.18
1768.47
1899.26
1955.49
1976.26
1988.93
2015.46
2058.1
2087.75
2093.45
2102.8
1908.2
1620.8
1282.36
1200.78
1162
1143.38
1132.65
1119.08
1102.92
1086.39
1098.34
1113.23
1110.78
1084.57
1094.28
1136.32
1151.49
1125.09
1115.33
1163.83
1195.14
1158.97
1149.88
1170.2
1169.47
1165.31
1148.49
1104.94
1058.2
1023.71
1010.65
1009.2
1004.54
1002.53
1002.39
1002.29
996.517
991.952
991.481
1004.84
1032.65
1067.11
1109.11
1144.86
1195.55
1243.31
1335.01
1500.5
1668.26
1737.52
274
274
274
274
274
274
274
274
274
274
274
274
274
274
274
274
274
274
274
274
274
274
274
274
274
274
274
274
274
274
274
274
274
274
274
274
274
274
274
274
274
274
274
274
274
274
274.002
274.081
276.675
352.249
711.272
845.323
861.894
874.79
892.083
913.682
940.824
974.765
1017.71
1078.49
1160.88
1259.6
1373.36
1499.57
1640.53
1785.28
1906.75
1966.12
1990.88
2006.11
2034.97
2068.29
2086.56
2098.77
2119.43
1845.15
1618.41
1308.6
1227.89
1196.68
1181.21
1174.45
1170.59
1158.21
1139.63
1155.27
1166.52
1159.93
1135.16
1150.08
1173.77
1171.87
1156.7
1176.24
1219.18
1227.86
1211.92
1214.29
1238.8
1227.74
1214.41
1216.13
1214.12
1148.62
1111.62
1083.11
1048.64
1064.75
1066.54
1072.98
1085.7
1086.14
1092.1
1093.29
1099.46
1108.03
1137.88
1187.39
1240.06
1335.07
1443.77
1565.22
1619.52
1731.95
1972.87
274
274
274
274
274
274
274
274
274
274
274
274
274
274
274
274
274
274
274
274
274
274
274
274
274
274
274
274
274
274
274
274
274
274
274
274
274
274
274
274
274
274
274
274
274
274
274.004
274.143
278.537
394.527
752.508
849.363
866.392
880.203
896.474
916.905
944.09
979.982
1028.79
1097.19
1185
1285.48
1396.51
1516.68
1651.42
1787.67
1903.82
1971.14
2000.31
2015.57
2039.94
2068.09
2096.13
2108.88
2103.73
1815.9
1557.43
1306.38
1235.79
1206.61
1193.94
1188.06
1183.78
1173.4
1157.17
1171.44
1180.62
1173.31
1155.4
1166.18
1200.42
1200.75
1182.64
1199.87
1243.63
1252.69
1227.97
1234.59
1272.84
1270.99
1254.17
1251.64
1250.45
1220.28
1140.57
1134.31
1097.2
1087.77
1102.06
1095.41
1116.24
1119.68
1135.1
1142.26
1153.76
1156.96
1165.51
1208.22
1249.2
1340.95
1456.19
1608.96
1730.8
1871.76
2015.87
274
274
274
274
274
274
274
274
274
274
274
274
274
274
274
274
274
274
274
274
274
274
274
274
274
274
274
274
274
274
274
274
274
274
274
274
274
274
274
274
274
274
274
274
274
274
274.007
274.284
282.595
455.389
793.851
854.907
868.013
880.28
897.301
920.512
951.423
991.545
1045.75
1120.73
1211.68
1314.58
1424.67
1539.69
1667.61
1792.86
1899.83
1975.41
2012.88
2030.22
2046.36
2067.8
2092.86
2101.16
2071.21
1813.57
1533.3
1324.82
1268.66
1241.44
1224.78
1220.04
1221.42
1214.6
1197.69
1210.26
1218.02
1216.96
1192.58
1195.33
1219.9
1221.62
1211.53
1216.76
1251.75
1258.24
1235.27
1245.07
1297.16
1305.8
1291.84
1296.12
1293.4
1291.88
1224.26
1163.59
1168.53
1129.65
1147.13
1136.01
1147.85
1150.97
1167.48
1185.42
1207.18
1231.33
1243.2
1268.05
1291.63
1332.31
1398.29
1506.81
1659.33
1813
2036.49
274
274
274
274
274
274
274
274
274
274
274
274
274
274
274
274
274
274
274
274
274
274
274
274
274
274
274
274
274
274
274
274
274
274
274
274
274
274
274
274
274
274
274
274
274
274
274.013
274.52
288.989
515.947
819.749
858.493
870.14
883.577
901.802
925.545
957.033
999.031
1058.24
1139.08
1235.7
1345.1
1458.98
1572.17
1690.37
1800.44
1896.73
1974.06
2020.08
2040.84
2052.93
2074.9
2103.41
2115.58
2061.01
1794.11
1469.85
1306.17
1264.82
1252.69
1248.43
1246.49
1240.44
1234.98
1217.76
1231.74
1248.77
1249.03
1239.63
1245.22
1264.32
1261.63
1243.34
1257.66
1283.64
1275.95
1255.68
1282.79
1329.74
1330.84
1323.96
1343.26
1345.39
1333.64
1333.75
1278.1
1212.55
1222.01
1188.76
1204.65
1188.66
1201.1
1198.34
1228.55
1244.22
1285.19
1315.66
1358.25
1402.06
1455.07
1514.88
1590.65
1682.04
1796.49
1913.9
274
274
274
274
274
274
274
274
274
274
274
274
274
274
274
274
274
274
274
274
274
274
274
274
274
274
274
274
274
274
274
274
274
274
274
274
274
274
274
274
274
274
274
274
274
274.001
274.026
274.939
300.498
590.728
837.894
861.187
869.565
882.186
900.532
924.944
957.706
1003.22
1068.34
1153.16
1257.2
1375.77
1496.35
1608.71
1715.43
1812.16
1899.74
1976.35
2023.14
2043.61
2053.73
2069.69
2089.79
2096.02
2021.04
1766.9
1463.62
1310.52
1265.85
1246.01
1240.2
1239.72
1242.99
1243.94
1234.37
1253.03
1270.51
1276.35
1270.46
1280.11
1306.3
1313.47
1305.97
1317.34
1329.74
1320.67
1314.58
1334.63
1362.08
1355.74
1351
1376.62
1398.3
1391.41
1389.92
1384.74
1328.44
1258.89
1273.82
1235.93
1259.6
1234.71
1250.96
1248.56
1279.52
1302.13
1348.53
1384.11
1440.5
1497.02
1566.24
1644.05
1722.28
1786.95
1856.64
274
274
274
274
274
274
274
274
274
274
274
274
274
274
274
274
274
274
274
274
274
274
274
274
274
274
274
274
274
274
274
274
274
274
274
274
274
274
274
274
274
274
274
274
274
274.001
274.044
275.517
317.222
648.355
842.132
862.187
873.111
888.422
908.435
933.739
966.343
1014.97
1081.03
1166.1
1271.28
1392.98
1518.81
1634.98
1737.93
1828.59
1910.64
1982.21
2021.73
2038.54
2047.76
2062.99
2082.68
2090.1
2015.92
1802.07
1506.31
1360.47
1319.29
1297.97
1282.42
1271.93
1266.97
1260.46
1250.39
1266.53
1275.73
1282.93
1280.38
1289.83
1323.11
1330.07
1324.83
1342.33
1371.57
1369.91
1367.27
1383.77
1407.18
1398.52
1399.03
1427.41
1444.72
1451.24
1462.15
1459.42
1446.67
1410.67
1333.96
1352.61
1308.26
1339.88
1299.07
1325.55
1323.99
1367.63
1389.35
1452.89
1493.24
1566.11
1609.72
1679.41
1720.74
1786.84
1824.5
274
274
274
274
274
274
274
274
274
274
274
274
274
274
274
274
274
274
274
274
274
274
274
274
274
274
274
274
274
274
274
274
274
274
274
274
274
274
274
274
274
274
274
274
274
274.002
274.075
276.461
344.84
701.472
848.489
863.257
872.814
887.284
906.943
932.685
967.502
1018.19
1085.56
1171.96
1279.27
1404.58
1535.41
1655.51
1757.34
1843.98
1920.61
1985.64
2025.16
2042.74
2051.37
2062.98
2071.22
2071.58
1951.44
1717.71
1448.49
1348.18
1316.98
1303.18
1297.72
1295.09
1292.29
1290.75
1281.67
1301.75
1318.61
1321.46
1318.06
1329.09
1360.24
1365.04
1360.16
1377.33
1409.89
1411.91
1410.33
1424.66
1450.85
1450.67
1456.16
1473.64
1482.52
1498.32
1524.97
1530.52
1526.17
1511.88
1496.57
1423.13
1438.06
1396.37
1422.16
1385.3
1418.59
1432.87
1491.16
1520.88
1576.79
1610.26
1669.7
1713.11
1759.77
1811.49
1833.56
274
274
274
274
274
274
274
274
274
274
274
274
274
274
274
274
274
274
274
274
274
274
274
274
274
274
274
274
274
274
274
274
274
274
274
274
274
274
274
274
274
274
274
274
274
274.003
274.116
277.673
374.777
735.184
849.146
863.652
874.637
890.493
911.544
939.284
976.405
1027.14
1093.36
1178.79
1287.06
1415.61
1549.82
1671.2
1772.32
1857.09
1930.84
1989.66
2019.12
2031.74
2039.61
2051.44
2062.32
2064.49
1934.22
1699.59
1426.3
1324.96
1295.03
1281.8
1279.09
1279.93
1281.77
1280.03
1279.34
1302.21
1313.18
1333.41
1338.81
1346.89
1380.4
1399.54
1400.55
1409.91
1441.38
1458.63
1463.34
1479.7
1503.94
1507.81
1515.95
1533.08
1549.27
1564.42
1580.67
1603.8
1621.84
1628.38
1617.53
1588
1540.97
1519.92
1499.11
1498.7
1490.29
1506.53
1535.73
1575
1618.43
1661.7
1712.46
1751.16
1803.89
1828.22
1858.18
274
274
274
274
274
274
274
274
274
274
274
274
274
274
274
274
274
274
274
274
274
274
274
274
274
274
274
274
274
274
274
274
274
274
274
274
274
274
274
274
274
274
274
274
274
274.005
274.176
279.403
408.722
765.284
852.532
864.779
875.096
890.035
910.784
938.73
977.426
1029.88
1096.36
1182.67
1292.98
1424.5
1561
1682.84
1782.52
1864.65
1933.97
1986.19
2014.35
2028.46
2043.63
2067.26
2079.9
2081.04
1941.98
1720.07
1454.28
1356.19
1323.77
1306.99
1298.44
1293.31
1292.27
1291.95
1291.93
1311.36
1321.15
1344.09
1351.96
1358.51
1380.47
1411.46
1416.29
1426.08
1450.97
1479.92
1490.56
1506.53
1536.43
1555.21
1568.73
1589.38
1609.83
1628.22
1647.73
1670.86
1697.85
1718.3
1736.79
1753.95
1715.99
1682.13
1631.05
1634.29
1612.3
1629.89
1627.99
1663.69
1696.95
1745.06
1782.16
1828.85
1858.89
1893.21
1929.16
274
274
274
274
274
274
274
274
274
274
274
274
274
274
274
274
274
274
274
274
274
274
274
274
274
274
274
274
274
274
274
274
274
274
274
274
274
274
274
274
274
274
274
274
274
274.006
274.242
281.252
436.32
782.644
852.976
865.49
876.786
892.406
914.067
943.955
985.24
1038.86
1105
1190.65
1300.83
1432.45
1567.97
1687.53
1784.66
1865.15
1933.05
1983.01
2012.45
2031.41
2049.58
2070.03
2080.06
2081.25
1944.64
1717.24
1443.49
1347.79
1318.23
1305
1299.65
1296.99
1294.95
1292.5
1297.45
1317.07
1326.18
1349.82
1356.04
1363.32
1386.19
1417.84
1429.99
1442.02
1462.67
1488.56
1508.54
1528.28
1554.32
1580.88
1605.21
1630.59
1657.88
1683.96
1708.74
1736.33
1764.5
1798.41
1833.53
1861.98
1876.88
1883.82
1854.5
1794.33
1772.49
1767.09
1772.45
1777.99
1802.87
1830.83
1869.93
1895.91
1926.69
1959.91
2002.87
274
274
274
274
274
274
274
274
274
274
274
274
274
274
274
274
274
274
274
274
274
274
274
274
274
274
274
274
274
274
274
274
274
274
274
274
274
274
274
274
274
274
274
274
274
274.008
274.322
283.461
462.668
798.288
856.178
867.95
878.658
893.803
916.247
948.443
992.662
1047.87
1115.5
1202.83
1314.48
1444.53
1574.39
1687.14
1779.57
1859.03
1928.12
1979.28
2009.31
2027.38
2041.63
2054.93
2060.76
2062.68
1932.06
1712.9
1445.11
1349.1
1321.58
1310.55
1307.2
1305.94
1304.75
1303.15
1307.6
1327.49
1338.34
1352.14
1371.72
1377.71
1392.73
1419.54
1435.76
1450.51
1470.87
1495.8
1517.38
1538.39
1566.27
1594.02
1619.9
1648.79
1679.83
1709.54
1739.77
1773.28
1803.44
1836.78
1875.48
1913.73
1953.71
1990.34
2020.69
2016.92
1994.8
1935.03
1916.68
1892.44
1908.1
1909.09
1929.94
1940.34
1970.06
1986.63
2013.12
274
274
274
274
274
274
274
274
274
274
274
274
274
274
274
274
274
274
274
274
274
274
274
274
274
274
274
274
274
274
274
274
274
274
274
274
274
274
274
274
274
274
274
274
274
274.01
274.395
285.392
481.483
807.938
858.399
869.481
879.8
894.676
917.918
953.248
1002.05
1062.06
1134.58
1224.96
1336.06
1459.89
1578.99
1681.23
1768.26
1848.78
1921.96
1974.85
2001.1
2015.11
2026.25
2050
2060.26
2064.76
1939.01
1720.43
1447.95
1352.43
1324.18
1312.12
1307.78
1306.1
1305.73
1306
1319.98
1334.67
1342.73
1358.99
1380.31
1389.87
1407.42
1429.26
1443.49
1466.03
1486.93
1506.09
1531.95
1556.87
1579.41
1609.52
1638.86
1667.64
1699.65
1731.26
1761.21
1796.06
1826.42
1858.12
1891.69
1926.15
1966.22
2012.77
2063.28
2107.84
2121.09
2141.39
2041.39
2026.82
1977.91
1968.49
1965.7
1965.97
1977
2001.33
1968.95
274
274
274
274
274
274
274
274
274
274
274
274
274
274
274
274
274
274
274
274
274
274
274
274
274
274
274
274
274
274
274
274
274
274
274
274
274
274
274
274
274
274
274
274
274
274.012
274.467
287.271
498.07
816.27
861.267
871.862
883.052
899.376
925.062
963.888
1017.97
1085.26
1163.49
1256.32
1363.37
1475.84
1579.1
1667.33
1747.55
1829.44
1908.53
1962.87
1987.69
2001.91
2019.98
2051.89
2066.51
2073.95
1956.05
1738.8
1453.87
1354.48
1326.13
1315.09
1312.46
1312.42
1314.66
1318.96
1331.65
1342.45
1354.97
1368.33
1381.09
1398.26
1418.34
1439.65
1457.82
1480.66
1504.63
1523.37
1548.72
1575.94
1597.28
1626.84
1656.72
1684.58
1718.87
1749.59
1782.3
1819.59
1854.02
1892.41
1926.76
1960.84
1998.66
2039.56
2088.65
2142.97
2178.4
2206.12
2212.08
2221.56
2124.36
2078.81
2042.86
2017.79
1992.35
1965.81
1829.84
274
274
274
274
274
274
274
274
274
274
274
274
274
274
274
274
274
274
274
274
274
274
274
274
274
274
274
274
274
274
274
274
274
274
274
274
274
274
274
274
274
274
274
274
274
274.014
274.512
288.436
507.882
820.506
862.176
872.114
883.921
901.571
929.208
971.238
1027.72
1100.79
1183.86
1279.67
1383.74
1487.13
1578.3
1655.61
1730.58
1813.68
1898.44
1954.76
1980.1
1995.25
2015.35
2052.22
2067.8
2073.08
1950.44
1731.78
1453.43
1353.23
1323.52
1310.5
1305.75
1303.82
1303.3
1304.54
1319.33
1334.61
1344.87
1359.9
1378.79
1390.32
1407.55
1431.02
1448.45
1471.1
1494.27
1514.9
1540.88
1566.91
1591.79
1621.94
1651.47
1679.94
1712.07
1745.4
1778.52
1816.28
1854.03
1893.5
1934.94
1974.05
2011.12
2047.24
2082.95
2119.61
2158.85
2202.85
2221.97
2245.53
2236.66
2232.28
2122.44
2100.3
1896.5
1793.3
1699.73
274
274
274
274
274
274
274
274
274
274
274
274
274
274
274
274
274
274
274
274
274
274
274
274
274
274
274
274
274
274
274
274
274
274
274
274
274
274
274
274
274
274
274
274
274
274.014
274.536
289.062
513.264
823.266
862.901
872.157
884.152
902.515
931.149
974.26
1032.1
1106.72
1191.9
1288.75
1391.29
1490.59
1576.49
1649.21
1721.42
1804.34
1889.43
1942.76
1966.19
1982.41
2003.7
2043.24
2074.31
2085.24
1979
1765.54
1475.68
1375.61
1348.64
1336.53
1332.98
1331.72
1331.47
1332.6
1338.03
1349.22
1365.06
1382.35
1398.82
1414.67
1431.48
1451.93
1469.35
1490.58
1514.4
1536.47
1563.48
1589.86
1614.62
1642.59
1671.8
1701.45
1731.81
1766.61
1801.03
1836.76
1875.72
1914.8
1957.8
2001.66
2042.49
2080.26
2108.92
2129.42
2149.29
2179.86
2227.75
2286.22
2312.59
2322.49
2341.14
2102.44
1861.12
1761.26
1704.1
274
274
274
274
274
274
274
274
274
274
274
274
274
274
274
274
274
274
274
274
274
274
274
274
274
274
274
274
274
274
274
274
274
274
274
274
274
274
274
274
274
274
274
274
274
274.014
274.519
288.637
510.14
822.137
862.347
871.46
883.155
901.069
928.909
970.361
1028.49
1100.82
1185.1
1281.01
1384.13
1485.71
1575.84
1652.48
1725.64
1806.55
1889.02
1946.18
1972.24
1989.72
2011.61
2052.95
2069.66
2075.08
1951.17
1728.71
1451.39
1352.43
1324.03
1311.55
1307.97
1306.71
1307.31
1308.47
1320.42
1335.7
1346.48
1360.86
1380.09
1390.88
1409.64
1431.88
1450.83
1472.97
1495.11
1518.21
1542.24
1567.23
1593.52
1621.47
1650.97
1680.64
1710.87
1744.08
1778.87
1816.06
1854.72
1893.63
1933.06
1970.84
2008.28
2045.44
2080.77
2113.6
2150.66
2199.4
2223.46
2245.56
2252.39
2207.01
2122.4
2082.61
1901.77
1781.38
1702.39
274
274
274
274
274
274
274
274
274
274
274
274
274
274
274
274
274
274
274
274
274
274
274
274
274
274
274
274
274
274
274
274
274
274
274
274
274
274
274
274
274
274
274
274
274
274.013
274.481
287.675
502.741
819.612
861.334
870.213
881.28
898.423
924.664
963.686
1017.66
1084.53
1164.34
1257.7
1362.72
1472.11
1574.1
1661.52
1738.97
1816.94
1893.24
1949.82
1976.86
1993.09
2014.13
2051.86
2066.78
2070.99
1946.07
1724.54
1446.98
1348.92
1321.56
1310.71
1308
1307.84
1310.33
1314.32
1326.78
1338.18
1350.04
1361.46
1375.82
1392.43
1409.43
1431.33
1452.44
1474.15
1494.3
1516.62
1545.17
1568.81
1592.12
1624.45
1650.39
1680.38
1714.1
1745.48
1780.49
1818.43
1855.3
1892.39
1927.08
1960.3
1997.74
2039.67
2087.54
2142.91
2179.95
2202.67
2222.59
2223.8
2125.28
2062.94
2039.3
2000.16
1978.84
1948.62
1819.62
274
274
274
274
274
274
274
274
274
274
274
274
274
274
274
274
274
274
274
274
274
274
274
274
274
274
274
274
274
274
274
274
274
274
274
274
274
274
274
274
274
274
274
274
274
274.011
274.414
285.968
488.653
812.24
856.809
866.867
879.214
895.681
918.921
952.44
999.487
1059.98
1134.23
1225.7
1334.65
1455.07
1572.59
1673.88
1757.95
1834.35
1905.19
1959.94
1991.32
2008.03
2024.46
2050.46
2064.58
2066.92
1941.62
1719.83
1444.52
1349.05
1321.21
1309.67
1306.05
1305.1
1305.22
1305.74
1320.89
1337.4
1345.93
1360.02
1376.36
1389.96
1407.69
1428.93
1449.25
1470.74
1491.21
1512.45
1541
1563.24
1586.54
1618.14
1644.97
1673.69
1706.56
1737.56
1769.79
1804.4
1835.35
1866.41
1898.93
1934.11
1974.79
2021.41
2072.77
2121.86
2135.99
2159.35
2052.31
2035
1984.34
1969.66
1969.05
1968.89
1974.02
1995.84
1964.01
274
274
274
274
274
274
274
274
274
274
274
274
274
274
274
274
274
274
274
274
274
274
274
274
274
274
274
274
274
274
274
274
274
274
274
274
274
274
274
274
274
274
274
274
274
274.009
274.343
284.073
470.439
802.883
854.326
865.69
878.668
895.2
917.466
948.254
990.447
1045.6
1115.04
1203.62
1313.32
1439.78
1567.67
1679.17
1769.04
1845.07
1912.42
1965.23
1999.18
2021.49
2042.89
2061.13
2067.22
2065.5
1932.52
1710.01
1444.78
1347.93
1320.18
1309.17
1306.38
1305.96
1306.61
1307.49
1312.35
1330.2
1341.75
1352.99
1372.59
1385.23
1398.64
1421.63
1443.72
1460.64
1475.47
1504.29
1528.52
1546.01
1572.46
1602.38
1627.67
1654.35
1684.55
1713.3
1742.47
1774.71
1804.12
1836.32
1874.36
1912.26
1952.86
1994.39
2029.8
2027.97
2013.77
1942.21
1924
1893.48
1916.64
1909.79
1933.43
1939.66
1969.46
1983.35
2016.29
274
274
274
274
274
274
274
274
274
274
274
274
274
274
274
274
274
274
274
274
274
274
274
274
274
274
274
274
274
274
274
274
274
274
274
274
274
274
274
274
274
274
274
274
274
274.007
274.26
281.823
444.795
787.257
851.146
863.886
877.193
893.879
915.237
943.973
983.099
1035.84
1103.59
1190.89
1299.96
1428.07
1560.99
1679.16
1774.09
1851.41
1917.72
1969.08
2001.91
2024.74
2049.32
2075.28
2085.29
2085.97
1947.91
1715.05
1443.22
1345.78
1316.86
1304.66
1300.39
1298.82
1298.4
1296.3
1306.68
1324.92
1332.34
1349.76
1369.25
1376.04
1390.01
1420.1
1437.62
1448.65
1467.11
1496.97
1517.24
1532.37
1558.99
1586.54
1609.85
1634.29
1661.16
1687.28
1710.76
1736.94
1766.24
1799.69
1837.4
1870.66
1891.6
1901.6
1872.21
1808.93
1788.48
1773.84
1787.55
1784.34
1811.51
1836.2
1875.51
1896.02
1929.43
1956.91
2001.24
274
274
274
274
274
274
274
274
274
274
274
274
274
274
274
274
274
274
274
274
274
274
274
274
274
274
274
274
274
274
274
274
274
274
274
274
274
274
274
274
274
274
274
274
274
274.005
274.191
279.882
417.577
770.78
850.463
863.375
875.912
891.784
911.935
938.776
975.552
1027.05
1094.81
1182.42
1291.67
1419.77
1553.28
1673.76
1771.99
1851.77
1919.53
1972.82
2005.69
2023.19
2041.13
2066.41
2081.12
2082.98
1951.5
1731.27
1462.77
1360.38
1326.5
1308.77
1300.61
1297.57
1297.21
1297.49
1298.07
1320.13
1330
1343.82
1357.38
1360.96
1379.14
1414.08
1421.72
1429.94
1449.86
1482.06
1493.49
1505.91
1532.37
1556.2
1569.69
1592.43
1615.89
1634.36
1656.9
1682.42
1710.09
1734.12
1758.7
1778.12
1736.32
1703.46
1645.42
1651.69
1625.67
1641.51
1640.19
1671.54
1703.27
1753.17
1789.61
1829.78
1868.66
1893.73
1939.28
274
274
274
274
274
274
274
274
274
274
274
274
274
274
274
274
274
274
274
274
274
274
274
274
274
274
274
274
274
274
274
274
274
274
274
274
274
274
274
274
274
274
274
274
274
274.003
274.127
278.016
383.347
743.349
847.333
861.928
875.325
892.234
912.912
939.333
974.787
1024.65
1091.53
1177.75
1285.26
1410.76
1541.63
1661.53
1761.89
1845.11
1916.7
1975.06
2011.49
2027.89
2038.07
2053.38
2066.23
2068.15
1941.18
1704.74
1431.21
1328.06
1298.77
1287.45
1285.83
1287.11
1287.62
1283.69
1282.44
1305.59
1315.49
1330.74
1336.07
1346.34
1379.94
1400.43
1401.14
1411.9
1439.71
1462.75
1469.64
1482.57
1511.81
1522.7
1530.81
1548.83
1564.94
1580.39
1599.28
1620.71
1634.74
1639.81
1640.94
1600.88
1565.92
1528.08
1518.59
1507.05
1504.16
1514.27
1544.66
1576.72
1626.3
1662.01
1718.69
1751.58
1804.84
1828.82
1852.99
274
274
274
274
274
274
274
274
274
274
274
274
274
274
274
274
274
274
274
274
274
274
274
274
274
274
274
274
274
274
274
274
274
274
274
274
274
274
274
274
274
274
274
274
274
274.002
274.082
276.671
351.109
710.936
848.308
862.029
872.357
887.324
906.84
932.319
967.255
1017.03
1083.67
1170.31
1277.4
1400.46
1527.76
1645.58
1747.15
1833.62
1908.46
1972.26
2017.35
2040.02
2051.28
2064.05
2075.45
2075.81
1958
1719.74
1454.4
1353.27
1321.84
1307.75
1301.56
1296.85
1294.48
1292.81
1280.38
1299.59
1319.22
1321.04
1318.75
1334.41
1366.77
1370.04
1363.2
1379.76
1413.21
1420.36
1419.75
1428.47
1457.01
1462.15
1464.49
1476.94
1493.27
1509.36
1533
1542.25
1536.61
1522.02
1512.18
1453.98
1443.03
1415.03
1423.18
1409.93
1422.37
1444.3
1493.18
1529.18
1581.59
1617.89
1673.13
1717.35
1762.86
1813.16
1834.44
274
274
274
274
274
274
274
274
274
274
274
274
274
274
274
274
274
274
274
274
274
274
274
274
274
274
274
274
274
274
274
274
274
274
274
274
274
274
274
274
274
274
274
274
274
274.001
274.048
275.643
321.062
658.305
843.311
862.426
873.039
887.776
907.379
932.522
966.48
1014.01
1079.01
1164.3
1269.46
1389.18
1511.78
1625.57
1728.72
1819.37
1899.2
1968.62
2015.35
2036.76
2047.82
2062.86
2086.38
2094.96
2020.66
1808.08
1517.44
1363.24
1319.22
1295.88
1280.18
1273.23
1270.16
1265.01
1254.14
1270.71
1284.22
1288.46
1283.97
1302.4
1335.57
1340.16
1334.71
1353.7
1385.4
1386.15
1384.51
1400.27
1424.28
1413.93
1410.59
1436.11
1461.41
1461.7
1470.14
1467.1
1453.75
1435.36
1377.45
1366.15
1340.9
1343.76
1333.28
1336
1343.68
1375.41
1407.46
1458.78
1510.92
1575.37
1627.05
1688.58
1738.07
1796.37
1840.82
274
274
274
274
274
274
274
274
274
274
274
274
274
274
274
274
274
274
274
274
274
274
274
274
274
274
274
274
274
274
274
274
274
274
274
274
274
274
274
274
274
274
274
274
274
274.001
274.028
275.024
302.913
602.08
839.715
861.79
869.93
882.183
900.147
924.49
956.617
1002.24
1066.57
1151.04
1255.33
1372.86
1490.73
1600.88
1707.75
1805.1
1891.24
1964.74
2016.76
2042.11
2055.11
2071.72
2091.89
2097.38
2017.1
1760.28
1467.15
1313.33
1270.11
1251.79
1246.45
1245.71
1247.82
1249.98
1243.56
1254.19
1274.1
1279.85
1274.76
1289.55
1321.25
1327.43
1318.22
1327.84
1343.09
1335.35
1327.93
1340.67
1370.22
1364.82
1355.17
1382.29
1410.21
1402
1402.88
1400.74
1344.37
1291.02
1286.28
1258.48
1268.36
1250.14
1263.97
1258.35
1291.48
1308.08
1356.51
1390.67
1448.67
1501.22
1575.55
1647.81
1730.28
1792.99
1862.01
274
274
274
274
274
274
274
274
274
274
274
274
274
274
274
274
274
274
274
274
274
274
274
274
274
274
274
274
274
274
274
274
274
274
274
274
274
274
274
274
274
274
274
274
274
274
274.015
274.574
290.441
527.609
822.91
859.406
870.939
884.132
902.007
925.599
955.844
996.747
1056.91
1136.57
1233.48
1342.35
1454.08
1565.33
1683.49
1794.53
1890.35
1964.86
2013.94
2039.51
2054.28
2076.69
2106.67
2118.6
2062.03
1791.44
1466.56
1305.27
1264.65
1253.34
1249.89
1249.48
1245.46
1242.34
1225.03
1233.83
1250.48
1250.58
1240.38
1251.49
1274.74
1273.19
1254.6
1265.45
1290.11
1279.5
1260.85
1281.84
1327.57
1335.4
1328.84
1355.62
1364.65
1356.42
1353.91
1283.79
1240.49
1231.62
1207.74
1219.6
1200.45
1220.61
1203.8
1237.52
1251.96
1289.86
1320.56
1360.37
1403.46
1452.45
1513.9
1582.77
1677.16
1786.58
1903.93
274
274
274
274
274
274
274
274
274
274
274
274
274
274
274
274
274
274
274
274
274
274
274
274
274
274
274
274
274
274
274
274
274
274
274
274
274
274
274
274
274
274
274
274
274
274
274.008
274.32
283.588
466.547
800.181
856.163
868.919
880.898
897.507
920.537
951.128
989.561
1044.81
1119.52
1210.42
1313.18
1421.82
1534.58
1661.77
1787.52
1895.48
1970.47
2010.15
2029.8
2048.12
2070.59
2095.74
2103.08
2067.35
1805.74
1523.67
1323.64
1269.49
1242.96
1225.66
1220.42
1223.85
1220.25
1203.84
1212.79
1219.26
1218.67
1204.64
1213.74
1234.99
1232.55
1219.72
1226.47
1262.73
1264.55
1241.2
1264.09
1321.02
1332.73
1319.72
1320.4
1306.67
1304.25
1232.07
1182.12
1187.78
1140.05
1165.52
1135.68
1157.24
1149.04
1169.07
1185.71
1206.53
1228.56
1238.89
1260.19
1281.91
1321.63
1387.88
1496.82
1646.87
1800.81
2020.01
274
274
274
274
274
274
274
274
274
274
274
274
274
274
274
274
274
274
274
274
274
274
274
274
274
274
274
274
274
274
274
274
274
274
274
274
274
274
274
274
274
274
274
274
274
274
274.004
274.164
279.183
406.626
762.614
850.92
867.137
880.94
897.069
917.155
944.061
978.908
1026.96
1095.81
1182.55
1283.87
1394.4
1512.87
1646.83
1783.65
1902.21
1969.84
1999.7
2016.08
2043.67
2072.66
2100.02
2109.79
2099.63
1812.17
1547.06
1304.45
1236.8
1209.93
1197.86
1191.9
1189.06
1179.25
1160.62
1172.3
1180.38
1175.68
1157.14
1170.14
1203.17
1209.98
1190.1
1197.88
1242.06
1255.82
1237.97
1253.15
1298.08
1287.27
1260.01
1254.38
1257.88
1232.29
1142.01
1165.95
1100.89
1096.39
1107.9
1099.31
1125.34
1125.93
1142.52
1147.09
1153.11
1154.1
1159.36
1199.88
1241.02
1334.05
1450.49
1601.09
1720.5
1854.46
2005.25
274
274
274
274
274
274
274
274
274
274
274
274
274
274
274
274
274
274
274
274
274
274
274
274
274
274
274
274
274
274
274
274
274
274
274
274
274
274
274
274
274
274
274
274
274
274
274.002
274.095
277.107
363.591
725.184
847.287
862.564
875.661
893.238
914.265
940.445
973.494
1015.88
1076.38
1157.1
1257.39
1371.15
1496.62
1636.77
1782.73
1907.09
1966.02
1989.84
2008.35
2040.98
2071.43
2089.95
2100.33
2118.96
1838.28
1609.73
1307.74
1229.67
1199.97
1184.49
1177.27
1173.56
1160.42
1142.84
1159.22
1165.1
1159.57
1139.05
1152.12
1176.95
1179.19
1168.33
1181.42
1224.47
1238.91
1224.31
1230.99
1256.68
1239.03
1219.07
1223.1
1224.09
1171.06
1133.15
1114.31
1059.42
1079.42
1073.24
1083.11
1092.62
1088.48
1089.35
1089.33
1091.43
1101.01
1130.16
1177.78
1232.68
1328.31
1437.13
1554.11
1607.66
1717.29
1963.62
274
274
274
274
274
274
274
274
274
274
274
274
274
274
274
274
274
274
274
274
274
274
274
274
274
274
274
274
274
274
274
274
274
274
274
274
274
274
274
274
274
274
274
274
274
274
274.001
274.036
275.308
312.085
637.754
842.256
861.883
871.25
884.721
903.533
928.735
961.115
1000.66
1052.82
1122.46
1215.06
1327.16
1457.47
1605.79
1767.47
1900.98
1955.9
1975.95
1994.79
2025.18
2068.12
2093.89
2098.52
2109.9
1904.37
1614.07
1275.93
1194.97
1159.83
1143.84
1135.2
1122.7
1107.35
1092.75
1112.2
1121.41
1107.21
1085.06
1106.69
1139.58
1150.16
1128.47
1125.77
1171.35
1199.19
1162.96
1153.31
1175
1171.2
1167.3
1157.12
1121.36
1056.87
1033.67
999.838
1000.44
996.854
995.203
998.095
1002.58
1005.25
1010.78
1012.46
1018.83
1039.23
1063.43
1105.37
1137.96
1190.31
1234.83
1326.7
1494.62
1660
1737.08
274
274
274
274
274
274
274
274
274
274
274
274
274
274
274
274
274
274
274
274
274
274
274
274
274
274
274
274
274
274
274
274
274
274
274
274
274
274
274
274
274
274
274
274
274
274
274
274.009
274.395
285.923
492.575
814.249
859.734
870.01
880.109
894.682
915.411
943.485
978.563
1023.06
1083.34
1164.22
1265.71
1390.48
1540.8
1715.38
1877.83
1949.72
1974.23
1991.09
2019.97
2066.83
2101
2106.76
2118.13
2072.38
1761.16
1366.98
1206.98
1137.77
1109.92
1099.38
1099.07
1099.99
1094.94
1096.88
1096.31
1086.68
1084.8
1097.51
1111.4
1111.47
1100.05
1094.9
1122.08
1144.61
1125.17
1110.47
1134
1137.16
1105.18
1071.72
1006.84
969.155
961.569
946.581
944.401
941.673
942.964
945.476
949.302
953.17
964.459
974.037
999.755
1017.47
1054.55
1086.48
1149.25
1256.57
1438.87
1548.38
1557.18
1402.72
1358.37
274
274
274
274
274
274
274
274
274
274
274
274
274
274
274
274
274
274
274
274
274
274
274
274
274
274
274
274
274
274
274
274
274
274
274
274
274
274
274
274
274
274
274
274
274
274
274
274.002
274.096
277.252
369.301
732.447
851.97
868.328
878.48
889.72
905.183
927.59
958.478
998.441
1053.95
1129.32
1225.94
1345.22
1484.6
1642.58
1806.33
1927.43
1970.86
1986.47
2010.94
2041.57
2075.48
2089.56
2098.41
2073.27
1788.59
1413.92
1243.09
1170.25
1140.71
1119.16
1103.64
1080.32
1067.01
1076.34
1078.39
1082.5
1073.71
1049.51
1077.32
1094.15
1085.03
1070.13
1082.92
1112.74
1106.4
1110.28
1112.81
1071.42
982.576
996.173
947.581
931.781
916.708
912.909
914.081
922.948
927.492
934.378
938.397
948.566
956.298
972.307
995.647
1023.58
1086.18
1191.34
1392.03
1495.61
1517.81
1458.7
1428.91
1410.03
969.673
274
274
274
274
274
274
274
274
274
274
274
274
274
274
274
274
274
274
274
274
274
274
274
274
274
274
274
274
274
274
274
274
274
274
274
274
274
274
274
274
274
274
274
274
274
274
274
274.001
274.021
274.84
299.01
588.171
834.316
864.447
876.76
887.129
899.05
915.856
940.646
973.954
1020.06
1087.52
1177.79
1292.04
1423.34
1566.91
1718.67
1861.6
1951.5
1981.69
2002.4
2024.55
2042.85
2049.24
2045.22
2066.98
1774.09
1506.62
1162.81
1082.39
1044.4
1031.85
1031.71
1044.86
1044.13
1040.69
1023.84
998.252
1016.34
1044.45
1054.31
1055.86
1052.51
1047.05
1061.39
1078.64
1080.38
1038.66
1049.94
951.189
941.259
907.976
886.188
875.166
874.196
889.623
896.289
904.904
917.614
928.84
932.805
934.239
934.041
961.696
1013.3
1135.82
1331.3
1451.53
1480.7
1481.02
1491.31
1431.38
1433.43
1155.81
1029.36
274
274
274
274
274
274
274
274
274
274
274
274
274
274
274
274
274
274
274
274
274
274
274
274
274
274
274
274
274
274
274
274
274
274
274
274
274
274
274
274
274
274
274
274
274
274
274
274
274.004
274.188
280.16
426.724
776.977
854.369
871.053
883.998
895.622
909.708
929.265
956.277
991.958
1044.25
1120.15
1222.63
1346.8
1485.1
1637.6
1790.27
1918.21
1976.01
1994.27
2015.49
2035.97
2033.7
2034.04
2053.49
2029.73
1801.33
1357.05
1167.18
1098.11
1066.63
1036.19
1026.45
1020.31
1006.7
1029.65
1048.44
1048.24
1036.17
1043.56
1060.01
1055.69
1050.2
1058.61
1061.9
1027.35
990.516
913.359
890.062
880.236
858.947
855.934
863.311
871.861
877.474
883.687
884.946
883.716
875.56
874.941
892.98
963.145
1090.35
1286.79
1412.57
1453.02
1457.51
1483.25
1474.83
1439.18
1436.05
1369.37
1221.66
1055.06
274
274
274
274
274
274
274
274
274
274
274
274
274
274
274
274
274
274
274
274
274
274
274
274
274
274
274
274
274
274
274
274
274
274
274
274
274
274
274
274
274
274
274
274
274
274
274
274
274.001
274.032
275.237
311.877
639.716
836.101
861.408
877.317
891.837
905.662
922.047
944.277
974.168
1013.42
1070.43
1151.49
1259.36
1392.48
1548.36
1721.93
1884.86
1963.55
1989.26
2007.26
2017.26
2005.06
2017.97
2054.79
2079.95
1928.25
1616.8
1198.68
1111.48
1073.63
1066.93
1066.05
1056.84
1039.06
1034.55
1006.13
990.322
1025.46
1019.38
1020.32
1022.42
1024.68
1024.78
979.598
900.363
894.993
840.64
833.756
820.959
823.423
836.026
839.429
846.515
846.665
846.226
843.943
864.335
893.828
959.099
1093.41
1274.77
1375.58
1422.52
1441.74
1467.73
1468.93
1463.07
1445.44
1463.14
1466.16
1384.6
1250.28
1009.03
274
274
274
274
274
274
274
274
274
274
274
274
274
274
274
274
274
274
274
274
274
274
274
274
274
274
274
274
274
274
274
274
274
274
274
274
274
274
274
274
274
274
274
274
274
274
274
274
274
274.005
274.216
281.11
442.593
785.41
848.744
865.453
883.277
900.3
916.619
935.274
960.599
993.831
1039.46
1104.3
1195.8
1319.69
1477.06
1665.1
1854.73
1942.94
1968.86
1980.33
1981.44
1968.75
1983.18
2017.91
2033.17
1978.47
1667.35
1208.96
1047.54
996.174
981.373
958.737
965.137
992.12
1008.05
1010.65
1007.51
1012.06
1007.94
1007.33
1016.76
1010.94
972.694
897.366
877.522
871.578
866.328
873.297
875.361
871.861
865.547
864.599
869.13
875.884
891.792
935.85
1007.61
1110.81
1244.58
1333.59
1380.83
1422.62
1442.22
1456.71
1462.41
1458.12
1452.59
1454.21
1490.59
1441.1
1312.3
1102.96
880.571
274
274
274
274
274
274
274
274
274
274
274
274
274
274
274
274
274
274
274
274
274
274
274
274
274
274
274
274
274
274
274
274
274
274
274
274
274
274
274
274
274
274
274
274
274
274
274
274
274
274.001
274.029
275.156
310.21
638.641
836.441
856.384
870.273
888.376
908.162
927.417
949.181
977.199
1015.31
1068.11
1143.66
1252.54
1402.77
1599.2
1818.94
1922.28
1944.04
1951.36
1949.95
1943.44
1952.18
1983.5
2018.94
2037.34
1797.15
1485.08
1165.82
1099.95
1084.31
1031.81
1051.56
1060.03
1005.15
1017.54
1033.82
1052.78
1061.86
1031.95
1005.84
977.418
918.351
891.327
859.802
858.257
850.557
829.247
824.209
818.146
817.223
833.268
854.116
894.467
951.471
1050.37
1176.5
1296.98
1361.58
1392.24
1409.83
1444.05
1456.29
1464.27
1466.25
1474.64
1490.63
1504.21
1472.3
1365.6
1186.48
953.269
771.854
274
274
274
274
274
274
274
274
274
274
274
274
274
274
274
274
274
274
274
274
274
274
274
274
274
274
274
274
274
274
274
274
274
274
274
274
274
274
274
274
274
274
274
274
274
274
274
274
274
274
274.004
274.169
279.777
425.367
781.681
850.606
861.774
875.143
893.051
914.716
937.828
964.468
997.054
1039.86
1100.69
1191.96
1326.96
1518.02
1759.76
1898.04
1926.94
1929.9
1939.61
1939.59
1948.09
1968.52
2002.27
2045.3
2047.56
1817.48
1504.62
1289
1200.23
1178.66
1132.93
1137.85
1122.23
1117.44
1120.58
1065.32
1038.64
1010.35
971.484
933.976
926.041
881.467
855.65
844.732
825.084
825.655
833.584
855.685
895.246
960.895
1049.43
1187.19
1329.07
1419.44
1454.42
1456.24
1426.08
1431.93
1472.02
1496.04
1501.76
1507.61
1518.68
1554.13
1530.59
1468.64
1332.43
1185.9
974.267
788.192
652.039
274
274
274
274
274
274
274
274
274
274
274
274
274
274
274
274
274
274
274
274
274
274
274
274
274
274
274
274
274
274
274
274
274
274
274
274
274
274
274
274
274
274
274
274
274
274
274
274
274
274
274.001
274.019
274.806
299.574
600.035
837.924
858.182
867.985
881.673
900.079
921.946
948.25
979.787
1018.03
1068.96
1143.14
1257.2
1428.63
1668.29
1868.18
1917.93
1925.93
1933.39
1949.44
1960.82
1967.28
1993.26
2021.8
2022.93
1703.49
1504.48
1347.56
1257.89
1259.07
1300.2
1308.55
1303.81
1235.69
1200.46
1192.43
1184.84
1143.86
1152.65
1094.56
1067.2
1014.88
1011.61
1008.26
1011.49
1058.47
1102.07
1165.19
1252.22
1341.92
1397.65
1420.99
1453.66
1461.41
1444.11
1441.26
1498.27
1556.55
1579.83
1584.22
1583.21
1585.85
1561
1504.23
1425.13
1287.8
1123.09
959.773
805.423
672.552
573.212
274
274
274
274
274
274
274
274
274
274
274
274
274
274
274
274
274
274
274
274
274
274
274
274
274
274
274
274
274
274
274
274
274
274
274
274
274
274
274
274
274
274
274
274
274
274
274
274
274
274
274
274.002
274.092
277.406
380.326
751.442
853.079
864.072
874.244
887.884
906.018
928.576
957.586
993.527
1041.19
1105.12
1197.56
1340.05
1550.96
1798.37
1892.03
1908.41
1921.45
1941.33
1963.83
1977.13
1987.11
2001.94
1997.97
1738.14
1561.82
1508
1409.67
1399.52
1446.31
1418.26
1421.6
1443.82
1425.75
1353.66
1246.52
1227.85
1219.67
1183.66
1147.76
1159.12
1163.3
1162.83
1184
1251.64
1284.88
1346.73
1423.39
1464.74
1482.38
1484.94
1500.23
1528.32
1550.96
1602.46
1642.48
1651.91
1645.55
1630.15
1601.71
1530.4
1462.88
1329.79
1198.69
1046.12
912.88
779.199
682.35
597.357
519.787
274
274
274
274
274
274
274
274
274
274
274
274
274
274
274
274
274
274
274
274
274
274
274
274
274
274
274
274
274
274
274
274
274
274
274
274
274
274
274
274
274
274
274
274
274
274
274
274
274
274
274
274
274.008
274.392
287.096
517.611
828.231
860.774
870.092
880.377
894.149
911.264
934.636
967.187
1010.23
1067.47
1146.5
1261.57
1433.68
1675.99
1841.42
1876.39
1886.27
1911.96
1947.96
1965.41
1971.49
1969.89
1949.98
1762.08
1625.86
1569.95
1573.83
1598.71
1618.48
1629.14
1668.95
1765.41
1865.6
1834.68
1743.29
1713.14
1720.92
1675.44
1619.07
1647.63
1650.16
1621.84
1619.65
1630.55
1631.72
1638.05
1649.04
1654.46
1669.77
1684.79
1677.34
1662.85
1659.82
1661.14
1641.3
1631.14
1594.87
1538.29
1463.08
1346.92
1252.12
1118.4
995.875
874.989
766.78
681.883
599.345
526.941
470.041
274
274
274
274
274
274
274
274
274
274
274
274
274
274
274
274
274
274
274
274
274
274
274
274
274
274
274
274
274
274
274
274
274
274
274
274
274
274
274
274
274
274
274
274
274
274
274
274
274
274
274
274
274.001
274.032
275.348
319.766
672.458
850.159
866.128
875.939
887.012
899.675
916.267
941.289
977.507
1026.02
1093.89
1188.47
1323.61
1524.07
1756.29
1840.61
1847.9
1848.88
1881.63
1913.9
1917.15
1905.3
1927.76
1883.41
1923.45
1802.92
1775.03
1785.6
1783.45
1793.86
1846.61
1912.17
1982.27
2025.15
1939.71
1904.08
1901.4
1905.98
1928.03
1943.25
1947.4
1948.05
1952.33
1952.7
1937.43
1910.62
1884.36
1852.54
1833.48
1814.93
1790.86
1742.41
1690.1
1657.37
1612.57
1541.71
1463.84
1375.35
1294.79
1200.59
1109.29
998.534
901.673
799.725
703.168
617.177
540.647
478.713
430.356
274
274
274
274
274
274
274
274
274
274
274
274
274
274
274
274
274
274
274
274
274
274
274
274
274
274
274
274
274
274
274
274
274
274
274
274
274
274
274
274
274
274
274
274
274
274
274
274
274
274
274
274
274
274.002
274.115
278.314
403.773
775.236
859.306
871.423
881.635
891.504
902.6
919.273
946.314
985.111
1038.58
1115.91
1223.3
1376.61
1594.26
1784.78
1834.8
1837.12
1828.86
1823.46
1816.22
1841.47
1877.94
1980.2
2052.55
2040.04
1994.5
1957.71
1963.1
1948.44
1951.81
1976.8
2017.45
2030.82
2029.75
2012.26
2010.79
2014.52
2023.1
2037.13
2042.1
2039.93
2035.16
2023.87
2005.23
1972.6
1937.2
1893.43
1852.49
1809.73
1758.65
1697.15
1633.72
1560.31
1484.05
1407.81
1336.3
1264.94
1201.88
1114.27
1030.99
922.863
816.937
714.992
626.46
552.874
490.195
439.75
398.873
274
274
274
274
274
274
274
274
274
274
274
274
274
274
274
274
274
274
274
274
274
274
274
274
274
274
274
274
274
274
274
274
274
274
274
274
274
274
274
274
274
274
274
274
274
274
274
274
274
274
274
274
274
274
274.007
274.343
286.001
510.79
829.288
865.025
875.742
885.073
893.669
904.151
921.275
948.238
988.08
1045.14
1127.76
1244.87
1410.49
1631.6
1799.29
1845.48
1860.41
1863.33
1861.34
1874.09
1884.82
1938.54
2048.58
2088.36
2082.1
2077.61
2073.39
2071.81
2043.94
2035.08
2028.54
2026.27
2022.81
2007.23
2000.63
1999.9
1997.31
1995.53
1986.37
1979.51
1966.06
1947.4
1927.24
1893.57
1855.1
1804.67
1744.14
1668.23
1591.4
1516.34
1444.89
1390.26
1346.82
1296.06
1242.52
1184.62
1127.9
1044.24
943.833
824.41
721.455
632.943
560.189
502.07
455.094
416.112
383.341
274
274
274
274
274
274
274
274
274
274
274
274
274
274
274
274
274
274
274
274
274
274
274
274
274
274
274
274
274
274
274
274
274
274
274
274
274
274
274
274
274
274
274
274
274
274
274
274
274
274
274
274
274
274
274.001
274.019
274.839
302.92
622.87
847.271
867.864
877.734
886.189
894.101
904.316
920.373
945.847
985.532
1043.08
1125.64
1244.21
1412.48
1639.36
1814.51
1859.64
1869.66
1866.1
1860.84
1861.24
1862.1
1925.64
2030.69
2062.28
2065.05
2064.06
2065.61
2035.84
2020.25
1996.41
1970.9
1935.71
1902.41
1882.09
1861.95
1838.91
1813.42
1788.39
1767.06
1746.02
1715.48
1689.04
1656.14
1616.08
1568.82
1515.45
1459.63
1412.34
1376.82
1344.67
1319.08
1300.14
1262.71
1204.94
1138.48
1063.51
958.212
850.95
742.173
654.91
581.924
521.138
473.347
434.057
400.315
373.468
274
274
274
274
274
274
274
274
274
274
274
274
274
274
274
274
274
274
274
274
274
274
274
274
274
274
274
274
274
274
274
274
274
274
274
274
274
274
274
274
274
274
274
274
274
274
274
274
274
274
274
274
274
274
274
274.001
274.045
275.796
336.345
706.624
853.271
868.305
877.348
885.12
892.378
901.983
916.074
940.001
977.081
1030.78
1108.28
1219.2
1379.72
1609.22
1807.9
1866.23
1863.95
1844.24
1824.48
1804.7
1813.13
1869.98
1915.25
1919.57
1918.83
1906.5
1886.91
1862.65
1830.2
1795.02
1759.04
1737.61
1711.14
1687.88
1663.39
1640.07
1617.86
1593.18
1569.52
1540.95
1511.65
1481.99
1453.28
1422.92
1394.35
1364.63
1338.93
1323.38
1307.41
1284.3
1254.25
1201.79
1133.51
1051.9
960.441
853.53
754.335
661.635
590.674
531.857
483.439
445.477
413.285
386.176
365.301
274
274
274
274
274
274
274
274
274
274
274
274
274
274
274
274
274
274
274
274
274
274
274
274
274
274
274
274
274
274
274
274
274
274
274
274
274
274
274
274
274
274
274
274
274
274
274
274
274
274
274
274
274
274
274
274
274.002
274.09
277.383
381.749
757.062
854.645
866.595
874.737
881.819
888.937
897.13
909.557
930.793
963.118
1010.1
1077.43
1174.61
1317.18
1522.5
1733.89
1820.63
1823.87
1803.57
1782.24
1775.06
1784.4
1788.27
1767.03
1762.53
1760.66
1756.59
1744
1730.23
1709.43
1677.8
1644.22
1609.09
1584.24
1564.38
1544.19
1525.7
1504.99
1484.56
1460.8
1436.02
1413.48
1392.29
1371.33
1351.32
1330.59
1312.44
1294.73
1265.27
1221.71
1167.51
1094.69
1011.14
923.1
832.573
739.103
659.447
588.689
534.699
489.919
452.702
422.444
396.988
376.259
359.919
274
274
274
274
274
274
274
274
274
274
274
274
274
274
274
274
274
274
274
274
274
274
274
274
274
274
274
274
274
274
274
274
274
274
274
274
274
274
274
274
274
274
274
274
274
274
274
274
274
274
274
274
274
274
274
274
274
274.003
274.15
279.411
421.89
781.8
852.458
862.675
870.263
877.286
884.209
890.478
900.958
918.322
944.937
983.278
1038.53
1119.15
1227.75
1371.98
1541.69
1664.08
1719.58
1736.85
1739.38
1733.42
1726.32
1703.91
1683.98
1672.91
1663.18
1645.17
1620.23
1594.82
1567.98
1546.45
1519.79
1498.91
1478.18
1456.96
1437.41
1419.89
1403.63
1387.8
1371.78
1355.03
1338.29
1320.65
1301.21
1279.72
1254.71
1217.54
1163.92
1102.9
1031.6
949.816
868.371
789.97
714.562
641.678
582.344
530.525
490.991
457.995
429.362
405.723
386.28
370.053
356.714
274
274
274
274
274
274
274
274
274
274
274
274
274
274
274
274
274
274
274
274
274
274
274
274
274
274
274
274
274
274
274
274
274
274
274
274
274
274
274
274
274
274
274
274
274
274
274
274
274
274
274
274
274
274
274
274
274
274
274.005
274.21
281.201
445.034
789.055
847.853
857.006
864.118
870.885
877.126
881.985
889.9
902.932
923.501
953.781
997.521
1052.03
1127.52
1219.53
1308.78
1409.47
1485.73
1533.7
1549.61
1551.13
1542.17
1522.75
1501.23
1480.48
1459.81
1440.73
1419.98
1397.99
1379.94
1359.97
1342.24
1328.34
1311.76
1296.61
1284.33
1272.68
1261.24
1249.6
1237.84
1225.71
1210.44
1188.99
1160.75
1121.49
1071.08
1010.33
945.081
875.703
804.385
738.444
677.612
621.282
568.44
526.108
488.723
459.538
434.662
412.545
394.358
379.559
367.043
355.957
274
274
274
274
274
274
274
274
274
274
274
274
274
274
274
274
274
274
274
274
274
274
274
274
274
274
274
274
274
274
274
274
274
274
274
274
274
274
274
274
274
274
274
274
274
274
274
274
274
274
274
274
274
274
274
274
274
274
274
274.007
274.247
281.952
447.787
783.556
841.824
849.739
856.183
863.423
868.527
870.928
875.847
885.811
901.238
922.449
949.889
989.148
1034.31
1080.93
1129.18
1173.68
1208.42
1233.62
1251.81
1261.29
1257.32
1248.6
1239.02
1228.76
1217.64
1203.89
1188.69
1175.14
1163.07
1152.8
1144.39
1133.95
1124.63
1116.27
1107.12
1098.34
1089.4
1079.32
1067.07
1049.91
1026.18
994.914
953.879
905.269
851.763
797.262
741.95
688.882
641.215
597.078
556.211
517.848
487.486
460.168
438.033
418.999
402.242
388.453
376.733
366.214
357.45
274
274
274
274
274
274
274
274
274
274
274
274
274
274
274
274
274
274
274
274
274
274
274
274
274
274
274
274
274
274
274
274
274
274
274
274
274
274
274
274
274
274
274
274
274
274
274
274
274
274
274
274
274
274
274
274
274
274
274
274
274.008
274.247
281.281
429.911
764.204
833.988
841.188
847.06
854.271
857.676
859.746
862.333
867.728
876.32
889.979
907.513
930.077
952.858
973.561
995.349
1018.06
1037.55
1050.7
1054.74
1052.49
1046.87
1040.23
1033.12
1024.45
1014.3
1004.48
997.218
990.464
982.938
976.887
969.944
963.386
956.556
948.564
941.035
932.67
922.576
909.529
891.941
869.148
840.462
805.823
767.878
727.661
687.717
647.896
609.955
575.423
543.201
513.698
485.62
462.969
442.213
424.852
410.196
397.132
385.956
376.087
367.478
361.482
274
274
274
274
274
274
274
274
274
274
274
274
274
274
274
274
274
274
274
274
274
274
274
274
274
274
274
274
274
274
274
274
274
274
274
274
274
274
274
274
274
274
274
274
274
274
274
274
274
274
274
274
274
274
274
274
274
274
274
274
274
274.009
274.211
279.538
393.536
725.5
824.297
832.113
836.214
842.153
845.894
847.44
848.414
850.15
855.371
859.976
869.236
878.697
887.293
898
907.751
915.306
918.875
919.795
918.61
914.977
909.134
902.518
893.86
886.731
878.359
873.152
865.788
857.917
851.201
844.447
838.029
830.89
822.647
814.781
806.173
796.284
784.164
768.78
749.835
726.871
701.084
673.256
644.116
615.63
587.297
559.505
533.829
509.682
487.793
466.312
448.449
432.114
418.176
406.277
395.373
385.634
377.241
371.384
367.025
274
274
274
274
274
274
274
274
274
274
274
274
274
274
274
274
274
274
274
274
274
274
274
274
274
274
274
274
274
274
274
274
274
274
274
274
274
274
274
274
274
274
274
274
274
274
274
274
274
274
274
274
274
274
274
274
274
274
274
274
274
274
274.008
274.157
277.529
347.359
658.438
810.46
821.457
824.042
828.471
831.729
833.049
833.106
833.618
832.976
833.171
833.893
837.918
840.235
841.995
842.23
843.304
842.505
839.676
834.855
828.525
822.069
813.865
806.025
798.641
791.78
782.012
773.017
764.708
757.349
750.425
743.201
735.279
727.332
718.665
709.283
698.534
685.99
671.08
653.858
634.685
614.132
592.761
571.712
550.336
528.718
508.78
489.967
472.771
455.508
440.774
427.473
415.709
405.202
395.572
387.252
381.273
376.786
373.376
274
274
274
274
274
274
274
274
274
274
274
274
274
274
274
274
274
274
274
274
274
274
274
274
274
274
274
274
274
274
274
274
274
274
274
274
274
274
274
274
274
274
274
274
274
274
274
274
274
274
274
274
274
274
274
274
274
274
274
274
274
274
274
274.006
274.103
275.937
309.097
555.819
781.904
809.747
811.889
814.219
816.253
817.097
816.961
815.694
812.549
809.118
807.061
804.257
802.795
801.84
799.069
796.18
792.51
788.265
779.881
772.732
765.135
756.406
748.942
740.07
729.373
719.487
710.091
702.032
694.495
687.285
680.027
672.477
664.48
655.66
645.874
635.528
623.597
609.836
594.704
578.785
562.171
545.362
528.258
510.758
494.571
479.035
464.34
449.795
437.243
425.865
415.293
405.757
397.886
391.87
386.953
383.237
379.872
274
274
274
274
274
274
274
274
274
274
274
274
274
274
274
274
274
274
274
274
274
274
274
274
274
274
274
274
274
274
274
274
274
274
274
274
274
274
274
274
274
274
274
274
274
274
274
274
274
274
274
274
274
274
274
274
274
274
274
274
274
274
274
274
274.004
274.061
274.95
288.907
439.307
714.36
795.97
800.27
799.914
800.638
800.57
799.68
797.84
796.046
789.017
784.103
781.335
776.822
771.388
767.278
762.268
755.031
746.907
739.512
732.618
724.843
717.367
709.783
701.182
692.815
684.525
676.821
669.54
662.509
655.727
648.603
641.188
632.938
623.575
613.736
602.516
589.934
576.289
561.797
546.537
531.051
515.671
499.896
485.265
470.902
458.164
446.396
435.681
425.517
416.191
408.777
402.969
397.748
393.316
389.601
387.495
274
274
274
274
274
274
274
274
274
274
274
274
274
274
274
274
274
274
274
274
274
274
274
274
274
274
274
274
274
274
274
274
274
274
274
274
274
274
274
274
274
274
274
274
274
274
274
274
274
274
274
274
274
274
274
274
274
274
274
274
274
274
274
274
274
274.002
274.032
274.424
279.542
344.456
590.6
764.307
786.061
785.806
784.887
783.331
781.415
780.459
778.552
773.666
770.579
766.558
762.615
758.227
755.353
752.143
747.686
742.818
737.42
731.498
725.228
718.73
711.283
704.221
697.03
689.941
683.039
676.194
669.447
662.178
654.298
645.307
634.939
624.042
611.804
598.206
583.704
568.533
552.907
537.138
521.655
505.876
491.085
476.917
464.367
452.193
440.932
430.577
421.723
413.955
408.031
404.95
401.984
398.671
395.329
274
274
274
274
274
274
274
274
274
274
274
274
274
274
274
274
274
274
274
274
274
274
274
274
274
274
274
274
274
274
274
274
274
274
274
274
274
274
274
274
274
274
274
274
274
274
274
274
274
274
274
274
274
274
274
274
274
274
274
274
274
274
274
274
274
274
274.001
274.016
274.172
275.86
294.052
432.042
667.58
762.079
769.573
767.816
765.502
766.579
769.926
773.862
775.72
776.695
777.357
775.988
775.163
774.097
772.344
771.349
769.439
767.462
764.595
761.771
758.321
754.983
750.854
745.624
739.722
733.116
725.825
717.515
707.817
696.57
683.83
670.21
655.45
639.458
622.639
605.173
587.431
569.528
552.016
534.378
517.733
501.738
486.562
472.18
459.176
447.907
437.736
428.716
421.108
414.666
408.948
403.787
397.779
274.001
274.001
274.001
274.001
274.001
274.001
274.001
274.001
274.001
274.001
274.001
274.001
274.001
274.001
274.001
274.001
274.001
274.001
274.001
274.001
274.001
274.001
274.001
274.001
274.001
274.001
274.001
274.001
274.001
274.001
274.001
274.001
274.001
274.001
274.001
274.001
274.001
274.001
274.001
274.001
274.001
274.001
274.001
274.001
274.001
274.001
274.001
274.001
274.001
274.001
274.001
274.001
274.001
274.001
274.001
274.001
274.001
274.001
274.001
274.001
274.001
274.001
274.001
274.001
274.001
274.001
274.001
274.001
274.007
274.064
274.601
279.38
320.59
497.149
679.644
741.615
753.365
763.166
780.763
801.093
817.333
833.237
850.72
864.278
876.763
888.175
898.346
907.922
913.094
914.279
913.672
910.865
906.22
900.8
893.401
883.759
872.267
859.223
844.749
829.575
813.496
796.914
780.156
762.766
745.157
727.365
709.09
690.265
671.056
651.356
631.957
612.062
592.563
573.135
554.25
535.723
517.743
500.502
484.371
469.288
454.318
439.323
425.125
411.458
400.398
274.002
274.002
274.002
274.002
274.002
274.002
274.002
274.002
274.002
274.002
274.002
274.002
274.002
274.002
274.002
274.002
274.002
274.002
274.002
274.002
274.002
274.002
274.002
274.002
274.002
274.002
274.002
274.002
274.002
274.002
274.002
274.002
274.002
274.002
274.002
274.002
274.002
274.002
274.002
274.002
274.002
274.002
274.002
274.002
274.002
274.002
274.002
274.002
274.002
274.002
274.002
274.002
274.002
274.002
274.002
274.002
274.002
274.002
274.002
274.002
274.002
274.002
274.002
274.002
274.002
274.002
274.002
274.002
274.002
274.005
274.025
274.186
275.377
284.059
340.616
500.796
660.088
759.891
822.673
868.563
906.293
938.229
964.642
985.523
999.987
1009.36
1016.25
1014.94
1010.73
1004.55
996.781
987.869
977.431
965.413
952.286
938.368
924.011
909.359
894.492
879.481
864.134
848.639
833.738
818.828
803.886
789.157
774.414
759.454
744.377
728.953
713.46
697.62
681.472
664.859
647.743
630.123
611.677
592.209
571.454
548.907
523.789
496.332
466.587
434.703
398.82
)
;

boundaryField
{
    wall
    {
        type            zeroGradient;
    }
    inlet
    {
        type            fixedValue;
        value           uniform 3673;
    }
    outlet-1
    {
        type            inletOutlet;
        inletValue      uniform 274;
        value           nonuniform List<scalar> 
60
(
275.477
277.381
278.883
281.109
283.276
285.147
286.891
288.341
289.26
289.494
288.053
283.501
279.801
277.019
274
274
274
274
274
274
274
274
274
274
274
274
274
274
274
274
274
274
274
274
274
274
274
274
274
274
274
274
274
274
274
274
276.982
279.74
283.378
287.929
289.399
289.181
288.274
286.833
285.094
283.228
281.071
278.864
277.368
275.472
)
;
    }
    outlet-2
    {
        type            inletOutlet;
        inletValue      uniform 274;
        value           nonuniform List<scalar> 
89
(
274.002
274.001
274
274
274
274
274
274
274
274
274
274
274
274
274
274
274
274
274
274
274
274
274
274
274
274
274
274
274
274
274
274
274
274
274
274
274
274
274
274
274
274
274
274
274
274
274
274
274
274
274
274
274
274
274
274
274
274
274
274
274
274
274
274
274
274
274
274
274
274
274
274
274
274
274
274
274
274
274
274
274
274
274
274
274
274
274
274.001
274.002
)
;
    }
    frontAndBackPlanes
    {
        type            empty;
    }
}


// ************************************************************************* //
