/*--------------------------------*- C++ -*----------------------------------*\
| =========                 |                                                 |
| \\      /  F ield         | OpenFOAM: The Open Source CFD Toolbox           |
|  \\    /   O peration     | Version:  2112                                  |
|   \\  /    A nd           | Website:  www.openfoam.com                      |
|    \\/     M anipulation  |                                                 |
\*---------------------------------------------------------------------------*/
FoamFile
{
    version     2.0;
    format      ascii;
    arch        "LSB;label=32;scalar=64";
    class       volScalarField;
    location    "0.00197";
    object      T;
}
// * * * * * * * * * * * * * * * * * * * * * * * * * * * * * * * * * * * * * //

dimensions      [0 0 0 1 0 0 0];

internalField   nonuniform List<scalar> 
13875
(
1411.78
1535
1482.69
1486.75
1481.08
1483.45
1483.52
1483.13
1483.84
1483.24
1484.45
1483.67
1483.66
1483.78
1482.94
1483.08
1483.67
1482.47
1483.36
1483.49
1480.88
1487.55
1480.74
1533.32
1397.79
1306.98
1356.05
1319.14
1322.06
1316.63
1317.09
1317.04
1317.86
1322.57
1322.48
1323.02
1317.96
1317.45
1317.63
1317.51
1321.42
1322.13
1317.65
1317.03
1317.12
1316.22
1321.99
1319.68
1356.27
1302.1
1307.09
1339.67
1314.65
1311.1
1303.94
1304.26
1303.69
1303.77
1305.1
1303.44
1305.83
1303.85
1303.69
1303.53
1303.43
1303.06
1304.8
1303.21
1303.44
1304.12
1303.51
1310.86
1311.61
1336.02
1297.06
1317.22
1344.99
1315.11
1308.73
1305.11
1304.73
1303.88
1303.9
1303.77
1302.22
1303.79
1303.9
1303.71
1303.58
1303.32
1302.31
1303.15
1303.32
1303.62
1304.5
1304.33
1307.63
1314.06
1343.77
1312.47
1329.39
1341.78
1316.13
1311.72
1303.49
1304.09
1303.98
1303.92
1303.52
1302.33
1304.08
1304.08
1303.89
1303.76
1303.63
1302.6
1303.08
1303.25
1303.74
1304.01
1303.16
1311.53
1312.23
1338.68
1316.74
1332.2
1351.47
1319.38
1309.99
1307.06
1306.2
1304.9
1304.55
1304.01
1302.64
1304.05
1304.35
1304.26
1304.13
1303.85
1302.68
1303.37
1303.91
1304.6
1305.91
1306.17
1308.36
1319.08
1349.17
1326.47
1339.14
1360.5
1329.61
1317.04
1307.09
1306.39
1305.47
1304.96
1304.31
1303.36
1304.81
1305.09
1305.02
1304.92
1304.58
1303.61
1303.9
1304.32
1305.18
1306.19
1306.64
1317.27
1326.05
1358.44
1321.58
1361.47
1386.01
1345.67
1321.94
1316.71
1312.33
1309.15
1307.39
1306.2
1305.05
1305.9
1306.45
1306.59
1306.46
1305.87
1305
1305.72
1306.61
1308.49
1311.45
1314.97
1320.72
1341.69
1381.29
1350.38
1534.39
1508.9
1389.22
1352.32
1323.96
1316.82
1313
1310.33
1309.32
1308.1
1308.84
1309.51
1309.82
1309.72
1308.92
1308.13
1308.88
1309.54
1312.08
1315.72
1322.01
1348.36
1384.4
1508
1523.14
1857.22
1587.31
1437.59
1367.88
1345.87
1329.15
1322.08
1318.2
1316.37
1314.79
1315.32
1315.96
1316.55
1316.44
1315.51
1314.82
1315.89
1317.14
1320.71
1327.26
1340.11
1363.61
1427.83
1568.37
1831.5
2519.55
1804.61
1538.37
1448.61
1366.72
1347.98
1338.44
1333.98
1331.2
1329.43
1329.81
1330.19
1331.03
1330.91
1330.06
1329.51
1330.87
1332.81
1336.71
1345.36
1361.09
1428.83
1515.56
1809.38
2447.46
2892.07
2296.43
2044.19
1527.08
1445.44
1409.27
1382.42
1374.5
1367.65
1365.09
1364.98
1364.5
1365.76
1365.36
1364.83
1364.75
1366.88
1372.29
1379.11
1405.23
1430.02
1490.21
1761.98
2308.64
2849
2851.65
2744.99
2621.85
2379.97
1640.88
1544.26
1518.22
1497.05
1484.23
1480.57
1480.45
1477.25
1481.24
1478.02
1478.25
1478.76
1482.43
1492.99
1510.6
1540.15
1652.67
2366.18
2427.73
2715.76
2787.94
2764.76
2725.1
2862.21
2852.54
2213.66
2228.99
2028.65
1936.74
1883.35
1842.31
1860.15
1820.94
1852.35
1829.33
1835.53
1840
1859.92
1917.99
2030.36
2187.1
2150.69
2859.99
2869.12
2734.01
2710.39
2659.83
2730.37
2859.94
2847.53
2872.2
3168.18
3428.32
3397.69
3658.45
3508.12
3655.59
3540.94
3642.67
3580.11
3630.56
3572.93
3600.61
3474.63
3446.73
3170.43
2896.61
2863.91
2857.71
2701.78
2673.45
2540.14
2646.72
2868.08
2980.42
2995.14
3322.23
3598.19
3683.97
3690.28
3676.51
3624.06
3647.92
3603.66
3641.2
3629.27
3663.33
3683.47
3721.77
3646.34
3432.74
3043.63
2978.88
2886.79
2674.73
2585.32
2477.75
2597.81
2733.61
2931.77
3023.88
3344.44
3571.13
3666.09
3667.62
3656.89
3612.46
3626.51
3595.25
3622.08
3612.08
3643.75
3668.48
3709.35
3638.7
3440.98
3093.68
2995.2
2792.16
2612.25
2503.2
2287.43
2559.08
2827.13
2944.04
2945.12
3193.68
3366.6
3459.58
3503.42
3501.98
3502.34
3498.15
3496.21
3500.1
3499.55
3508.26
3501.04
3485.67
3404.23
3239.49
3018.06
3012.89
2850.89
2570.63
2317.46
2200.99
2293.11
2604.71
2760.09
2736.4
2873.57
3116.92
3291.67
3381.26
3399.5
3402.81
3402.01
3403.35
3406.86
3402.4
3402.28
3402.23
3368.98
3193.12
2933.48
2781.07
2821.79
2658.53
2335.61
2250.11
2292.94
2234.97
2361.77
2524.4
2550.46
2628.23
2845.27
3081.48
3241.5
3302.19
3308.23
3313
3314.51
3316.49
3311.5
3313.8
3282.63
3150.45
2887.63
2668.34
2590.17
2572.51
2355.24
2256.35
2350.71
2905.82
2269.8
2182.86
2326.63
2393.95
2472.98
2669.2
2904.94
3088.47
3184.89
3213.81
3217.38
3218.95
3219.5
3215.96
3198.4
3126.15
2948.1
2691.38
2500.84
2424.79
2348.33
2167.06
2220.11
2805.57
2864.24
2044.06
1982.93
2173.82
2266.02
2363.3
2534.38
2758.8
2956.13
3069.4
3100.74
3112.63
3113.02
3113.38
3101.46
3078.29
2981.06
2782.55
2546.37
2391.24
2286.87
2177.65
1988.18
2033.25
2845.17
2878.15
2052.67
1888.29
2057.81
2165.95
2275.36
2421.33
2626.77
2821.08
2950.87
2997.15
3004.13
3006.64
3003.81
2995.72
2958.39
2845.05
2647.07
2436.43
2302.51
2189.37
2069.06
1871.22
2046.74
2962.15
2823.5
2036.53
1875.33
2001.89
2090.86
2192.57
2329.29
2529.03
2717.57
2840.35
2882.66
2899.23
2898.85
2897.37
2879.67
2846.08
2737.23
2543.09
2336.33
2213.61
2110.27
2010.41
1871.78
2012.54
2783.33
2752.01
2033.59
1904.82
1968.77
2026.89
2111.32
2243.5
2436.69
2613.15
2736.94
2784.6
2791.85
2796.52
2791.25
2781.21
2739.17
2623.69
2440.21
2246.4
2127.37
2056.79
1988.64
1892.69
2034.52
2765.35
2723.88
2056.72
1922.19
1951.12
1978.82
2045.95
2174.35
2359.94
2528.42
2638.47
2678.04
2695.06
2695.83
2693.8
2673.58
2640.11
2540.24
2365.45
2174.46
2059.31
2000.45
1971.77
1910.12
2028.22
2701.63
2697.03
2086.94
1947.77
1948.25
1937.02
1988.51
2113.08
2288.37
2441.92
2547.43
2591.82
2596.01
2601.23
2594.79
2586.11
2546.24
2449.96
2290.45
2114.09
1999.01
1963.21
1973.04
1937.62
2064.37
2687.2
2699.03
2154.53
1993.2
1941.48
1907.94
1948.65
2070.03
2233.6
2376.04
2462.24
2495.02
2509.19
2510.28
2508.43
2488.46
2460.49
2380.12
2231.75
2062.08
1955.47
1925.27
1956.85
1969.98
2123.98
2687.79
2729.62
2164.49
1988.87
1933.1
1893.49
1916.13
2022.65
2171.62
2297.62
2379.87
2420.23
2420.51
2426.73
2418.51
2414.89
2379.31
2307.7
2178.33
2026.54
1924.35
1916.97
1955.26
2000.3
2121.63
2681.21
2775.83
2181.4
2013.27
1938.87
1878.23
1896.97
1999.74
2133.18
2244.77
2309.02
2333.69
2345.46
2345.54
2343.5
2326.37
2306.7
2249.86
2135.33
1993.25
1902.98
1892
1949.13
2001.29
2154.45
2729.71
2742.31
2177.64
1997.28
1934.78
1859.85
1886.24
1973.01
2088.17
2180.8
2234.44
2271.53
2264.73
2273.17
2264.52
2265.05
2234.09
2186.43
2091.8
1970.83
1886.24
1881.78
1952.1
2012.82
2151.14
2725.94
2738.53
2183.71
2032.07
1939.29
1853.75
1870.64
1953.77
2057.15
2135.75
2177.19
2194.06
2201.63
2202.21
2200.68
2187.11
2176.59
2143.96
2065.37
1949.55
1874.22
1867.38
1942.23
2017.86
2159.22
2701.24
2711.85
2184.08
2045.37
1928.12
1844.54
1861.22
1934.41
2018.47
2082.16
2111.53
2143.58
2130.76
2139.93
2131.19
2136.5
2110.95
2085.77
2027.41
1936.94
1858.14
1860.9
1949.99
2040.79
2156.01
2695.41
2675.6
2176.03
2092.65
1948.7
1852.6
1849.72
1923.53
1996.47
2046.2
2066.65
2076.44
2077.88
2078.84
2078.23
2069.03
2067.04
2052.5
2003.79
1916.61
1847.3
1858.26
1946.73
2074.05
2157.97
2669.01
2671.56
2185.13
2114.54
1946.74
1859.95
1841.07
1901.24
1960.37
1996.06
2009.16
2035.45
2016.86
2026.1
2017.57
2028.84
2007.81
2000.35
1976.58
1909.6
1838.83
1871.31
1957.16
2126.49
2156.46
2647.22
2648.37
2176.27
2109.98
1963.05
1874.2
1838.37
1891.91
1941.03
1968.38
1975.64
1978.37
1974.61
1974.66
1974.64
1971
1976.22
1972.72
1946.85
1892.49
1834.36
1878.83
1974.14
2122.94
2160.42
2617.15
2622.47
2165.28
2108.53
1993.08
1891.19
1845.41
1876.66
1908.05
1922.18
1923.95
1946.08
1921.22
1931.18
1922.83
1939.79
1922.99
1925.17
1924.52
1889.29
1836.59
1891.78
2009.17
2119.95
2148.85
2589.89
2602.28
2149.42
2104.44
2045.93
1909.55
1858.85
1872.5
1890.72
1899.23
1898.52
1897.22
1888.83
1888.32
1889.51
1890.34
1899.93
1902.74
1892.36
1884.32
1858.76
1904.66
2052.25
2113.83
2130.43
2561.35
2584.15
2140.28
2089.99
2041.94
1933.21
1876.24
1866.84
1864.34
1857.81
1850.06
1870.88
1842.88
1852.85
1844.81
1864.06
1850.79
1861.69
1878.66
1883.91
1872.36
1932.88
2052.46
2096.61
2117.75
2549.11
2553.56
2118.74
2064.27
2039.58
1968.92
1893.12
1889.69
1854.86
1843.4
1834.82
1829.1
1817.05
1817.12
1818.94
1821.82
1835.65
1845.67
1856.57
1899.09
1894.69
1965.24
2048.54
2067.47
2109.48
2531.28
2541.56
2114.37
2028.56
2027.53
2037.14
1928.26
1894.68
1840.27
1810.72
1789.76
1807.18
1777.65
1787.64
1779.31
1800.88
1790.38
1815.23
1851.22
1912.91
1917.5
2035.28
2038.62
2031.72
2092.86
2510.66
2515.12
2100.66
2007.7
2016.55
2023.96
1953.39
1910.17
1856
1809.84
1786.88
1772.8
1758.12
1757.69
1759.13
1765.6
1789.13
1809.41
1857.57
1929.87
1957.29
2019.11
2025.33
2012.85
2086.41
2489.14
2497.49
2091.71
1980.8
1976.25
2026.52
2025.29
1925.87
1856.49
1792.55
1745.71
1755.67
1723.53
1733.59
1725.44
1750.11
1746.88
1796.14
1861.83
1949.34
2016.55
2019.69
1988.11
1985.94
2080.37
2474.71
2468.49
2083.36
1973.6
1953.58
1996.57
2041.66
1952.99
1878.76
1809.05
1765.44
1731.8
1709.96
1708.65
1711.79
1724.37
1769.33
1804.72
1871.35
1989.42
2042.15
1989.26
1965.94
1977.6
2062.2
2444.47
2454.55
2079.65
1956.48
1917.35
1974.65
2028.08
2005.75
1891.82
1801.62
1727.23
1725.21
1683.04
1690.72
1685.29
1719.65
1731.26
1808.23
1890.05
2056.69
2028.52
1960.89
1929.56
1960.06
2061.69
2432.56
2425.6
2058.55
1954.84
1909.52
1930.83
2014.31
2086.14
1950.24
1824.89
1772.01
1721.89
1683.02
1676.42
1685.76
1713.05
1773.44
1823.86
1927.42
2079.75
2006.47
1921.07
1918.91
1958.84
2047.09
2406.72
2412.97
2057.72
1942.32
1882.66
1906.89
1981.04
2064.06
2032.24
1840.01
1735.99
1727.39
1671.9
1672.72
1672.7
1719.82
1736.73
1844.75
1996.63
2060.89
1973.5
1901.98
1892.66
1944.28
2039.89
2396.25
2376.97
2037.24
1938.17
1891.98
1879.26
1947.04
2048.32
2068.29
1895.37
1790.67
1726.67
1686.17
1674.19
1689.98
1718.6
1793.11
1905.65
2060.89
2046.05
1933.88
1877.22
1903.55
1941.77
2025.15
2355.38
2346.63
2025.66
1922.79
1862.36
1868.39
1911.99
2019.37
2050.3
1989.55
1768.99
1742.29
1675.32
1677.84
1675.97
1735.05
1768.8
2000.09
2043.9
2019.15
1899.87
1865.81
1875.13
1926.9
2013.77
2329.99
2211.53
1978.65
1904.88
1870.73
1853.33
1884.64
1975.88
2036.91
2024.14
1875.31
1760.05
1699.07
1686.05
1703
1751.91
1870.06
2021.85
2033.99
1978.28
1875.52
1854.39
1881.67
1907.97
1966.48
2194.4
273.917
273.957
273.976
274.035
274.074
274.082
274.05
274.046
274.098
274.157
274.211
274.224
274.194
274.14
274.086
274.047
274.023
274.01
274.004
274.001
274
274
274
273.999
273.998
274
273.995
274.002
273.993
274.006
274.101
274.139
274.176
274.255
274.318
274.323
274.279
274.246
274.261
274.297
274.329
274.325
274.274
274.196
274.121
274.066
274.032
274.014
274.006
274.002
274
274
273.999
273.999
273.997
274
273.993
274.004
273.988
274.014
274.321
274.343
274.368
274.474
274.565
274.559
274.47
274.377
274.344
274.348
274.367
274.363
274.308
274.223
274.139
274.076
274.037
274.017
274.007
274.003
274.001
274
273.999
273.999
273.997
274
273.994
274.003
273.992
274.011
274.474
274.544
274.605
274.794
274.969
274.976
274.848
274.665
274.528
274.452
274.431
274.403
274.339
274.245
274.153
274.085
274.042
274.019
274.008
274.003
274.001
274
273.999
273.999
273.998
274
273.996
274.002
273.995
274.007
274.707
274.944
275.141
275.546
275.951
276.087
275.905
275.533
275.12
274.792
274.616
274.489
274.378
274.266
274.165
274.091
274.045
274.02
274.009
274.003
274.001
274
273.999
273.999
273.998
274
273.997
274.002
273.997
274.004
275.281
275.966
276.549
277.466
278.381
278.924
278.891
278.277
277.117
275.942
275.17
274.725
274.47
274.297
274.177
274.096
274.047
274.021
274.009
274.003
274.001
274
273.999
273.999
273.999
274
273.998
274.001
273.998
274.003
276.847
278.521
279.766
281.477
283.516
285.62
286.312
285.313
282.89
279.73
277.053
275.454
274.731
274.382
274.201
274.102
274.049
274.022
274.009
274.003
274.001
274
274
273.999
273.999
274
273.999
274.001
273.999
274.002
280.37
283.932
287
290.517
293.618
296.249
298.878
300.849
299.782
291.848
283.178
278.087
275.581
274.643
274.275
274.121
274.053
274.023
274.009
274.003
274.001
274
274
273.999
273.999
274
273.999
274.001
274
274.002
288.627
293.229
294.06
294.754
295.42
297.322
300.164
303.649
307.684
310.625
304.623
286.852
278.82
275.527
274.516
274.181
274.067
274.025
274.009
274.003
274.001
274
274
274
273.999
274
273.999
274.001
274
274.002
292.756
294.368
294.273
294.71
295.332
297.059
299.942
303.613
307.879
312.404
316.342
314.656
290.287
279.02
275.344
274.386
274.113
274.034
274.011
274.004
274.001
274
274
274
274
274
274
274
274
274.002
292.504
293.728
293.59
294.105
294.175
295.149
297.993
302.454
307.631
312.505
317.09
321.304
321.019
291.949
278.617
275.082
274.271
274.067
274.017
274.004
274.001
274
274
274
274
274
274
274
274
274.002
291.429
291.724
291.685
292.051
291.971
292.295
294.549
299.115
305.321
311.793
317.34
321.983
326.251
325.007
290.677
277.744
274.798
274.178
274.037
274.008
274.002
274.001
274
274
274
274
274
274
274
274.002
289.268
288.907
289.077
289.418
289.338
289.465
290.886
295.199
301.46
308.826
316.374
322.349
327.15
331.096
325.812
287.218
276.698
274.537
274.108
274.02
274.003
274.001
274
274
274
274
274
274
274.001
274.002
286.892
285.906
286.16
286.573
286.568
286.829
287.559
291.036
297.589
304.913
313.39
321.477
327.606
332.533
335.664
320.689
283.42
275.746
274.331
274.061
274.01
274.002
274
274
274
274
274
274
274.001
274.002
283.661
282.693
283.128
283.941
284.101
284.476
284.753
287.271
293.586
301.213
309.701
318.866
327.168
333.1
338.083
339.833
308.462
279.972
275.045
274.188
274.032
274.005
274.001
274
274
274
274
274
274.001
274.002
282.047
280.719
281.326
281.976
282.219
282.393
282.545
284.14
289.537
297.744
306.315
315.532
325.253
333.27
338.939
343.599
340.969
294.255
277.402
274.573
274.098
274.015
274.002
274.001
274
274
274
274
274.001
274.002
280.896
279.64
279.823
280.543
280.829
280.933
281.14
281.615
285.919
294.222
303.28
312.49
322.462
332.199
339.477
345.196
348.174
331.804
284.705
275.769
274.289
274.048
274.007
274.001
274.001
274
274
274
274.001
274.002
280.682
279.608
280.146
280.592
280.704
280.951
281.052
280.958
283.85
290.971
300.687
309.803
319.566
330.045
339.166
345.856
351.602
350.417
310.079
279.448
274.852
274.135
274.021
274.003
274.001
274
274
274
274
274.002
281.371
280.566
282.541
283.095
283.698
283.512
282.967
282.857
283.952
289.697
299.484
308.301
317.56
327.531
337.981
346.51
353.244
354.992
347.578
289.93
276.5
274.379
274.058
274.008
274.001
274
274.001
274
274
274.001
280.677
281.102
285.674
289.493
290.458
290.169
289.449
288.264
286.892
290.039
299.328
308.083
317.091
326.515
336.661
346.526
354.379
358.255
358.064
322.97
281.153
275.055
274.155
274.023
274.003
274
274
274.001
274.001
274.003
282.026
283.494
293.891
302.415
307.973
308.648
305.767
301.468
297.033
296.707
303.209
310.164
318.201
326.909
336.491
346.434
355.699
361.708
362.391
356.808
293.616
276.886
274.41
274.059
274.008
274.002
274
274
274.001
274.002
279
287.235
308.658
341.256
362.675
359.811
342.851
330.052
318.887
313.674
315.16
318.515
323.08
329.383
337.538
346.827
356.591
365.216
366.24
366.597
329.869
281.699
275.069
274.148
274.021
274.003
274.001
274
274
274.001
288.187
298.455
359.047
457.988
487.01
453.275
407.293
379.653
356.35
342.024
334.608
332.444
332.089
334.972
341.087
349.428
358.854
368.069
370.961
371.394
363.778
293.492
276.737
274.364
274.05
274.007
274.001
274.001
274.001
274.003
266.784
343.064
548.764
686.346
675.507
587.183
512.427
456.263
412.613
378.312
359.497
353.312
347.943
346.521
348.354
354.371
362.724
371.627
376.812
376.464
376.641
329.115
280.779
274.873
274.116
274.016
274.002
274.001
274.001
274.003
288.47
454.372
814.064
956.059
870.537
763.693
645.501
545.736
477.671
427.284
395.216
381.135
368.592
362.358
360.582
362.152
368.076
376.02
382.719
382.717
382.567
365.288
289.556
276.074
274.261
274.034
274.004
274
274
274.001
274.006
273.993
274.002
273.995
274
273.998
273.999
274
274
274
274.001
274.004
274.01
274.023
274.047
274.086
274.139
274.194
274.224
274.211
274.157
274.098
274.046
274.05
274.082
274.074
274.035
273.976
273.958
273.918
274.014
273.988
274.004
273.993
274
273.997
273.999
273.999
274
274
274.002
274.006
274.014
274.032
274.066
274.121
274.196
274.274
274.325
274.329
274.297
274.261
274.245
274.279
274.323
274.318
274.255
274.176
274.139
274.101
274.011
273.992
274.003
273.994
274
273.997
273.999
273.999
274
274.001
274.003
274.007
274.017
274.037
274.076
274.139
274.223
274.308
274.362
274.366
274.348
274.344
274.376
274.47
274.559
274.565
274.474
274.368
274.343
274.321
274.007
273.995
274.002
273.996
274
273.998
273.999
273.999
274
274.001
274.003
274.008
274.019
274.042
274.085
274.153
274.245
274.339
274.403
274.431
274.451
274.526
274.664
274.846
274.975
274.968
274.794
274.605
274.543
274.474
274.004
273.997
274.002
273.997
274
273.998
273.999
273.999
274
274.001
274.003
274.009
274.02
274.045
274.091
274.165
274.266
274.378
274.488
274.615
274.79
275.116
275.528
275.9
276.082
275.948
275.545
275.139
274.943
274.707
274.003
273.998
274.001
273.998
274
273.999
273.999
273.999
274
274.001
274.003
274.009
274.021
274.047
274.096
274.177
274.296
274.469
274.723
275.165
275.931
277.101
278.259
278.875
278.911
278.372
277.46
276.544
275.963
275.279
274.002
273.999
274.001
273.999
274
273.999
273.999
274
274
274.001
274.003
274.009
274.022
274.049
274.102
274.201
274.382
274.728
275.446
277.033
279.692
282.84
285.253
286.254
285.576
283.491
281.462
279.754
278.512
276.842
274.002
274
274.001
273.999
274
273.999
273.999
274
274
274.001
274.003
274.009
274.023
274.053
274.121
274.274
274.64
275.57
278.054
283.108
291.69
299.65
300.761
298.816
296.198
293.57
290.471
286.961
283.902
280.353
274.002
274
274.001
273.999
274
273.999
274
274
274
274.001
274.003
274.009
274.025
274.066
274.181
274.513
275.514
278.773
286.725
304.384
310.523
307.617
303.594
300.116
297.279
295.38
294.713
294.022
293.19
288.588
274.002
274
274
274
274
274
274
274
274
274.001
274.004
274.011
274.034
274.112
274.383
275.332
278.965
290.074
314.415
316.254
312.333
307.814
303.556
299.894
297.015
295.29
294.668
294.237
294.336
292.73
274.002
274
274
274
274
274
274
274
274
274.001
274.004
274.017
274.066
274.269
275.071
278.563
291.69
320.796
321.208
317.012
312.43
307.569
302.402
297.95
295.105
294.13
294.062
293.553
293.696
292.478
274.002
274
274
274
274
274
274
274
274.001
274.002
274.008
274.037
274.176
274.79
277.698
290.423
324.733
326.145
321.901
317.262
311.732
305.275
299.071
294.51
292.248
291.922
292.003
291.644
291.688
291.4
274.002
274.001
274
274
274
274
274
274
274.001
274.003
274.02
274.107
274.532
276.665
287.043
325.45
330.97
327.052
322.26
316.304
308.772
301.416
295.153
290.844
289.41
289.284
289.364
289.029
288.865
289.234
274.002
274.001
274
274
274
274
274
274
274.002
274.01
274.06
274.328
275.725
283.298
320.23
335.523
332.428
327.509
321.4
313.334
304.863
297.548
290.991
287.514
286.769
286.507
286.507
286.101
285.853
286.856
274.002
274.001
274
274
274
274
274
274.001
274.005
274.031
274.186
275.033
279.894
308.011
339.665
337.958
332.99
327.079
318.797
309.641
301.155
293.541
287.216
284.692
284.405
284.026
283.858
283.047
282.615
283.591
274.002
274.001
274
274
274
274
274.001
274.002
274.015
274.098
274.567
277.358
293.915
340.686
343.439
338.812
333.163
325.167
315.454
306.243
297.671
289.481
284.071
282.462
282.311
282.128
281.874
281.219
280.609
281.947
274.002
274.001
274
274
274
274.001
274.001
274.007
274.047
274.286
275.747
284.562
331.264
347.952
345.044
339.349
332.093
322.369
312.396
303.2
294.139
285.852
281.526
281.03
280.82
280.722
280.421
279.718
279.53
280.788
274.002
274
274
274
274
274.001
274.003
274.021
274.133
274.842
279.374
309.574
350.194
351.423
345.707
339.039
329.938
319.461
309.69
300.571
290.839
283.747
280.847
280.952
280.845
280.61
280.512
280.088
279.511
280.564
274.001
274
274
274.001
274
274.001
274.008
274.058
274.374
276.467
289.673
347.068
354.773
353.061
346.351
337.84
327.389
317.396
308.121
299.316
289.516
283.842
282.762
282.902
283.437
283.638
283.061
282.481
280.488
281.243
274.003
274.001
274.001
274
274
274.003
274.023
274.154
275.041
281.053
322.371
357.814
358.033
354.193
346.352
336.482
326.327
316.89
307.86
299.122
289.794
286.747
288.153
289.374
290.097
290.484
289.606
285.686
281.1
280.585
274.002
274.001
274
274
274.002
274.008
274.059
274.405
276.845
293.246
356.315
362.142
361.421
355.502
346.245
336.284
326.687
317.951
309.871
302.932
296.487
296.785
301.199
305.479
308.278
307.817
302.32
293.956
283.583
282.003
274.001
274
274
274.001
274.003
274.021
274.147
275.054
281.583
329.144
366.323
365.991
364.958
356.364
346.584
337.276
329.056
322.672
318.039
314.714
313.267
318.363
329.451
342.306
358.526
362.167
341.069
308.796
287.39
279.169
274.003
274.001
274.001
274.001
274.007
274.049
274.359
276.696
293.133
363.191
371.128
370.683
367.846
358.663
349.237
340.889
334.692
331.713
332.005
334.163
341.348
355.359
378.687
406.085
450.766
485.292
457.581
359.435
298.811
288.511
274.003
274.001
274.001
274.002
274.016
274.114
274.86
280.67
328.285
376.315
376.176
376.523
371.427
362.547
354.19
348.125
346.21
347.575
352.852
358.803
377.386
410.967
454.717
509.897
584.2
673.482
685.55
552.03
343.992
267.146
274.001
274
274
274.004
274.034
274.258
276.042
289.299
364.522
382.274
382.408
382.43
375.806
367.877
361.926
360.319
362.061
368.229
380.557
394.189
426.65
475.254
542.947
642.355
759.613
871.904
957.692
820.623
458.974
289.312
274.002
274.002
274.002
274.002
274.002
274.002
274.002
274.002
274.002
274.002
274.002
274.002
274.002
274.002
274.002
274.002
274.002
274.002
274.002
274.002
274.002
274.002
274.002
274.002
274.002
274.002
274.002
274.002
274.002
274.002
274.002
274.002
274.002
274.002
274.002
274.002
274.002
274.002
274.002
274.002
274.002
274.002
274.002
274.002
274.002
274.002
274.002
274.002
274.002
274.002
274.002
274.002
274.002
274.002
274.002
274.002
274.002
274.002
274.002
274.002
274.002
274.002
274.002
274.002
274.002
274.002
274.002
274.002
274.002
274.002
274.002
274.002
274.002
274.002
274.002
274.002
274.002
274.002
274.002
274.002
274.002
274.002
274.002
274.002
274.002
274.002
274.002
274.002
274.002
274.002
274.002
274.002
274.002
274.002
274.002
274.002
274.002
274.002
274.002
274.003
274.003
274.004
274.006
274.008
274.009
274.011
274.012
274.013
274.012
274.011
274.01
274.009
274.007
274.006
274.005
274.004
274.003
274.003
274.002
274.002
274.002
274.002
274.002
274.002
274.001
274.001
274.001
274.001
274
274
274
274
274
274
274
274
274
274
274
274
274
274
274
274
274
274
274
274
274
274
274
274
274
274
274
274
274
274
274
274
274
274
274
274
274
274
274
274
274
274
274
274
274
274
274
274
274
274
274
274
274
274
274
274
274
274
274
274
274
274
274
274
274
274
274
274
274
274
274
274
274
274
274
274
274
274
274
274
274
274
274
274
274
274
274
274
274
274
274
274
274.001
274.002
274.004
274.008
274.015
274.025
274.04
274.059
274.08
274.101
274.119
274.13
274.131
274.126
274.112
274.094
274.075
274.057
274.041
274.028
274.019
274.012
274.008
274.005
274.003
274.002
274.001
274.001
274
274
274
274
274
274
274
274
274
274
274
274
274
274
274
274
274
274
274
274
274
274
274
274
274
274
274
274
274
274
274
274
274
274
274
274
274
274
274
274
274
274
274
274
274
274
274
274
274
274
274
274
274
274
274
274
274
274
274
274
274
274
274
274
274
274
274
274
274
274
274
274
274
274
274
274
274
274
274
274
274
274
274
274
274
274
274
274
274
274
274
274
274
274
274
274.001
274.004
274.011
274.027
274.06
274.122
274.227
274.391
274.622
274.909
275.219
275.507
275.729
275.825
275.803
275.667
275.436
275.161
274.882
274.639
274.443
274.299
274.193
274.121
274.073
274.043
274.025
274.014
274.008
274.004
274.002
274.001
274
274
274
274
274
274
274
274
274
274
274
274
274
274
274
274
274
274
274
274
274
274
274
274
274
274
274
274
274
274
274
274
274
274
274
274
274
274
274
274
274
274
274
274
274
274
274
274
274
274
274
274
274
274
274
274
274
274
274
274
274
274
274
274
274
274
274
274
274
274
274
274
274
274
274
274
274
274
274
274
274
274
274
274
274
274
274
274
274
274
274
274.002
274.008
274.026
274.076
274.203
274.506
275.139
276.3
278.258
281.314
285.477
290.172
294.626
298.22
300.488
301.004
299.793
297.1
293.396
289.452
285.538
282.127
279.38
277.444
276.138
275.263
274.717
274.404
274.227
274.125
274.068
274.036
274.018
274.009
274
274
274
274
274
274
274
274
274
274
274
274
274
274
274
274
274
274
274
274
274
274
274
274
274
274
274
274
274
274
274
274
274
274
274
274
274
274
274
274
274
274
274
274
274
274
274
274
274
274
274
274
274
274
274
274
274
274
274
274
274
274
274
274
274
274
274
274
274
274
274
274
274
274
274
274
274
274
274
274
274
274
274
274
274
274
274
274
274
274.002
274.011
274.045
274.162
274.55
275.64
278.486
285.202
298.456
321.99
359.42
408.883
450.462
478.49
494.952
502.279
502.477
497.26
487.637
473.799
455.88
434.348
408.386
378.881
345.778
313.859
297.444
287.808
281.769
278.115
276.189
275.13
274.577
274.3
274.15
274.071
274
274
274
274
274
274
274
274
274
274
274
274
274
274
274
274
274
274
274
274
274
274
274
274
274
274
274
274
274
274
274
274
274
274
274
274
274
274
274
274
274
274
274
274
274
274
274
274
274
274
274
274
274
274
274
274
274
274
274
274
274
274
274
274
274
274
274
274
274
274
274
274
274
274
274
274
274
274
274
274
274
274
274
274
274
274
274
274.002
274.011
274.053
274.252
275.05
277.995
287.803
316.02
381.153
474.796
553.541
602.78
627.508
632.222
627.144
617.884
606.722
594.641
582.019
568.798
555.692
542.779
529.787
517.042
504.287
491.604
477.799
461.134
435.329
401.668
361.562
319.005
294.591
284.661
279.263
276.59
275.227
274.565
274
274
274
274
274
274
274
274
274
274
274
274
274
274
274
274
274
274
274
274
274
274
274
274
274
274
274
274
274
274
274
274
274
274
274
274
274
274
274
274
274
274
274
274
274
274
274
274
274
274
274
274
274
274
274
274
274
274
274
274
274
274
274
274
274
274
274
274
274
274
274
274
274
274
274
274
274
274
274
274
274
274
274
274
274
274.001
274.007
274.045
274.262
275.373
280.847
303.962
385.121
518.151
627.798
686.579
703.783
701.408
692.559
681.715
669.479
656.297
643.004
629.648
616.067
602.159
587.606
573.085
558.834
544.67
530.91
517.257
504.162
491.434
479.262
467.621
456.725
445.615
431.413
405.878
369
326.499
295.23
284.219
278.691
274
274
274
274
274
274
274
274
274
274
274
274
274
274
274
274
274
274
274
274
274
274
274
274
274
274
274
274
274
274
274
274
274
274
274
274
274
274
274
274
274
274
274
274
274
274
274
274
274
274
274
274
274
274
274
274
274
274
274
274
274
274
274
274
274
274
274
274
274
274
274
274
274
274
274
274
274
274
274
274
274
274
274
274
274.003
274.026
274.184
275.206
281.718
320.099
450.531
619.273
720.392
750.694
750.125
742.001
733.139
723.487
713.544
703.017
691.968
680.275
667.847
654.828
641.233
626.914
611.547
595.934
580.029
563.929
548.039
532.076
516.339
500.932
486.545
473.058
461.093
450.185
439.773
429.643
420.064
408.479
389.167
355.087
316.007
274
274
274
274
274
274
274
274
274
274
274
274
274
274
274
274
274
274
274
274
274
274
274
274
274
274
274
274
274
274
274
274
274
274
274
274
274
274
274
274
274
274
274
274
274
274
274
274
274
274
274
274
274
274
274
274
274
274
274
274
274
274
274
274
274
274
274
274
274
274
274
274
274
274
274
274
274
274
274
274
274
274
274.001
274.01
274.086
274.703
279.662
317.714
474.476
673.688
771.932
786.827
781.838
774.033
764.842
756.227
750.059
744.287
735.316
723.799
711.422
698.553
685.459
671.777
657.214
641.866
625.777
609.278
592.971
576.556
560.111
543.79
528.364
512.695
497.592
482.701
468.764
455.332
442.989
431.938
421.91
412.551
403.579
395.396
386.012
274
274
274
274
274
274
274
274
274
274
274
274
274
274
274
274
274
274
274
274
274
274
274
274
274
274
274
274
274
274
274
274
274
274
274
274
274
274
274
274
274
274
274
274
274
274
274
274
274
274
274
274
274
274
274
274
274
274
274
274
274
274
274
274
274
274
274
274
274
274
274
274
274
274
274
274
274
274
274
274
274
274.002
274.027
274.275
276.643
299.175
444.675
682.651
800.119
813.341
809.223
804.194
795.636
787.174
781.781
775.598
766.109
753.781
740.749
728.717
717.497
706.007
694.226
681.875
668.365
653.701
638.179
620.724
603.359
586.169
567.728
549.536
533.143
516.786
501.116
486.054
472.701
459.42
447.745
436.684
425.85
415.262
405.281
396.361
388.676
274
274
274
274
274
274
274
274
274
274
274
274
274
274
274
274
274
274
274
274
274
274
274
274
274
274
274
274
274
274
274
274
274
274
274
274
274
274
274
274
274
274
274
274
274
274
274
274
274
274
274
274
274
274
274
274
274
274
274
274
274
274
274
274
274
274
274
274
274
274
274
274
274
274
274
274
274
274
274
274
274.005
274.069
274.808
283.662
377.443
632.172
810.642
837.339
835.24
830.474
824.717
819.676
813.788
805.3
796.244
783.559
770.012
756.981
746.463
738.977
732.803
726.24
718.647
708.951
696.685
682.052
665.809
647.785
628.417
608.965
588.081
566.721
546.289
526.252
507.271
489.569
474.657
459.8
447.362
435.641
425.432
416.518
407.587
398.535
389.772
274
274
274
274
274
274
274
274
274
274
274
274
274
274
274
274
274
274
274
274
274
274
274
274
274
274
274
274
274
274
274
274
274
274
274
274
274
274
274
274
274
274
274
274
274
274
274
274
274
274
274
274
274
274
274
274
274
274
274
274
274
274
274
274
274
274
274
274
274
274
274
274
274
274
274
274
274
274
274
274.011
274.16
276.292
306.436
514.914
779.005
854.025
858.306
856.124
851.984
847.579
844.932
841.904
830.755
824.2
815.107
804.229
796.39
789.799
786.6
784.67
784.017
783.974
781.739
775.621
764.703
748.671
728.514
704.931
680.171
655.6
628.736
602.171
576.161
550.118
525.379
502.935
484.138
465.646
450.601
435.794
423.336
412.459
402.898
395.39
388.605
274
274
274
274
274
274
274
274
274
274
274
274
274
274
274
274
274
274
274
274
274
274
274
274
274
274
274
274
274
274
274
274
274
274
274
274
274
274
274
274
274
274
274
274
274
274
274
274
274
274
274
274
274
274
274
274
274
274
274
274
274
274
274
274
274
274
274
274
274
274
274
274
274
274
274
274
274
274.001
274.019
274.334
280.058
370.814
670.4
854.408
874.144
875.765
876.4
874.711
872.261
869.386
867.879
864.868
861.555
857.6
853.223
852.155
853.265
857.45
865.606
876.506
889.453
901.132
906.104
903.96
893.428
873.95
846.336
813.566
777.995
741.523
702.469
665.597
629.605
593.688
559.757
529.893
504.868
480.536
460.939
441.079
425.122
411.751
399.448
388.768
381.172
274
274
274
274
274
274
274
274
274
274
274
274
274
274
274
274
274
274
274
274
274
274
274
274
274
274
274
274
274
274
274
274
274
274
274
274
274
274
274
274
274
274
274
274
274
274
274
274
274
274
274
274
274
274
274
274
274
274
274
274
274
274
274
274
274
274
274
274
274
274
274
274
274
274
274
274
274.001
274.029
274.627
287.76
465.21
788.7
882.023
888.228
890.343
893.877
895.844
897.327
897.682
900.84
902.993
905.736
912.511
920.297
934.657
952.471
973.56
994.572
1020.26
1048.11
1076.15
1099.44
1112.67
1112.26
1099.48
1072.63
1034.48
988.331
938.081
884.867
827.375
773.497
719.994
666.368
616.459
574.145
539.094
506.188
480.238
453.785
433.027
414.931
399.224
386.597
375.447
274
274
274
274
274
274
274
274
274
274
274
274
274
274
274
274
274
274
274
274
274
274
274
274
274
274
274
274
274
274
274
274
274
274
274
274
274
274
274
274
274
274
274
274
274
274
274
274
274
274
274
274
274
274
274
274
274
274
274
274
274
274
274
274
274
274
274
274
274
274
274
274
274
274
274
274.001
274.039
275.032
300.235
563.591
858.589
896.227
897.329
901.039
908.589
914.051
920.624
928.445
936.994
952.496
969.395
991.092
1022.43
1061.24
1101.39
1143.59
1186.96
1227.54
1269.66
1308.73
1341.77
1361.68
1370.95
1366.09
1348.51
1316.44
1271.04
1215.64
1152.83
1084.87
1007.57
933.622
857.277
777.607
703.129
641.503
591.278
546.096
511.162
476.022
449.313
425.156
403.722
387.279
373.755
274
274
274
274
274
274
274
274
274
274
274
274
274
274
274
274
274
274
274
274
274
274
274
274
274
274
274
274
274
274
274
274
274
274
274
274
274
274
274
274
274
274
274
274
274
274
274
274
274
274
274
274
274
274
274
274
274
274
274
274
274
274
274
274
274
274
274
274
274
274
274
274
274
274
274.001
274.046
275.452
316.104
644.664
891.061
905.072
903.893
909.603
920.338
932.252
943.819
958.342
978.897
1007.87
1052.49
1106.32
1171.95
1245.23
1331.45
1403.4
1463.13
1500.59
1523.44
1531.37
1530.24
1521.42
1512.59
1505.61
1494.34
1483.44
1472.14
1453.89
1414.2
1358.6
1293.35
1212.04
1127.18
1032.48
924.917
821.484
735.674
666.172
604.994
557.545
510.971
476.454
444.129
415.95
393.113
375.34
274
274
274
274
274
274
274
274
274
274
274
274
274
274
274
274
274
274
274
274
274
274
274
274
274
274
274
274
274
274
274
274
274
274
274
274
274
274
274
274
274
274
274
274
274
274
274
274
274
274
274
274
274
274
274
274
274
274
274
274
274
274
274
274
274
274
274
274
274
274
274
274
274
274.001
274.047
275.715
329.211
694.519
904.026
910.603
909.634
918.069
932.89
949.914
968.841
991.33
1022.62
1072.55
1146.93
1251.86
1383.74
1497.67
1588.28
1629.41
1655.32
1665.21
1665.82
1653.18
1634.68
1610.77
1586.56
1571.87
1563.59
1552.17
1544.21
1540.28
1537.38
1527.56
1499.85
1452.17
1380.13
1298.25
1202.13
1085.5
964.17
856.722
768.31
688.841
625.704
563.277
517.637
473.871
437.541
407.691
382.026
274
274
274
274
274
274
274
274
274
274
274
274
274
274
274
274
274
274
274
274
274
274
274
274
274
274
274
274
274
274
274
274
274
274
274
274
274
274
274
274
274
274
274
274
274
274
274
274
274
274
274
274
274
274
274
274
274
274
274
274
274
274
274
274
274
274
274
274
274
274
274
274
274.001
274.042
275.678
332.436
713.206
910.346
915.171
915.583
926.703
945.851
968.539
993.962
1025.08
1068.44
1137.96
1248.65
1412.91
1616.76
1734.08
1752.37
1738.71
1718.63
1713.95
1708.47
1714.63
1696.96
1686.67
1678.06
1671.11
1668.24
1667.19
1662.45
1651.36
1640.97
1633.4
1633.18
1623.61
1584.37
1510.35
1430.88
1339.67
1229.07
1116
1001.94
900.712
803.523
721.967
639.185
578.075
517.835
470.273
431.784
396.468
274
274
274
274
274
274
274
274
274
274
274
274
274
274
274
274
274
274
274
274
274
274
274
274
274
274
274
274
274
274
274
274
274
274
274
274
274
274
274
274
274
274
274
274
274
274
274
274
274
274
274
274
274
274
274
274
274
274
274
274
274
274
274
274
274
274
274
274
274
274
274
274.001
274.031
275.358
324.183
702.979
914.009
920.39
922.183
935.64
958.454
986.061
1017.97
1056.63
1111.68
1197.51
1335.79
1550.97
1775.47
1845.6
1830.29
1805.7
1778.09
1760.13
1765.97
1774.58
1802.09
1846
1878.44
1887.84
1886.42
1872.42
1865.37
1866.74
1871.85
1872.56
1867.09
1854.29
1825.13
1781.84
1712.65
1631.79
1533.53
1424.32
1319.73
1189.34
1081.72
960.63
859.401
749.916
666.528
581.674
517.316
465.944
419.939
274
274
274
274
274
274
274
274
274
274
274
274
274
274
274
274
274
274
274
274
274
274
274
274
274
274
274
274
274
274
274
274
274
274
274
274
274
274
274
274
274
274
274
274
274
274
274
274
274
274
274
274
274
274
274
274
274
274
274
274
274
274
274
274
274
274
274
274
274
274
274
274.018
274.911
308.647
661.408
913.856
926.151
929.718
944.295
968.917
999.897
1036.07
1081.53
1146.44
1247.05
1405.16
1637.56
1828.36
1872.87
1876.99
1843.52
1840.34
1851.34
1872.26
1889.27
1913.79
1967.2
2052.85
2103.89
2119.37
2117.81
2106.63
2102.93
2112.54
2124.66
2127.04
2125.58
2105.13
2067.36
2023.32
1969.04
1907.78
1835.61
1757.75
1667.65
1532.1
1404.79
1212.62
1047.35
888.995
777.162
658.498
571.732
503.16
443.286
274
274
274
274
274
274
274
274
274
274
274
274
274
274
274
274
274
274
274
274
274
274
274
274
274
274
274
274
274
274
274
274
274
274
274
274
274
274
274
274
274
274
274
274
274
274
274
274
274
274
274
274
274
274
274
274
274
274
274
274
274
274
274
274
274
274
274
274
274
274
274.009
274.51
293.638
589.421
906.004
930.837
937.09
952.404
976.691
1007.7
1045.26
1094.19
1166.15
1278.11
1448.47
1685.52
1838.93
1870.9
1873.23
1861.64
1879.43
1899.65
1892.24
1925.14
1913.87
1949.13
2039.35
2144.46
2183.4
2187.22
2158.72
2129.72
2128.15
2140.1
2146.77
2141.63
2140.67
2103.57
2063.44
2031.89
2001.94
1967.42
1930.9
1876.11
1789.29
1714.43
1639.72
1507.96
1366.8
1161.93
972.957
799.613
676.337
579.934
493.603
274
274
274
274
274
274
274
274
274
274
274
274
274
274
274
274
274
274
274
274
274
274
274
274
274
274
274
274
274
274
274
274
274
274
274
274
274
274
274
274
274
274
274
274
274
274
274
274
274
274
274
274
274
274
274
274
274
274
274
274
274
274
274
274
274
274
274
274
274
274.004
274.235
283.425
496.499
879.495
933.149
943.213
958.823
981.621
1009.56
1045.2
1093.79
1168.11
1284.62
1460.51
1701.63
1845.13
1863.99
1846.49
1828.62
1833.4
1873.13
1892.12
1881.71
1858.3
1848.78
1930.57
2052.93
2153.39
2184.14
2180.31
2172.93
2083.88
1953.38
1919.45
1840.45
1692.97
1655.46
1640.23
1683.83
1698.03
1685.8
1649.88
1615.09
1598.43
1613.25
1644.5
1654.37
1639.92
1584.32
1476.92
1349.95
1116.92
869.889
695.083
567.169
274
274
274
274
274
274
274
274
274
274
274
274
274
274
274
274
274
274
274
274
274
274
274
274
274
274
274
274
274
274
274
274
274
274
274
274
274
274
274
274
274
274
274
274
274
274
274
274
274
274
274
274
274
274
274
274
274
274
274
274
274
274
274
274
274
274
274
274
274.002
274.086
277.736
401.455
818.422
931.938
947.502
963.081
983.65
1008.22
1039.11
1083.81
1154.68
1266.81
1433.76
1672.94
1845.69
1876.75
1874.96
1868.19
1865.01
1879.37
1889.36
1827.24
1755.04
1620.21
1594.96
1660.59
1807.78
1974.78
2043.9
1933.06
1633.64
1494.67
1373.24
1331.07
1387.8
1406.05
1412.49
1478.14
1533.68
1579.36
1634.19
1664.92
1642.09
1551.58
1498.65
1476.77
1487.19
1499.02
1535.3
1510.08
1470.69
1320.87
1130.07
882.534
666.142
274
274
274
274
274
274
274
274
274
274
274
274
274
274
274
274
274
274
274
274
274
274
274
274
274
274
274
274
274
274
274
274
274
274
274
274
274
274
274
274
274
274
274
274
274
274
274
274
274
274
274
274
274
274
274
274
274
274
274
274
274
274
274
274
274
274
274
274.001
274.025
275.244
322.594
705.714
925.922
949.496
964.943
983.623
1006.03
1031.64
1070.86
1133.93
1233.94
1383.65
1595.42
1816.81
1881.39
1886.81
1888.71
1885.21
1880.72
1894.75
1897.15
1700.28
1523.47
1444.3
1432.93
1454.63
1499.87
1530.13
1500.78
1559.49
1222.38
1121.92
1099.7
1029.31
1024.09
1014.72
1007.13
990.71
1020.33
1051.81
1115.19
1224.29
1345.09
1448.66
1485.03
1458.2
1433.08
1429.33
1419.27
1427.65
1489.43
1448.65
1325.15
1128.93
839.185
274
274
274
274
274
274
274
274
274
274
274
274
274
274
274
274
274
274
274
274
274
274
274
274
274
274
274
274
274
274
274
274
274
274
274
274
274
274
274
274
274
274
274
274
274
274
274
274
274
274
274
274
274
274
274
274
274
274
274
274
274
274
274
274
274
274
274
274.007
274.363
287.711
539.863
900.716
949.61
965.169
980.714
1000.71
1025.87
1060.71
1115.09
1198.55
1321.2
1498.84
1733.33
1862.02
1885.91
1889.86
1899.12
1898.56
1899.82
1910.76
1795.17
1650.01
1437.43
1374.75
1374.96
1353.58
1340.33
1342.77
1235.08
1091.45
1030.07
914.131
876.733
861.736
839.103
844.441
850.232
859.964
884.4
910.719
946.057
1003.9
1083.68
1198.1
1337.54
1396.38
1424.19
1433.49
1409.09
1388.44
1383.12
1469.54
1443.77
1305.28
1026.47
274
274
274
274
274
274
274
274
274
274
274
274
274
274
274
274
274
274
274
274
274
274
274
274
274
274
274
274
274
274
274
274
274
274
274
274
274
274
274
274
274
274
274
274
274
274
274
274
274
274
274
274
274
274
274
274
274
274
274
274
274
274
274
274
274
274
274.002
274.081
277.439
391.891
811.634
945.199
962.127
974.581
991.83
1017.86
1053.66
1103.52
1174.23
1271.36
1404.27
1591.95
1801.97
1879.14
1886.52
1887.47
1901.62
1906.03
1908.76
1799.83
1617.95
1383.96
1315.7
1324.24
1301.45
1285.73
1304.99
1288.23
1208.29
1063.13
993.23
966.025
913.991
916.986
906.934
919.615
925.718
923.862
924.284
929.101
932.844
935.276
970.897
1026.55
1133.69
1306.48
1373.53
1442.84
1458.36
1423.04
1385.67
1383.42
1447.19
1362.47
1118.1
274
274
274
274
274
274
274
274
274
274
274
274
274
274
274
274
274
274
274
274
274
274
274
274
274
274
274
274
274
274
274
274
274
274
274
274
274
274
274
274
274
274
274
274
274
274
274
274
274
274
274
274
274
274
274
274
274
274
274
274
274
274
274
274
274
274
274.015
274.727
300.281
626.451
928.679
958.381
967.171
981.097
1006.47
1046.38
1098.8
1164.34
1247.09
1348.79
1481.92
1669.98
1836.25
1881.5
1881.59
1895.77
1903.38
1902.77
1878.77
1636.59
1395.93
1235.66
1199.87
1197.63
1187.3
1170.81
1167.04
1168.72
1170.72
1136.43
1103.33
971.555
918.539
880.917
874.845
859.456
859.286
880.632
890.682
923.832
936.426
947.184
965.203
989.305
1038.33
1116.26
1283.83
1410.15
1475.58
1477.13
1464.86
1397.43
1401.21
1305.61
1144.61
274
274
274
274
274
274
274
274
274
274
274
274
274
274
274
274
274
274
274
274
274
274
274
274
274
274
274
274
274
274
274
274
274
274
274
274
274
274
274
274
274
274
274
274
274
274
274
274
274
274
274
274
274
274
274
274
274
274
274
274
274
274
274
274
274
274.003
274.127
278.965
423.588
841.353
949.932
959.341
970.985
995.073
1034.61
1088.62
1159.51
1238.14
1321.89
1426.78
1566.5
1750.64
1860.82
1884.93
1887.99
1894.62
1894.14
1888.11
1766.6
1582.27
1384.12
1304.16
1268.52
1226.79
1209.45
1219.88
1209.24
1176.87
1166.53
1164.32
1172.54
1096.34
1027.69
972.833
952.895
934.487
921.407
927.031
920.048
915.094
913.579
926.615
939.378
951.877
973.553
998.133
1036.35
1120.31
1267.29
1472.33
1534.22
1516.54
1426.81
1321.17
1011.66
274
274
274
274
274
274
274
274
274
274
274
274
274
274
274
274
274
274
274
274
274
274
274
274
274
274
274
274
274
274
274
274
274
274
274
274
274
274
274
274
274
274
274
274
274
274
274
274
274
274
274
274
274
274
274
274
274
274
274
274
274
274
274
274
274
274.018
274.866
305.083
646.57
930.057
951.857
959.753
981.458
1018.91
1066.32
1123
1191.63
1276.13
1383.81
1521.16
1686.18
1831.08
1882.88
1895.49
1903.58
1908.25
1898.96
1877.63
1651.46
1471.5
1349.93
1305.31
1288.75
1271.05
1260.65
1246.95
1224.67
1213.98
1198.59
1186.76
1190.74
1185.62
1094.43
1059
986.884
989.865
977.232
975.359
975.389
991.275
983.508
992.017
994.957
1006.16
1016.86
1041.31
1078.76
1124
1166.93
1245.15
1422.84
1561.6
1586.36
1346.99
1240.53
274
274
274
274
274
274
274
274
274
274
274
274
274
274
274
274
274
274
274
274
274
274
274
274
274
274
274
274
274
274
274
274
274
274
274
274
274
274
274
274
274
274
274
274
274
274
274
274
274
274
274
274
274
274
274
274
274
274
274
274
274
274
274
274
274.003
274.149
279.599
434.622
846.669
941.944
952.687
970.409
999.869
1039.65
1089.33
1153.98
1237.15
1337.72
1459.92
1607.58
1774
1872.74
1899.78
1908.59
1925.51
1931.39
1921.95
1852.09
1640.52
1445.66
1334.65
1293.53
1262.42
1245.13
1237.29
1232.2
1233.09
1234.15
1231.68
1232.34
1233.29
1233.05
1243.66
1142.03
1100.36
1020.7
1013.54
1002.98
1004.7
997.663
995.487
1002.82
1004.29
1012.19
1016.32
1025.57
1059.17
1100.92
1136.71
1180.45
1229.64
1300.36
1467.23
1653.43
1726.69
274
274
274
274
274
274
274
274
274
274
274
274
274
274
274
274
274
274
274
274
274
274
274
274
274
274
274
274
274
274
274
274
274
274
274
274
274
274
274
274
274
274
274
274
274
274
274
274
274
274
274
274
274
274
274
274
274
274
274
274
274
274
274
274
274.012
274.543
292.367
571.584
906.944
946.753
963.86
989.301
1022.34
1066.29
1124.09
1196.04
1283.59
1382.27
1499.69
1642.3
1800.72
1883.38
1902.97
1910.87
1933.27
1941.41
1931.42
1839.3
1672.62
1489.25
1407.65
1382.62
1358.11
1342.16
1332.74
1312.16
1299.17
1300.61
1304.44
1302.4
1293.76
1285.61
1278.12
1276.98
1183.81
1149.59
1105.73
1061.89
1084.45
1087.69
1080.55
1096.43
1099.02
1100.84
1104.88
1108.96
1132.11
1184.74
1239.49
1325.1
1436.9
1562.77
1642.54
1721.58
1960.6
274
274
274
274
274
274
274
274
274
274
274
274
274
274
274
274
274
274
274
274
274
274
274
274
274
274
274
274
274
274
274
274
274
274
274
274
274
274
274
274
274
274
274
274
274
274
274
274
274
274
274
274
274
274
274
274
274
274
274
274
274
274
274
274.001
274.023
274.993
308.342
655.589
926.818
955.206
969.992
993.185
1025.89
1071.88
1133.45
1210.49
1300.9
1399.58
1514.45
1656.06
1811.17
1883.75
1900.42
1908.29
1933.57
1942.97
1940.23
1808.79
1665.63
1487.29
1418.55
1388.7
1364.99
1357.51
1350.28
1330.33
1321.29
1306.84
1316.09
1320.3
1322.28
1314.5
1315.17
1296.95
1256.65
1160.86
1162.48
1109.25
1104.54
1123.79
1111.68
1132.27
1140.07
1155.93
1160.77
1163.1
1162.63
1204.77
1248.86
1332.35
1448.09
1597.58
1747.85
1888.08
2006.93
274
274
274
274
274
274
274
274
274
274
274
274
274
274
274
274
274
274
274
274
274
274
274
274
274
274
274
274
274
274
274
274
274
274
274
274
274
274
274
274
274
274
274
274
274
274
274
274
274
274
274
274
274
274
274
274
274
274
274
274
274
274
274
274.001
274.055
276.21
351.082
757.209
941.76
957.339
970.372
996.623
1037.18
1089.63
1157.21
1236.15
1323.71
1419.44
1532.56
1675.16
1821.88
1881.11
1894.02
1903.77
1934.22
1948.17
1947.7
1779.52
1661.35
1524.64
1475.88
1453.15
1419.45
1402.41
1395.06
1373.76
1359.76
1354.33
1345.1
1355.57
1353.97
1360.4
1361.97
1362.77
1348.68
1279.87
1196.41
1182.69
1158.82
1167.5
1156.44
1168.34
1170.47
1195.39
1211.58
1235.17
1246.78
1269.43
1291.74
1329.81
1394.31
1490.73
1642.92
1812.03
2029.57
274
274
274
274
274
274
274
274
274
274
274
274
274
274
274
274
274
274
274
274
274
274
274
274
274
274
274
274
274
274
274
274
274
274
274
274
274
274
274
274
274
274
274
274
274
274
274
274
274
274
274
274
274
274
274
274
274
274
274
274
274
274
274
274.003
274.134
278.897
416.907
830.818
947.785
962.322
982.715
1015.69
1060.01
1115.11
1183.87
1263.06
1349.79
1443.44
1552.92
1689.95
1824.82
1877.08
1890.46
1903.17
1938.36
1953.26
1934.32
1762.91
1613.36
1514.49
1483.75
1469.85
1450.57
1427.46
1416.9
1400.99
1389.45
1382.68
1380.48
1383.5
1394.54
1395.8
1392.73
1383.14
1378.97
1363.88
1321.17
1231.71
1253
1212.11
1223.79
1225.16
1213.46
1244.02
1254.76
1286.76
1323.73
1361.53
1413.06
1457.6
1524.08
1598.07
1687.94
1801.06
1910.74
274
274
274
274
274
274
274
274
274
274
274
274
274
274
274
274
274
274
274
274
274
274
274
274
274
274
274
274
274
274
274
274
274
274
274
274
274
274
274
274
274
274
274
274
274
274
274
274
274
274
274
274
274
274
274
274
274
274
274
274
274
274
274
274.007
274.314
284.73
500.305
891.1
955.662
965.335
986.192
1020.88
1068.61
1130.15
1213.15
1303.54
1391.09
1478.27
1577.92
1701.96
1826.48
1876.34
1890.33
1904.76
1948.19
1969.73
1943.52
1802.04
1639.61
1525.67
1501.29
1494.56
1492.4
1491.25
1484.7
1469.04
1458.05
1451.66
1447.93
1442.54
1439.58
1438.38
1439.26
1432.22
1430.08
1423.29
1405.95
1360.26
1273.86
1292.74
1261.39
1263.44
1264.2
1262.12
1291.51
1303.6
1354.38
1388.15
1450.23
1501.44
1572.62
1652.57
1727.58
1802.18
1858.78
274
274
274
274
274
274
274
274
274
274
274
274
274
274
274
274
274
274
274
274
274
274
274
274
274
274
274
274
274
274
274
274
274
274
274
274
274
274
274
274
274
274
274
274
274
274
274
274
274
274
274
274
274
274
274
274
274
274
274
274
274
274
274
274.014
274.614
294.063
577.975
918.904
958.93
972.024
998.769
1038.65
1090.52
1155.71
1242.35
1336.11
1423.75
1507.41
1599.3
1710.97
1828.51
1883.87
1903.69
1919.59
1966.39
1986.8
1946.27
1823.64
1683.8
1572.5
1538.32
1510.27
1495.88
1489.98
1486.62
1486.14
1489.31
1489.81
1489.65
1487.07
1480.91
1481.05
1504.5
1503.83
1506.49
1504.38
1488.75
1471.44
1426.38
1353.43
1374.54
1315.39
1352.95
1326.42
1356.01
1367.32
1397.37
1455.1
1500.3
1573.09
1613.95
1683.11
1724.83
1790.57
1824.44
274
274
274
274
274
274
274
274
274
274
274
274
274
274
274
274
274
274
274
274
274
274
274
274
274
274
274
274
274
274
274
274
274
274
274
274
274
274
274
274
274
274
274
274
274
274
274
274
274
274
274
274
274
274
274
274
274
274
274
274
274
274
274.001
274.028
275.142
312.119
663.936
939.598
963.738
974.61
1000.09
1040.12
1093.61
1161.58
1250.43
1347.59
1440.71
1530.42
1622.19
1725.75
1833.61
1888.19
1909.36
1923.81
1959.52
1970.01
1904.13
1774.52
1624.64
1566.55
1551.97
1546.62
1542.7
1532.38
1523.69
1521.32
1521.18
1519.44
1526.13
1531.69
1527.02
1538.41
1551.16
1534.54
1551.33
1572.87
1574.26
1557.64
1548.54
1478.77
1451.01
1433.97
1411.91
1425.35
1417.07
1446.01
1477.49
1535.62
1569.14
1625.55
1658.64
1734.79
1755.36
1813.61
1839.48
274
274
274
274
274
274
274
274
274
274
274
274
274
274
274
274
274
274
274
274
274
274
274
274
274
274
274
274
274
274
274
274
274
274
274
274
274
274
274
274
274
274
274
274
274
274
274
274
274
274
274
274
274
274
274
274
274
274
274
274
274
274
274.001
274.049
275.9
337.855
726.859
946.275
966.912
981.623
1009.9
1052.22
1107.44
1176.86
1264.57
1360.82
1454.33
1545.92
1639.29
1741.41
1843.05
1893.97
1914.31
1927.87
1963.04
1976.22
1905.35
1807.23
1657.35
1581.18
1558.65
1550.3
1549.36
1550.65
1553.56
1556.37
1558.19
1554.02
1576.13
1593.31
1597.32
1604.86
1607.87
1606.18
1632.35
1648.18
1664.38
1668.6
1659.96
1636.22
1575.46
1536.15
1518.53
1502.23
1511.72
1520.08
1543.46
1573.04
1637
1657.28
1719.88
1753.69
1798.62
1833.05
1852.8
274
274
274
274
274
274
274
274
274
274
274
274
274
274
274
274
274
274
274
274
274
274
274
274
274
274
274
274
274
274
274
274
274
274
274
274
274
274
274
274
274
274
274
274
274
274
274
274
274
274
274
274
274
274
274
274
274
274
274
274
274
274
274.002
274.084
277.089
371.537
781.944
954.208
970.611
984.666
1011.69
1054.43
1110.66
1180.89
1269.78
1366.77
1463.18
1557.9
1654.48
1758.72
1854.65
1898.37
1916.01
1929.86
1963.22
1975.5
1887
1784.13
1632.29
1578.5
1561.02
1553.25
1550.8
1550.34
1550.7
1554.21
1566.85
1569.17
1590.88
1615.76
1624.84
1648.87
1668.53
1676.82
1687.46
1709.29
1733.75
1750.97
1771.54
1777.28
1753.59
1702.79
1633.99
1649.84
1619.08
1650.2
1627.01
1672.59
1703.23
1743.19
1791.83
1819.82
1867.27
1884.39
1937.17
274
274
274
274
274
274
274
274
274
274
274
274
274
274
274
274
274
274
274
274
274
274
274
274
274
274
274
274
274
274
274
274
274
274
274
274
274
274
274
274
274
274
274
274
274
274
274
274
274
274
274
274
274
274
274
274
274
274
274
274
274
274
274.003
274.129
278.533
403.988
817.038
957.018
973.372
988.738
1016.68
1061.27
1118.59
1189.87
1277.58
1373
1469.74
1565.59
1664.9
1773.86
1862.93
1897.88
1910.86
1922.89
1950.99
1960.67
1868.4
1762.54
1626.87
1579.02
1563.67
1557.7
1556.36
1557.15
1559.71
1561.85
1583.03
1590.73
1604.55
1640.43
1662.07
1675.94
1699.26
1722.7
1742.34
1767.07
1787.54
1810.12
1846.61
1879.73
1895.18
1899.49
1884.26
1800.45
1789.31
1754.52
1792.02
1769.21
1807.34
1835.3
1868.32
1898.37
1926.92
1962.89
2001.42
274
274
274
274
274
274
274
274
274
274
274
274
274
274
274
274
274
274
274
274
274
274
274
274
274
274
274
274
274
274
274
274
274
274
274
274
274
274
274
274
274
274
274
274
274
274
274
274
274
274
274
274
274
274
274
274
274
274
274
274
274
274
274.004
274.188
280.409
437.608
847.049
961.625
976.845
992.072
1020.14
1065.9
1123.71
1195.51
1283.01
1378.1
1474.12
1569.31
1669.78
1778.89
1865.31
1899.27
1912.05
1924.88
1957.46
1970.31
1888.45
1787.3
1639.99
1595.19
1582.17
1577.56
1576.97
1578.84
1580.57
1581.97
1598.24
1610.39
1628.3
1661.79
1675.78
1692.22
1719.64
1744.48
1772.53
1804.81
1831.39
1861.25
1892.46
1930.3
1965.98
2001.53
2035.96
2035.81
2007.13
1935.35
1930.05
1888.47
1914.58
1914.81
1934.07
1944.03
1971.18
1995.77
2011.13
274
274
274
274
274
274
274
274
274
274
274
274
274
274
274
274
274
274
274
274
274
274
274
274
274
274
274
274
274
274
274
274
274
274
274
274
274
274
274
274
274
274
274
274
274
274
274
274
274
274
274
274
274
274
274
274
274
274
274
274
274
274
274.006
274.249
282.294
464.384
866.204
963.544
978.119
994.07
1023.87
1072.68
1133.49
1208.44
1295.95
1386.86
1478.29
1570.22
1670.02
1780.58
1867.12
1899.29
1909.71
1917.37
1942.7
1953.95
1870.87
1777.29
1630.51
1584.29
1572.49
1568.86
1569.62
1577.18
1585.99
1594.71
1611.28
1628.6
1643.22
1672.82
1693.74
1716.56
1745.67
1774.58
1806.76
1839.92
1870.92
1895.18
1923.42
1958.28
1994.77
2038.17
2085.24
2131.23
2133.48
2154.76
2048.08
2028.8
1978.59
1972.07
1975.2
1969.71
1981.05
2005.5
1971.12
274
274
274
274
274
274
274
274
274
274
274
274
274
274
274
274
274
274
274
274
274
274
274
274
274
274
274
274
274
274
274
274
274
274
274
274
274
274
274
274
274
274
274
274
274
274
274
274
274
274
274
274
274
274
274
274
274
274
274
274
274
274
274.007
274.314
284.284
488.072
882.163
966.972
981.533
1000.89
1035.74
1090.23
1156.52
1235.24
1319.24
1401.55
1483.3
1568.06
1664.23
1776.47
1865.15
1896.09
1903.94
1908.34
1928.9
1942.37
1870
1780.8
1629.13
1582.5
1571.69
1568.82
1572.55
1586.16
1599.01
1614.01
1627.67
1643.32
1659.72
1685.28
1707.7
1731.19
1759.83
1793.23
1824.54
1859.5
1894.52
1924.15
1956.68
1993.47
2030.54
2068.79
2108.89
2162.03
2198.45
2225.89
2229.55
2231.42
2131.36
2073.24
2057.46
2017.56
2000.79
1965.9
1834.6
274
274
274
274
274
274
274
274
274
274
274
274
274
274
274
274
274
274
274
274
274
274
274
274
274
274
274
274
274
274
274
274
274
274
274
274
274
274
274
274
274
274
274
274
274
274
274
274
274
274
274
274
274
274
274
274
274
274
274
274
274
274
274.008
274.358
285.626
501.87
890.355
968.7
983.769
1006.03
1044.62
1103.5
1174.54
1256.45
1338.07
1414.6
1487.97
1565.67
1656.78
1771.12
1862.56
1892.81
1898.7
1901.25
1919.56
1933.32
1871.98
1789.78
1633.35
1581.49
1568.95
1565.16
1567.07
1578.27
1594.29
1614.21
1630.99
1651.67
1666.32
1693.22
1718.53
1742.24
1769.97
1800.23
1828.65
1862.65
1896.51
1924.35
1954.42
1990.2
2025.47
2062.52
2098.6
2133.92
2174.49
2218.73
2233.47
2256.67
2264.39
2227.72
2129.09
2095.82
1909.5
1785.81
1706.54
274
274
274
274
274
274
274
274
274
274
274
274
274
274
274
274
274
274
274
274
274
274
274
274
274
274
274
274
274
274
274
274
274
274
274
274
274
274
274
274
274
274
274
274
274
274
274
274
274
274
274
274
274
274
274
274
274
274
274
274
274
274
274.009
274.379
286.26
508.15
894.387
969.796
984.965
1008.02
1047.79
1108.14
1180.9
1263.97
1344.93
1418.3
1488.09
1562.89
1654.36
1768.89
1860.18
1889.4
1894.69
1897.12
1916.63
1931.85
1891.51
1836.57
1683.75
1623.89
1605.88
1595.7
1593.63
1593.49
1598.9
1621.56
1641.41
1661.41
1681.22
1711.81
1741.57
1766.68
1794.65
1821.51
1845.62
1879.11
1915.48
1951.32
1990.94
2029.81
2066.38
2099.78
2125.46
2146.1
2167.19
2198.6
2244.52
2298.78
2322.25
2329.46
2345.34
2105.83
1866.53
1766.03
1708.52
274
274
274
274
274
274
274
274
274
274
274
274
274
274
274
274
274
274
274
274
274
274
274
274
274
274
274
274
274
274
274
274
274
274
274
274
274
274
274
274
274
274
274
274
274
274
274
274
274
274
274
274
274
274
274
274
274
274
274
274
274
274
274.008
274.359
285.658
502.552
890.995
968.684
983.849
1006.37
1044.78
1103.43
1174.76
1257.69
1341.48
1416.51
1487.05
1562.78
1655.83
1767.63
1858.94
1888.77
1894.62
1898.62
1920.54
1937.03
1893.76
1822.87
1654.06
1588.87
1572.31
1566.33
1566.12
1572.45
1587.06
1614.52
1635.62
1652.67
1668.5
1695.14
1720.33
1740.15
1766.25
1797.56
1825.13
1857.92
1891.13
1920.37
1952.99
1989.55
2026.37
2063.79
2101.39
2138.86
2177.07
2217.88
2237.97
2265.66
2274.73
2208.03
2131.26
2089.79
1901.27
1789.21
1705.62
274
274
274
274
274
274
274
274
274
274
274
274
274
274
274
274
274
274
274
274
274
274
274
274
274
274
274
274
274
274
274
274
274
274
274
274
274
274
274
274
274
274
274
274
274
274
274
274
274
274
274
274
274
274
274
274
274
274
274
274
274
274
274.007
274.315
284.371
489.782
883.82
966.958
981.617
1001.83
1036.69
1090.68
1157.18
1236.75
1322.37
1403.51
1482.87
1564.32
1659.86
1771.31
1858.09
1887.92
1894.98
1901.16
1922.55
1937.51
1880.17
1800.88
1645.56
1589.32
1576
1572.03
1573.99
1586.13
1602.09
1621.34
1635.16
1649.24
1662.1
1685.82
1708.27
1727.44
1757.1
1792.7
1822.9
1857.18
1892.64
1921.32
1953.12
1989.66
2026.97
2066.6
2112.43
2170.83
2203.75
2219.07
2245.88
2229.84
2135.79
2072.65
2043.74
2011.88
1986.89
1950.26
1823.91
274
274
274
274
274
274
274
274
274
274
274
274
274
274
274
274
274
274
274
274
274
274
274
274
274
274
274
274
274
274
274
274
274
274
274
274
274
274
274
274
274
274
274
274
274
274
274
274
274
274
274
274
274
274
274
274
274
274
274
274
274
274
274.006
274.252
282.415
466.86
868.776
963.605
978.147
995.136
1025.04
1073.09
1133.92
1209.99
1298.26
1389.32
1479.24
1568.96
1665.53
1774.47
1858.33
1889.05
1898.62
1909.92
1937.3
1949.47
1880.23
1791.6
1641.39
1591.2
1578.5
1574.69
1575.63
1584.39
1596.58
1608.43
1625.09
1636.48
1648.36
1675.08
1697.22
1717.76
1746.83
1777.11
1808.6
1844.66
1874.01
1898.28
1928.12
1965.88
2003.06
2045.99
2093.12
2142.19
2152.73
2170.13
2061.69
2036.88
1988.98
1977.5
1981.15
1976.12
1980.95
2003.01
1965.53
274
274
274
274
274
274
274
274
274
274
274
274
274
274
274
274
274
274
274
274
274
274
274
274
274
274
274
274
274
274
274
274
274
274
274
274
274
274
274
274
274
274
274
274
274
274
274
274
274
274
274
274
274
274
274
274
274
274
274
274
274
274
274.004
274.191
280.539
440.52
850.513
962.1
976.944
993.07
1021.71
1067.22
1125.14
1197.68
1286.14
1380.54
1475.01
1569.16
1666.61
1773.39
1856.93
1888.8
1900.14
1916.32
1951.26
1965.27
1893.31
1798.26
1648.52
1600.55
1585.49
1578.95
1577.48
1577.98
1581.78
1590.22
1608.82
1619.34
1633.24
1661.35
1671.1
1688.22
1720.29
1748.18
1777.84
1810.27
1836.06
1867.33
1893.87
1932.94
1971.09
2006.73
2041.84
2042.68
2018.25
1937.8
1933.15
1889.16
1923.72
1918.29
1940.32
1949.72
1972.25
1996.67
2009.68
274
274
274
274
274
274
274
274
274
274
274
274
274
274
274
274
274
274
274
274
274
274
274
274
274
274
274
274
274
274
274
274
274
274
274
274
274
274
274
274
274
274
274
274
274
274
274
274
274
274
274
274
274
274
274
274
274
274
274
274
274
274
274.003
274.132
278.655
407.181
821.461
958
973.354
989.262
1018.15
1062.96
1119.99
1191.38
1280.17
1375.3
1470.06
1565.06
1663.27
1769.06
1854.94
1888.46
1900.5
1913.5
1944.54
1955.32
1870.52
1771.33
1630.56
1581.17
1567.29
1562.86
1563.19
1570.3
1578.32
1582.52
1592.98
1595.52
1605.92
1634.86
1654.15
1670.29
1692.98
1723.16
1742.86
1770.03
1793.07
1811.73
1847.14
1880.13
1896.71
1904.5
1894.44
1809.72
1794.79
1765.84
1792.91
1773.02
1811.25
1842.99
1875.36
1902.73
1931.35
1963.49
2000.68
274
274
274
274
274
274
274
274
274
274
274
274
274
274
274
274
274
274
274
274
274
274
274
274
274
274
274
274
274
274
274
274
274
274
274
274
274
274
274
274
274
274
274
274
274
274
274
274
274
274
274
274
274
274
274
274
274
274
274
274
274
274
274.002
274.087
277.192
374.645
787.29
955.817
970.716
984.903
1013.09
1056.46
1112.01
1182
1271.22
1368.15
1463.09
1556.85
1653.49
1755.69
1847.36
1889.13
1906.56
1920.32
1955.62
1969.19
1884.59
1779.66
1632.56
1584.97
1571.41
1566.56
1565.43
1565.56
1564.41
1563.6
1566.98
1565.84
1584.17
1613.22
1623.05
1646.22
1667.04
1678.05
1694.9
1716
1728.92
1743.96
1764.99
1771.28
1753.8
1708.88
1636.91
1652.21
1622.46
1648.47
1629
1671.2
1703.57
1749.16
1797.52
1824.23
1872.66
1888.23
1942.02
274
274
274
274
274
274
274
274
274
274
274
274
274
274
274
274
274
274
274
274
274
274
274
274
274
274
274
274
274
274
274
274
274
274
274
274
274
274
274
274
274
274
274
274
274
274
274
274
274
274
274
274
274
274
274
274
274
274
274
274
274
274
274.001
274.051
275.977
340.566
733.391
948.546
967.183
981.555
1011.1
1054.55
1109.18
1177.91
1265.72
1362.46
1455.14
1545.98
1639.72
1740.51
1836.78
1885.37
1905.46
1919.14
1955.39
1970.44
1902.13
1808.6
1656.81
1589.73
1569.92
1562.46
1561.74
1562.53
1560.11
1557.18
1557.42
1553.34
1572.9
1595.41
1600.65
1610.52
1614.13
1613.85
1639.08
1653.11
1661.51
1666.25
1658.09
1640.88
1578.33
1540.18
1535.01
1508.78
1518.33
1529.92
1547.27
1580.6
1636.22
1668.12
1723.36
1759.78
1800.19
1834.44
1849.38
274
274
274
274
274
274
274
274
274
274
274
274
274
274
274
274
274
274
274
274
274
274
274
274
274
274
274
274
274
274
274
274
274
274
274
274
274
274
274
274
274
274
274
274
274
274
274
274
274
274
274
274
274
274
274
274
274
274
274
274
274
274
274.001
274.029
275.195
314.258
671.592
942.547
964.495
974.802
1001.06
1042.38
1095.74
1163.16
1251.98
1349.74
1442.53
1531.61
1623
1725.35
1828.5
1880.41
1901.61
1916.07
1951.42
1963.77
1897.95
1773.87
1624.12
1571.21
1558.39
1554.35
1551.29
1543.29
1532.11
1523.81
1522.51
1522.33
1531.66
1537.34
1535.34
1549.58
1552.84
1531.69
1553.62
1572.86
1573.08
1557.7
1549.33
1481.18
1455.13
1443.71
1413.96
1436.44
1420.17
1454.74
1482.03
1543.55
1578.47
1633.73
1668.08
1741.42
1759.55
1816.9
1837.07
274
274
274
274
274
274
274
274
274
274
274
274
274
274
274
274
274
274
274
274
274
274
274
274
274
274
274
274
274
274
274
274
274
274
274
274
274
274
274
274
274
274
274
274
274
274
274
274
274
274
274
274
274
274
274
274
274
274
274
274
274
274
274
274.015
274.647
295.222
586.7
923.462
960.112
971.855
999.36
1040.87
1093.14
1158.08
1243.67
1337.28
1426
1510.67
1600.99
1710.41
1824.74
1877.57
1897.79
1913.2
1959.79
1980.98
1939.79
1821.15
1674.75
1574.17
1542.96
1519.8
1506.87
1500.24
1491.98
1489.98
1491.04
1491.71
1492.18
1489.53
1478.17
1489.83
1506.56
1498.7
1506.99
1506.12
1490.81
1480.01
1436.49
1359.03
1387.99
1326.92
1368.15
1341.29
1371.16
1381.53
1416.15
1469.24
1517.91
1589.01
1630.3
1695.55
1739.08
1801.42
1837.4
274
274
274
274
274
274
274
274
274
274
274
274
274
274
274
274
274
274
274
274
274
274
274
274
274
274
274
274
274
274
274
274
274
274
274
274
274
274
274
274
274
274
274
274
274
274
274
274
274
274
274
274
274
274
274
274
274
274
274
274
274
274
274
274.007
274.335
285.414
508.332
897.764
957.492
965.214
986.328
1022.8
1071.67
1134.16
1215.4
1306.84
1395.96
1482.73
1580.32
1703.8
1824.5
1871.23
1885.02
1897.66
1941.35
1963.09
1933.55
1802.67
1636.6
1535.76
1514.61
1506.24
1499.95
1496.92
1486.75
1473.31
1464.8
1460.54
1455.22
1444.96
1440.03
1438.96
1442.54
1437.27
1435.73
1431.89
1419.72
1372.05
1277.91
1302.25
1269.33
1273.3
1268.55
1273.12
1296.28
1312.64
1361.56
1395.84
1457.77
1505.33
1577.51
1652.69
1731.53
1802.65
1860.42
274
274
274
274
274
274
274
274
274
274
274
274
274
274
274
274
274
274
274
274
274
274
274
274
274
274
274
274
274
274
274
274
274
274
274
274
274
274
274
274
274
274
274
274
274
274
274
274
274
274
274
274
274
274
274
274
274
274
274
274
274
274
274
274.003
274.144
279.289
425.552
840.725
950.098
961.994
982.332
1016.94
1063.32
1119.33
1187.75
1266.92
1354.61
1448.12
1556.89
1693.15
1823.17
1872.15
1884.8
1896.56
1933.57
1948.88
1925.22
1762.76
1609.52
1519.33
1489.45
1474.58
1453.51
1433.39
1422.32
1404.08
1391.3
1383.6
1383.1
1383.43
1391.78
1393.45
1393.66
1388.39
1388.18
1375.56
1333.69
1241.84
1258.72
1223.53
1233.93
1229.9
1223.03
1248.49
1258.61
1292.03
1325.27
1365.97
1412.89
1455.74
1520.32
1588.44
1680.19
1789.03
1899.1
274
274
274
274
274
274
274
274
274
274
274
274
274
274
274
274
274
274
274
274
274
274
274
274
274
274
274
274
274
274
274
274
274
274
274
274
274
274
274
274
274
274
274
274
274
274
274
274
274
274
274
274
274
274
274
274
274
274
274
274
274
274
274
274.001
274.06
276.406
357.99
770.122
944.362
957.028
969.712
997.171
1040.28
1095.61
1162.2
1239.51
1327.16
1424.67
1538.86
1680.3
1821.2
1876.85
1888.74
1897.92
1930.32
1947.94
1946.83
1783.46
1663.68
1532.87
1486.85
1461.38
1429.63
1409.4
1399.21
1375.36
1360.19
1354.64
1351.1
1359.17
1355.38
1370.43
1373.6
1377.68
1361.84
1293.11
1203.39
1190.21
1165.91
1175.42
1161.62
1171.77
1177.39
1197.21
1214.37
1231.24
1241.06
1268.32
1287.29
1326.43
1389.07
1485.22
1633.8
1799.16
2015.54
274
274
274
274
274
274
274
274
274
274
274
274
274
274
274
274
274
274
274
274
274
274
274
274
274
274
274
274
274
274
274
274
274
274
274
274
274
274
274
274
274
274
274
274
274
274
274
274
274
274
274
274
274
274
274
274
274
274
274
274
274
274
274
274.001
274.025
275.078
312.005
669.67
930.371
955.968
970.108
993.831
1028.72
1077.75
1138.65
1214.03
1303.39
1404.69
1522.18
1663.04
1812.77
1879.84
1895.63
1903.99
1931.58
1943.96
1945.45
1797.41
1661.15
1488.5
1425.99
1399.18
1370.5
1359.22
1349.18
1327.72
1320.25
1308.59
1320.66
1322.51
1322.34
1317.86
1322.61
1306.16
1272.65
1173.25
1166.85
1112.61
1110.43
1126.42
1113.3
1133.08
1142.01
1152.46
1155.11
1154.55
1160.57
1200.88
1241.02
1324.65
1440.09
1587.67
1734.33
1876.89
1997.45
274
274
274
274
274
274
274
274
274
274
274
274
274
274
274
274
274
274
274
274
274
274
274
274
274
274
274
274
274
274
274
274
274
274
274
274
274
274
274
274
274
274
274
274
274
274
274
274
274
274
274
274
274
274
274
274
274
274
274
274
274
274
274
274
274.013
274.59
294.061
585.354
912.244
948.776
964.966
990.339
1024.83
1071.12
1129.08
1198.98
1285.53
1387.11
1507.73
1650.47
1804.32
1879.6
1897.69
1906.5
1931.66
1940.6
1936.88
1836.08
1678.1
1491.28
1419.44
1397.47
1365.05
1345.14
1332.4
1310.84
1296.34
1299.78
1305.34
1302.81
1295.97
1291.2
1290.12
1292.57
1194.9
1155.99
1110.72
1065.02
1088.33
1090.47
1083.36
1098.65
1099.69
1098.26
1098.91
1103.56
1128.36
1180.06
1231.36
1317.77
1429.07
1551.59
1635.73
1710.73
1952.3
274
274
274
274
274
274
274
274
274
274
274
274
274
274
274
274
274
274
274
274
274
274
274
274
274
274
274
274
274
274
274
274
274
274
274
274
274
274
274
274
274
274
274
274
274
274
274
274
274
274
274
274
274
274
274
274
274
274
274
274
274
274
274
274
274.003
274.165
280.162
445.067
856.081
944.855
954.827
972.503
1002.98
1044.54
1095.59
1159.47
1240.77
1341.61
1467.14
1617.41
1779.87
1869.73
1895.02
1904.41
1925.23
1932.43
1923.13
1844.49
1631.53
1431.33
1336.02
1295.96
1260.19
1241.81
1234.66
1227.96
1232.35
1236.81
1235.33
1234.67
1235.73
1239.91
1252.23
1147.58
1101.64
1019.41
1012.06
1000.56
1001.18
990.947
986.578
989.348
987.697
992.031
1000.44
1018.6
1055.83
1096.8
1124.42
1166.15
1213.96
1283.47
1443.26
1646.83
1724.66
274
274
274
274
274
274
274
274
274
274
274
274
274
274
274
274
274
274
274
274
274
274
274
274
274
274
274
274
274
274
274
274
274
274
274
274
274
274
274
274
274
274
274
274
274
274
274
274
274
274
274
274
274
274
274
274
274
274
274
274
274
274
274
274
274.001
274.021
274.964
309.057
662.791
935.802
955.22
962.57
983.85
1021.47
1068.92
1126.77
1196.73
1282.85
1393.32
1533
1696.01
1830.4
1877.96
1890.96
1902.46
1912.62
1908.29
1885.51
1666.32
1476.79
1347.64
1301.23
1282.29
1267.49
1259.64
1245.03
1224.32
1216.65
1201.23
1190.72
1191.55
1187.73
1098.22
1060.54
988.31
990.993
977.8
975.636
977.968
991.204
981.526
987.255
989.561
1002.54
1021.19
1047.89
1083.35
1127.02
1179.58
1277.02
1456.23
1566.39
1611.36
1355.51
1237.76
274
274
274
274
274
274
274
274
274
274
274
274
274
274
274
274
274
274
274
274
274
274
274
274
274
274
274
274
274
274
274
274
274
274
274
274
274
274
274
274
274
274
274
274
274
274
274
274
274
274
274
274
274
274
274
274
274
274
274
274
274
274
274
274
274
274.003
274.145
279.616
436.419
853.923
954.342
962.43
973.707
998.076
1038.76
1094.15
1166.4
1246.67
1331.44
1437.8
1579.02
1758.59
1857.23
1876.1
1881.37
1897.99
1902.13
1900.93
1741.58
1552.35
1370.02
1299.15
1269.85
1231.59
1214.67
1229.4
1214.45
1174.82
1162.87
1161.19
1171.74
1100.69
1018.21
972.241
955.41
942.09
926.216
937.362
927.22
924.72
920.627
936.014
955.792
975.694
991.546
1001.34
1034.67
1107.63
1232.41
1415.83
1494.25
1510.91
1394.97
1319.11
1004.96
274
274
274
274
274
274
274
274
274
274
274
274
274
274
274
274
274
274
274
274
274
274
274
274
274
274
274
274
274
274
274
274
274
274
274
274
274
274
274
274
274
274
274
274
274
274
274
274
274
274
274
274
274
274
274
274
274
274
274
274
274
274
274
274
274
274
274.017
274.831
304.327
645.845
934.911
961.95
970.286
984.189
1010.01
1050.96
1105.4
1174.96
1258.44
1360.51
1497.36
1684.91
1831.76
1869.67
1874.15
1894.16
1897.7
1904.72
1855.49
1610.75
1352.55
1231.89
1202.27
1203.4
1188.05
1174.65
1172.68
1176.61
1179.35
1139.1
1089.94
968.032
923.713
885.659
875.17
857.932
858.722
874.309
881.913
915.863
938.243
950.655
974.432
996.057
1035.89
1106.61
1251.34
1381.59
1467
1489.14
1444.48
1383.7
1381.83
1280.41
1141.08
274
274
274
274
274
274
274
274
274
274
274
274
274
274
274
274
274
274
274
274
274
274
274
274
274
274
274
274
274
274
274
274
274
274
274
274
274
274
274
274
274
274
274
274
274
274
274
274
274
274
274
274
274
274
274
274
274
274
274
274
274
274
274
274
274
274
274.002
274.096
278.01
406.093
826.835
949.688
965.719
977.912
995.315
1021.98
1059.1
1111.15
1184.57
1284.27
1420.39
1610.64
1806.9
1872.28
1877.93
1883.18
1891.66
1898.56
1897.3
1722.3
1564.23
1351.16
1308.14
1321.29
1297.97
1281.93
1313.71
1292.1
1219.32
1069.37
1000.08
970.368
919.832
922.691
908.399
919.41
926.738
921.468
922.62
927.936
929.08
929.58
961.985
1014.45
1110.66
1290.07
1364.6
1435.96
1455.67
1428.62
1367.02
1359.4
1426.82
1352.58
1114.97
274
274
274
274
274
274
274
274
274
274
274
274
274
274
274
274
274
274
274
274
274
274
274
274
274
274
274
274
274
274
274
274
274
274
274
274
274
274
274
274
274
274
274
274
274
274
274
274
274
274
274
274
274
274
274
274
274
274
274
274
274
274
274
274
274
274
274
274.008
274.427
290.035
561.412
909.439
953.437
968.854
984.647
1005.17
1031.19
1067.35
1123.79
1210.04
1336.93
1519.89
1752.97
1864.26
1881.03
1883.37
1885.93
1863.29
1876.55
1889.22
1725.9
1582.16
1408.72
1370.09
1374.24
1344.86
1343.13
1347.87
1263.66
1123.57
1050.66
926.83
886.94
872.232
851.809
853.878
853.84
863.442
886.741
911.914
943.916
1000.91
1080.88
1190.75
1329.65
1394.27
1426.93
1435.35
1415.18
1383.06
1369.07
1453.09
1434.66
1301.14
1027.71
274
274
274
274
274
274
274
274
274
274
274
274
274
274
274
274
274
274
274
274
274
274
274
274
274
274
274
274
274
274
274
274
274
274
274
274
274
274
274
274
274
274
274
274
274
274
274
274
274
274
274
274
274
274
274
274
274
274
274
274
274
274
274
274
274
274
274
274.001
274.03
275.468
331.514
727.083
930.139
952.446
968.515
988.316
1011.74
1038.44
1078.73
1143.77
1248
1404.56
1625.77
1832.01
1880.74
1880.16
1869.5
1855.5
1864.06
1875.98
1845.87
1672.8
1487.35
1432.55
1428.2
1456.46
1519.65
1567.65
1549.5
1548.69
1297.09
1118.69
1115.76
1044.84
1040.79
1031.72
1008.64
998.959
1017.32
1049.14
1104.53
1209.55
1327.66
1437.5
1483.75
1471.09
1435.9
1426.9
1417.05
1420.01
1482.78
1443.32
1326.07
1134.58
842.856
274
274
274
274
274
274
274
274
274
274
274
274
274
274
274
274
274
274
274
274
274
274
274
274
274
274
274
274
274
274
274
274
274
274
274
274
274
274
274
274
274
274
274
274
274
274
274
274
274
274
274
274
274
274
274
274
274
274
274
274
274
274
274
274
274
274
274
274
274.002
274.103
278.441
418.263
833.967
934.92
950.085
967.07
989.387
1015.26
1046.62
1091.85
1166.01
1285.45
1464.39
1712.36
1850.66
1865.06
1859.87
1854.34
1852.38
1871.46
1882.96
1819.49
1744.5
1610.15
1598.32
1676.97
1829.72
1977.01
2077.25
2002.73
1712.34
1563.29
1462.81
1357.94
1401.88
1439.54
1421.83
1482.09
1548.82
1581.1
1652.96
1687.17
1673.79
1584.94
1508.96
1480.75
1475.63
1485.63
1528.31
1505.8
1468.49
1328.26
1140.98
896.434
675.424
274
274
274
274
274
274
274
274
274
274
274
274
274
274
274
274
274
274
274
274
274
274
274
274
274
274
274
274
274
274
274
274
274
274
274
274
274
274
274
274
274
274
274
274
274
274
274
274
274
274
274
274
274
274
274
274
274
274
274
274
274
274
274
274
274
274
274
274
274
274.005
274.28
285.17
517.277
890.33
935.871
946.231
963.55
987.876
1016.9
1052.4
1102.64
1181.7
1307.29
1496.24
1737.27
1845.22
1851.48
1831.03
1819.84
1840.3
1879.96
1879.65
1864.36
1844.11
1846.19
1936.99
2044.06
2141.94
2191.77
2187.38
2182.79
2134.18
1989.36
1949.86
1896.15
1766.06
1682.48
1659.4
1687.34
1712.42
1707.98
1670.54
1629.25
1605.32
1607.83
1625.95
1619.74
1623.69
1570.05
1464.99
1344.7
1127.34
884.722
701.135
570.275
274
274
274
274
274
274
274
274
274
274
274
274
274
274
274
274
274
274
274
274
274
274
274
274
274
274
274
274
274
274
274
274
274
274
274
274
274
274
274
274
274
274
274
274
274
274
274
274
274
274
274
274
274
274
274
274
274
274
274
274
274
274
274
274
274
274
274
274
274
274
274.011
274.606
297.44
614.529
913.053
933.795
940.664
957.602
983.139
1014.68
1052.63
1104.02
1181.76
1302.12
1483.54
1722.57
1841.95
1863.25
1867.81
1856.36
1872.78
1883.05
1881.55
1910.65
1901.59
1951.78
2038.06
2135.36
2185.94
2191.84
2179.26
2140.67
2122.06
2136.69
2147.56
2149.07
2148.48
2118.7
2068.92
2047.02
2005.59
1971.45
1926.79
1861.79
1790.61
1710.17
1639.15
1520.29
1384.14
1182.19
988.805
808.393
680.498
582.216
494.246
274
274
274
274
274
274
274
274
274
274
274
274
274
274
274
274
274
274
274
274
274
274
274
274
274
274
274
274
274
274
274
274
274
274
274
274
274
274
274
274
274
274
274
274
274
274
274
274
274
274
274
274
274
274
274
274
274
274
274
274
274
274
274
274
274
274
274
274
274
274
274
274.022
275.091
316.11
687.832
919.984
929.451
933.715
949.638
975.091
1006.49
1043.44
1091.92
1162.42
1270.03
1437.02
1675.98
1833.07
1863.65
1859.56
1826.86
1822.8
1825.43
1856.38
1874.14
1911.79
1964.46
2042.35
2092.38
2112.26
2117.45
2105.53
2098.45
2102.78
2118.16
2124.82
2124.41
2107.39
2070.32
2031.29
1975.36
1914.99
1844.43
1764.7
1677.49
1547.4
1427.67
1240.33
1069.58
903.982
787.525
665.522
576.491
506.174
444.816
274
274
274
274
274
274
274
274
274
274
274
274
274
274
274
274
274
274
274
274
274
274
274
274
274
274
274
274
274
274
274
274
274
274
274
274
274
274
274
274
274
274
274
274
274
274
274
274
274
274
274
274
274
274
274
274
274
274
274
274
274
274
274
274
274
274
274
274
274
274
274
274.001
274.037
275.645
335.193
729.792
920.062
923.919
926.295
940.878
964.421
992.597
1025.64
1067.04
1126.05
1217.04
1362.9
1585.38
1776.18
1828.53
1806.72
1781.73
1749.81
1741.38
1752.38
1768.32
1799.06
1832.75
1851.38
1857.63
1857.71
1851.3
1848.76
1847.8
1855.03
1859.72
1858.29
1848.98
1825
1784.43
1720.04
1641.19
1549.9
1440.56
1335.11
1197.28
1090.25
970.607
868.974
757.1
671.753
585.225
519.64
467.469
420.885
274
274
274
274
274
274
274
274
274
274
274
274
274
274
274
274
274
274
274
274
274
274
274
274
274
274
274
274
274
274
274
274
274
274
274
274
274
274
274
274
274
274
274
274
274
274
274
274
274
274
274
274
274
274
274
274
274
274
274
274
274
274
274
274
274
274
274
274
274
274
274
274
274.001
274.051
276.05
345.527
740.268
916.37
918.561
919.352
931.373
951.384
974.956
1002.23
1034.62
1080.45
1153.22
1268.02
1429.39
1614.53
1712.46
1725.39
1710.84
1698.67
1699.53
1695.96
1701.81
1686.77
1671.49
1656.88
1649.66
1652.43
1654.11
1648.48
1638.45
1628.18
1622.64
1625.89
1618.24
1581.39
1510.78
1431.86
1343.37
1231.19
1120.76
1006.54
905.981
808.98
726.998
643.445
581.248
519.982
471.666
432.786
397.072
274
274
274
274
274
274
274
274
274
274
274
274
274
274
274
274
274
274
274
274
274
274
274
274
274
274
274
274
274
274
274
274
274
274
274
274
274
274
274
274
274
274
274
274
274
274
274
274
274
274
274
274
274
274
274
274
274
274
274
274
274
274
274
274
274
274
274
274
274
274
274
274
274
274.001
274.057
276.097
341.722
721.618
910.064
913.562
912.609
921.669
937.507
956.423
976.119
999.501
1032.34
1082.39
1156.22
1254.36
1374.68
1477.23
1564.05
1605.25
1635.47
1642.01
1642.07
1632.77
1615.36
1592.07
1570.95
1560.51
1551.36
1541.27
1534.77
1530.19
1527.59
1516.7
1489.35
1443.27
1373.89
1292.58
1198.7
1083.05
964.634
858.158
770.196
691.397
628.084
565.451
519.277
474.998
438.36
408.368
382.394
274
274
274
274
274
274
274
274
274
274
274
274
274
274
274
274
274
274
274
274
274
274
274
274
274
274
274
274
274
274
274
274
274
274
274
274
274
274
274
274
274
274
274
274
274
274
274
274
274
274
274
274
274
274
274
274
274
274
274
274
274
274
274
274
274
274
274
274
274
274
274
274
274
274
274.001
274.055
275.762
325.574
670.754
897.935
907.632
905.711
911.845
923.746
937.48
950.029
965.278
985.722
1013.55
1054.81
1103.64
1161.94
1230.14
1310.95
1374.54
1431.79
1467.98
1494.61
1507.11
1509.09
1504.17
1497.81
1490.5
1480.7
1470.31
1458.26
1438.57
1398.99
1346.22
1283.19
1204.12
1120.34
1028.17
921.559
819.861
735.135
666.478
605.905
558.581
512.076
477.385
444.868
416.482
393.523
375.599
274
274
274
274
274
274
274
274
274
274
274
274
274
274
274
274
274
274
274
274
274
274
274
274
274
274
274
274
274
274
274
274
274
274
274
274
274
274
274
274
274
274
274
274
274
274
274
274
274
274
274
274
274
274
274
274
274
274
274
274
274
274
274
274
274
274
274
274
274
274
274
274
274
274
274
274.001
274.046
275.236
305.495
586.765
869.569
899.159
897.813
900.982
910.146
918.283
925.033
933.231
941.141
954.892
968.199
987.975
1015.63
1052.01
1088.44
1129.18
1166.63
1204.55
1245.64
1285.54
1318.77
1338.37
1347.73
1344.54
1327.81
1296.77
1252.43
1201.21
1141.8
1076.29
1001.07
927.93
853.388
774.372
701.162
640.525
591.052
546.449
511.672
476.676
449.915
425.616
404.068
387.589
373.989
274
274
274
274
274
274
274
274
274
274
274
274
274
274
274
274
274
274
274
274
274
274
274
274
274
274
274
274
274
274
274
274
274
274
274
274
274
274
274
274
274
274
274
274
274
274
274
274
274
274
274
274
274
274
274
274
274
274
274
274
274
274
274
274
274
274
274
274
274
274
274
274
274
274
274
274
274.001
274.034
274.74
290.175
483.908
804.954
885.341
887.511
888.892
894.959
897.681
899.351
899.802
902.588
903.091
906.463
910.26
916.469
929.772
945.151
961.888
982.558
1006.69
1033.99
1059.78
1081.21
1094.11
1094.79
1082.92
1057.65
1021.36
978.302
930.193
878.794
823.011
769.845
717.399
664.105
615.067
573.447
538.901
506.379
480.554
454.217
433.425
415.227
399.451
386.846
375.703
274
274
274
274
274
274
274
274
274
274
274
274
274
274
274
274
274
274
274
274
274
274
274
274
274
274
274
274
274
274
274
274
274
274
274
274
274
274
274
274
274
274
274
274
274
274
274
274
274
274
274
274
274
274
274
274
274
274
274
274
274
274
274
274
274
274
274
274
274
274
274
274
274
274
274
274
274
274.001
274.022
274.388
281.051
383.988
690.027
859.343
873.854
874.597
875.665
874.328
871.621
869.325
869.359
863.782
861.102
856.193
850.26
847.404
847.608
851.584
858.817
869.073
880.477
889.836
894.459
892.948
883.311
865.003
838.542
807.617
773.153
737.922
700.101
663.678
628.251
592.516
559.134
529.66
504.872
480.726
461.194
441.383
425.382
411.949
399.64
388.979
381.392
274
274
274
274
274
274
274
274
274
274
274
274
274
274
274
274
274
274
274
274
274
274
274
274
274
274
274
274
274
274
274
274
274
274
274
274
274
274
274
274
274
274
274
274
274
274
274
274
274
274
274
274
274
274
274
274
274
274
274
274
274
274
274
274
274
274
274
274
274
274
274
274
274
274
274
274
274
274
274
274.012
274.182
276.631
311.505
532.013
787.721
854.406
857.323
854.602
850.454
846.327
844.596
841.574
830.723
823.272
812.587
801.646
792.472
785.967
782.168
779.817
779.195
778.378
775.835
769.873
759.338
743.927
724.309
701.697
677.505
653.612
627.534
601.273
575.612
549.69
525.273
503.022
484.302
465.872
450.831
436.005
423.514
412.623
403.055
395.595
388.867
274
274
274
274
274
274
274
274
274
274
274
274
274
274
274
274
274
274
274
274
274
274
274
274
274
274
274
274
274
274
274
274
274
274
274
274
274
274
274
274
274
274
274
274
274
274
274
274
274
274
274
274
274
274
274
274
274
274
274
274
274
274
274
274
274
274
274
274
274
274
274
274
274
274
274
274
274
274
274
274
274.006
274.077
274.906
284.831
386.474
643.223
814.073
837.683
835.133
829.469
823.843
818.818
813.544
805.34
796.26
783.638
769.529
755.734
745.598
737.932
731.012
724.127
716.39
706.621
694.298
679.908
663.887
646.326
627.097
607.892
587.525
566.375
546.142
526.176
507.381
489.764
474.863
460.01
447.553
435.802
425.58
416.694
407.828
398.838
390.1
274
274
274
274
274
274
274
274
274
274
274
274
274
274
274
274
274
274
274
274
274
274
274
274
274
274
274
274
274
274
274
274
274
274
274
274
274
274
274
274
274
274
274
274
274
274
274
274
274
274
274
274
274
274
274
274
274
274
274
274
274
274
274
274
274
274
274
274
274
274
274
274
274
274
274
274
274
274
274
274
274
274.002
274.03
274.303
276.909
301.588
453.678
691.063
803.137
814.447
809.466
803.687
794.811
787.076
782.341
776.479
766.694
753.692
740.616
728.495
716.844
705.245
693.379
680.892
667.259
652.698
637.323
620.169
602.842
585.778
567.593
549.448
533.126
516.79
501.201
486.17
472.84
459.581
447.914
436.864
426.066
415.525
405.57
396.663
388.981
274
274
274
274
274
274
274
274
274
274
274
274
274
274
274
274
274
274
274
274
274
274
274
274
274
274
274
274
274
274
274
274
274
274
274
274
274
274
274
274
274
274
274
274
274
274
274
274
274
274
274
274
274
274
274
274
274
274
274
274
274
274
274
274
274
274
274
274
274
274
274
274
274
274
274
274
274
274
274
274
274
274
274.001
274.011
274.093
274.759
280.114
321.555
482.878
679.983
774.19
787.201
781.099
773.245
764.289
756.104
750.527
744.928
735.269
723.632
711.187
698.178
684.945
671.206
656.607
641.274
625.268
608.832
592.55
576.206
559.915
543.672
528.326
512.657
497.585
482.726
468.843
455.455
443.14
432.099
422.088
412.773
403.854
395.706
386.435
274
274
274
274
274
274
274
274
274
274
274
274
274
274
274
274
274
274
274
274
274
274
274
274
274
274
274
274
274
274
274
274
274
274
274
274
274
274
274
274
274
274
274
274
274
274
274
274
274
274
274
274
274
274
274
274
274
274
274
274
274
274
274
274
274
274
274
274
274
274
274
274
274
274
274
274
274
274
274
274
274
274
274
274
274.003
274.028
274.197
275.291
282.243
323.276
455.699
622.409
721.306
749.954
748.904
740.658
732.115
722.806
712.688
702.183
691.379
679.763
667.322
654.261
640.659
626.318
610.953
595.372
579.51
563.476
547.684
531.823
516.171
500.777
486.414
472.958
461.039
450.18
439.827
429.739
420.23
408.823
389.953
356.069
316.893
274
274
274
274
274
274
274
274
274
274
274
274
274
274
274
274
274
274
274
274
274
274
274
274
274
274
274
274
274
274
274
274
274
274
274
274
274
274
274
274
274
274
274
274
274
274
274
274
274
274
274
274
274
274
274
274
274
274
274
274
274
274
274
274
274
274
274
274
274
274
274
274
274
274
274
274
274
274
274
274
274
274
274
274
274
274.001
274.008
274.048
274.279
275.453
281.167
304.937
387.01
519.473
627.387
685.172
701.981
699.599
690.877
680.115
668.137
655.121
641.875
628.555
615.072
601.244
586.775
572.325
558.16
544.082
530.417
516.852
503.832
491.148
479.024
467.429
456.603
445.595
431.603
406.59
370.062
327.632
295.653
284.394
278.771
274
274
274
274
274
274
274
274
274
274
274
274
274
274
274
274
274
274
274
274
274
274
274
274
274
274
274
274
274
274
274
274
274
274
274
274
274
274
274
274
274
274
274
274
274
274
274
274
274
274
274
274
274
274
274
274
274
274
274
274
274
274
274
274
274
274
274
274
274
274
274
274
274
274
274
274
274
274
274
274
274
274
274
274
274
274
274
274.002
274.012
274.056
274.264
275.084
278.092
288.005
316.18
380.859
473.742
551.735
600.771
625.4
630.261
625.402
616.296
605.274
593.339
580.858
567.761
554.765
541.97
529.1
516.473
503.8
491.184
477.462
460.981
435.526
402.213
362.403
319.949
294.928
284.851
279.363
276.635
275.248
274.573
274
274
274
274
274
274
274
274
274
274
274
274
274
274
274
274
274
274
274
274
274
274
274
274
274
274
274
274
274
274
274
274
274
274
274
274
274
274
274
274
274
274
274
274
274
274
274
274
274
274
274
274
274
274
274
274
274
274
274
274
274
274
274
274
274
274
274
274
274
274
274
274
274
274
274
274
274
274
274
274
274
274
274
274
274
274
274
274
274
274.002
274.012
274.046
274.166
274.559
275.654
278.494
285.16
298.228
321.21
357.786
406.56
447.975
476.087
492.722
500.273
500.646
495.635
486.197
472.627
454.949
433.687
407.965
378.702
345.903
314.151
297.629
287.955
281.877
278.181
276.227
275.15
274.586
274.304
274.152
274.072
274
274
274
274
274
274
274
274
274
274
274
274
274
274
274
274
274
274
274
274
274
274
274
274
274
274
274
274
274
274
274
274
274
274
274
274
274
274
274
274
274
274
274
274
274
274
274
274
274
274
274
274
274
274
274
274
274
274
274
274
274
274
274
274
274
274
274
274
274
274
274
274
274
274
274
274
274
274
274
274
274
274
274
274
274
274
274
274
274
274
274
274.002
274.008
274.027
274.077
274.204
274.506
275.132
276.278
278.197
281.18
285.253
289.863
294.25
297.798
300.043
300.591
299.438
296.848
293.237
289.371
285.508
282.129
279.401
277.468
276.159
275.278
274.727
274.41
274.231
274.127
274.069
274.037
274.019
274.009
274
274
274
274
274
274
274
274
274
274
274
274
274
274
274
274
274
274
274
274
274
274
274
274
274
274
274
274
274
274
274
274
274
274
274
274
274
274
274
274
274
274
274
274
274
274
274
274
274
274
274
274
274
274
274
274
274
274
274
274
274
274
274
274
274
274
274
274
274
274
274
274
274
274
274
274
274
274
274
274
274
274
274
274
274
274
274
274
274
274
274
274
274
274.001
274.004
274.011
274.027
274.06
274.121
274.225
274.386
274.612
274.894
275.199
275.483
275.704
275.801
275.781
275.652
275.426
275.157
274.881
274.64
274.446
274.301
274.195
274.122
274.074
274.044
274.025
274.015
274.008
274.004
274.002
274.001
274.001
274.001
274.001
274
274
274
274
274
274
274
274
274
274
274
274
274
274
274
274
274
274
274
274
274
274
274
274
274
274
274
274
274
274
274
274
274
274
274
274
274
274
274
274
274
274
274
274
274
274
274
274
274
274
274
274
274
274
274
274
274
274
274
274
274
274
274
274
274
274
274
274
274
274
274
274
274
274
274
274
274
274
274
274
274
274
274
274
274
274
274
274
274
274
274
274
274.001
274.002
274.004
274.008
274.014
274.025
274.04
274.058
274.079
274.1
274.118
274.128
274.13
274.125
274.112
274.094
274.075
274.057
274.041
274.028
274.019
274.012
274.008
274.005
274.003
274.002
274.001
274.001
274
274
274.002
274.002
274.002
274.002
274.002
274.002
274.002
274.002
274.002
274.002
274.002
274.002
274.002
274.002
274.002
274.002
274.002
274.002
274.002
274.002
274.002
274.002
274.002
274.002
274.002
274.002
274.002
274.002
274.002
274.002
274.002
274.002
274.002
274.002
274.002
274.002
274.002
274.002
274.002
274.002
274.002
274.002
274.002
274.002
274.002
274.002
274.002
274.002
274.002
274.002
274.002
274.002
274.002
274.002
274.002
274.002
274.002
274.002
274.002
274.002
274.002
274.002
274.002
274.002
274.002
274.002
274.002
274.002
274.002
274.002
274.002
274.002
274.002
274.002
274.002
274.002
274.002
274.002
274.002
274.002
274.002
274.002
274.002
274.002
274.002
274.002
274.002
274.002
274.002
274.002
274.002
274.002
274.002
274.002
274.002
274.002
274.002
274.002
274.002
274.003
274.003
274.004
274.006
274.008
274.009
274.011
274.012
274.012
274.012
274.011
274.01
274.009
274.007
274.006
274.005
274.004
274.003
274.003
274.002
274.002
274.002
274.002
274.002
274.002
274.001
)
;

boundaryField
{
    wall
    {
        type            zeroGradient;
    }
    inlet
    {
        type            fixedValue;
        value           uniform 3673;
    }
    outlet-1
    {
        type            inletOutlet;
        inletValue      uniform 274;
        value           uniform 274;
    }
    outlet-2
    {
        type            inletOutlet;
        inletValue      uniform 274;
        value           nonuniform List<scalar> 
89
(
274.002
274.001
274
274
274
274
274
274
274
274
274
274
274
274
274
274
274
274
274
274
274
274
274
274
274
274
274
274
274
274
274
274
274
274
274
274
274
274
274
274
274
274
274
274
274
274
274
274
274
274
274
274
274
274
274
274
274
274
274
274
274
274
274
274
274
274
274
274
274
274
274
274
274
274
274
274
274
274
274
274
274
274
274
274
274
274
274
274.001
274.002
)
;
    }
    frontAndBackPlanes
    {
        type            empty;
    }
}


// ************************************************************************* //
