/*--------------------------------*- C++ -*----------------------------------*\
| =========                 |                                                 |
| \\      /  F ield         | OpenFOAM: The Open Source CFD Toolbox           |
|  \\    /   O peration     | Version:  2112                                  |
|   \\  /    A nd           | Website:  www.openfoam.com                      |
|    \\/     M anipulation  |                                                 |
\*---------------------------------------------------------------------------*/
FoamFile
{
    version     2.0;
    format      ascii;
    arch        "LSB;label=32;scalar=64";
    class       volScalarField;
    location    "0.00168";
    object      T;
}
// * * * * * * * * * * * * * * * * * * * * * * * * * * * * * * * * * * * * * //

dimensions      [0 0 0 1 0 0 0];

internalField   nonuniform List<scalar> 
13875
(
1411.73
1534.92
1482.69
1486.75
1481.08
1483.5
1483.56
1483.06
1483.76
1483.19
1484.35
1483.63
1483.73
1483.49
1483.64
1483.97
1482.75
1482.97
1483.12
1483.78
1481.02
1487.4
1480.67
1533
1397.15
1306.97
1356.03
1319.12
1322.04
1316.59
1317.08
1317.03
1317.76
1322.53
1322.42
1323.06
1317.96
1317.51
1317.35
1318.08
1322.48
1321.07
1317.87
1317.08
1317.44
1316.28
1321.92
1319.61
1356.07
1302.49
1307.05
1339.62
1314.68
1311.1
1303.94
1304.27
1303.71
1303.7
1305.16
1303.31
1305.64
1303.81
1303.71
1303.33
1303.65
1304.66
1303.1
1303.43
1303.37
1304.44
1303.68
1310.75
1311.54
1336.12
1297.73
1317.19
1345.03
1315.14
1308.73
1305.11
1304.75
1303.91
1303.84
1303.71
1302.1
1303.66
1303.85
1303.73
1303.4
1303.7
1303.34
1302.45
1303.72
1303.52
1304.72
1304.44
1307.64
1313.99
1343.85
1312.43
1329.37
1341.74
1316.16
1311.73
1303.51
1304.12
1304.02
1303.85
1303.59
1302.23
1303.84
1304.04
1303.88
1303.61
1303.89
1303.56
1302.25
1303.43
1303.65
1304.34
1303.36
1311.4
1312.17
1338.58
1316.46
1332.21
1351.54
1319.43
1310.01
1307.09
1306.25
1304.98
1304.5
1304.1
1302.53
1303.86
1304.3
1304.27
1304.03
1304.19
1304.06
1302.8
1304.38
1304.42
1306.1
1306.33
1308.43
1319.06
1349.07
1326.1
1339.21
1360.53
1329.71
1317.08
1307.15
1306.47
1305.58
1304.89
1304.41
1303.29
1304.64
1305.06
1305.06
1304.87
1305.06
1304.54
1303.36
1304.57
1304.96
1306.47
1306.9
1317.1
1326.02
1358.4
1321.42
1361.76
1386.28
1345.85
1322.04
1316.83
1312.49
1309.3
1307.41
1306.39
1305
1305.74
1306.41
1306.66
1306.48
1306.36
1305.92
1305.3
1307.13
1308.05
1311.63
1315.26
1320.79
1341.72
1381.26
1350.52
1535.25
1509.11
1389.69
1352.51
1324.18
1317.02
1313.2
1310.39
1309.58
1308.18
1308.65
1309.53
1309.98
1309.86
1309.56
1308.93
1308.37
1310.12
1311.52
1316.07
1322.39
1348.28
1384.46
1508.19
1523.75
1861.99
1590
1438.8
1368.52
1346.17
1329.81
1322.4
1318.47
1316.7
1315.04
1315.22
1316.12
1316.9
1316.79
1316.22
1315.54
1315.25
1317.81
1320.55
1327.9
1340.78
1364.1
1428.21
1568.77
1832.14
2522.45
1803.47
1541.78
1447.24
1367.97
1348.71
1339.18
1334.74
1331.98
1330.09
1330.13
1330.75
1331.83
1331.71
1331.02
1330.49
1330.49
1333.79
1337.26
1345.43
1362.06
1429.75
1516.3
1810.11
2448.54
2891.44
2309.01
2113.35
1534.24
1447.39
1411.48
1384.38
1376.46
1369.5
1366.93
1366.61
1366.22
1367.83
1367.26
1366.81
1366.79
1367.79
1373.46
1380.46
1406.02
1431.12
1491.44
1764.1
2311.8
2850.26
2851.44
2769.86
2643.39
2389.09
1649.11
1549.98
1523.6
1503.54
1490.85
1487.17
1486.99
1483.31
1488.04
1484.48
1484.75
1485.58
1488.5
1497.65
1516.29
1545.46
1657.55
2370.66
2430.5
2717.02
2789.24
2769.82
2748.09
2859.53
2853.42
2223.56
2248.96
2045.5
1953.12
1911.12
1861.23
1888.86
1839.03
1879.16
1850.26
1860.48
1863.66
1881.97
1933.05
2043.88
2199.41
2154.28
2864.3
2873.8
2738.38
2712.13
2652.53
2742.51
2865.13
2850.24
2879.41
3176
3444.04
3424.36
3690.63
3542.54
3685.11
3584.79
3671.53
3628.56
3660.05
3623.73
3646.19
3520.9
3458.84
3191.92
2907.15
2869.76
2860.82
2694.68
2675.95
2536.71
2664.61
2878.96
2983.63
2995.83
3326.21
3596.61
3682.17
3690.3
3675.03
3623.39
3646.97
3603.19
3638.56
3635.97
3660.74
3682.18
3720.98
3646.36
3444.63
3052.25
2985.43
2892.04
2697.18
2590.43
2480.45
2608.81
2741.8
2943.42
3033.47
3345.79
3570.79
3665.75
3665.56
3654.59
3612
3624.87
3593.9
3619.39
3615.03
3640.75
3664.44
3711.47
3635.37
3449.95
3107.19
3005.33
2800.92
2607.36
2508.65
2296.33
2580.84
2841.02
2946.64
2951.62
3198.63
3365.47
3457.79
3501.77
3497.58
3503.48
3496.58
3493.74
3497.98
3498.02
3504.17
3501.05
3484.48
3401.37
3240.49
3025.17
3020.19
2854.81
2591.45
2330.24
2216.63
2309.22
2614.89
2766.32
2740.43
2873.97
3119
3288.24
3381.43
3396.89
3399.01
3397.21
3398.63
3401.89
3397.05
3402.44
3405.8
3373.81
3197.29
2932.13
2783.74
2828.5
2667.83
2349.12
2261.46
2307.02
2248.22
2365.92
2535.35
2557.86
2631.59
2846.47
3083.28
3242.31
3299.54
3311.32
3311.11
3313.04
3313.79
3312.03
3315.85
3290.64
3158.49
2889.11
2670.47
2596.05
2579.44
2360.23
2262.54
2360.07
2895.26
2255.4
2186.8
2336.31
2401.55
2477.35
2669.01
2903.82
3088.95
3181.04
3213.12
3216.7
3217
3219.1
3215.27
3201.91
3132.24
2949.3
2689.08
2506.08
2427.92
2353.4
2171.21
2220.06
2795.6
2838.9
2043.32
1990.55
2181.41
2274.13
2368.61
2536.67
2761.42
2959.7
3067.71
3101.36
3111.12
3112.88
3112.2
3102.97
3082.06
2987.8
2786.36
2548.61
2395.73
2292.54
2184.67
1996.19
2038.05
2838.61
2862.69
2050.48
1890.7
2064.68
2174.26
2281.14
2421.8
2626.78
2823.43
2951.41
3001.32
3006.06
3006.59
3005.24
2997.82
2964.23
2850.74
2647.51
2434.71
2308.32
2194.26
2073.58
1876.98
2048.06
2952.91
2811.09
2034.31
1880.13
2010
2097.84
2197.3
2331.76
2531.34
2720.43
2839.45
2884.65
2899.46
2900.26
2897.22
2881.42
2849.5
2742.32
2545.75
2338.53
2218.92
2117.1
2017.87
1875.63
2017.53
2780.4
2736.86
2029.2
1908.61
1975.8
2033.15
2116.98
2243.33
2436.73
2616.36
2738.74
2789.25
2796.16
2798.21
2794.92
2783.42
2744.54
2629.82
2440.08
2245.48
2133.78
2061.71
1994.21
1895.48
2034.07
2756.53
2715.19
2053.89
1924.94
1958.87
1985.61
2050.27
2175.85
2361.45
2529.93
2638.42
2681.24
2696.68
2699.92
2695.56
2676.05
2641.96
2543.85
2368.65
2176.36
2065.56
2007.5
1979.73
1914.01
2027.22
2677.86
2692.45
2081.76
1950.86
1955.06
1941.42
1992.8
2111.52
2287.97
2444.1
2550.22
2596.93
2602.14
2604.44
2600.19
2589.27
2549.51
2453.72
2289.16
2111.87
2003.93
1967.22
1978.5
1941.29
2061.52
2676.2
2694.85
2147.54
1992.72
1946.37
1914.6
1952.71
2069.61
2234.7
2376.36
2462.64
2497.64
2511.25
2515.25
2512.05
2492.35
2461.35
2381.38
2233.45
2061.78
1960.08
1933.56
1967.06
1972.48
2121.08
2680.32
2724.28
2163.88
1996.69
1944.68
1898.67
1917.1
2019.85
2171.1
2298.78
2383.88
2425.56
2426.91
2430.46
2423.87
2419.45
2383.53
2310.04
2175.4
2022.15
1926.25
1919.71
1963.43
1997.49
2120.71
2677.09
2759.8
2176.33
2015.31
1941.52
1879.98
1899.2
1998.05
2133.99
2245.44
2310.34
2336.04
2347.42
2350.11
2347.93
2331.22
2308.97
2251.85
2137.66
1990.52
1904.8
1895.2
1955.54
2006.54
2147.69
2727.07
2732.89
2173.33
1996.96
1937.8
1867.03
1884.99
1968.94
2087.92
2181.26
2238.28
2275.31
2270.88
2276.88
2269.05
2268.87
2239.04
2189.13
2090.53
1966.3
1886.67
1884.81
1952.95
2006.51
2143.48
2722.5
2722.95
2184.2
2036.12
1939.34
1851.59
1868.87
1951.57
2058.5
2136.78
2179.16
2196.68
2204.66
2207
2204.99
2191.63
2179.49
2146.41
2068.79
1947.92
1873.18
1867.75
1942.86
2020.8
2157.95
2692.72
2698.18
2180.49
2038.04
1930.91
1848.51
1858.71
1931.38
2018.53
2082.5
2115.22
2146.2
2136.49
2144.32
2136.39
2139.95
2116.64
2088.67
2027.29
1932.02
1858.96
1865.49
1948.76
2032.4
2150.92
2681.72
2675
2177.14
2098.48
1949.84
1847.48
1847.21
1920.95
1997.9
2048.18
2070.18
2080.04
2083.05
2084.88
2082.56
2072.46
2069.49
2053.89
2006.55
1915.79
1843.97
1852.76
1951.57
2073.11
2156.85
2660.03
2669.97
2184.82
2116.74
1944.59
1859.48
1838.28
1899.55
1960.82
1996.63
2013.25
2039.64
2022.91
2032.1
2025
2032.92
2013.41
2001.72
1972.69
1901.09
1838.1
1871.02
1957.28
2120.05
2153.22
2640.73
2644.28
2176.61
2117.39
1968.08
1869.53
1835.81
1888.69
1942.67
1971.45
1980.6
1982.27
1981.76
1982.26
1980.85
1975.05
1979.44
1973.66
1949.01
1884.86
1829.74
1868.84
1975.23
2123.23
2163
2622.26
2619.14
2164.63
2111.32
1988.87
1889.41
1842.82
1877.32
1909.84
1925.63
1929.6
1953.53
1928.95
1938.73
1931.07
1944.98
1928.63
1927.36
1916.93
1875.71
1832.64
1891
1997.22
2116.94
2153.1
2598.16
2598.27
2147.25
2109.15
2050.94
1905.39
1854.57
1868.95
1893.26
1902.39
1903.85
1901.19
1896.39
1897.23
1897.76
1894.59
1903.47
1903.56
1897.02
1870.53
1847.6
1892.57
2050.19
2112.48
2134.84
2570.19
2579.39
2138.29
2092.14
2040.19
1926.11
1870.71
1868.99
1865.58
1863.62
1858.24
1879.95
1853.13
1861.41
1854.23
1871.75
1858.58
1864.18
1873.02
1871.07
1865.67
1926.15
2049.15
2100.65
2118.4
2553.98
2546.27
2118.52
2064.67
2041.76
1969.46
1895.08
1885.66
1856.92
1846.68
1839.77
1833.27
1823.86
1826.82
1827.32
1825.77
1839.33
1847.96
1857.99
1881.71
1880.92
1962.78
2049.04
2073.12
2108.39
2530.57
2531.87
2110.57
2034.76
2027.36
2025.7
1914.53
1897.89
1841.97
1818.65
1798.34
1817.44
1790.12
1796.76
1790.77
1810.67
1799.86
1818.54
1852.57
1904.57
1898.66
2021.26
2039.65
2041.35
2089.46
2510.59
2506.3
2097.96
2007.42
2012.42
2027.52
1953.56
1904.3
1856.14
1811.84
1792.34
1776.75
1763.86
1767.71
1767.33
1770.69
1792.85
1812.66
1851.45
1911.29
1939.22
2025.73
2026
2014
2086.93
2500.67
2491.18
2088.89
1990.78
1987.2
2015.59
2003.38
1930.78
1857.63
1798.45
1754.98
1766.12
1736.21
1743.14
1737.47
1760.9
1755.95
1798.17
1868.05
1940.11
1978.84
2010.95
2004.43
1997.32
2084.16
2491.28
2465.36
2081.9
1972.99
1953.45
1999.35
2046.02
1947.51
1877.86
1809.25
1770.33
1734.91
1717.88
1718.26
1719.88
1728.23
1773.79
1805.53
1868.09
1961.76
2051.44
1998.75
1970.61
1980.14
2074.44
2471.82
2455.99
2083.66
1967.9
1932.52
1973.63
2023.72
2004.43
1889.57
1809.27
1736.73
1735.64
1693.23
1699.87
1696.69
1732.08
1738.22
1813.54
1896.18
2032.03
2032.39
1969.88
1948.34
1974.8
2075.96
2458.24
2427.07
2059.97
1957.43
1905.52
1934.78
2015.2
2078.63
1939.22
1822.98
1776.71
1723.54
1692.11
1685.02
1692.96
1715.35
1779.58
1822.83
1913.96
2082.72
2011.37
1935.53
1918.75
1961.71
2062.41
2427.06
2412.98
2060.22
1949.04
1895.45
1908.96
1982.62
2062.19
2013.1
1848.3
1745.82
1734.27
1679.21
1680.03
1683.03
1729.54
1743.57
1852.16
1991.42
2061.16
1979.16
1909.2
1908.63
1953.28
2052.87
2416.57
2373.69
2039.01
1945.94
1882.66
1877
1944.68
2043.18
2069.98
1889.95
1792.98
1726.07
1695.59
1681.1
1697.19
1720.89
1795.94
1902.93
2071.52
2041.65
1936.52
1878.8
1891.2
1946.49
2034.95
2367.22
2342.67
2027.24
1924.79
1870.49
1872.28
1911.59
2020.56
2048.61
1992.32
1777.7
1748.38
1681.9
1684.1
1683.92
1745.37
1778.16
2006.4
2050.62
2016.19
1904.8
1868.75
1883.02
1927.19
2021.97
2341.39
2203.19
1975.33
1909.34
1866.14
1849.16
1881.42
1974.78
2038.96
2025.58
1875.07
1758.7
1708.7
1692.37
1710.99
1752.25
1869.09
2030.41
2041.18
1968.82
1875.87
1847.71
1871.49
1912.9
1970.86
2200.09
273.891
273.974
274.046
274.074
274.031
274.039
274.097
274.175
274.25
274.269
274.231
274.162
274.097
274.051
274.024
274.011
274.004
274.001
274
274
274
274
274
274
273.999
274.001
273.995
274.003
273.991
274.009
274.102
274.176
274.252
274.279
274.231
274.216
274.256
274.323
274.389
274.386
274.321
274.225
274.134
274.07
274.034
274.015
274.006
274.002
274
274
273.999
273.999
273.999
273.999
273.998
274
273.993
274.004
273.987
274.016
274.246
274.303
274.363
274.368
274.298
274.246
274.27
274.344
274.42
274.425
274.359
274.253
274.152
274.08
274.038
274.017
274.007
274.002
274
274
273.999
273.999
273.999
273.999
273.998
274
273.995
274.003
273.992
274.011
274.265
274.337
274.396
274.385
274.295
274.231
274.249
274.344
274.448
274.457
274.39
274.275
274.166
274.087
274.042
274.018
274.007
274.002
274
274
273.999
274
274
273.999
273.999
274
273.996
274.003
273.996
274.007
274.255
274.351
274.415
274.403
274.295
274.219
274.238
274.344
274.476
274.485
274.414
274.292
274.176
274.093
274.044
274.019
274.008
274.002
274
274
274
274
274
274
273.999
274
273.997
274.002
273.998
274.005
274.266
274.376
274.454
274.457
274.335
274.246
274.257
274.368
274.508
274.508
274.43
274.301
274.181
274.096
274.046
274.02
274.008
274.002
274
274
274
274
274
274
273.999
274
273.998
274.001
273.999
274.004
274.299
274.456
274.557
274.574
274.467
274.365
274.339
274.448
274.553
274.53
274.441
274.305
274.182
274.096
274.046
274.02
274.008
274.002
274
274
274
274
274
274
274
274
273.999
274.001
273.999
274.003
274.412
274.691
274.849
274.936
274.89
274.767
274.64
274.656
274.659
274.567
274.45
274.306
274.182
274.096
274.045
274.02
274.008
274.002
274
274
274
274
274
274
274
274
273.999
274
274
274.003
274.717
275.25
275.579
275.984
276.184
276.054
275.665
275.276
274.951
274.676
274.484
274.311
274.182
274.095
274.045
274.019
274.007
274.002
274
274
274
274
274
274
274
274
274
274
274
274.003
275.575
276.738
277.579
278.852
279.768
279.857
279.035
277.436
275.936
275.043
274.602
274.341
274.187
274.095
274.044
274.019
274.007
274.002
274
274
274
274
274
274
274
274
274
274
274
274.003
278.026
280.304
281.964
285.514
289.253
290.844
289.115
284.361
279.714
276.461
275.033
274.458
274.214
274.099
274.044
274.018
274.006
274.002
274
274
274
274
274
274
274
274
274
274
274
274.002
283.639
288.677
291.84
295.038
298.891
303.357
307.471
306.89
293.788
282.096
276.782
274.901
274.323
274.121
274.047
274.017
274.006
274.002
274
274
273.999
274
274
274
274
274
274
274
274
274.002
293.527
295.602
295.225
295.894
299.205
303.832
309.361
315.119
318.879
305.722
283.852
276.713
274.728
274.21
274.063
274.02
274.006
274.002
274
274
273.999
274
274
274
274
274
274
274
274
274.002
294.518
295.558
295.054
295.685
298.097
303.076
309.301
315.346
321.317
325.779
313.331
284.084
276.317
274.534
274.128
274.031
274.008
274.002
274
274
274
274
274
274
274
274.001
274
274
274
274.002
293.319
294.167
293.581
293.649
294.591
299.14
306.949
314.796
321.468
327.478
331.756
314.747
282.672
275.724
274.359
274.074
274.014
274.003
274
274
274
274
274
274
274
274
274.001
274
274.001
274.001
290.612
291.331
290.716
290.642
290.805
293.777
301.895
311.31
320.714
327.786
333.958
337.244
308.44
280.36
275.154
274.219
274.039
274.006
274.001
274
274
274
274
274
274
274
274
274
274.001
274.002
285.677
286.937
287.16
287.003
287.187
288.618
296.188
306.1
317.301
327.345
334.509
340.63
341.385
298.013
278.018
274.688
274.121
274.019
274.002
274
274
274
274
274
274
274.001
274.001
274
274
274.002
282.924
283.639
284.336
283.808
284.243
284.567
290.369
300.995
312.422
324.693
334.776
341.738
347.15
338.609
287.579
276.25
274.369
274.06
274.008
274.001
274
274
274
274
274
274
274.001
274
274
274.001
277.463
279.925
281.284
282.11
283.24
283.476
286.969
297.357
309.323
321.159
333.409
342.6
349.569
350.333
320.331
281.329
275.139
274.178
274.026
274.003
274
274
274
274
274
274
274
274.001
274.001
274.003
275.847
280.172
281.628
283.46
286.336
286.79
287.447
296.416
308.912
319.941
331.687
342.752
350.914
355.698
353.075
298.628
277.494
274.517
274.078
274.01
274.001
274
274
274
274
274
274
274.001
274.001
274.002
278.859
283.388
285.773
291.938
299.522
299.646
295.93
299.548
311.242
320.965
331.475
342.658
352.359
359.799
360.134
337.116
284.194
275.498
274.212
274.031
274.004
274
274
274
274
274
274
274
274
274.001
274.129
286.412
296.339
320.615
339.897
334.031
323.307
316.84
323.344
328.349
335.226
343.794
353.818
362.448
364.699
363.345
306.605
278.177
274.568
274.079
274.01
274.001
274
274
274
274
274
274
274
274.001
287.395
298.967
339.15
411.136
443.101
413.929
379.653
357.368
349.19
343.685
344.1
348.271
356.274
365.663
369.348
370.258
346.58
284.988
275.504
274.198
274.026
274.003
274
274
274
274
274
274
274
274.002
258.33
337.607
509.588
640.692
663.455
560.801
475.676
415.843
387.272
370.235
360.609
359.184
362.411
369.847
375.81
375.599
373.305
305.592
277.76
274.474
274.062
274.008
274.001
274
274
274
274
274
274
274.002
285.508
456.784
826.145
960.376
925.211
739.738
588.11
490.938
441.582
410.227
386.33
376.093
374.611
377.153
383.114
382.705
382.672
344.181
282.854
275.111
274.14
274.017
274.002
274
274
274
274
274
274
274.002
274.009
273.991
274.003
273.995
274.001
273.999
274
274
274
274
274
274
274.001
274.004
274.011
274.024
274.051
274.097
274.162
274.231
274.269
274.25
274.174
274.097
274.039
274.031
274.074
274.046
273.974
273.891
274.016
273.987
274.004
273.993
274
273.998
273.999
273.999
273.999
273.999
274
274
274.002
274.006
274.015
274.034
274.07
274.134
274.225
274.321
274.385
274.389
274.322
274.256
274.216
274.231
274.279
274.253
274.176
274.103
274.011
273.992
274.003
273.995
274
273.998
273.999
273.999
273.999
273.999
274
274
274.002
274.007
274.017
274.038
274.08
274.152
274.253
274.359
274.425
274.42
274.344
274.27
274.246
274.298
274.368
274.363
274.303
274.246
274.007
273.996
274.003
273.996
274
273.999
273.999
274
274
273.999
274
274
274.002
274.007
274.018
274.042
274.087
274.166
274.275
274.39
274.457
274.447
274.344
274.249
274.23
274.295
274.385
274.396
274.337
274.265
274.005
273.998
274.002
273.997
274
273.999
274
274
274
274
274
274
274.002
274.008
274.019
274.044
274.093
274.176
274.292
274.414
274.485
274.476
274.344
274.238
274.219
274.295
274.403
274.415
274.351
274.255
274.004
273.999
274.001
273.998
274
273.999
274
274
274
274
274
274
274.002
274.008
274.02
274.046
274.096
274.181
274.301
274.43
274.508
274.508
274.368
274.257
274.246
274.335
274.457
274.454
274.377
274.266
274.003
273.999
274.001
273.999
274
274
274
274
274
274
274
274
274.002
274.008
274.02
274.046
274.096
274.182
274.305
274.441
274.53
274.553
274.448
274.339
274.365
274.467
274.574
274.557
274.456
274.299
274.003
274
274
273.999
274
274
274
274
274
274
274
274
274.002
274.008
274.02
274.045
274.096
274.182
274.306
274.45
274.567
274.659
274.656
274.639
274.766
274.89
274.936
274.849
274.691
274.412
274.003
274
274
274
274
274
274
274
274
274
274
274
274.002
274.007
274.019
274.045
274.095
274.182
274.311
274.484
274.675
274.95
275.274
275.661
276.05
276.181
275.983
275.578
275.249
274.716
274.003
274
274
274
274
274
274
274
274
274
274
274
274.002
274.007
274.019
274.044
274.095
274.187
274.341
274.602
275.041
275.93
277.426
279.021
279.844
279.758
278.847
277.575
276.735
275.572
274.002
274
274
274
274
274
274
274
274
274
274
274
274.002
274.006
274.018
274.044
274.099
274.214
274.457
275.03
276.45
279.688
284.318
289.051
290.789
289.215
285.495
281.951
280.294
278.017
274.002
274
274
274
274
274
274
274
274
273.999
274
274
274.002
274.006
274.017
274.047
274.121
274.322
274.898
276.766
282.045
293.639
306.76
307.395
303.303
298.852
295.003
291.803
288.646
283.613
274.002
274
274
274
274
274
274
274
274
273.999
274
274
274.002
274.006
274.02
274.063
274.209
274.724
276.694
283.78
305.492
318.761
315.036
309.296
303.779
299.165
295.856
295.188
295.568
293.491
274.002
274
274
274
274.001
274
274
274
274
274
274
274
274.002
274.008
274.031
274.128
274.531
276.3
283.999
313.036
325.655
321.221
315.265
309.238
303.023
298.058
295.642
295.016
295.526
294.491
274.001
274.001
274
274.001
274
274
274
274
274
274
274
274
274.003
274.014
274.073
274.357
275.711
282.594
314.4
331.621
327.37
321.371
314.718
306.893
299.092
294.551
293.603
293.54
294.133
293.292
274.002
274.001
274
274
274
274
274
274
274
274
274
274.001
274.006
274.039
274.218
275.146
280.302
308.098
337.096
333.837
327.675
320.627
311.243
301.849
293.729
290.757
290.594
290.669
291.293
290.587
274.002
274
274
274.001
274.001
274
274
274
274
274
274
274.002
274.019
274.121
274.684
277.985
297.751
341.178
340.493
334.386
327.245
317.236
306.041
296.153
288.564
287.126
286.944
287.097
286.885
285.64
274.001
274
274
274.001
274
274
274
274
274
274
274.001
274.008
274.06
274.366
276.231
287.45
338.272
346.984
341.607
334.663
324.618
312.375
300.942
290.345
284.493
284.155
283.724
284.251
283.563
282.869
274.003
274.001
274.001
274
274
274
274
274
274
274
274.003
274.026
274.177
275.131
281.267
319.948
350.153
349.415
342.464
333.309
321.053
309.204
297.208
286.877
283.355
283.126
281.979
281.118
279.793
277.412
274.002
274.001
274.001
274
274
274
274
274
274
274.001
274.01
274.077
274.514
277.467
298.364
352.84
355.51
350.751
342.606
331.543
319.777
308.737
296.19
287.234
286.521
286.121
283.28
281.407
279.992
275.763
274.001
274
274
274
274
274
274
274
274
274.004
274.03
274.211
275.488
284.109
336.71
359.925
359.602
352.19
342.496
331.277
320.704
310.945
299.109
295.369
299.017
299.103
291.694
285.579
283.19
278.71
274.001
274
274
274
274
274
274
274
274.001
274.01
274.079
274.565
278.144
306.251
363.079
364.481
362.226
353.624
343.555
334.882
327.855
322.686
316.117
322.489
332.701
338.927
320.24
296.274
286.23
274.072
274.002
274
274
274
274
274
274
274
274.003
274.026
274.196
275.494
284.902
346.138
369.997
369.095
365.422
356.049
347.952
343.633
343.015
348.22
356.004
378.303
411.103
441.004
409.75
338.833
298.709
287.304
274.002
274
274
274
274
274
274
274.001
274.008
274.061
274.471
277.731
305.219
372.962
375.319
375.522
369.58
362.026
358.651
359.866
369.025
385.73
413.552
472.975
556.161
660.441
637.008
509.241
337.625
258.396
274.002
274
274
274
274
274
274
274.002
274.017
274.139
275.104
282.783
343.681
382.373
382.397
382.794
376.771
374.116
375.416
385.247
408.459
439.419
487.849
582.723
734.192
921.345
951.903
829.779
457.547
285.287
274.002
274.002
274.002
274.002
274.002
274.002
274.002
274.002
274.002
274.002
274.002
274.002
274.002
274.002
274.002
274.002
274.002
274.002
274.002
274.002
274.002
274.002
274.002
274.002
274.002
274.002
274.002
274.002
274.002
274.002
274.002
274.002
274.002
274.002
274.002
274.002
274.002
274.002
274.002
274.002
274.002
274.002
274.002
274.002
274.002
274.002
274.002
274.002
274.002
274.002
274.002
274.002
274.002
274.002
274.002
274.002
274.002
274.002
274.002
274.002
274.002
274.002
274.002
274.002
274.002
274.002
274.002
274.002
274.002
274.002
274.002
274.002
274.002
274.002
274.002
274.002
274.002
274.002
274.002
274.002
274.002
274.002
274.002
274.002
274.002
274.002
274.002
274.002
274.002
274.002
274.002
274.002
274.002
274.002
274.002
274.002
274.002
274.002
274.002
274.002
274.002
274.002
274.002
274.002
274.002
274.002
274.002
274.002
274.002
274.002
274.002
274.002
274.002
274.002
274.002
274.002
274.002
274.002
274.002
274.002
274.002
274.002
274.002
274.002
274.002
274
274
274
274
274
274
274
274
274
274
274
274
274
274
274
274
274
274
274
274
274
274
274
274
274
274
274
274
274
274
274
274
274
274
274
274
274
274
274
274
274
274
274
274
274
274
274
274
274
274
274
274
274
274
274
274
274
274
274
274
274
274
274
274
274
274
274
274
274
274
274
274
274
274
274
274
274
274
274
274
274
274
274
274
274
274
274
274
274
274
274
274
274
274
274
274
274
274
274
274
274
274
274
274
274
274
274
274
274
274
274
274
274
274
274
274
274
274
274
274
274
274
274
274
274
274
274
274
274
274
274
274
274
274
274
274
274
274
274
274
274
274
274
274
274
274
274
274
274
274
274
274
274
274
274
274
274
274
274
274
274
274
274
274
274
274
274
274
274
274
274
274
274
274
274
274
274
274
274
274
274
274
274
274
274
274
274
274
274
274
274
274
274
274
274
274
274
274
274
274
274
274
274
274
274
274
274
274
274
274
274
274
274
274
274
274
274
274
274
274
274
274
274
274
274
274
274
274
274
274
274
274
274
274
274
274
274
274
274
274
274
274
274
274
274
274
274
274
274
274
274
274
274
274
274
274
274
274
274
274
274
274
274
274
274
274
274
274
274
274
274
274
274
274
274
274
274
274
274
274
274
274
274
274
274
274
274
274
274
274
274
274
274
274
274
274
274
274
274
274
274
274
274
274
274
274
274
274
274
274
274
274
274
274
274
274
274
274
274
274
274
274
274
274
274
274
274
274
274
274
274
274
274
274
274
274
274
274
274
274
274
274
274
274
274
274
274
274
274
274
274
274
274
274
274
274
274
274
274
274
274
274
274
274
274
274
274
274
274
274
274
274
274
274
274
274
274
274
274
274
274
274
274
274
274
274
274
274
274
274
274
274
274
274
274
274
274
274
274
274
274
274
274
274
274
274
274
274
274
274
274
274
274
274
274
274
274
274
274
274
274
274
274
274
274
274
274
274
274
274
274
274
274
274
274
274
274
274
274
274
274
274
274
274
274
274
274
274
274
274
274
274
274
274
274
274
274
274
274
274
274
274
274
274
274
274
274
274
274
274
274
274
274
274
274
274
274
274
274
274
274
274
274
274
274
274
274
274
274
274
274
274
274
274
274
274
274
274
274
274
274
274
274
274
274
274
274
274
274
274
274
274
274
274
274
274
274
274
274
274
274
274
274
274
274
274
274
274
274
274
274
274
274
274
274
274
274
274
274
274
274
274
274
274
274
274
274
274
274
274
274
274
274
274
274
274
274
274
274
274
274
274
274
274
274
274
274
274
274
274
274
274
274
274
274
274
274
274
274
274
274
274
274
274
274
274
274
274
274
274
274
274
274
274
274
274
274
274
274
274
274
274
274
274
274
274
274
274.001
274.001
274.001
274.002
274.002
274.002
274.002
274.002
274.001
274.001
274.001
274.001
274
274
274
274
274
274
274
274
274
274
274
274
274
274
274
274
274
274
274
274
274
274
274
274
274
274
274
274
274
274
274
274
274
274
274
274
274
274
274
274
274
274
274
274
274
274
274
274
274
274
274
274
274
274
274
274
274
274
274
274
274
274
274
274
274
274
274
274
274
274
274
274
274
274
274
274
274
274
274
274
274
274
274
274
274
274
274
274
274
274
274
274
274
274
274
274
274
274
274
274
274
274
274
274
274
274
274
274
274
274.001
274.002
274.005
274.01
274.015
274.021
274.026
274.029
274.03
274.03
274.028
274.024
274.02
274.016
274.013
274.009
274.006
274.004
274.002
274.001
274.001
274
274
274
274
274
274
274
274
274
274
274
274
274
274
274
274
274
274
274
274
274
274
274
274
274
274
274
274
274
274
274
274
274
274
274
274
274
274
274
274
274
274
274
274
274
274
274
274
274
274
274
274
274
274
274
274
274
274
274
274
274
274
274
274
274
274
274
274
274
274
274
274
274
274
274
274
274
274
274
274
274
274
274
274
274
274
274
274
274
274
274
274
274
274
274
274
274
274
274
274
274
274.001
274.003
274.01
274.025
274.052
274.096
274.158
274.231
274.302
274.359
274.388
274.387
274.364
274.321
274.271
274.218
274.17
274.128
274.093
274.065
274.043
274.027
274.016
274.008
274.004
274
274
274
274
274
274
274
274
274
274
274
274
274
274
274
274
274
274
274
274
274
274
274
274
274
274
274
274
274
274
274
274
274
274
274
274
274
274
274
274
274
274
274
274
274
274
274
274
274
274
274
274
274
274
274
274
274
274
274
274
274
274
274
274
274
274
274
274
274
274
274
274
274
274
274
274
274
274
274
274
274
274
274
274
274
274
274
274
274
274
274
274
274
274
274
274
274
274
274.001
274.007
274.025
274.074
274.197
274.47
274.987
275.805
276.898
278.095
279.173
279.896
280.099
279.794
279.139
278.245
277.368
276.558
275.885
275.322
274.907
274.598
274.383
274.236
274.136
274.073
274.038
274
274
274
274
274
274
274
274
274
274
274
274
274
274
274
274
274
274
274
274
274
274
274
274
274
274
274
274
274
274
274
274
274
274
274
274
274
274
274
274
274
274
274
274
274
274
274
274
274
274
274
274
274
274
274
274
274
274
274
274
274
274
274
274
274
274
274
274
274
274
274
274
274
274
274
274
274
274
274
274
274
274
274
274
274
274
274
274
274
274
274
274
274
274
274
274
274.002
274.01
274.042
274.16
274.557
275.67
278.514
284.692
295.745
311.874
333.153
352.956
369.866
378.188
377.884
368.907
354.144
334.796
316.188
303.639
295.116
288.314
283.59
280.077
277.671
276.154
275.172
274.595
274.297
274
274
274
274
274
274
274
274
274
274
274
274
274
274
274
274
274
274
274
274
274
274
274
274
274
274
274
274
274
274
274
274
274
274
274
274
274
274
274
274
274
274
274
274
274
274
274
274
274
274
274
274
274
274
274
274
274
274
274
274
274
274
274
274
274
274
274
274
274
274
274
274
274
274
274
274
274
274
274
274
274
274
274
274
274
274
274
274
274
274
274
274
274
274
274.001
274.009
274.049
274.241
275.043
278.191
288.795
320.697
386.939
475.063
547.29
590.402
608.144
608.142
597.428
581.992
564.396
545.594
526.226
505.87
484.818
460.269
433.923
404.408
373.519
341.429
310.293
292.752
284.375
279.197
276.48
274
274
274
274
274
274
274
274
274
274
274
274
274
274
274
274
274
274
274
274
274
274
274
274
274
274
274
274
274
274
274
274
274
274
274
274
274
274
274
274
274
274
274
274
274
274
274
274
274
274
274
274
274
274
274
274
274
274
274
274
274
274
274
274
274
274
274
274
274
274
274
274
274
274
274
274
274
274
274
274
274
274
274
274
274
274
274
274
274
274
274
274
274
274.005
274.038
274.239
275.312
280.937
307.165
398.108
537.937
652.275
711.846
724.995
714.713
697.119
675.809
654.38
632.977
611.441
589.449
568.398
548.139
528.186
509.095
490.767
474.291
458.68
444.512
430.832
415.382
392.903
362.129
323.816
293.509
274
274
274
274
274
274
274
274
274
274
274
274
274
274
274
274
274
274
274
274
274
274
274
274
274
274
274
274
274
274
274
274
274
274
274
274
274
274
274
274
274
274
274
274
274
274
274
274
274
274
274
274
274
274
274
274
274
274
274
274
274
274
274
274
274
274
274
274
274
274
274
274
274
274
274
274
274
274
274
274
274
274
274
274
274
274
274
274
274
274
274
274.001
274.019
274.155
275.088
281.477
322.425
460.673
648.297
763.72
796.226
789.785
773.941
754.594
732.764
710.022
689.362
669.616
649.618
629.062
607.107
585.221
563.726
542.267
521.586
501.946
484.141
466.869
451.696
437.697
425.657
414.647
405.241
394.953
377.805
274
274
274
274
274
274
274
274
274
274
274
274
274
274
274
274
274
274
274
274
274
274
274
274
274
274
274
274
274
274
274
274
274
274
274
274
274
274
274
274
274
274
274
274
274
274
274
274
274
274
274
274
274
274
274
274
274
274
274
274
274
274
274
274
274
274
274
274
274
274
274
274
274
274
274
274
274
274
274
274
274
274
274
274
274
274
274
274
274
274
274.005
274.062
274.575
279.126
317.636
479.896
701.778
824.061
842.621
832.3
817.492
799.833
781.962
765.132
749.186
732.042
714.332
695.854
675.886
655.043
632.747
609.799
587.939
565.558
543.522
522.554
503.028
482.95
464.673
446.686
431.748
418.532
407.436
397.894
389.511
274
274
274
274
274
274
274
274
274
274
274
274
274
274
274
274
274
274
274
274
274
274
274
274
274
274
274
274
274
274
274
274
274
274
274
274
274
274
274
274
274
274
274
274
274
274
274
274
274
274
274
274
274
274
274
274
274
274
274
274
274
274
274
274
274
274
274
274
274
274
274
274
274
274
274
274
274
274
274
274
274
274
274
274
274
274
274
274
274.001
274.015
274.186
276.077
297.068
447.147
705.888
854.237
875.175
868.101
855.165
838.408
823.155
812.498
803.712
793.657
781.758
768.075
752.59
735.383
716.486
695.658
671.62
645.762
621.676
596.014
570.171
546.091
523.509
500.309
479.511
458.286
441.407
425.551
412.318
401.155
391.018
274
274
274
274
274
274
274
274
274
274
274
274
274
274
274
274
274
274
274
274
274
274
274
274
274
274
274
274
274
274
274
274
274
274
274
274
274
274
274
274
274
274
274
274
274
274
274
274
274
274
274
274
274
274
274
274
274
274
274
274
274
274
274
274
274
274
274
274
274
274
274
274
274
274
274
274
274
274
274
274
274
274
274
274
274
274
274
274.001
274.034
274.496
281.229
369.314
645.373
859.844
898.685
896.28
888.542
876.109
861.925
852.335
849.207
848.979
851.912
860.52
866.292
865.938
858.206
843.455
822.445
796.227
763.548
729.812
695.473
658.346
621.965
589.597
558.955
528.633
501.952
473.932
452.063
430.851
414.197
401.653
390.862
274
274
274
274
274
274
274
274
274
274
274
274
274
274
274
274
274
274
274
274
274
274
274
274
274
274
274
274
274
274
274
274
274
274
274
274
274
274
274
274
274
274
274
274
274
274
274
274
274
274
274
274
274
274
274
274
274
274
274
274
274
274
274
274
274
274
274
274
274
274
274
274
274
274
274
274
274
274
274
274
274
274
274
274
274
274
274.003
274.069
275.234
296.253
497.611
813.735
915.736
918.166
912.048
906.798
898.876
889.598
888.109
896.888
915.623
948.695
992.633
1030.59
1053.6
1062.32
1058.27
1039.23
1010.38
972.86
924.598
875.641
820.067
759.693
704.3
658.709
616.338
576.003
540.394
503.318
474.564
445.032
422.295
403.75
388.566
274
274
274
274
274
274
274
274
274
274
274
274
274
274
274
274
274
274
274
274
274
274
274
274
274
274
274
274
274
274
274
274
274
274
274
274
274
274
274
274
274
274
274
274
274
274
274
274
274
274
274
274
274
274
274
274
274
274
274
274
274
274
274
274
274
274
274
274
274
274
274
274
274
274
274
274
274
274
274
274
274
274
274
274
274
274.005
274.123
276.827
335.446
649.013
906.708
935.645
932.03
928.66
925.815
923.379
923.987
934.174
963.294
1015.39
1091.24
1182.07
1267.44
1325.89
1357.27
1365.22
1352.6
1317.45
1268.31
1212.78
1149.13
1080.41
996.508
905.558
826.227
763.07
705.68
651.457
602.265
552.188
512.844
471.779
441.597
414.633
390.81
274
274
274
274
274
274
274
274
274
274
274
274
274
274
274
274
274
274
274
274
274
274
274
274
274
274
274
274
274
274
274
274
274
274
274
274
274
274
274
274
274
274
274
274
274
274
274
274
274
274
274
274
274
274
274
274
274
274
274
274
274
274
274
274
274
274
274
274
274
274
274
274
274
274
274
274
274
274
274
274
274
274
274
274
274.006
274.196
279.591
399.128
776.12
942.494
947.978
944.675
945.982
946.721
950.704
961.618
990.915
1049.88
1145.23
1272.17
1429.39
1536.2
1574.38
1578.87
1572.64
1560.62
1547.01
1517.66
1478.94
1431.14
1372.26
1300.19
1201.08
1092.67
998.616
919.814
847.163
772.237
702.476
633.09
575.488
516.582
476.511
436.924
401.417
274
274
274
274
274
274
274
274
274
274
274
274
274
274
274
274
274
274
274
274
274
274
274
274
274
274
274
274
274
274
274
274
274
274
274
274
274
274
274
274
274
274
274
274
274
274
274
274
274
274
274
274
274
274
274
274
274
274
274
274
274
274
274
274
274
274
274
274
274
274
274
274
274
274
274
274
274
274
274
274
274
274
274
274.007
274.27
283.101
464.305
856.446
959.069
958.79
958.722
964.149
970.216
979.556
1002.87
1052.38
1149.64
1302.77
1501.43
1653.29
1684.7
1677.93
1662.5
1647.78
1635.23
1619.45
1605.22
1612.23
1621.55
1608.88
1567.46
1501.94
1408.12
1320.52
1244.17
1156.81
1065.44
966.875
868.623
769.429
684.043
593.579
534.986
474.886
423.46
274
274
274
274
274
274
274
274
274
274
274
274
274
274
274
274
274
274
274
274
274
274
274
274
274
274
274
274
274
274
274
274
274
274
274
274
274
274
274
274
274
274
274
274
274
274
274
274
274
274
274
274
274
274
274
274
274
274
274
274
274
274
274
274
274
274
274
274
274
274
274
274
274
274
274
274
274
274
274
274
274
274
274.006
274.314
285.929
511.008
902.056
970.53
970.644
974.829
984.015
996.197
1012.5
1045.47
1115.38
1245.59
1462.02
1708.78
1791.98
1782.75
1732.77
1702.49
1691.37
1691.93
1692.18
1686.51
1701.45
1742.07
1791.71
1806.02
1774.12
1726.3
1673.81
1629.11
1582.63
1504.25
1428.33
1280.73
1150.17
1006.79
875.928
729.427
634.124
538.168
462.093
274
274
274
274
274
274
274
274
274
274
274
274
274
274
274
274
274
274
274
274
274
274
274
274
274
274
274
274
274
274
274
274
274
274
274
274
274
274
274
274
274
274
274
274
274
274
274
274
274
274
274
274
274
274
274
274
274
274
274
274
274
274
274
274
274
274
274
274
274
274
274
274
274
274
274
274
274
274
274
274
274
274.005
274.299
286.44
529.288
925.722
982.366
984.8
992.488
1005.1
1023.2
1048.3
1091.81
1176.9
1332.57
1585.15
1808.98
1862.14
1832.11
1802.98
1768.96
1766.96
1789.77
1822.17
1866.15
1908.93
1988.9
2073.1
2130.84
2135.46
2061.96
2013.94
1997.97
1980.74
1938.02
1865.7
1823.49
1701.21
1618.06
1431.62
1221.36
947.562
784.154
626.149
512.15
274
274
274
274
274
274
274
274
274
274
274
274
274
274
274
274
274
274
274
274
274
274
274
274
274
274
274
274
274
274
274
274
274
274
274
274
274
274
274
274
274
274
274
274
274
274
274
274
274
274
274
274
274
274
274
274
274
274
274
274
274
274
274
274
274
274
274
274
274
274
274
274
274
274
274
274
274
274
274
274
274.003
274.229
284.194
514.631
931.411
995.254
999.732
1009.44
1024.49
1047.17
1081.91
1136.99
1233.62
1403.62
1667.05
1848.96
1884.58
1874.74
1832.08
1825.05
1855.46
1887.81
1951.37
2095.66
2166.7
2174.26
2182.71
2219.71
2234.09
2190.72
2098.37
2082.58
2063.39
2029.52
1968.6
1887.82
1851.9
1791.28
1772.55
1647.72
1548.2
1315.33
1070.03
780.348
589.919
274
274
274
274
274
274
274
274
274
274
274
274
274
274
274
274
274
274
274
274
274
274
274
274
274
274
274
274
274
274
274
274
274
274
274
274
274
274
274
274
274
274
274
274
274
274
274
274
274
274
274
274
274
274
274
274
274
274
274
274
274
274
274
274
274
274
274
274
274
274
274
274
274
274
274
274
274
274
274
274.002
274.139
280.518
467.929
915.089
1007
1012.48
1021.89
1039.69
1065.09
1106.91
1174.33
1282.34
1457.26
1714.94
1865.13
1884.87
1880.37
1862.01
1856.35
1852.86
1904.77
1900.12
1991.04
2229.19
2304.01
2229.3
2077.9
2018.49
1894.87
1910.14
1892.31
1906.23
1928.04
1919.19
1849.79
1726.42
1638.54
1567.12
1538.76
1535.87
1575.34
1474.42
1339.9
1079.82
747.778
274
274
274
274
274
274
274
274
274
274
274
274
274
274
274
274
274
274
274
274
274
274
274
274
274
274
274
274
274
274
274
274
274
274
274
274
274
274
274
274
274
274
274
274
274
274
274
274
274
274
274
274
274
274
274
274
274
274
274
274
274
274
274
274
274
274
274
274
274
274
274
274
274
274
274
274
274
274
274.001
274.064
277.259
399.026
863.44
1013.87
1021.45
1029.83
1049.02
1076.5
1121.64
1195.64
1312.13
1485.12
1727.01
1870.3
1888.31
1887.72
1873.07
1862.48
1860.05
1814.41
1838.58
1792.22
1857.2
2025.46
2051.14
1833.31
1493.78
1373.72
1321.64
1280.68
1295.02
1308.22
1317.44
1399.11
1487.27
1545.11
1573.37
1541.84
1470.54
1421.61
1397.57
1473.97
1429.1
1242.87
963.826
274
274
274
274
274
274
274
274
274
274
274
274
274
274
274
274
274
274
274
274
274
274
274
274
274
274
274
274
274
274
274
274
274
274
274
274
274
274
274
274
274
274
274
274
274
274
274
274
274
274
274
274
274
274
274
274
274
274
274
274
274
274
274
274
274
274
274
274
274
274
274
274
274
274
274
274
274
274
274.023
275.316
332.463
759.621
1012.03
1025.47
1032.23
1051.73
1082.45
1127.51
1196.84
1307.51
1471.12
1695.72
1862.43
1893.63
1888.58
1871.3
1833.11
1752.37
1646.6
1619.32
1484.28
1474.73
1465.98
1484.55
1426.44
1315.58
1144.63
1089.02
980.849
938.077
987.765
1010.07
1019.33
1084.49
1148.76
1216.9
1289.72
1355.12
1405.13
1418.55
1377.54
1327.29
1418.24
1405.84
1135.35
274
274
274
274
274
274
274
274
274
274
274
274
274
274
274
274
274
274
274
274
274
274
274
274
274
274
274
274
274
274
274
274
274
274
274
274
274
274
274
274
274
274
274
274
274
274
274
274
274
274
274
274
274
274
274
274
274
274
274
274
274
274
274
274
274
274
274
274
274
274
274
274
274
274
274
274
274
274.007
274.445
292.693
601.988
989.604
1025.1
1030.08
1049.67
1085.72
1130.26
1185.95
1270.49
1403.37
1600.92
1815.4
1886.83
1892.4
1881.19
1859.85
1811.48
1629
1537.58
1383.42
1343.58
1351.56
1350.02
1354.32
1188.37
1086.75
1028.76
967.602
971.128
983.918
1011.21
1012.87
1011.67
1044.54
1070.07
1118.92
1175.05
1266.05
1348.79
1418.35
1435.47
1357.18
1315.77
1374.9
1219.38
274
274
274
274
274
274
274
274
274
274
274
274
274
274
274
274
274
274
274
274
274
274
274
274
274
274
274
274
274
274
274
274
274
274
274
274
274
274
274
274
274
274
274
274
274
274
274
274
274
274
274
274
274
274
274
274
274
274
274
274
274
274
274
274
274
274
274
274
274
274
274
274
274
274
274
274
274.002
274.116
279.205
442.355
903.239
1019.22
1026.83
1047.99
1089.7
1137.05
1177.08
1230.68
1315.68
1462.62
1682.32
1852.89
1884.44
1882.72
1871.48
1834.06
1685.06
1579.62
1404.08
1325.08
1302.5
1280.36
1269.35
1290.55
1230.58
1085.92
1057.07
956.268
917.252
904.929
917.498
947.115
977.366
999.149
1054.12
1096.68
1143.8
1219.57
1310.67
1436.71
1487.32
1492.55
1423.42
1297.74
1158.99
274
274
274
274
274
274
274
274
274
274
274
274
274
274
274
274
274
274
274
274
274
274
274
274
274
274
274
274
274
274
274
274
274
274
274
274
274
274
274
274
274
274
274
274
274
274
274
274
274
274
274
274
274
274
274
274
274
274
274
274
274
274
274
274
274
274
274
274
274
274
274
274
274
274
274
274.001
274.023
275.23
327.139
738.832
1002.68
1025.54
1048.18
1093.21
1145.16
1189.12
1231.34
1292.13
1386
1547.56
1768.02
1855.07
1861.64
1854.09
1838.62
1782.31
1646.38
1532.76
1450.95
1423.27
1395.47
1349.11
1323.93
1306.27
1280.87
1179
1065.31
1053.92
990.847
979.415
969.103
944.605
957.474
971.633
986.341
1011.57
1061.15
1111.42
1171.49
1263.22
1402.22
1539.03
1570.71
1352.37
1237.42
274
274
274
274
274
274
274
274
274
274
274
274
274
274
274
274
274
274
274
274
274
274
274
274
274
274
274
274
274
274
274
274
274
274
274
274
274
274
274
274
274
274
274
274
274
274
274
274
274
274
274
274
274
274
274
274
274
274
274
274
274
274
274
274
274
274
274
274
274
274
274
274
274
274
274
274.006
274.313
286.423
541.073
959.953
1021.17
1037.92
1072.19
1119.77
1171.53
1232.86
1310.44
1398.67
1517.34
1685.52
1828.81
1859.04
1860.66
1859.43
1850.72
1706.06
1596.36
1458.84
1414.74
1406.9
1391.9
1387.06
1390.73
1365.16
1335.45
1323.99
1223.36
1189.95
1099.66
1063.38
1062.53
1058.7
1046.55
1038.77
1038.05
1042.94
1063.42
1114.62
1155
1199.74
1252.29
1318.91
1444.37
1651.2
1717.55
274
274
274
274
274
274
274
274
274
274
274
274
274
274
274
274
274
274
274
274
274
274
274
274
274
274
274
274
274
274
274
274
274
274
274
274
274
274
274
274
274
274
274
274
274
274
274
274
274
274
274
274
274
274
274
274
274
274
274
274
274
274
274
274
274
274
274
274
274
274
274
274
274
274
274.001
274.03
275.403
330.49
741.801
1001.49
1037.01
1068.18
1110.52
1158.6
1209.11
1270.89
1345.26
1443.31
1573.22
1741.86
1848.45
1869.35
1872.41
1874.16
1844.95
1735.14
1651.82
1509.06
1476.18
1458.33
1431.87
1426.54
1419.7
1412.42
1396.74
1364.55
1311.07
1235.43
1218.6
1169.86
1124.36
1131.74
1143.65
1130.74
1125.29
1123.84
1136.51
1191.76
1252.54
1321.04
1441.01
1563.29
1630.1
1720.34
1955.96
274
274
274
274
274
274
274
274
274
274
274
274
274
274
274
274
274
274
274
274
274
274
274
274
274
274
274
274
274
274
274
274
274
274
274
274
274
274
274
274
274
274
274
274
274
274
274
274
274
274
274
274
274
274
274
274
274
274
274
274
274
274
274
274
274
274
274
274
274
274
274
274
274
274
274.001
274.065
276.813
378.142
826.716
1018.45
1046.6
1074.15
1114.78
1163.09
1217.63
1286.24
1362.5
1456.74
1588.91
1760.77
1854.16
1871.15
1874.48
1876.06
1831.55
1740.63
1644.55
1538.64
1514.11
1496.38
1475.67
1468.06
1466.66
1457.57
1437.07
1419.89
1377.42
1274.41
1242.65
1235.66
1171.85
1162.98
1191.76
1183.57
1175.3
1174.96
1184.01
1211.13
1273.88
1328.84
1454.3
1598.52
1732.03
1888.56
2002.07
274
274
274
274
274
274
274
274
274
274
274
274
274
274
274
274
274
274
274
274
274
274
274
274
274
274
274
274
274
274
274
274
274
274
274
274
274
274
274
274
274
274
274
274
274
274
274
274
274
274
274
274
274
274
274
274
274
274
274
274
274
274
274
274
274
274
274
274
274
274
274
274
274
274
274.004
274.18
281.206
472.683
925.622
1032.29
1046.87
1073.54
1121.06
1178.38
1240.72
1309.1
1381.06
1477.98
1620.44
1787.68
1857.88
1870.89
1874.92
1876.34
1802.95
1734.24
1647.29
1574.7
1550.06
1523.97
1484.69
1465.85
1460.37
1460.06
1468.9
1474.04
1474.21
1359.5
1271.09
1270.69
1233.09
1197.89
1234.36
1235.9
1221.88
1244.81
1253.03
1269.79
1302.5
1316.9
1396.29
1495.38
1643.13
1812.36
2029.07
274
274
274
274
274
274
274
274
274
274
274
274
274
274
274
274
274
274
274
274
274
274
274
274
274
274
274
274
274
274
274
274
274
274
274
274
274
274
274
274
274
274
274
274
274
274
274
274
274
274
274
274
274
274
274
274
274
274
274
274
274
274
274
274
274
274
274
274
274
274
274
274
274
274
274.01
274.493
292.484
588.511
984.147
1039.71
1059.97
1099.65
1153.7
1208.21
1267.02
1326.08
1396.45
1500.53
1652.11
1808.35
1858.92
1867.83
1870.77
1867.55
1774.47
1752.9
1658.47
1625.07
1618.09
1603.35
1582.18
1555.38
1521.76
1517.48
1505.41
1485.59
1481.6
1478.59
1384.45
1320.49
1291.97
1278.16
1267.73
1289.62
1271
1297.88
1339.63
1369.64
1430.22
1459.07
1518.79
1602.93
1682.26
1804.75
1915.15
274
274
274
274
274
274
274
274
274
274
274
274
274
274
274
274
274
274
274
274
274
274
274
274
274
274
274
274
274
274
274
274
274
274
274
274
274
274
274
274
274
274
274
274
274
274
274
274
274
274
274
274
274
274
274
274
274
274
274
274
274
274
274
274
274
274
274
274
274
274
274
274
274
274.001
274.027
275.271
324.922
730.227
1021.2
1050.16
1069.88
1109.66
1163.53
1222.47
1286.42
1348.29
1423.33
1529.87
1680.29
1815.92
1852.56
1859.25
1862.65
1848.94
1760.97
1718.94
1652.43
1637.62
1632.1
1621.01
1603.79
1588.64
1550.66
1579.62
1588.93
1560.37
1535.61
1528.14
1504.74
1418.24
1341.2
1335.57
1320.8
1316.44
1318.16
1314.37
1369.03
1400.06
1455.57
1510.41
1565.7
1668.38
1729.14
1809.48
1860.74
274
274
274
274
274
274
274
274
274
274
274
274
274
274
274
274
274
274
274
274
274
274
274
274
274
274
274
274
274
274
274
274
274
274
274
274
274
274
274
274
274
274
274
274
274
274
274
274
274
274
274
274
274
274
274
274
274
274
274
274
274
274
274
274
274
274
274
274
274
274
274
274
274
274.001
274.067
276.896
379.961
836.958
1034.33
1055.59
1083.14
1133.74
1195.21
1265.25
1330.97
1388.89
1456.14
1555.47
1700.27
1817.96
1849.44
1855.47
1859.05
1835.99
1756.98
1708.96
1656.84
1652.36
1656.1
1656.93
1651.82
1638.06
1615.59
1606.92
1621.07
1633.65
1630.7
1600.37
1591.25
1552.3
1456.16
1421.48
1413.48
1385.09
1400
1382.85
1414.8
1465.17
1512.02
1569.22
1603.99
1701.49
1724.46
1795.62
1837.97
274
274
274
274
274
274
274
274
274
274
274
274
274
274
274
274
274
274
274
274
274
274
274
274
274
274
274
274
274
274
274
274
274
274
274
274
274
274
274
274
274
274
274
274
274
274
274
274
274
274
274
274
274
274
274
274
274
274
274
274
274
274
274
274
274
274
274
274
274
274
274
274
274
274.003
274.156
280.262
455.44
918.528
1047.03
1066.04
1099.71
1155.92
1219.89
1293.89
1362
1421.71
1486.94
1580.09
1718.05
1820.13
1846.76
1851.63
1855.79
1820.35
1765.66
1726.39
1700.45
1712.93
1718.71
1709.95
1697.58
1682.87
1674.93
1673.31
1661.08
1678.46
1707.02
1691.41
1671.49
1661.98
1604.06
1503.06
1512.94
1490.99
1470.2
1483.21
1490.61
1556.76
1581.2
1631.33
1666.33
1715.31
1770.2
1799.97
1855.12
274
274
274
274
274
274
274
274
274
274
274
274
274
274
274
274
274
274
274
274
274
274
274
274
274
274
274
274
274
274
274
274
274
274
274
274
274
274
274
274
274
274
274
274
274
274
274
274
274
274
274
274
274
274
274
274
274
274
274
274
274
274
274
274
274
274
274
274
274
274
274
274
274
274.006
274.305
285.574
525.961
966.057
1053
1073.1
1112.14
1169.54
1236.54
1311.37
1381.71
1444.98
1510.28
1599.84
1729.92
1822.6
1847.12
1853.22
1857.86
1801.7
1765.02
1713.61
1698.07
1716.09
1727.98
1728.14
1725.31
1719.51
1717.62
1734.55
1744.59
1748.11
1748.93
1781.91
1789.03
1778.67
1743.09
1690.72
1574.42
1594.29
1568.41
1548.75
1575.46
1578.59
1662.22
1660.39
1718.69
1757.12
1800.8
1832.54
1856.66
274
274
274
274
274
274
274
274
274
274
274
274
274
274
274
274
274
274
274
274
274
274
274
274
274
274
274
274
274
274
274
274
274
274
274
274
274
274
274
274
274
274
274
274
274
274
274
274
274
274
274
274
274
274
274
274
274
274
274
274
274
274
274
274
274
274
274
274
274
274
274
274
274
274.011
274.535
293.762
594.28
1000.46
1060.24
1080.12
1119.88
1179.41
1241.92
1315.67
1388.65
1455.72
1525.04
1617.59
1741.57
1826.47
1850.82
1858.31
1858.63
1800.4
1776.69
1733.53
1732.36
1755.94
1764.08
1763.66
1760.6
1758.05
1761.06
1784.99
1796.77
1802.98
1824.04
1845.11
1881.23
1897.29
1901.64
1872.48
1846.99
1712.67
1689.85
1710.37
1645.65
1716.62
1699.46
1765.48
1789.35
1823.19
1869.72
1889.16
1936.46
274
274
274
274
274
274
274
274
274
274
274
274
274
274
274
274
274
274
274
274
274
274
274
274
274
274
274
274
274
274
274
274
274
274
274
274
274
274
274
274
274
274
274
274
274
274
274
274
274
274
274
274
274
274
274
274
274
274
274
274
274
274
274
274
274
274
274
274
274
274
274
274
274
274.017
274.824
304.69
654.871
1017.22
1064.37
1086.43
1129.84
1192.77
1257.97
1324.31
1395.24
1461.4
1531.74
1628.13
1751.79
1832.16
1853.52
1858.92
1846.99
1791.76
1744.96
1708.97
1709.98
1732.74
1755.62
1762.35
1765.07
1769.13
1783.44
1812.7
1840.26
1853.93
1869.05
1899.5
1927.28
1962.35
1998.35
2014.37
2007.79
1995.86
1882.11
1776.76
1846.94
1786.21
1848.82
1830.12
1887.35
1903.07
1932.31
1969.27
2000.34
274
274
274
274
274
274
274
274
274
274
274
274
274
274
274
274
274
274
274
274
274
274
274
274
274
274
274
274
274
274
274
274
274
274
274
274
274
274
274
274
274
274
274
274
274
274
274
274
274
274
274
274
274
274
274
274
274
274
274
274
274
274
274
274
274
274
274
274
274
274
274
274
274.001
274.026
275.199
320.04
710.068
1030.37
1069.01
1092.04
1136.77
1199.82
1265
1329.68
1398.51
1464.58
1534.72
1631.91
1756.41
1835.41
1854.08
1857.91
1834.65
1790.42
1737.89
1712.27
1720.2
1754.32
1774.01
1776.62
1775.19
1775.48
1796.34
1827.97
1853.28
1876.32
1905.46
1941.34
1971.72
1995.67
2036.79
2082.06
2105.64
2119.79
2126.01
2063.28
1915.39
1961.49
1899.58
1954.81
1933.74
1957.55
1987.53
1997.93
2024.71
274
274
274
274
274
274
274
274
274
274
274
274
274
274
274
274
274
274
274
274
274
274
274
274
274
274
274
274
274
274
274
274
274
274
274
274
274
274
274
274
274
274
274
274
274
274
274
274
274
274
274
274
274
274
274
274
274
274
274
274
274
274
274
274
274
274
274
274
274
274
274
274
274.001
274.036
275.596
335.403
749.995
1036.28
1070.91
1096.1
1142.95
1207.46
1273.35
1338.27
1405.05
1467.42
1534.2
1631.43
1758.43
1837.62
1855.38
1859.12
1822.06
1780.45
1726.09
1710.19
1721.41
1757.37
1784.67
1792.52
1793.6
1792.98
1806.97
1832.29
1860.13
1891.97
1931.49
1976.16
2005.93
2024.4
2056.62
2097.11
2136.29
2182.52
2200.3
2205.4
2205.24
2071.02
2051.08
1993.82
1976.01
1998.64
1993.48
2014.77
1984.48
274
274
274
274
274
274
274
274
274
274
274
274
274
274
274
274
274
274
274
274
274
274
274
274
274
274
274
274
274
274
274
274
274
274
274
274
274
274
274
274
274
274
274
274
274
274
274
274
274
274
274
274
274
274
274
274
274
274
274
274
274
274
274
274
274
274
274
274
274
274
274
274
274.001
274.047
276.035
350.992
783.627
1042.91
1077.32
1106.99
1158.12
1225.47
1292.02
1355.57
1417.46
1471.19
1531.22
1626.56
1756.84
1837.7
1856.07
1859.88
1808.57
1767.57
1714.31
1704.35
1717.65
1755.59
1788.31
1800.2
1803.47
1804.98
1813.95
1830.47
1857.15
1896.2
1945.85
1993.17
2027.57
2056.07
2085.39
2123.8
2155.02
2189.31
2227.31
2252.85
2287.93
2290.4
2173.34
2089.22
2089.94
2028.7
2013.55
1970.24
1842.02
274
274
274
274
274
274
274
274
274
274
274
274
274
274
274
274
274
274
274
274
274
274
274
274
274
274
274
274
274
274
274
274
274
274
274
274
274
274
274
274
274
274
274
274
274
274
274
274
274
274
274
274
274
274
274
274
274
274
274
274
274
274
274
274
274
274
274
274
274
274
274
274
274.001
274.055
276.364
361.66
803.492
1047.04
1083.26
1117.22
1171.94
1242.09
1311.33
1375.04
1431.64
1475.91
1528.55
1621.01
1754.31
1836.96
1855.58
1859.18
1798.69
1754.98
1703.01
1695.87
1709.04
1747.62
1786.49
1803.72
1808.13
1809.76
1814.31
1823.37
1841.76
1875.98
1926.74
1981
2027.95
2071.21
2106.61
2140.16
2173.07
2206.1
2233.63
2266.51
2301.21
2310.08
2322.18
2275.2
2143.74
2126.38
1904.94
1807.95
1712.33
274
274
274
274
274
274
274
274
274
274
274
274
274
274
274
274
274
274
274
274
274
274
274
274
274
274
274
274
274
274
274
274
274
274
274
274
274
274
274
274
274
274
274
274
274
274
274
274
274
274
274
274
274
274
274
274
274
274
274
274
274
274
274
274
274
274
274
274
274
274
274
274
274.001
274.059
276.525
366.687
812.814
1049.77
1085.8
1120.63
1176.05
1246.67
1318.13
1382.79
1436.36
1476.76
1527.61
1619.36
1751.89
1835.86
1854.94
1858.5
1794.98
1750.06
1699.83
1694.03
1708.69
1750.14
1794.37
1822.96
1838.53
1853.31
1867.74
1882.29
1895.87
1919.85
1957.79
2000.63
2042.15
2078.93
2110.93
2145.3
2181.47
2216.06
2246.37
2267.75
2294.88
2341.35
2364.38
2373.76
2388.91
2142.14
1881.25
1776.74
1715.15
274
274
274
274
274
274
274
274
274
274
274
274
274
274
274
274
274
274
274
274
274
274
274
274
274
274
274
274
274
274
274
274
274
274
274
274
274
274
274
274
274
274
274
274
274
274
274
274
274
274
274
274
274
274
274
274
274
274
274
274
274
274
274
274
274
274
274
274
274
274
274
274
274.001
274.056
276.38
362.179
804.516
1047.38
1083.43
1117.32
1172.03
1242.28
1311.65
1375.46
1432.01
1475.73
1528.01
1620.83
1754.51
1837.07
1855.5
1858.86
1797.86
1754.22
1703.13
1696.37
1711.32
1753.04
1796.3
1821.4
1831.53
1836.03
1839.01
1842.77
1854.72
1883.03
1926.56
1975.89
2023.81
2067.9
2109.33
2149.08
2182.3
2207.66
2233.51
2272.43
2298.15
2305.6
2315.74
2257.46
2141.01
2118.76
1905.28
1807.59
1712.64
274
274
274
274
274
274
274
274
274
274
274
274
274
274
274
274
274
274
274
274
274
274
274
274
274
274
274
274
274
274
274
274
274
274
274
274
274
274
274
274
274
274
274
274
274
274
274
274
274
274
274
274
274
274
274
274
274
274
274
274
274
274
274
274
274
274
274
274
274
274
274
274
274.001
274.048
276.062
351.912
785.497
1043.38
1077.82
1107.7
1158.99
1226.36
1292.88
1356.37
1418.11
1471.3
1530.66
1626.12
1757.61
1837.78
1855.47
1858.78
1805.76
1763.47
1709.73
1699.13
1711
1747.28
1782.47
1799.33
1807.25
1813.35
1824.71
1840.13
1863.36
1899.21
1947.69
2001.77
2043.26
2075.26
2106.27
2137.91
2170.09
2192.85
2225.33
2254.57
2279.71
2284.94
2174.6
2096.51
2086.45
2019.81
2004.22
1959.12
1842.64
274
274
274
274
274
274
274
274
274
274
274
274
274
274
274
274
274
274
274
274
274
274
274
274
274
274
274
274
274
274
274
274
274
274
274
274
274
274
274
274
274
274
274
274
274
274
274
274
274
274
274
274
274
274
274
274
274
274
274
274
274
274
274
274
274
274
274
274
274
274
274
274
274.001
274.037
275.625
336.481
752.639
1036.93
1071.28
1096.48
1143.33
1207.8
1273.45
1338.61
1406.42
1468.26
1533.96
1631.42
1759.85
1837.96
1854.42
1857.03
1817.33
1775.52
1722.23
1705.51
1716.08
1750.9
1778.85
1788.26
1791.1
1791.59
1806.03
1832.69
1862.42
1896.53
1939.27
1991.03
2015.88
2040.05
2077.37
2112.9
2148.09
2182.66
2194.01
2201.98
2199.02
2055.66
2062.92
1985
1985.43
1999.09
1990.05
1999.03
1988.89
274
274
274
274
274
274
274
274
274
274
274
274
274
274
274
274
274
274
274
274
274
274
274
274
274
274
274
274
274
274
274
274
274
274
274
274
274
274
274
274
274
274
274
274
274
274
274
274
274
274
274
274
274
274
274
274
274
274
274
274
274
274
274
274
274
274
274
274
274
274
274
274
274.001
274.027
275.228
321.263
713.97
1031.39
1069.32
1092.2
1136.83
1199.62
1263.91
1331.08
1402.02
1466.44
1535.18
1632.99
1759.01
1835.65
1852.86
1855.24
1828.84
1784.13
1733.57
1707.62
1715.52
1749.48
1770.31
1773.87
1772.73
1771.87
1789.03
1822.97
1856.4
1887.09
1919.91
1963.5
1985.64
2008.88
2048.59
2085.06
2104.17
2115.63
2122.63
2032.92
1899.7
1961.71
1907.24
1959.16
1932.74
1962.64
1980.43
1997.79
2025.34
274
274
274
274
274
274
274
274
274
274
274
274
274
274
274
274
274
274
274
274
274
274
274
274
274
274
274
274
274
274
274
274
274
274
274
274
274
274
274
274
274
274
274
274
274
274
274
274
274
274
274
274
274
274
274
274
274
274
274
274
274
274
274
274
274
274
274
274
274
274
274
274
274
274.018
274.849
305.793
660.379
1018.82
1064.48
1086.11
1129.27
1191.29
1255.12
1328.79
1398.97
1463.37
1533.52
1630.68
1755.76
1832.63
1852.27
1855.81
1840.13
1786.54
1741.8
1706.87
1708.62
1733.79
1750.37
1752.85
1753.72
1754.76
1773.69
1805.45
1842.43
1867.68
1889.48
1926.4
1949.17
1974.07
2010.52
2020.17
2003.52
1996.03
1867.69
1788.1
1846.49
1794.98
1861.21
1839.95
1889.68
1901.72
1926.94
1962.45
1997.28
274
274
274
274
274
274
274
274
274
274
274
274
274
274
274
274
274
274
274
274
274
274
274
274
274
274
274
274
274
274
274
274
274
274
274
274
274
274
274
274
274
274
274
274
274
274
274
274
274
274
274
274
274
274
274
274
274
274
274
274
274
274
274
274
274
274
274
274
274
274
274
274
274
274.011
274.557
294.628
601.242
1003.21
1059.82
1078.97
1118.41
1175.22
1242.26
1317.52
1390.14
1457.42
1527.89
1621.47
1745.72
1827.92
1850.26
1855.1
1851.62
1794.77
1770.55
1729.27
1728.96
1753.99
1761.49
1760.38
1756.64
1753.99
1759.98
1787.02
1810.16
1821.92
1835.32
1843.57
1883.76
1901.91
1906.34
1875.99
1834.43
1698.99
1695.39
1703.45
1652.12
1726.2
1708.09
1767.04
1791.58
1817.78
1862.16
1881.33
1926.66
274
274
274
274
274
274
274
274
274
274
274
274
274
274
274
274
274
274
274
274
274
274
274
274
274
274
274
274
274
274
274
274
274
274
274
274
274
274
274
274
274
274
274
274
274
274
274
274
274
274
274
274
274
274
274
274
274
274
274
274
274
274
274
274
274
274
274
274
274
274
274
274
274
274.006
274.321
286.14
531.731
969.235
1052.92
1072.68
1111.77
1171.97
1237.81
1312.61
1381.49
1444.54
1511.94
1604.08
1734.38
1825.01
1847.32
1851.42
1854.21
1790.03
1756.63
1707.07
1693.63
1713.7
1726.7
1727.05
1725.44
1721.7
1721
1745.53
1756.05
1756.95
1760.76
1791.66
1797.12
1782.46
1749.9
1684.79
1567.88
1590.7
1574.17
1545.81
1579.4
1578.56
1662.47
1664.8
1715.27
1757.94
1799.59
1828.74
1849.62
274
274
274
274
274
274
274
274
274
274
274
274
274
274
274
274
274
274
274
274
274
274
274
274
274
274
274
274
274
274
274
274
274
274
274
274
274
274
274
274
274
274
274
274
274
274
274
274
274
274
274
274
274
274
274
274
274
274
274
274
274
274
274
274
274
274
274
274
274
274
274
274
274
274.003
274.165
280.554
459.703
921.083
1047.58
1066.81
1100.57
1157.87
1224.89
1297.5
1363.92
1421.73
1486.81
1582.25
1720.98
1822.61
1847.49
1851.23
1853.15
1807.96
1759.06
1720.12
1696.95
1710.22
1715.83
1707.68
1697.93
1689.22
1686.69
1689.39
1677.35
1695.11
1722.43
1696.88
1672.49
1663.41
1596.87
1496.6
1503.34
1487.83
1465.15
1485.66
1492.61
1551.16
1585.29
1631.2
1672.95
1718.81
1774.62
1800.16
1853.75
274
274
274
274
274
274
274
274
274
274
274
274
274
274
274
274
274
274
274
274
274
274
274
274
274
274
274
274
274
274
274
274
274
274
274
274
274
274
274
274
274
274
274
274
274
274
274
274
274
274
274
274
274
274
274
274
274
274
274
274
274
274
274
274
274
274
274
274
274
274
274
274
274
274.002
274.071
277.008
382.214
838.225
1035.22
1057.49
1085.06
1136.54
1201.9
1268.31
1336.27
1393.24
1457.41
1555.64
1701.56
1820.52
1851.09
1855.69
1857.49
1824.9
1751.28
1703.48
1655.68
1652.83
1661.22
1662.44
1659.51
1651.43
1625.79
1614.71
1631.02
1634.64
1620.37
1597.11
1591.95
1547.86
1448.11
1427.07
1420.99
1386.93
1406.23
1389.04
1419.85
1471.6
1519.72
1584.53
1616.16
1709.46
1743.88
1805.65
1852.1
274
274
274
274
274
274
274
274
274
274
274
274
274
274
274
274
274
274
274
274
274
274
274
274
274
274
274
274
274
274
274
274
274
274
274
274
274
274
274
274
274
274
274
274
274
274
274
274
274
274
274
274
274
274
274
274
274
274
274
274
274
274
274
274
274
274
274
274
274
274
274
274
274
274.001
274.028
275.308
325.847
730.57
1021.55
1052.73
1072.76
1112.44
1167.74
1226.27
1291.56
1352.13
1424.28
1531.18
1684.12
1818.78
1854.24
1859.75
1862.01
1836.7
1758.53
1714.67
1651.25
1638.44
1633.86
1622.52
1604.94
1591.91
1554.31
1586.22
1595.15
1550
1522.73
1517.17
1500.67
1410.61
1341.41
1338.85
1318.3
1314.4
1317.21
1310.69
1363.64
1400.39
1456.38
1516.02
1568.4
1679.24
1729.96
1811.02
1866.12
274
274
274
274
274
274
274
274
274
274
274
274
274
274
274
274
274
274
274
274
274
274
274
274
274
274
274
274
274
274
274
274
274
274
274
274
274
274
274
274
274
274
274
274
274
274
274
274
274
274
274
274
274
274
274
274
274
274
274
274
274
274
274
274
274
274
274
274
274
274
274
274
274
274
274.01
274.503
292.699
588.183
983.308
1042.37
1063.69
1101.86
1157.33
1214.67
1268.01
1328.29
1399.1
1505.73
1660.47
1814.1
1862.12
1869.35
1871.81
1860.94
1762.91
1745
1649.15
1621.81
1615.2
1600.96
1581.55
1558.84
1520.18
1512.53
1494.8
1472.64
1469.39
1466.1
1373.58
1321.69
1293.54
1281.81
1263.42
1285.74
1275.19
1290.04
1335.16
1362.54
1431.28
1460.37
1514.21
1602.68
1679.82
1798.98
1910.01
274
274
274
274
274
274
274
274
274
274
274
274
274
274
274
274
274
274
274
274
274
274
274
274
274
274
274
274
274
274
274
274
274
274
274
274
274
274
274
274
274
274
274
274
274
274
274
274
274
274
274
274
274
274
274
274
274
274
274
274
274
274
274
274
274
274
274
274
274
274
274
274
274
274
274.004
274.183
281.242
471.645
923.505
1034.63
1050.84
1075.77
1123.67
1184.19
1243.01
1309.94
1384.02
1484.94
1630.94
1797.77
1862.85
1873.24
1875.64
1874.67
1781.1
1728
1634.59
1564.76
1541.48
1517.41
1479.41
1456.52
1447.68
1445.22
1447.23
1453.34
1457.62
1373.27
1272.09
1269.28
1238.17
1195.86
1226.81
1230.29
1219.24
1239.56
1246.87
1264.09
1306.8
1323.78
1406.12
1516.37
1662.73
1820.33
2038.36
274
274
274
274
274
274
274
274
274
274
274
274
274
274
274
274
274
274
274
274
274
274
274
274
274
274
274
274
274
274
274
274
274
274
274
274
274
274
274
274
274
274
274
274
274
274
274
274
274
274
274
274
274
274
274
274
274
274
274
274
274
274
274
274
274
274
274
274
274
274
274
274
274
274
274.001
274.066
276.839
377.987
824.711
1019.97
1050.8
1077.35
1116.94
1166.81
1221.98
1287.52
1365.56
1464.31
1600.3
1773.55
1859.85
1873.3
1874.79
1874.2
1815.85
1738.6
1626.86
1530.18
1506.15
1486.21
1461.28
1447.57
1444
1435.11
1417.92
1406.35
1375.61
1275.26
1225.69
1226.68
1179.4
1158.19
1186.48
1177.21
1176.36
1179.1
1197.37
1219.44
1280.72
1337.38
1465.16
1618.21
1744.51
1887.96
2017.49
274
274
274
274
274
274
274
274
274
274
274
274
274
274
274
274
274
274
274
274
274
274
274
274
274
274
274
274
274
274
274
274
274
274
274
274
274
274
274
274
274
274
274
274
274
274
274
274
274
274
274
274
274
274
274
274
274
274
274
274
274
274
274
274
274
274
274
274
274
274
274
274
274
274
274.001
274.031
275.422
330.751
740.879
1002.27
1041.34
1072.42
1113.04
1162.07
1214.04
1272.18
1350.32
1450.94
1586.2
1755.51
1854.36
1871.31
1872.57
1871.83
1829.9
1728.54
1631.68
1493.29
1460.39
1438.95
1414.18
1407.75
1402.23
1392
1377.16
1355.24
1315.51
1235.98
1210.36
1161.78
1124.14
1125.78
1138.36
1126.99
1125.98
1126.21
1142.56
1194.8
1255.89
1330.73
1452.71
1576.98
1648.99
1727.38
1976.83
274
274
274
274
274
274
274
274
274
274
274
274
274
274
274
274
274
274
274
274
274
274
274
274
274
274
274
274
274
274
274
274
274
274
274
274
274
274
274
274
274
274
274
274
274
274
274
274
274
274
274
274
274
274
274
274
274
274
274
274
274
274
274
274
274
274
274
274
274
274
274
274
274
274
274
274.006
274.324
286.784
543.873
961.599
1023.78
1041.57
1075.89
1123.88
1175.93
1236.28
1315.99
1409.02
1529.44
1702.51
1835.4
1859.18
1859.25
1855.51
1842.36
1680.65
1577.31
1440.79
1396.94
1384.06
1358.69
1347.54
1351.78
1341.56
1325.49
1312.88
1224.98
1194.46
1096.3
1056.88
1056.21
1054.42
1041.54
1034.8
1038.04
1045.84
1067.01
1118.28
1163.18
1210.72
1262.77
1331.15
1452.66
1663.98
1734.75
274
274
274
274
274
274
274
274
274
274
274
274
274
274
274
274
274
274
274
274
274
274
274
274
274
274
274
274
274
274
274
274
274
274
274
274
274
274
274
274
274
274
274
274
274
274
274
274
274
274
274
274
274
274
274
274
274
274
274
274
274
274
274
274
274
274
274
274
274
274
274
274
274
274
274
274.001
274.024
275.303
329.95
745.168
1004.83
1028.52
1052.01
1097.16
1150.6
1194.84
1240.21
1302.33
1400.29
1567.33
1782.1
1856.27
1857.97
1844.74
1821.84
1742.41
1611.66
1478.55
1414.3
1385.86
1355.57
1319.07
1297.07
1279.48
1257.2
1207.37
1091.05
1048.14
996.209
974.121
967.147
942.953
960.619
976.51
991.325
1017.92
1067.2
1115.9
1177.79
1269.9
1406.48
1548.33
1585.9
1368.34
1242.59
274
274
274
274
274
274
274
274
274
274
274
274
274
274
274
274
274
274
274
274
274
274
274
274
274
274
274
274
274
274
274
274
274
274
274
274
274
274
274
274
274
274
274
274
274
274
274
274
274
274
274
274
274
274
274
274
274
274
274
274
274
274
274
274
274
274
274
274
274
274
274
274
274
274
274
274
274.002
274.126
279.597
449.859
909.546
1021.65
1029.71
1051.46
1093.64
1143.04
1187.88
1243.02
1330.04
1476.6
1703.7
1859.98
1884.23
1876.61
1853.15
1805.39
1620.57
1525.02
1347.07
1286.52
1267.35
1252.8
1247.44
1269.89
1219.56
1101
1049.37
957.114
920.195
913.161
924.997
959.022
979.406
998.525
1054.84
1097.26
1140.71
1215.83
1309.52
1440.28
1495.49
1501.99
1435.58
1286.1
1157.16
274
274
274
274
274
274
274
274
274
274
274
274
274
274
274
274
274
274
274
274
274
274
274
274
274
274
274
274
274
274
274
274
274
274
274
274
274
274
274
274
274
274
274
274
274
274
274
274
274
274
274
274
274
274
274
274
274
274
274
274
274
274
274
274
274
274
274
274
274
274
274
274
274
274
274
274
274
274.008
274.492
294.634
616.001
995.069
1027.95
1033.01
1052.9
1089.29
1135.44
1193.14
1280.36
1415.59
1621.68
1828.92
1888.06
1888.69
1868.05
1836.02
1765.27
1594.56
1499.47
1355.41
1332.44
1347.98
1344.87
1356.08
1210.2
1100.87
1053.44
977.23
977.853
998.53
1019.71
1027.63
1026.92
1058.07
1075.87
1121.6
1178.13
1269.51
1348.43
1424.01
1443.94
1368.31
1319.94
1371.66
1225.93
274
274
274
274
274
274
274
274
274
274
274
274
274
274
274
274
274
274
274
274
274
274
274
274
274
274
274
274
274
274
274
274
274
274
274
274
274
274
274
274
274
274
274
274
274
274
274
274
274
274
274
274
274
274
274
274
274
274
274
274
274
274
274
274
274
274
274
274
274
274
274
274
274
274
274
274
274
274.001
274.027
275.485
339.554
776.709
1016.46
1028.62
1035.12
1054.83
1086.24
1131.74
1203.1
1317.16
1487.22
1718.92
1869.64
1893.16
1882.86
1856.09
1807.3
1705.57
1645.22
1596.86
1472.46
1474.15
1472.43
1497.03
1448.65
1347.71
1166.9
1104.86
995.124
954.257
1002.2
1024.24
1035.03
1094.26
1155.43
1218.56
1286.26
1350.92
1405.71
1422.3
1376.85
1324.55
1414.32
1410.57
1142.52
274
274
274
274
274
274
274
274
274
274
274
274
274
274
274
274
274
274
274
274
274
274
274
274
274
274
274
274
274
274
274
274
274
274
274
274
274
274
274
274
274
274
274
274
274
274
274
274
274
274
274
274
274
274
274
274
274
274
274
274
274
274
274
274
274
274
274
274
274
274
274
274
274
274
274
274
274
274
274.001
274.074
277.708
411.642
878.361
1017.79
1024.4
1032.92
1052.45
1080.22
1125.8
1202.63
1324.16
1505
1751.06
1876.63
1887.75
1876.95
1851.77
1841.62
1839.04
1812.22
1830.46
1805.33
1893.07
2045.52
2079.07
1898.96
1570.19
1401.47
1337.15
1286.12
1290.16
1307.5
1316.79
1382.65
1476.31
1533.74
1561.42
1540.73
1474.57
1420.88
1395.25
1454.79
1422.19
1252.65
968.41
274
274
274
274
274
274
274
274
274
274
274
274
274
274
274
274
274
274
274
274
274
274
274
274
274
274
274
274
274
274
274
274
274
274
274
274
274
274
274
274
274
274
274
274
274
274
274
274
274
274
274
274
274
274
274
274
274
274
274
274
274
274
274
274
274
274
274
274
274
274
274
274
274
274
274
274
274
274
274
274.002
274.159
281.414
483.135
927.08
1010.4
1015.29
1025.1
1043.14
1068.76
1112.18
1182.5
1295.62
1478.77
1740.77
1869.78
1880.51
1869.99
1850.88
1836.97
1839.03
1885.43
1886.36
1991.24
2219.36
2298.52
2246.38
2099.72
2024.63
1930.05
1953.56
1942.08
1925.91
1941.65
1934.66
1865.29
1744.38
1648.16
1565.52
1530.53
1529.73
1572.53
1469.51
1337.3
1082.22
757.241
274
274
274
274
274
274
274
274
274
274
274
274
274
274
274
274
274
274
274
274
274
274
274
274
274
274
274
274
274
274
274
274
274
274
274
274
274
274
274
274
274
274
274
274
274
274
274
274
274
274
274
274
274
274
274
274
274
274
274
274
274
274
274
274
274
274
274
274
274
274
274
274
274
274
274
274
274
274
274
274
274.004
274.261
285.554
530.141
941.025
998.073
1002.44
1012.48
1027.72
1051.63
1087.92
1145.45
1246.43
1423.4
1690.26
1851.16
1876.7
1854.64
1815.57
1805.01
1832.92
1863.4
1936.36
2078.65
2162.36
2167.91
2178.8
2208.1
2223.2
2187.44
2096.74
2081.8
2060.66
2031.69
1969.85
1889.21
1847.68
1768.74
1749.07
1642.48
1546.54
1327.61
1089.43
789.776
594.396
274
274
274
274
274
274
274
274
274
274
274
274
274
274
274
274
274
274
274
274
274
274
274
274
274
274
274
274
274
274
274
274
274
274
274
274
274
274
274
274
274
274
274
274
274
274
274
274
274
274
274
274
274
274
274
274
274
274
274
274
274
274
274
274
274
274
274
274
274
274
274
274
274
274
274
274
274
274
274
274
274
274.006
274.341
288.078
544.503
934.03
984.612
986.996
995.113
1008.89
1027.79
1054.35
1099.82
1188.1
1347.93
1603.22
1807.48
1848.97
1816.99
1783.11
1745.85
1738.73
1762.09
1802.27
1847.45
1885.14
1965.54
2053.5
2113.77
2121.93
2052.99
2005.55
1991.62
1978.21
1938.93
1873.1
1833.06
1702.41
1617.27
1438.16
1237.81
960.235
792.685
631.202
515.238
274
274
274
274
274
274
274
274
274
274
274
274
274
274
274
274
274
274
274
274
274
274
274
274
274
274
274
274
274
274
274
274
274
274
274
274
274
274
274
274
274
274
274
274
274
274
274
274
274
274
274
274
274
274
274
274
274
274
274
274
274
274
274
274
274
274
274
274
274
274
274
274
274
274
274
274
274
274
274
274
274
274
274.007
274.359
287.546
526.397
911.466
972.413
972.653
977.763
987.496
1000.64
1017.85
1052.42
1123.88
1255.69
1471.07
1701.86
1776.77
1766.98
1712.13
1683.56
1673.82
1677.26
1674.27
1667.64
1682.41
1723.76
1774.43
1791.52
1763.78
1715.3
1666.67
1625.43
1584.71
1511.24
1444.56
1304.1
1163.61
1014.64
883.465
735.205
639.104
541.49
464.429
274
274
274
274
274
274
274
274
274
274
274
274
274
274
274
274
274
274
274
274
274
274
274
274
274
274
274
274
274
274
274
274
274
274
274
274
274
274
274
274
274
274
274
274
274
274
274
274
274
274
274
274
274
274
274
274
274
274
274
274
274
274
274
274
274
274
274
274
274
274
274
274
274
274
274
274
274
274
274
274
274
274
274
274.008
274.309
284.396
479.818
868.788
961.183
960.581
961.053
967.198
974.104
984.04
1007.95
1057.49
1153.77
1302.36
1491.61
1637.89
1670
1659.3
1640.23
1629.49
1616.88
1602.44
1588.45
1596.62
1608.24
1598.56
1560.22
1494.17
1403.65
1316.68
1246.54
1159.37
1070.5
974.004
874.182
773.695
687.613
596.657
537.632
476.784
424.861
274
274
274
274
274
274
274
274
274
274
274
274
274
274
274
274
274
274
274
274
274
274
274
274
274
274
274
274
274
274
274
274
274
274
274
274
274
274
274
274
274
274
274
274
274
274
274
274
274
274
274
274
274
274
274
274
274
274
274
274
274
274
274
274
274
274
274
274
274
274
274
274
274
274
274
274
274
274
274
274
274
274
274
274
274.007
274.224
280.417
412.275
790.513
944.402
949.181
946.393
948.674
949.943
953.977
964.522
992.755
1050.45
1141.75
1262.66
1415.26
1518.91
1551.11
1556.1
1551.08
1540.28
1526.98
1498.98
1462.42
1418.93
1364.72
1295.12
1200.09
1092.27
999.988
920.553
849.523
775.135
705.056
635.519
577.518
518.34
478.123
438.115
402.329
274
274
274
274
274
274
274
274
274
274
274
274
274
274
274
274
274
274
274
274
274
274
274
274
274
274
274
274
274
274
274
274
274
274
274
274
274
274
274
274
274
274
274
274
274
274
274
274
274
274
274
274
274
274
274
274
274
274
274
274
274
274
274
274
274
274
274
274
274
274
274
274
274
274
274
274
274
274
274
274
274
274
274
274
274
274.005
274.14
277.239
343.45
663.796
910.323
936.334
933.423
930.881
928.735
925.513
924.858
934.592
961.741
1011.02
1083.77
1167.56
1245.56
1300.46
1332.3
1340.72
1328.85
1296.96
1251.5
1198.62
1139.74
1074.12
993.439
903.426
826.126
763.182
706.557
652.581
603.304
553.412
513.962
472.875
442.618
415.415
391.407
274
274
274
274
274
274
274
274
274
274
274
274
274
274
274
274
274
274
274
274
274
274
274
274
274
274
274
274
274
274
274
274
274
274
274
274
274
274
274
274
274
274
274
274
274
274
274
274
274
274
274
274
274
274
274
274
274
274
274
274
274
274
274
274
274
274
274
274
274
274
274
274
274
274
274
274
274
274
274
274
274
274
274
274
274
274
274.003
274.078
275.397
299.038
509.858
820.024
915.748
918.808
913.81
909.074
900.04
889.772
887.968
895.418
911.625
941.885
981.838
1017.27
1039.54
1047.87
1043.84
1026.95
1000.06
964.978
919.071
871.239
817.027
757.254
703.362
658.375
616.499
576.397
540.87
504.067
475.313
445.803
423.004
404.317
389.019
274
274
274
274
274
274
274
274
274
274
274
274
274
274
274
274
274
274
274
274
274
274
274
274
274
274
274
274
274
274
274
274
274
274
274
274
274
274
274
274
274
274
274
274
274
274
274
274
274
274
274
274
274
274
274
274
274
274
274
274
274
274
274
274
274
274
274
274
274
274
274
274
274
274
274
274
274
274
274
274
274
274
274
274
274
274
274
274.002
274.038
274.553
282.021
376.311
652.511
860.823
898.633
897.273
889.819
876.612
862.227
852.273
848.032
846.094
847.309
853.971
859.232
858.58
850.837
836.993
817.136
792.294
760.815
727.474
693.605
656.747
621.257
589.318
559.002
528.912
502.369
474.554
452.679
431.45
414.733
402.117
391.235
274
274
274
274
274
274
274
274
274
274
274
274
274
274
274
274
274
274
274
274
274
274
274
274
274
274
274
274
274
274
274
274
274
274
274
274
274
274
274
274
274
274
274
274
274
274
274
274
274
274
274
274
274
274
274
274
274
274
274
274
274
274
274
274
274
274
274
274
274
274
274
274
274
274
274
274
274
274
274
274
274
274
274
274
274
274
274
274
274.001
274.017
274.205
276.282
298.908
452.471
709.887
854.989
875.477
868.531
855.652
838.693
823.095
812.062
802.407
791.584
778.788
764.846
749.616
733.037
714.572
694.218
670.852
645.083
621.088
595.548
570.11
546.191
523.74
500.693
480.001
458.869
441.961
426.062
412.779
401.555
391.365
274
274
274
274
274
274
274
274
274
274
274
274
274
274
274
274
274
274
274
274
274
274
274
274
274
274
274
274
274
274
274
274
274
274
274
274
274
274
274
274
274
274
274
274
274
274
274
274
274
274
274
274
274
274
274
274
274
274
274
274
274
274
274
274
274
274
274
274
274
274
274
274
274
274
274
274
274
274
274
274
274
274
274
274
274
274
274
274
274
274
274.006
274.068
274.621
279.475
320.127
485.774
706.75
825.506
842.734
832.48
817.562
799.717
781.532
764.64
748.345
731.193
713.559
695.262
675.378
654.626
632.679
609.762
587.999
565.711
543.879
522.951
503.464
483.469
465.234
447.252
432.26
418.985
407.838
398.247
389.832
274
274
274
274
274
274
274
274
274
274
274
274
274
274
274
274
274
274
274
274
274
274
274
274
274
274
274
274
274
274
274
274
274
274
274
274
274
274
274
274
274
274
274
274
274
274
274
274
274
274
274
274
274
274
274
274
274
274
274
274
274
274
274
274
274
274
274
274
274
274
274
274
274
274
274
274
274
274
274
274
274
274
274
274
274
274
274
274
274
274
274
274.002
274.021
274.166
275.156
281.915
325.277
466.742
652.805
765.45
796.185
789.325
773.466
754.094
732.247
709.605
689.08
669.478
649.57
629.031
607.259
585.416
564.036
542.619
522.042
502.406
484.604
467.348
452.178
438.169
426.115
415.066
405.621
395.325
378.294
274
274
274
274
274
274
274
274
274
274
274
274
274
274
274
274
274
274
274
274
274
274
274
274
274
274
274
274
274
274
274
274
274
274
274
274
274
274
274
274
274
274
274
274
274
274
274
274
274
274
274
274
274
274
274
274
274
274
274
274
274
274
274
274
274
274
274
274
274
274
274
274
274
274
274
274
274
274
274
274
274
274
274
274
274
274
274
274
274
274
274
274
274
274.005
274.041
274.254
275.389
281.322
308.887
401.288
541.331
653.623
712.017
724.356
714.051
696.501
675.336
654.027
632.723
611.255
589.383
568.383
548.254
528.365
509.386
491.092
474.647
459.084
444.97
431.327
415.918
393.518
362.717
324.323
293.706
274
274
274
274
274
274
274
274
274
274
274
274
274
274
274
274
274
274
274
274
274
274
274
274
274
274
274
274
274
274
274
274
274
274
274
274
274
274
274
274
274
274
274
274
274
274
274
274
274
274
274
274
274
274
274
274
274
274
274
274
274
274
274
274
274
274
274
274
274
274
274
274
274
274
274
274
274
274
274
274
274
274
274
274
274
274
274
274
274
274
274
274
274
274
274.001
274.01
274.052
274.254
275.094
278.369
289.284
321.867
388.218
476.351
547.879
590.408
607.865
607.734
597.051
581.707
564.241
545.578
526.383
506.145
485.287
460.977
434.782
405.377
374.45
342.191
310.807
292.92
284.459
279.239
276.498
274
274
274
274
274
274
274
274
274
274
274
274
274
274
274
274
274
274
274
274
274
274
274
274
274
274
274
274
274
274
274
274
274
274
274
274
274
274
274
274
274
274
274
274
274
274
274
274
274
274
274
274
274
274
274
274
274
274
274
274
274
274
274
274
274
274
274
274
274
274
274
274
274
274
274
274
274
274
274
274
274
274
274
274
274
274
274
274
274
274
274
274
274
274
274
274
274.002
274.011
274.044
274.168
274.576
275.715
278.607
284.855
295.977
312.128
333.369
353.26
370.334
378.831
378.764
370.026
355.331
335.93
316.974
304.011
295.394
288.494
283.699
280.136
277.702
276.17
275.18
274.599
274.299
274
274
274
274
274
274
274
274
274
274
274
274
274
274
274
274
274
274
274
274
274
274
274
274
274
274
274
274
274
274
274
274
274
274
274
274
274
274
274
274
274
274
274
274
274
274
274
274
274
274
274
274
274
274
274
274
274
274
274
274
274
274
274
274
274
274
274
274
274
274
274
274
274
274
274
274
274
274
274
274
274
274
274
274
274
274
274
274
274
274
274
274
274
274
274
274
274
274
274.001
274.008
274.026
274.076
274.202
274.479
275.001
275.823
276.919
278.119
279.207
279.947
280.167
279.87
279.208
278.302
277.411
276.59
275.909
275.337
274.916
274.603
274.386
274.237
274.136
274.074
274.038
274
274
274
274
274
274
274
274
274
274
274
274
274
274
274
274
274
274
274
274
274
274
274
274
274
274
274
274
274
274
274
274
274
274
274
274
274
274
274
274
274
274
274
274
274
274
274
274
274
274
274
274
274
274
274
274
274
274
274
274
274
274
274
274
274
274
274
274
274
274
274
274
274
274
274
274
274
274
274
274
274
274
274
274
274
274
274
274
274
274
274
274
274
274
274
274
274
274
274
274
274.001
274.003
274.011
274.026
274.053
274.097
274.159
274.233
274.305
274.362
274.392
274.391
274.368
274.325
274.274
274.22
274.172
274.129
274.094
274.066
274.044
274.027
274.016
274.008
274.004
274
274
274
274
274
274
274
274
274
274
274
274
274
274
274
274
274
274
274
274
274
274
274
274
274
274
274
274
274
274
274
274
274
274
274
274
274
274
274
274
274
274
274
274
274
274
274
274
274
274
274
274
274
274
274
274
274
274
274
274
274
274
274
274
274
274
274
274
274
274
274
274
274
274
274
274
274
274
274
274
274
274
274
274
274
274
274
274
274
274
274
274
274
274
274
274
274
274
274
274
274
274
274
274.001
274.002
274.006
274.01
274.015
274.021
274.026
274.03
274.031
274.03
274.028
274.024
274.02
274.016
274.013
274.009
274.006
274.004
274.002
274.001
274.001
274
274
274
274
274
274
274
274
274
274
274
274
274
274
274
274
274
274
274
274
274
274
274
274
274
274
274
274
274
274
274
274
274
274
274
274
274
274
274
274
274
274
274
274
274
274
274
274
274
274
274
274
274
274
274
274
274
274
274
274
274
274
274
274
274
274
274
274
274
274
274
274
274
274
274
274
274
274
274
274
274
274
274
274
274
274
274
274
274
274
274
274
274
274
274
274
274
274
274
274
274
274
274
274
274
274
274
274
274.001
274.001
274.001
274.002
274.002
274.002
274.002
274.002
274.001
274.001
274.001
274.001
274
274
274
274
274
274
274
274
274
274
274
274
274
274
274
274
274
274
274
274
274
274
274
274
274
274
274
274
274
274
274
274
274
274
274
274
274
274
274
274
274
274
274
274
274
274
274
274
274
274
274
274
274
274
274
274
274
274
274
274
274
274
274
274
274
274
274
274
274
274
274
274
274
274
274
274
274
274
274
274
274
274
274
274
274
274
274
274
274
274
274
274
274
274
274
274
274
274
274
274
274
274
274
274
274
274
274
274
274
274
274
274
274
274
274
274
274
274
274
274
274
274
274
274
274
274
274
274
274
274
274
274
274
274
274
274
274
274
274
274
274
274
274
274
274
274
274
274
274
274
274
274
274
274
274
274
274
274
274
274
274
274
274
274
274
274
274
274
274
274
274
274
274
274
274
274
274
274
274
274
274
274
274
274
274
274
274
274
274
274
274
274
274
274
274
274
274
274
274
274
274
274
274
274
274
274
274
274
274
274
274
274
274
274
274
274
274
274
274
274
274
274
274
274
274
274
274
274
274
274
274
274
274
274
274
274
274
274
274
274
274
274
274
274
274
274
274
274
274
274
274
274
274
274
274
274
274
274
274
274
274
274
274
274
274
274
274
274
274
274
274
274
274
274
274
274
274
274
274
274
274
274
274
274
274
274
274
274
274
274
274
274
274
274
274
274
274
274
274
274
274
274
274
274
274
274
274
274
274
274
274
274
274
274
274
274
274
274
274
274
274
274
274
274
274
274
274
274
274
274
274
274
274
274
274
274
274
274
274
274
274
274
274
274
274
274
274
274
274
274
274
274
274
274
274
274
274
274
274
274
274
274
274
274
274
274
274
274
274
274
274
274
274
274
274
274
274
274
274
274
274
274
274
274
274
274
274
274
274
274
274
274
274
274
274
274
274
274
274
274
274
274
274
274
274
274
274
274
274
274
274
274
274
274
274
274
274
274
274
274
274
274
274
274
274
274
274
274
274
274
274
274
274
274
274
274
274
274
274
274
274
274
274
274
274
274
274
274
274
274
274
274
274
274
274
274
274
274
274
274
274
274
274
274
274
274
274
274
274
274
274
274
274
274
274
274
274
274
274
274
274
274
274
274
274
274
274
274
274
274
274
274
274
274
274
274
274
274
274
274
274
274
274
274
274
274
274.002
274.002
274.002
274.002
274.002
274.002
274.002
274.002
274.002
274.002
274.002
274.002
274.002
274.002
274.002
274.002
274.002
274.002
274.002
274.002
274.002
274.002
274.002
274.002
274.002
274.002
274.002
274.002
274.002
274.002
274.002
274.002
274.002
274.002
274.002
274.002
274.002
274.002
274.002
274.002
274.002
274.002
274.002
274.002
274.002
274.002
274.002
274.002
274.002
274.002
274.002
274.002
274.002
274.002
274.002
274.002
274.002
274.002
274.002
274.002
274.002
274.002
274.002
274.002
274.002
274.002
274.002
274.002
274.002
274.002
274.002
274.002
274.002
274.002
274.002
274.002
274.002
274.002
274.002
274.002
274.002
274.002
274.002
274.002
274.002
274.002
274.002
274.002
274.002
274.002
274.002
274.002
274.002
274.002
274.002
274.002
274.002
274.002
274.002
274.002
274.002
274.002
274.002
274.002
274.002
274.002
274.002
274.002
274.002
274.002
274.002
274.002
274.002
274.002
274.002
274.002
274.002
274.002
274.002
274.002
274.002
274.002
274.002
274.002
274.002
)
;

boundaryField
{
    wall
    {
        type            zeroGradient;
    }
    inlet
    {
        type            fixedValue;
        value           uniform 3673;
    }
    outlet-1
    {
        type            inletOutlet;
        inletValue      uniform 274;
        value           uniform 274;
    }
    outlet-2
    {
        type            inletOutlet;
        inletValue      uniform 274;
        value           nonuniform List<scalar> 
89
(
274.002
274
274
274
274
274
274
274
274
274
274
274
274
274
274
274
274
274
274
274
274
274
274
274
274
274
274
274
274
274
274
274
274
274
274
274
274
274
274
274
274
274
274
274
274
274
274
274
274
274
274
274
274
274
274
274
274
274
274
274
274
274
274
274
274
274
274
274
274
274
274
274
274
274
274
274
274
274
274
274
274
274
274
274
274
274
274
274
274.002
)
;
    }
    frontAndBackPlanes
    {
        type            empty;
    }
}


// ************************************************************************* //
